1.000000000000000000e+00
7.641293281576120311e-01
7.905595782033678631e-01
9.688367625166877106e-01
1.164395378553889193e+00
1.315895213603257563e+00
1.418820422344286181e+00
1.488169159256027774e+00
1.536743977287694296e+00
1.570704128687191448e+00
1.592660537639739582e+00
1.604742420188408625e+00
1.609351786219876068e+00
1.608509441916245564e+00
1.603248087069967687e+00
1.593751507730497119e+00
1.580087369708077505e+00
1.562983058612291698e+00
1.544172155196903207e+00
1.526163508693866522e+00
1.511598981815740927e+00
1.502519006540905533e+00
1.499828807823963439e+00
1.503120709575754388e+00
1.510849588404828747e+00
1.520745943853187621e+00
1.530310076082989523e+00
1.537251799678584829e+00
1.539794520945841017e+00
1.536820911631674225e+00
1.527880621492884394e+00
1.513102169859849466e+00
1.493054450421849255e+00
1.468595321195482084e+00
1.440732493566086347e+00
1.410510130063911793e+00
1.378925509051887932e+00
1.346874316307289599e+00
1.315120105973603071e+00
1.284282427958191253e+00
1.254838267913198857e+00
1.227132193712498820e+00
1.201391556974716890e+00
1.177744035677084522e+00
1.156235617218745571e+00
1.136847775116488712e+00
1.119513090197977290e+00
1.104128929446762886e+00
1.090569048506979222e+00
1.078693152269078137e+00
1.068354553405101770e+00
1.059406128529423174e+00
1.051704799288517345e+00
1.045114771333480741e+00
1.039509755403484670e+00
1.034774377225402997e+00
1.030804960641499957e+00
1.027509844154982144e+00
1.024809366872060368e+00
1.022635636872351927e+00
1.020932174094452805e+00
1.019653501231231774e+00
1.018764739958533783e+00
1.018241255936916945e+00
1.018068384153463457e+00
1.018241255937699652e+00
1.018764739960141164e+00
1.019653501233752424e+00
1.020932174098026834e+00
1.022635636877176069e+00
1.024809366878399297e+00
1.027509844163185582e+00
1.030804960652017987e+00
1.034774377238818710e+00
1.039509755420528148e+00
1.045114771355090122e+00
1.051704799315882788e+00
1.059406128564040594e+00
1.068354553448866984e+00
1.078693152324377680e+00
1.090569048576833344e+00
1.104128929534978321e+00
1.119513090309358194e+00
1.136847775257090909e+00
1.156235617396222271e+00
1.177744035901095110e+00
1.201391557257470044e+00
1.227132194069445736e+00
1.254838268363910991e+00
1.284282428527495634e+00
1.315120106693019819e+00
1.346874317216944394e+00
1.378925510202916094e+00
1.410510131521600652e+00
1.440732495413922898e+00
1.468595323540386799e+00
1.493054453400865844e+00
1.513102173648713134e+00
1.527880626316825197e+00
1.536820917778872975e+00
1.539794528783901661e+00
1.537251809674043956e+00
1.530310088823704451e+00
1.520745960072649616e+00
1.510849609006745808e+00
1.503120735656268581e+00
1.499828840688003151e+00
1.502519047708622324e+00
1.511599033014862092e+00
1.526163571833903054e+00
1.544172232320795590e+00
1.562983151819404393e+00
1.580087481038992214e+00
1.593751639000332121e+00
1.603248239637047101e+00
1.608509616382657326e+00
1.609351982083355281e+00
1.604742635497270919e+00
1.592660768731027465e+00
1.570704370096215552e+00
1.536744221896579221e+00
1.488169398704441981e+00
1.418820647667578649e+00
1.315895415997150097e+00
1.164395550106008370e+00
9.688368967380320829e-01
7.905596702774942974e-01
7.641293749575469585e-01
1.000000000000000000e+00
