1.000000000000000000e+00
8.319217951311561610e-01
8.283977458266980065e-01
9.557365885804055550e-01
1.131731909141246328e+00
1.294114541956486564e+00
1.416107859166515714e+00
1.497088188636648498e+00
1.547712690656673162e+00
1.579159398883060783e+00
1.598595688476402765e+00
1.609092418578942807e+00
1.611428289837781636e+00
1.605994757915963467e+00
1.593989022033846403e+00
1.577740730570963201e+00
1.560355071620767475e+00
1.544993476256838250e+00
1.534126625473978045e+00
1.529016579019830679e+00
1.529552825217458389e+00
1.534430073986297050e+00
1.541557558244904813e+00
1.548551734955712300e+00
1.553181381252246140e+00
1.553683468770856280e+00
1.548923697804643673e+00
1.538418464691266641e+00
1.522257976158563730e+00
1.500975100548719743e+00
1.475397762992743278e+00
1.446511008588621694e+00
1.415343145582380391e+00
1.382881155020103670e+00
1.350014495590956320e+00
1.317503175521691716e+00
1.285964740537643092e+00
1.255874863599095503e+00
1.227576909070192679e+00
1.201296772373609212e+00
1.177160227708520912e+00
1.155210833987800445e+00
1.135427111307851566e+00
1.117738206990369632e+00
1.102037640705602950e+00
1.088194977792890095e+00
1.076065453576949604e+00
1.065497680871873687e+00
1.056339635523376064e+00
1.048443144446426611e+00
1.041667107568506223e+00
1.035879677151941847e+00
1.030959600855839930e+00
1.026796912746774204e+00
1.023293132215654655e+00
1.020361106428874676e+00
1.017924608866219938e+00
1.015917785486534886e+00
1.014284521540905759e+00
1.012977786168390626e+00
1.011958998613368577e+00
1.011197449016171923e+00
1.010669797988565710e+00
1.010359672282787225e+00
1.010257368466538574e+00
1.010359672285669808e+00
1.010669797994478758e+00
1.011197449025424078e+00
1.011958998626429018e+00
1.012977786185931706e+00
1.014284521563821873e+00
1.015917785515992211e+00
1.017924608903708394e+00
1.020361106476292523e+00
1.023293132275379103e+00
1.026796912821801744e+00
1.030959600949925781e+00
1.035879677269773147e+00
1.041667107715946283e+00
1.048443144630800017e+00
1.056339635753839268e+00
1.065497681159871091e+00
1.076065453936806193e+00
1.088194978242542632e+00
1.102037641267541002e+00
1.117738207692836161e+00
1.135427112186372822e+00
1.155210835087150167e+00
1.177160229085245424e+00
1.201296774099281484e+00
1.227576911235615853e+00
1.255874866319756977e+00
1.285964743960763101e+00
1.317503179835359139e+00
1.350014501035934344e+00
1.382881161905056944e+00
1.415343154303383866e+00
1.446511019653997421e+00
1.475397777054317183e+00
1.500975118440638134e+00
1.522257998944586133e+00
1.538418493720943081e+00
1.548923734777942540e+00
1.553683515809269666e+00
1.553181440972365435e+00
1.548551810538601803e+00
1.541557653491566704e+00
1.534430193346581595e+00
1.529552973777114078e+00
1.529016762428354159e+00
1.534126849793936209e+00
1.544993747713042209e+00
1.560355396224902380e+00
1.577741113596694333e+00
1.593989467324989029e+00
1.605995267035238205e+00
1.611428861112689015e+00
1.609093046171347741e+00
1.598596361672860455e+00
1.579160101838825270e+00
1.547713402793876369e+00
1.497088885783699697e+00
1.416108515351019781e+00
1.294115131571476507e+00
1.131732409057644384e+00
9.557369797579886583e-01
8.283980141462355951e-01
8.319219314899612971e-01
1.000000000000000000e+00
