1.000000000000000000e+00
7.446139378553613408e-01
7.847228257042425659e-01
9.757891892154807456e-01
1.170248019114181304e+00
1.314340921986643096e+00
1.412712745098811062e+00
1.482653085126192538e+00
1.534345906383318470e+00
1.570772959131950142e+00
1.593052105361459470e+00
1.603562752897888632e+00
1.605924812614160757e+00
1.603562367283696721e+00
1.598496735408079905e+00
1.591107797513329203e+00
1.580801833582263338e+00
1.567070038006482591e+00
1.550341210409751369e+00
1.532248959351494522e+00
1.515275976676753622e+00
1.502016362151326279e+00
1.494403563797436663e+00
1.493189651531698914e+00
1.497806919403146031e+00
1.506583603119024284e+00
1.517181883307466617e+00
1.527096863400043469e+00
1.534084890402505952e+00
1.536447891535545063e+00
1.533158497966658373e+00
1.523851347593649708e+00
1.508724676981249013e+00
1.488397370901685557e+00
1.463757508841785571e+00
1.435825905963619364e+00
1.405646579778401239e+00
1.374207459932573538e+00
1.342389293246695647e+00
1.310938014331451518e+00
1.280455026539255803e+00
1.251400108920094789e+00
1.224102465434693254e+00
1.198776397962867168e+00
1.175539010701376563e+00
1.154428146336035965e+00
1.135419386017209709e+00
1.118441422669090857e+00
1.103389462666062748e+00
1.090136550554559491e+00
1.078542869913490687e+00
1.068463171549983715e+00
1.059752534788337419e+00
1.052270691599197505e+00
1.045885146536533528e+00
1.040473315186333458e+00
1.035923885412727952e+00
1.032137582945843013e+00
1.029027498476966729e+00
1.026519109223721138e+00
1.024550105050861193e+00
1.023070108329332095e+00
1.022040358061735654e+00
1.021433412394796569e+00
1.021232909280103573e+00
1.021433412394590512e+00
1.022040358061313770e+00
1.023070108328680838e+00
1.024550105049959470e+00
1.026519109222536752e+00
1.029027498475460156e+00
1.032137582943970067e+00
1.035923885410428236e+00
1.040473315183548797e+00
1.045885146533184207e+00
1.052270691595207364e+00
1.059752534783623190e+00
1.068463171544447032e+00
1.078542869907029855e+00
1.090136550547059935e+00
1.103389462657406339e+00
1.118441422659139928e+00
1.135419386005811271e+00
1.154428146322988846e+00
1.175539010686428965e+00
1.198776397945655825e+00
1.224102465414696583e+00
1.251400108896544960e+00
1.280455026510990413e+00
1.310938014296728849e+00
1.342389293202897127e+00
1.374207459875841808e+00
1.405646579703108356e+00
1.435825905861677798e+00
1.463757508701766463e+00
1.488397370707743805e+00
1.508724676711842738e+00
1.523851347220130048e+00
1.533158497451830193e+00
1.536447890832356444e+00
1.534084889453120715e+00
1.527096862135406186e+00
1.517181881647493569e+00
1.506583600973111503e+00
1.497806916670380684e+00
1.493189648099643829e+00
1.494403559538334703e+00
1.502016356915106821e+00
1.515275970281814155e+00
1.532248951576583362e+00
1.550341200992434221e+00
1.567070026654025394e+00
1.580801819997833091e+00
1.591107781434480062e+00
1.598496716648682980e+00
1.603562345769567576e+00
1.605924788409223591e+00
1.603562726227317992e+00
1.593052076640576464e+00
1.570772928997439699e+00
1.534345875705125817e+00
1.482653054974234275e+00
1.412712716659707102e+00
1.314340896451257734e+00
1.170247997558298003e+00
9.757891724868119621e-01
7.847228143492216423e-01
7.446139321369443786e-01
1.000000000000000000e+00
