1.000000000000000000e+00
1.004976972209257635e+00
1.009881929754342433e+00
1.014617184893527035e+00
1.019061434310061021e+00
1.023080503298456678e+00
1.026543092155399517e+00
1.029337484518172863e+00
1.031385586307480340e+00
1.032651750522815659e+00
1.033145300334483485e+00
1.032917089939786814e+00
1.032051506936091378e+00
1.030655855046890279e+00
1.028849074268038288e+00
1.026751395754591734e+00
1.024475979162077888e+00
1.022123011530351233e+00
1.019776275233003071e+00
1.017501871459422169e+00
1.015348617928806041e+00
1.013349597004487901e+00
1.011524372968550134e+00
1.009881486016434016e+00
1.008420934840342120e+00
1.007136459075631540e+00
1.006017516300374615e+00
1.005050911646851786e+00
1.004222081870309591e+00
1.003516062802968900e+00
1.002918183277027309e+00
1.002414533567719257e+00
1.001992255399021481e+00
1.001639696079899444e+00
1.001346463209478843e+00
1.001103409816744394e+00
1.000902573525607853e+00
1.000737087758720945e+00
1.000601078279976353e+00
1.000489554546152737e+00
1.000398302328389111e+00
1.000323781768506670e+00
1.000263033334419127e+00
1.000213592916582295e+00
1.000173416458771003e+00
1.000140813951909236e+00
1.000114392265811114e+00
1.000093006091872683e+00
1.000075716174804841e+00
1.000061753988903179e+00
1.000050492038775829e+00
1.000041419017420274e+00
1.000034119123089926e+00
1.000028254911550896e+00
1.000023553136244470e+00
1.000019793101773358e+00
1.000016797123950196e+00
1.000014422751182686e+00
1.000012556457038126e+00
1.000011108562433249e+00
1.000010009188543325e+00
1.000009205078821406e+00
1.000008657161125081e+00
1.000008338749673875e+00
1.000008234312064426e+00
1.000008338749673875e+00
1.000008657161125081e+00
1.000009205078821406e+00
1.000010009188543325e+00
1.000011108562433249e+00
1.000012556457038126e+00
1.000014422751182686e+00
1.000016797123950196e+00
1.000019793101773358e+00
1.000023553136244470e+00
1.000028254911550896e+00
1.000034119123089926e+00
1.000041419017420274e+00
1.000050492038775829e+00
1.000061753988903179e+00
1.000075716174804841e+00
1.000093006091872683e+00
1.000114392265811114e+00
1.000140813951909236e+00
1.000173416458771003e+00
1.000213592916582295e+00
1.000263033334419127e+00
1.000323781768506670e+00
1.000398302328389111e+00
1.000489554546152737e+00
1.000601078279976353e+00
1.000737087758720945e+00
1.000902573525607853e+00
1.001103409816744394e+00
1.001346463209478621e+00
1.001639696079899444e+00
1.001992255399021481e+00
1.002414533567719257e+00
1.002918183277027309e+00
1.003516062802968678e+00
1.004222081870309591e+00
1.005050911646851564e+00
1.006017516300374615e+00
1.007136459075631318e+00
1.008420934840341898e+00
1.009881486016433572e+00
1.011524372968549690e+00
1.013349597004487679e+00
1.015348617928805597e+00
1.017501871459421503e+00
1.019776275233002627e+00
1.022123011530350345e+00
1.024475979162077000e+00
1.026751395754590623e+00
1.028849074268036956e+00
1.030655855046889169e+00
1.032051506936089824e+00
1.032917089939785704e+00
1.033145300334482819e+00
1.032651750522814327e+00
1.031385586307478786e+00
1.029337484518170864e+00
1.026543092155398407e+00
1.023080503298456234e+00
1.019061434310060132e+00
1.014617184893526369e+00
1.009881929754342211e+00
1.004976972209257191e+00
1.000000000000000000e+00
