1.000000000000000000e+00
7.587994668671685927e-01
7.881895654720616484e-01
9.695780179929400777e-01
1.164881907309056164e+00
1.314378767279824167e+00
1.415887231625316156e+00
1.485163229348606118e+00
1.534443549221502057e+00
1.569051980490141718e+00
1.591156338918305657e+00
1.602930426778744533e+00
1.607110829777547822e+00
1.606094884479896345e+00
1.601143935106943639e+00
1.592430500789179471e+00
1.579788834958351096e+00
1.563598034181670871e+00
1.545271962302507296e+00
1.527145396048654735e+00
1.511880923741044880e+00
1.501709731147891747e+00
1.497822703093756758e+00
1.500103186390539411e+00
1.507229821684850757e+00
1.517050891258040490e+00
1.527075017836194482e+00
1.534933103860610659e+00
1.538716760000758521e+00
1.537158468576722781e+00
1.529666392796362073e+00
1.516253153950213983e+00
1.497404632327448804e+00
1.473928650606832536e+00
1.446811546116374414e+00
1.417098438090415913e+00
1.385803241066840386e+00
1.353847981961874725e+00
1.322027418610753458e+00
1.290993553806663918e+00
1.261254586610892181e+00
1.233183501037588448e+00
1.207032426635184619e+00
1.182949859674698567e+00
1.160998679339283912e+00
1.141173582847321066e+00
1.123417093968738678e+00
1.107633689191156012e+00
1.093701860388327063e+00
1.081484117767017361e+00
1.070835054471343195e+00
1.061607662740089442e+00
1.053658125204537388e+00
1.046849314641367545e+00
1.041053229375519917e+00
1.036152575537737208e+00
1.032041685850918267e+00
1.028626940619933761e+00
1.025826832244061571e+00
1.023571791242586126e+00
1.021803870314889062e+00
1.020476363765286498e+00
1.019553422825040023e+00
1.019009712893903297e+00
1.018830146242010182e+00
1.019009712893729658e+00
1.019553422824684974e+00
1.020476363764737826e+00
1.021803870314129226e+00
1.023571791241588702e+00
1.025826832242793030e+00
1.028626940618357688e+00
1.032041685848984702e+00
1.036152575535398190e+00
1.041053229372709277e+00
1.046849314638021111e+00
1.053658125200587881e+00
1.061607662735454483e+00
1.070835054465939296e+00
1.081484117760745045e+00
1.093701860381085300e+00
1.107633689182819792e+00
1.123417093959159452e+00
1.141173582836294775e+00
1.160998679326543215e+00
1.182949859659845337e+00
1.207032426617627774e+00
1.233183501016446693e+00
1.261254586584829696e+00
1.290993553773673641e+00
1.322027418567823576e+00
1.353847981904583442e+00
1.385803240988740415e+00
1.417098437982256653e+00
1.446811545965083434e+00
1.473928650394262352e+00
1.497404632028854987e+00
1.516253153532541864e+00
1.529666392216435744e+00
1.537158467779514925e+00
1.538716758918039940e+00
1.534933102410156680e+00
1.527075015921812717e+00
1.517050888770232087e+00
1.507229818501551133e+00
1.500103182376776090e+00
1.497822698098736804e+00
1.501709724998375517e+00
1.511880916231339134e+00
1.527145386930205850e+00
1.545271951279017397e+00
1.563598020917159603e+00
1.579788819103606912e+00
1.592430482025917637e+00
1.601143913201187541e+00
1.606094859332011016e+00
1.607110801460434502e+00
1.602930395566143584e+00
1.591156305311525410e+00
1.569051945243698176e+00
1.534443513350495003e+00
1.485163194093066741e+00
1.415887198363093846e+00
1.314378737402642106e+00
1.164881882080998299e+00
9.695779984112904426e-01
7.881895521788883086e-01
7.587994601719272314e-01
1.000000000000000000e+00
