1.000000000000000000e+00
7.401159829933710022e-01
7.839190765946323358e-01
9.778918127950793071e-01
1.171761108335634738e+00
1.314069710592138618e+00
1.411595563636589779e+00
1.481879233743848001e+00
1.534348280541691256e+00
1.571310062871998925e+00
1.593645738893995745e+00
1.603810788456487613e+00
1.605637812188377422e+00
1.602808404752277704e+00
1.597579491910673388e+00
1.590459016367312017e+00
1.580804537623379247e+00
1.567884663725809924e+00
1.551817454290538301e+00
1.533962786927141275e+00
1.516669534602532288e+00
1.502577305880425484e+00
1.493815451364230329e+00
1.491408986832781336e+00
1.495056957200865400e+00
1.503283674380090140e+00
1.513845200982238515e+00
1.524229304007135077e+00
1.532107259201441307e+00
1.535651253554208173e+00
1.533691334368841863e+00
1.525730882603114180e+00
1.511862654026685737e+00
1.492631502750242145e+00
1.468882211473119481e+00
1.441618540113844604e+00
1.411887591705748513e+00
1.380694302623769243e+00
1.348944859840609301e+00
1.317414681755089356e+00
1.286735461129076885e+00
1.257395868994114485e+00
1.229751247120060009e+00
1.204038569873618902e+00
1.180393901348963048e+00
1.158870397953186693e+00
1.139455571737675088e+00
1.122087037505715035e+00
1.106666337295385771e+00
1.093070695160213379e+00
1.081162728453319621e+00
1.070798250825465425e+00
1.061832364485785440e+00
1.054124068651516533e+00
1.047539617930795863e+00
1.041954856392939277e+00
1.037256735972879707e+00
1.033344205735573729e+00
1.030128634284851907e+00
1.027533903208301957e+00
1.025496286170609617e+00
1.023964206834920843e+00
1.022897949538910778e+00
1.022269379617420704e+00
1.022061715272418514e+00
1.022269379617199103e+00
1.022897949538455808e+00
1.023964206834218071e+00
1.025496286169635507e+00
1.027533903207022092e+00
1.030128634283221878e+00
1.033344205733543797e+00
1.037256735970383259e+00
1.041954856389910811e+00
1.047539617927146338e+00
1.054124068647156243e+00
1.061832364480618462e+00
1.070798250819377850e+00
1.081162728446187993e+00
1.093070695151898919e+00
1.106666337285743928e+00
1.122087037494573947e+00
1.139455571724839134e+00
1.158870397938409180e+00
1.180393901331934225e+00
1.204038569853908447e+00
1.229751247097067512e+00
1.257395868966979302e+00
1.286735461096527589e+00
1.317414681715255442e+00
1.348944859790723205e+00
1.380694302559802189e+00
1.411887591621878713e+00
1.441618540001768034e+00
1.468882211321172804e+00
1.492631502542327571e+00
1.511862653741008478e+00
1.525730882210778461e+00
1.533691333832424952e+00
1.535651252826448987e+00
1.532107258224287394e+00
1.524229302711227474e+00
1.513845199286950161e+00
1.503283672193767240e+00
1.495056954420676876e+00
1.491408983343086581e+00
1.493815447032445620e+00
1.502577300549957418e+00
1.516669528083949947e+00
1.533962778990993092e+00
1.551817444667129786e+00
1.567884652117337962e+00
1.580804523730673150e+00
1.590458999927758077e+00
1.597579472738723139e+00
1.602808382773881490e+00
1.605637787467477207e+00
1.603810761220450853e+00
1.593645709565632451e+00
1.571310032102629206e+00
1.534348249222202254e+00
1.481879202968135800e+00
1.411595534614231484e+00
1.314069684533253346e+00
1.171761086331833290e+00
9.778917957090436097e-01
7.839190649885469098e-01
7.401159771448523328e-01
1.000000000000000000e+00
