1.000000000000000000e+00
7.378732132597041193e-01
7.835685349358048057e-01
9.789544274499063503e-01
1.172474168067617173e+00
1.313890245422971281e+00
1.411026902363366586e+00
1.481501549888914582e+00
1.534349589375122669e+00
1.571562172734477736e+00
1.593924940352478448e+00
1.603933643474400039e+00
1.605511290549269221e+00
1.602450489652010868e+00
1.597120491184547797e+00
1.590102982536581777e+00
1.580748795441733190e+00
1.568230059842125046e+00
1.552514068165064431e+00
1.534817214241106953e+00
1.517407883111805633e+00
1.502934149373736261e+00
1.493613439242899243e+00
1.490604128685742547e+00
1.493741825346906804e+00
1.501656086504261634e+00
1.512158339934877693e+00
1.522740023534099763e+00
1.531034827797464137e+00
1.535152328644777020e+00
1.533851252793521081e+00
1.526567772512672283e+00
1.513339536142096486e+00
1.494671844540371941e+00
1.471385528684963528e+00
1.444473961344501456e+00
1.414984434427829729e+00
1.383929508692377963e+00
1.352227609453750201e+00
1.320668719768159916e+00
1.289899715461730878e+00
1.260423891736399460e+00
1.232609917612532691e+00
1.206706398144977488e+00
1.182859177250823457e+00
1.161129353532937669e+00
1.141510663420965743e+00
1.123945409174959886e+00
1.108338492837817491e+00
1.094569386802589639e+00
1.082502052733887110e+00
1.071992935323248908e+00
1.062897223806021696e+00
1.055073606405475983e+00
1.048387751609550333e+00
1.042714743422850310e+00
1.037940681348352712e+00
1.033963634087553096e+00
1.030694111805357860e+00
1.028055197337221394e+00
1.025982453246516490e+00
1.024423699946884980e+00
1.023338740552224069e+00
1.022699090765243124e+00
1.022487756803010184e+00
1.022699090765011531e+00
1.023338740551749115e+00
1.024423699946151123e+00
1.025982453245498638e+00
1.028055197335884241e+00
1.030694111803653001e+00
1.033963634085427907e+00
1.037940681345737692e+00
1.042714743419672851e+00
1.048387751605716733e+00
1.055073606400888764e+00
1.062897223800575608e+00
1.071992935316817608e+00
1.082502052726334929e+00
1.094569386793760923e+00
1.108338492827547705e+00
1.123945409163053188e+00
1.141510663407196979e+00
1.161129353517025065e+00
1.182859177232413961e+00
1.206706398123587487e+00
1.232609917587499826e+00
1.260423891706784261e+00
1.289899715426168658e+00
1.320668719724664930e+00
1.352227609399417441e+00
1.383929508623007898e+00
1.414984434337395403e+00
1.444473961224452152e+00
1.471385528523337705e+00
1.494671844320712761e+00
1.513339535842182393e+00
1.526567772103096354e+00
1.533851252236248630e+00
1.535152327891806667e+00
1.531034826789824610e+00
1.522740022201259924e+00
1.512158338194667717e+00
1.501656084262938506e+00
1.493741822498785732e+00
1.490604125111336220e+00
1.493613434804593965e+00
1.502934143908696285e+00
1.517407876423349178e+00
1.534817206092004227e+00
1.552514058278014808e+00
1.568230047912574143e+00
1.580748781165037142e+00
1.590102965645949329e+00
1.597120471491355165e+00
1.602450467080385188e+00
1.605511265163638734e+00
1.603933615506923038e+00
1.593924910237208836e+00
1.571562141141517710e+00
1.534349557220934912e+00
1.481501518297312137e+00
1.411026872574849822e+00
1.313890218676523336e+00
1.172474145479931451e+00
9.789544099047736703e-01
7.835685230127272805e-01
7.378732072491788196e-01
1.000000000000000000e+00
