1.000000000000000000e+00
1.071940360636637779e+00
1.143332000189879016e+00
1.212892481365182906e+00
1.278694030715110674e+00
1.338421683971101395e+00
1.389735305954176159e+00
1.430646913160860123e+00
1.459824859700082911e+00
1.476762954852384402e+00
1.481795180763564090e+00
1.475978234989571591e+00
1.460890524834525861e+00
1.438402555793035109e+00
1.410463890595318626e+00
1.378934362213571019e+00
1.345469768245915354e+00
1.311459388150921335e+00
1.278005527800856411e+00
1.245932956646152556e+00
1.215816841000843196e+00
1.188019994592284245e+00
1.162732850658414252e+00
1.140011893861623271e+00
1.119814128590458369e+00
1.102026474258595012e+00
1.086489842057354549e+00
1.073018166903573878e+00
1.061412944061806529e+00
1.051473934390833032e+00
1.043006716513370291e+00
1.035827721116019839e+00
1.029767310418174819e+00
1.024671382620265137e+00
1.020401897727391427e+00
1.016836643656940709e+00
1.013868493007598959e+00
1.011404342385171296e+00
1.009363877675101273e+00
1.007678269389364445e+00
1.006288871135236684e+00
1.005145970174042391e+00
1.004207620788096778e+00
1.003438577666163622e+00
1.002809336787177541e+00
1.002295284499777450e+00
1.001875950970106066e+00
1.001534361336712919e+00
1.001256476317693656e+00
1.001030713306895414e+00
1.000847538899779066e+00
1.000699124099225568e+00
1.000579054014330005e+00
1.000482084570159413e+00
1.000403939515696061e+00
1.000341141797173261e+00
1.000290874120291384e+00
1.000250864236078341e+00
1.000219291140300282e+00
1.000194708970969071e+00
1.000175985923123845e+00
1.000162255978154668e+00
1.000152881672461636e+00
1.000147426513599003e+00
1.000145635999309501e+00
1.000147426513599003e+00
1.000152881672461636e+00
1.000162255978154668e+00
1.000175985923123845e+00
1.000194708970969071e+00
1.000219291140300282e+00
1.000250864236078341e+00
1.000290874120291384e+00
1.000341141797173261e+00
1.000403939515696061e+00
1.000482084570159413e+00
1.000579054014330005e+00
1.000699124099225568e+00
1.000847538899779066e+00
1.001030713306895414e+00
1.001256476317693656e+00
1.001534361336712919e+00
1.001875950970106066e+00
1.002295284499777450e+00
1.002809336787177541e+00
1.003438577666163622e+00
1.004207620788096778e+00
1.005145970174042391e+00
1.006288871135236684e+00
1.007678269389364445e+00
1.009363877675101273e+00
1.011404342385171296e+00
1.013868493007598959e+00
1.016836643656940709e+00
1.020401897727391205e+00
1.024671382620265137e+00
1.029767310418174375e+00
1.035827721116019839e+00
1.043006716513370291e+00
1.051473934390833032e+00
1.061412944061806751e+00
1.073018166903573656e+00
1.086489842057354993e+00
1.102026474258594790e+00
1.119814128590458369e+00
1.140011893861623271e+00
1.162732850658414252e+00
1.188019994592284689e+00
1.215816841000842974e+00
1.245932956646152112e+00
1.278005527800857077e+00
1.311459388150921557e+00
1.345469768245914910e+00
1.378934362213570353e+00
1.410463890595317293e+00
1.438402555793035775e+00
1.460890524834525195e+00
1.475978234989570481e+00
1.481795180763563868e+00
1.476762954852384846e+00
1.459824859700082023e+00
1.430646913160859235e+00
1.389735305954175937e+00
1.338421683971102283e+00
1.278694030715111118e+00
1.212892481365182462e+00
1.143332000189879238e+00
1.071940360636637557e+00
1.000000000000000000e+00
