1.000000000000000000e+00
1.013134001592875366e+00
1.026080345988499731e+00
1.038579720050452293e+00
1.050307053580777694e+00
1.060901360597508836e+00
1.070009426418365495e+00
1.077332053824167524e+00
1.082662633257352125e+00
1.085910888582839240e+00
1.087108863023708016e+00
1.086400331882427572e+00
1.084017846091110515e+00
1.080253032775053246e+00
1.075425677427672921e+00
1.069855943737263448e+00
1.063842437812402064e+00
1.057647198686107570e+00
1.051487413920242586e+00
1.045532839115266954e+00
1.039907518806213238e+00
1.034694361101480053e+00
1.029941285609311086e+00
1.025667933909132579e+00
1.021872223783981237e+00
1.018536293456419051e+00
1.015631596501955780e+00
1.013123065984605997e+00
1.010972372142025399e+00
1.009140361030002264e+00
1.007588792579995784e+00
1.006281505401853904e+00
1.005185130517529002e+00
1.004269463212182911e+00
1.003507585686864934e+00
1.002875816039314305e+00
1.002353542988074553e+00
1.001922991575417754e+00
1.001568953175864252e+00
1.001278503499885009e+00
1.001040724726335096e+00
1.000846442141995363e+00
1.000687981405628424e+00
1.000558949492340144e+00
1.000454040248140108e+00
1.000368864070105390e+00
1.000299800340961554e+00
1.000243870741699181e+00
1.000198631328923282e+00
1.000162081208832543e+00
1.000132585703311650e+00
1.000108812039346873e+00
1.000089675768166542e+00
1.000074296312497557e+00
1.000061960234390979e+00
1.000052091002528343e+00
1.000044224211562582e+00
1.000037987363833425e+00
1.000033083465044825e+00
1.000029277810413619e+00
1.000026387447497056e+00
1.000024272897932276e+00
1.000022831804453949e+00
1.000021994243649459e+00
1.000021719510900464e+00
1.000021994243649459e+00
1.000022831804453949e+00
1.000024272897932276e+00
1.000026387447497056e+00
1.000029277810413619e+00
1.000033083465044825e+00
1.000037987363833425e+00
1.000044224211562582e+00
1.000052091002528343e+00
1.000061960234390979e+00
1.000074296312497557e+00
1.000089675768166542e+00
1.000108812039346873e+00
1.000132585703311650e+00
1.000162081208832543e+00
1.000198631328923282e+00
1.000243870741699181e+00
1.000299800340961554e+00
1.000368864070105390e+00
1.000454040248140108e+00
1.000558949492340144e+00
1.000687981405628424e+00
1.000846442141995363e+00
1.001040724726335096e+00
1.001278503499885009e+00
1.001568953175864252e+00
1.001922991575417754e+00
1.002353542988074553e+00
1.002875816039314305e+00
1.003507585686864712e+00
1.004269463212182911e+00
1.005185130517529002e+00
1.006281505401853904e+00
1.007588792579995784e+00
1.009140361030002042e+00
1.010972372142025399e+00
1.013123065984605775e+00
1.015631596501956002e+00
1.018536293456418607e+00
1.021872223783981237e+00
1.025667933909132135e+00
1.029941285609310642e+00
1.034694361101479831e+00
1.039907518806212794e+00
1.045532839115266510e+00
1.051487413920242142e+00
1.057647198686107126e+00
1.063842437812401398e+00
1.069855943737262338e+00
1.075425677427671589e+00
1.080253032775052358e+00
1.084017846091109183e+00
1.086400331882426462e+00
1.087108863023707128e+00
1.085910888582837908e+00
1.082662633257351015e+00
1.077332053824165081e+00
1.070009426418364162e+00
1.060901360597508170e+00
1.050307053580776806e+00
1.038579720050451627e+00
1.026080345988499509e+00
1.013134001592874922e+00
1.000000000000000000e+00
