1.000000000000000000e+00
1.072814421432928933e+00
1.145101669662211163e+00
1.215576562650153569e+00
1.282288267610111721e+00
1.342884774775484402e+00
1.394983002325105970e+00
1.436554588674110233e+00
1.466237172418378476e+00
1.483507813026213595e+00
1.488698705829133218e+00
1.482877880371096468e+00
1.467644601927399872e+00
1.444895631557092219e+00
1.416608460857888829e+00
1.384669712918282336e+00
1.350759056214297260e+00
1.316285842743169621e+00
1.282368438543739719e+00
1.249843870024552883e+00
1.219296192914263388e+00
1.191094267307606147e+00
1.165432258213558114e+00
1.142368554278259118e+00
1.121860661381717916e+00
1.103794956929830429e+00
1.088011062363605896e+00
1.074321114145792899e+00
1.062524490258250909e+00
1.052418663569174573e+00
1.043806867145063766e+00
1.036503212717600819e+00
1.030335830585705548e+00
1.025148515305245756e+00
1.020801277474358670e+00
1.017170123866874443e+00
1.014146319121019379e+00
1.011635323242910500e+00
1.009555550259403134e+00
1.007837053718909415e+00
1.006420213330680546e+00
1.005254472670823462e+00
1.004297159394286210e+00
1.003512405685962561e+00
1.002870176792790557e+00
1.002345408569078167e+00
1.001917250343620003e+00
1.001568406509321774e+00
1.001284568588257651e+00
1.001053928778910196e+00
1.000866765871051500e+00
1.000715094708234165e+00
1.000592370932815278e+00
1.000493243451015868e+00
1.000413347826174082e+00
1.000349134592344313e+00
1.000297727242295709e+00
1.000256805361775747e+00
1.000224509044006727e+00
1.000199361320064817e+00
1.000180205882281737e+00
1.000166157862520722e+00
1.000156565860933489e+00
1.000150983810062844e+00
1.000149151611966047e+00
1.000150983810062844e+00
1.000156565860933489e+00
1.000166157862520722e+00
1.000180205882281737e+00
1.000199361320064817e+00
1.000224509044006727e+00
1.000256805361775747e+00
1.000297727242295709e+00
1.000349134592344313e+00
1.000413347826174082e+00
1.000493243451015868e+00
1.000592370932815278e+00
1.000715094708234165e+00
1.000866765871051500e+00
1.001053928778910196e+00
1.001284568588257651e+00
1.001568406509321774e+00
1.001917250343620003e+00
1.002345408569078167e+00
1.002870176792790557e+00
1.003512405685962561e+00
1.004297159394286210e+00
1.005254472670823462e+00
1.006420213330680546e+00
1.007837053718909415e+00
1.009555550259403134e+00
1.011635323242910500e+00
1.014146319121019379e+00
1.017170123866874443e+00
1.020801277474358448e+00
1.025148515305245756e+00
1.030335830585705104e+00
1.036503212717600819e+00
1.043806867145063766e+00
1.052418663569174573e+00
1.062524490258251131e+00
1.074321114145792677e+00
1.088011062363606340e+00
1.103794956929830207e+00
1.121860661381717916e+00
1.142368554278259118e+00
1.165432258213558114e+00
1.191094267307606591e+00
1.219296192914263166e+00
1.249843870024552439e+00
1.282368438543740607e+00
1.316285842743169843e+00
1.350759056214296816e+00
1.384669712918281670e+00
1.416608460857887497e+00
1.444895631557092885e+00
1.467644601927399206e+00
1.482877880371095136e+00
1.488698705829132996e+00
1.483507813026214039e+00
1.466237172418377588e+00
1.436554588674109345e+00
1.394983002325105748e+00
1.342884774775485512e+00
1.282288267610112165e+00
1.215576562650153125e+00
1.145101669662211386e+00
1.072814421432928711e+00
1.000000000000000000e+00
