1.000000000000000000e+00
1.047823377334029749e+00
1.095052732557852515e+00
1.140747269547254694e+00
1.183653316478256334e+00
1.222341498313950892e+00
1.255404824324363178e+00
1.281666039097957510e+00
1.300345520948235301e+00
1.311156231461851229e+00
1.314314438737906654e+00
1.310476373673142181e+00
1.300625266390748269e+00
1.285937846486321368e+00
1.267655783412501735e+00
1.246979294257924753e+00
1.224990994226751617e+00
1.202610563398356813e+00
1.180576000368796175e+00
1.159445031095112544e+00
1.139609962311891378e+00
1.121320120000745213e+00
1.104707342105730516e+00
1.089811370419736747e+00
1.076603180223304923e+00
1.065005212064819018e+00
1.054908126956872305e+00
1.046184133714354259e+00
1.038697187488748508e+00
1.032310482112858363e+00
1.026891697726088681e+00
1.022316451542280458e+00
1.018470356737068094e+00
1.015250038049289039e+00
1.012563392950198260e+00
1.010329330200555598e+00
1.008477166539762271e+00
1.006945818524855207e+00
1.005682890386761175e+00
1.004643729744009395e+00
1.003790500307107703e+00
1.003091303379801236e+00
1.002519367070567213e+00
1.002052312792029110e+00
1.001671502076576514e+00
1.001361462320807583e+00
1.001109387254234484e+00
1.000904706279982292e+00
1.000738716021445596e+00
1.000604267171524286e+00
1.000495499886553397e+00
1.000407621352751075e+00
1.000336719676529595e+00
1.000279608838998913e+00
1.000233700060864317e+00
1.000196895514586570e+00
1.000167500876955939e+00
1.000144153726446161e+00
1.000125765251607124e+00
1.000111473148953101e+00
1.000100603954039657e+00
1.000092643371555345e+00
1.000087213454878832e+00
1.000084055737930688e+00
1.000083019648457583e+00
1.000084055737930688e+00
1.000087213454878832e+00
1.000092643371555345e+00
1.000100603954039657e+00
1.000111473148953101e+00
1.000125765251607124e+00
1.000144153726446161e+00
1.000167500876955939e+00
1.000196895514586570e+00
1.000233700060864317e+00
1.000279608838998913e+00
1.000336719676529595e+00
1.000407621352751075e+00
1.000495499886553397e+00
1.000604267171524286e+00
1.000738716021445596e+00
1.000904706279982292e+00
1.001109387254234484e+00
1.001361462320807583e+00
1.001671502076576514e+00
1.002052312792029110e+00
1.002519367070567213e+00
1.003091303379801236e+00
1.003790500307107703e+00
1.004643729744009395e+00
1.005682890386761175e+00
1.006945818524855207e+00
1.008477166539762271e+00
1.010329330200555598e+00
1.012563392950198038e+00
1.015250038049289039e+00
1.018470356737068094e+00
1.022316451542280458e+00
1.026891697726088681e+00
1.032310482112858363e+00
1.038697187488748730e+00
1.046184133714354036e+00
1.054908126956872527e+00
1.065005212064818796e+00
1.076603180223304923e+00
1.089811370419736525e+00
1.104707342105730516e+00
1.121320120000745657e+00
1.139609962311890934e+00
1.159445031095112322e+00
1.180576000368795953e+00
1.202610563398356813e+00
1.224990994226750951e+00
1.246979294257924087e+00
1.267655783412501069e+00
1.285937846486320923e+00
1.300625266390747381e+00
1.310476373673140849e+00
1.314314438737906210e+00
1.311156231461850341e+00
1.300345520948233968e+00
1.281666039097956622e+00
1.255404824324362512e+00
1.222341498313951336e+00
1.183653316478255668e+00
1.140747269547254028e+00
1.095052732557852737e+00
1.047823377334029527e+00
1.000000000000000000e+00
