1.000000000000000000e+00
7.415288572004710144e-01
7.841570115521404594e-01
9.772269283707842868e-01
1.171297590836690494e+00
1.314167999360642769e+00
1.411950482654509731e+00
1.482120423793264141e+00
1.534347501280451054e+00
1.571145482041506725e+00
1.593463620045008300e+00
1.603732856844531707e+00
1.605723360282605094e+00
1.603040626941765634e+00
1.597868853157448532e+00
1.590672811021156541e+00
1.580820362679027147e+00
1.567646028208402598e+00
1.551364469099819843e+00
1.533423692586918463e+00
1.516218596361042392e+00
1.502378523529052101e+00
1.493973938127717727e+00
1.491944791047544516e+00
1.495905232477966029e+00
1.504315799622187422e+00
1.514900615101901993e+00
1.525147679947133739e+00
1.532753648987654094e+00
1.535930906763842918e+00
1.533554383499328155e+00
1.525169213070792340e+00
1.510902011815438373e+00
1.491321644027632010e+00
1.467287164538506827e+00
1.439808222966778128e+00
1.409931332489759770e+00
1.378656326041170610e+00
1.346881522233965622e+00
1.315373113467027011e+00
1.284753252583695327e+00
1.255501471144783165e+00
1.227964815458203685e+00
1.202373044509920330e+00
1.178856173470722357e+00
1.157462460976835139e+00
1.138175592931722546e+00
1.120930313698562886e+00
1.105626118112019274e+00
1.092138870753490254e+00
1.080330387440145534e+00
1.070056119373506753e+00
1.061171140223381659e+00
1.053534664058828563e+00
1.047013327689467976e+00
1.041483462250305525e+00
1.036832561325218505e+00
1.032960130575621971e+00
1.029778079547801539e+00
1.027210791993950600e+00
1.025194987886262066e+00
1.023679469035979173e+00
1.022624821164687781e+00
1.022003128438530473e+00
1.021797741685241734e+00
1.022003128438314867e+00
1.022624821164243913e+00
1.023679469035293943e+00
1.025194987885313047e+00
1.027210791992703820e+00
1.029778079546214364e+00
1.032960130573646884e+00
1.036832561322790669e+00
1.041483462247362546e+00
1.047013327685924367e+00
1.053534664054598391e+00
1.061171140218374997e+00
1.070056119367614134e+00
1.080330387433252604e+00
1.092138870745466894e+00
1.105626118102731592e+00
1.120930313687851010e+00
1.138175592919408174e+00
1.157462460962690010e+00
1.178856173454458922e+00
1.202373044491135579e+00
1.227964815436329404e+00
1.255501471118998680e+00
1.284753252552775615e+00
1.315373113429157970e+00
1.346881522186448299e+00
1.378656325980056163e+00
1.409931332409323002e+00
1.439808222858827369e+00
1.467287164391510634e+00
1.491321643825646692e+00
1.510902011536845890e+00
1.525169212686898979e+00
1.533554382972942332e+00
1.535930906047974220e+00
1.532753648024577586e+00
1.525147678667914120e+00
1.514900613426491738e+00
1.504315797459763848e+00
1.495905229726909758e+00
1.491944787593945998e+00
1.493973933841353352e+00
1.502378518256342499e+00
1.516218589916098258e+00
1.533423684744056104e+00
1.551364459592916578e+00
1.567646016742611170e+00
1.580820348957299837e+00
1.590672794782247657e+00
1.597868834216706002e+00
1.603040605225703352e+00
1.605723335855007816e+00
1.603732829930893722e+00
1.593463591063377205e+00
1.571145451634909929e+00
1.534347470328319307e+00
1.482120393376173961e+00
1.411950453968555008e+00
1.314167973603696860e+00
1.171297569089856605e+00
9.772269114876352969e-01
7.841570000868345325e-01
7.415288514241872297e-01
1.000000000000000000e+00
