1.000000000000000000e+00
1.041888585566024705e+00
1.091174492217745762e+00
1.150611589169628024e+00
1.219508823351271420e+00
1.294778677573185988e+00
1.371923324199274319e+00
1.445971057265529103e+00
1.512293135346272965e+00
1.567207833269694151e+00
1.608314576474255686e+00
1.634563134113549143e+00
1.646115629209947695e+00
1.644083932434482254e+00
1.630222012163752732e+00
1.606632858001407760e+00
1.575524827286736596e+00
1.539030868969487820e+00
1.499089403141010468e+00
1.457377630239265809e+00
1.415285091581022225e+00
1.373915494833382711e+00
1.334106587146042022e+00
1.296460150153194713e+00
1.261376406307757048e+00
1.229088991986608814e+00
1.199698094948395299e+00
1.173200400447004466e+00
1.149515211685156135e+00
1.128506583856163203e+00
1.110001605634759914e+00
1.093805132414860104e+00
1.079711362554026000e+00
1.067512680283189130e+00
1.057006186712245110e+00
1.047998317014072089e+00
1.040307906473044053e+00
1.033768026715128352e+00
1.028226870156238926e+00
1.023547918201884510e+00
1.019609588739029515e+00
1.016304522033414814e+00
1.013538631840853910e+00
1.011230020556631581e+00
1.009307833502140594e+00
1.007711107741972922e+00
1.006387654785466212e+00
1.005293003737161239e+00
1.004389421481844291e+00
1.003645018887693086e+00
1.003032946376670731e+00
1.002530678174007539e+00
1.002119381782063723e+00
1.001783367447669937e+00
1.001509611371904196e+00
1.001287345954350982e+00
1.001107710315896293e+00
1.000963454583049694e+00
1.000848691849386407e+00
1.000758692285333984e+00
1.000689714495109461e+00
1.000638869882976012e+00
1.000604016466377866e+00
1.000583679245701907e+00
1.000576994902359296e+00
1.000583679245701907e+00
1.000604016466377866e+00
1.000638869882976012e+00
1.000689714495109461e+00
1.000758692285333984e+00
1.000848691849386407e+00
1.000963454583049694e+00
1.001107710315896293e+00
1.001287345954350982e+00
1.001509611371904196e+00
1.001783367447669937e+00
1.002119381782063723e+00
1.002530678174007539e+00
1.003032946376670731e+00
1.003645018887693086e+00
1.004389421481844291e+00
1.005293003737161239e+00
1.006387654785466212e+00
1.007711107741972922e+00
1.009307833502140594e+00
1.011230020556631581e+00
1.013538631840853910e+00
1.016304522033414592e+00
1.019609588739029515e+00
1.023547918201884732e+00
1.028226870156238926e+00
1.033768026715128352e+00
1.040307906473043831e+00
1.047998317014071867e+00
1.057006186712244888e+00
1.067512680283189130e+00
1.079711362554025333e+00
1.093805132414860104e+00
1.110001605634759470e+00
1.128506583856163203e+00
1.149515211685156801e+00
1.173200400447003799e+00
1.199698094948395966e+00
1.229088991986609036e+00
1.261376406307757714e+00
1.296460150153194490e+00
1.334106587146042022e+00
1.373915494833383599e+00
1.415285091581022670e+00
1.457377630239265143e+00
1.499089403141010912e+00
1.539030868969488042e+00
1.575524827286736818e+00
1.606632858001407316e+00
1.630222012163751844e+00
1.644083932434483808e+00
1.646115629209949693e+00
1.634563134113548255e+00
1.608314576474254798e+00
1.567207833269693928e+00
1.512293135346273631e+00
1.445971057265527770e+00
1.371923324199274097e+00
1.294778677573187320e+00
1.219508823351273197e+00
1.150611589169627358e+00
1.091174492217744874e+00
1.041888585566023595e+00
1.000000000000000000e+00
