1.000000000000000000e+00
8.872687607071579885e-01
8.762012821594857837e-01
9.641193370932671369e-01
1.108148257123159341e+00
1.262880165952834144e+00
1.397130445601981519e+00
1.496885602101754476e+00
1.561099984229649795e+00
1.595615755188483087e+00
1.608357513653328574e+00
1.606766996738217879e+00
1.596995933083460661e+00
1.583925240499474807e+00
1.571310779359946119e+00
1.561788394425342785e+00
1.556784764343728256e+00
1.556486781234766692e+00
1.559976934847566055e+00
1.565542383541635552e+00
1.571085198904704772e+00
1.574531904975936092e+00
1.574157370500713693e+00
1.568779096782960680e+00
1.557819955836595271e+00
1.541266308900340221e+00
1.519560467073197474e+00
1.493465043380470592e+00
1.463927890236159213e+00
1.431965385114557066e+00
1.398572198958034862e+00
1.364658770463147652e+00
1.331013595595026855e+00
1.298285554724423863e+00
1.266981102750386112e+00
1.237471593933582747e+00
1.210006835727526209e+00
1.184731873204872166e+00
1.161704841624914053e+00
1.140914422857389088e+00
1.122295987654967186e+00
1.105745912418008459e+00
1.091133848858072408e+00
1.078312922374659255e+00
1.067127962265359109e+00
1.057421942614760191e+00
1.049040851525543605e+00
1.041837219539804238e+00
1.035672534138629253e+00
1.030418752396240922e+00
1.025959102796547562e+00
1.022188343188020321e+00
1.019012617157343259e+00
1.016349027285949225e+00
1.014125021789798353e+00
1.012277671479030472e+00
1.010752897049734367e+00
1.009504692455735597e+00
1.008494378379224843e+00
1.007689910408571476e+00
1.007065259174001692e+00
1.006599874099809222e+00
1.006278238318881524e+00
1.006089519385521047e+00
1.006027318460132491e+00
1.006089519386328401e+00
1.006278238320538421e+00
1.006599874102403813e+00
1.007065259177664540e+00
1.007689910413494427e+00
1.008494378385661694e+00
1.009504692464018527e+00
1.010752897060283928e+00
1.012277671492388453e+00
1.014125021806643989e+00
1.016349027307136055e+00
1.019012617183949976e+00
1.022188343221390294e+00
1.025959102838370551e+00
1.030418752448631459e+00
1.035672534204242545e+00
1.041837219621972066e+00
1.049040851628450177e+00
1.057421942743670629e+00
1.067127962426908994e+00
1.078312922577225885e+00
1.091133849112255971e+00
1.105745912737250425e+00
1.122295988056360327e+00
1.140914423362717312e+00
1.161704842262019088e+00
1.184731874009433250e+00
1.210006836745384673e+00
1.237471595223770260e+00
1.266981104389073076e+00
1.298285556810055308e+00
1.331013598254923602e+00
1.364658773862004848e+00
1.398572203308641848e+00
1.431965390691230633e+00
1.463927897391176902e+00
1.493465052563685225e+00
1.519560478854673713e+00
1.541266323995242660e+00
1.557819975130785961e+00
1.568779121356662642e+00
1.574157401646399723e+00
1.574531944205477485e+00
1.571085247939942864e+00
1.565542444282349788e+00
1.559977009310922869e+00
1.556486871460869725e+00
1.556784872262060748e+00
1.561788521677212715e+00
1.571310927074009323e+00
1.583925409024204312e+00
1.596996121694949311e+00
1.606767203363380192e+00
1.608357734669997763e+00
1.595615985372448975e+00
1.561100216903569482e+00
1.496885829501879206e+00
1.397130659428456045e+00
1.262880358021914562e+00
1.108148420005653279e+00
9.641194646160236026e-01
8.762013696874040303e-01
8.872688052111118440e-01
1.000000000000000000e+00
