1.000000000000000000e+00
7.820382866498790664e-01
7.976377684730664441e-01
9.627071966199258757e-01
1.156235122592525144e+00
1.313012179479376762e+00
1.420645511776065240e+00
1.490721771656466688e+00
1.537345971527795729e+00
1.569426817848424305e+00
1.591197907094922037e+00
1.604642466922596045e+00
1.610915300753536394e+00
1.610711301293069830e+00
1.604418189488988178e+00
1.592511644223217893e+00
1.576067541906434499e+00
1.557038475940695887e+00
1.538082817531114976e+00
1.522007667384182694e+00
1.511077394102177340e+00
1.506466230624003755e+00
1.508031331173383061e+00
1.514434638499670527e+00
1.523521500488040470e+00
1.532808185254218802e+00
1.539938554401337756e+00
1.543018003488902279e+00
1.540790844382031954e+00
1.532673905434589701e+00
1.518685161430621822e+00
1.499312947254879846e+00
1.475365260243340471e+00
1.447826956979980872e+00
1.417740559983394766e+00
1.386116698731538088e+00
1.353873746954869173e+00
1.321802670317858253e+00
1.290551697290269750e+00
1.260625372185963933e+00
1.232393204818357235e+00
1.206104062649304476e+00
1.181903402806633085e+00
1.159851284763510515e+00
1.139939792174359257e+00
1.122109021443767674e+00
1.106261183296393780e+00
1.092272637387414980e+00
1.080003864317591544e+00
1.069307496593152385e+00
1.060034598286858643e+00
1.052039416637317037e+00
1.045182838401270464e+00
1.039334777546303323e+00
1.034375704805400753e+00
1.030197508036038156e+00
1.026703848309505007e+00
1.023810152321998013e+00
1.021443358465009776e+00
1.019541512569287489e+00
1.018053290388414744e+00
1.016937507459333645e+00
1.016162662999649191e+00
1.015706552757422054e+00
1.015555975902525443e+00
1.015706552758445458e+00
1.016162663001751287e+00
1.016937507462627011e+00
1.018053290393073684e+00
1.019541512575561581e+00
1.021443358473231200e+00
1.023810152332604861e+00
1.026703848323056611e+00
1.030197508053257494e+00
1.034375704827188658e+00
1.039334777573810209e+00
1.045182838435946948e+00
1.052039416680979889e+00
1.060034598341797585e+00
1.069307496662236234e+00
1.080003864404432523e+00
1.092272637496542131e+00
1.106261183433502548e+00
1.122109021616000124e+00
1.139939792390703976e+00
1.159851285035266244e+00
1.181903403148028220e+00
1.206104063078275335e+00
1.232393205357541266e+00
1.260625372863980465e+00
1.290551698143345360e+00
1.321802671391959727e+00
1.353873748308416003e+00
1.386116700438913441e+00
1.417740562139484961e+00
1.447826959706026040e+00
1.475365263694428331e+00
1.499312951629541368e+00
1.518685166982948642e+00
1.532673912489401769e+00
1.540790853353499523e+00
1.543018014902795887e+00
1.539938568920771855e+00
1.532808203707949346e+00
1.523521523899499908e+00
1.514434668113667781e+00
1.508031368476217660e+00
1.506466277351817373e+00
1.511077452232085561e+00
1.522007739102946511e+00
1.538082905176354487e+00
1.557038581908776198e+00
1.576067668518396747e+00
1.592511793536226739e+00
1.604418363039588957e+00
1.610711499766424248e+00
1.610915523595238374e+00
1.604642711945362121e+00
1.591198170168595771e+00
1.569427092778454158e+00
1.537346250209816079e+00
1.490722044542621472e+00
1.420645768613781446e+00
1.313012410198904689e+00
1.156235318151756841e+00
9.627073496136727693e-01
7.976378734151052807e-01
7.820383399861876583e-01
1.000000000000000000e+00
