1.000000000000000000e+00
9.476646102655982284e-01
9.503735576820425690e-01
1.014613881339431423e+00
1.122201142930389306e+00
1.247046760365073004e+00
1.365681448282552335e+00
1.462561250385819189e+00
1.531254759546245570e+00
1.572861465824521909e+00
1.593132943204089269e+00
1.599538404819115689e+00
1.599027743163826010e+00
1.596744566467408921e+00
1.595599762049112025e+00
1.596459943308283336e+00
1.598679459922254242e+00
1.600745733934578308e+00
1.600874106026608956e+00
1.597458390173235099e+00
1.589344723218587108e+00
1.575941481108501740e+00
1.557203927493345796e+00
1.533540541139442048e+00
1.505683709059738140e+00
1.474556746470078616e+00
1.441157066112026319e+00
1.406464888149901782e+00
1.371379428192980976e+00
1.336680030570798650e+00
1.303007607529900636e+00
1.270861226210625805e+00
1.240605074297334243e+00
1.212481838896900310e+00
1.186629441734925017e+00
1.163098919541977860e+00
1.141871948678707449e+00
1.122877070408256239e+00
1.106004088881507696e+00
1.091116410438208062e+00
1.078061295051307766e+00
1.066678121302941484e+00
1.056804844083149453e+00
1.048282864239215906e+00
1.040960543197311683e+00
1.034695591804484893e+00
1.029356547730848837e+00
1.024823534425618465e+00
1.020988470204971410e+00
1.017754870917141341e+00
1.015037365360650146e+00
1.012761020222045394e+00
1.010860551312673383e+00
1.009279480565589360e+00
1.007969283628220136e+00
1.006888560828280488e+00
1.006002254583515443e+00
1.005280928703772059e+00
1.004700119213280951e+00
1.004239762021123417e+00
1.003883699725792278e+00
1.003619267817408955e+00
1.003436959329297773e+00
1.003330166408067159e+00
1.003294997164830615e+00
1.003330166408067159e+00
1.003436959329297773e+00
1.003619267817408955e+00
1.003883699725792278e+00
1.004239762021123417e+00
1.004700119213280951e+00
1.005280928703772059e+00
1.006002254583515443e+00
1.006888560828280710e+00
1.007969283628220358e+00
1.009279480565589138e+00
1.010860551312673383e+00
1.012761020222045616e+00
1.015037365360650146e+00
1.017754870917141119e+00
1.020988470204971632e+00
1.024823534425618021e+00
1.029356547730848837e+00
1.034695591804484227e+00
1.040960543197311017e+00
1.048282864239215462e+00
1.056804844083149231e+00
1.066678121302941262e+00
1.078061295051306878e+00
1.091116410438206286e+00
1.106004088881506808e+00
1.122877070408255351e+00
1.141871948678707227e+00
1.163098919541975640e+00
1.186629441734921908e+00
1.212481838896897202e+00
1.240605074297328692e+00
1.270861226210622474e+00
1.303007607529895751e+00
1.336680030570791988e+00
1.371379428192974315e+00
1.406464888149891790e+00
1.441157066112014995e+00
1.474556746470062851e+00
1.505683709059719488e+00
1.533540541139418734e+00
1.557203927493316487e+00
1.575941481108467102e+00
1.589344723218544253e+00
1.597458390173181142e+00
1.600874106026543897e+00
1.600745733934498150e+00
1.598679459922159207e+00
1.596459943308170093e+00
1.595599762048980352e+00
1.596744566467260373e+00
1.599027743163658588e+00
1.599538404818929394e+00
1.593132943203889429e+00
1.572861465824310745e+00
1.531254759546035071e+00
1.462561250385611800e+00
1.365681448282356492e+00
1.247046760364898033e+00
1.122201142930242312e+00
1.014613881339315071e+00
9.503735576819628550e-01
9.476646102655568171e-01
1.000000000000000000e+00
