1.000000000000000000e+00
8.108741542675524938e-01
8.134088316570616817e-01
9.562162825728899307e-01
1.141013075894421247e+00
1.302308780109740827e+00
1.417984489537611914e+00
1.492794847039169204e+00
1.540049887408697638e+00
1.571051662443069263e+00
1.592084159479542738e+00
1.605385868042896513e+00
1.611136876104836579e+00
1.609119020329390803e+00
1.599759605065268486e+00
1.584594563385033572e+00
1.566212895577274722e+00
1.547782437414774392e+00
1.532347225583457595e+00
1.522144320265501394e+00
1.518155643783227093e+00
1.520002647647515914e+00
1.526164424800024788e+00
1.534406737460336956e+00
1.542275735423309868e+00
1.547530618349349796e+00
1.548440371429965046e+00
1.543924557490496063e+00
1.533559013130880500e+00
1.517487912701586117e+00
1.496286719149085398e+00
1.470812737898429479e+00
1.442067996281352293e+00
1.411087597972008334e+00
1.378857809135338286e+00
1.346262427385297000e+00
1.314053012983264823e+00
1.282837533585889034e+00
1.253082124638932315e+00
1.225121409577877518e+00
1.199173770120617100e+00
1.175358885566950118e+00
1.153715665285219183e+00
1.134219345615815389e+00
1.116797014676698785e+00
1.101341186655812043e+00
1.087721296887135480e+00
1.075793155119352251e+00
1.065406498180644146e+00
1.056410841882139184e+00
1.048659858813604684e+00
1.042014513770270323e+00
1.036345179437754505e+00
1.031532937180786202e+00
1.027470245327424925e+00
1.024061133039822158e+00
1.021221053653040389e+00
1.018876508508685053e+00
1.016964531568438801e+00
1.015432106846993809e+00
1.014235575067251149e+00
1.013340072833802674e+00
1.012719036837099296e+00
1.012353796849825294e+00
1.012233274221359336e+00
1.012353796849635446e+00
1.012719036836709607e+00
1.013340072833199823e+00
1.014235575066402495e+00
1.015432106845866045e+00
1.016964531566979968e+00
1.018876508506833867e+00
1.021221053650714472e+00
1.024061133036929361e+00
1.027470245323838904e+00
1.031532937176360409e+00
1.036345179432312635e+00
1.042014513763588557e+00
1.048659858805409684e+00
1.056410841872089446e+00
1.065406498168316896e+00
1.075793155104210808e+00
1.087721296868505272e+00
1.101341186632817770e+00
1.116797014648210906e+00
1.134219345580353311e+00
1.153715665240830246e+00
1.175358885511036622e+00
1.199173770049705157e+00
1.225121409487291313e+00
1.253082124522348018e+00
1.282837533434760813e+00
1.314053012786021712e+00
1.346262427126292183e+00
1.378857808793476636e+00
1.411087597518995151e+00
1.442067995679465975e+00
1.470812737097840772e+00
1.496286718084656409e+00
1.517487911289312041e+00
1.533559011264134186e+00
1.543924555036388035e+00
1.548440368226277286e+00
1.547530614202447419e+00
1.542275730107297571e+00
1.534406730717264633e+00
1.526164416340313856e+00
1.520002637149222569e+00
1.518155630888776697e+00
1.522144304575786977e+00
1.532347206651954119e+00
1.547782414748023472e+00
1.566212868651013279e+00
1.584594531685002750e+00
1.599759568156833511e+00
1.609118977951379259e+00
1.611136828274055688e+00
1.605385815151051387e+00
1.592084102365121101e+00
1.571051602424321292e+00
1.540049826266509436e+00
1.492794786939331875e+00
1.417984432883340196e+00
1.302308729320991176e+00
1.141013033133555288e+00
9.562162494872572527e-01
8.134088092549237592e-01
8.108741430024937191e-01
1.000000000000000000e+00
