1.000000000000000000e+00
8.471071040759182713e-01
8.394652661228981794e-01
9.545014589794631465e-01
1.122003643456659150e+00
1.283584435488583253e+00
1.410052746285195724e+00
1.496584831562117079e+00
1.550866443849507004e+00
1.583074772083107762e+00
1.600779931695305081e+00
1.608080866296672795e+00
1.606914319627623655e+00
1.598723030887044594e+00
1.585501148245692660e+00
1.569986421348441130e+00
1.555217488684389027e+00
1.543837455786882806e+00
1.537491082362016259e+00
1.536525739814713409e+00
1.540045657685300551e+00
1.546242522067631686e+00
1.552862030523857406e+00
1.557665277125027226e+00
1.558785122221399977e+00
1.554933514433069597e+00
1.545463913269660816e+00
1.530322476057474068e+00
1.509931890685312750e+00
1.485048092536681352e+00
1.456619540717087657e+00
1.425666810014874830e+00
1.393190210245106142e+00
1.360106158219103190e+00
1.327208994193239899e+00
1.295153170185988634e+00
1.264450451262162822e+00
1.235477298890647724e+00
1.208488480990325131e+00
1.183633891496607804e+00
1.160976414387373090e+00
1.140509372500284835e+00
1.122172650033678387e+00
1.105866984096693928e+00
1.091466209224203121e+00
1.078827434689485720e+00
1.067799260354984181e+00
1.058228211373805072e+00
1.049963610007793813e+00
1.042861115423621365e+00
1.036785158019064124e+00
1.031610479866147401e+00
1.027222971787521200e+00
1.023519973659944737e+00
1.020410180029304170e+00
1.017813269539150411e+00
1.015659354969073336e+00
1.013888331378941521e+00
1.012449183183663948e+00
1.011299296947171245e+00
1.010403815145125339e+00
1.009735056871256642e+00
1.009272024167500392e+00
1.009000007031936486e+00
1.008910295884324793e+00
1.009000007031108037e+00
1.009272024165801973e+00
1.009735056868605874e+00
1.010403815141385664e+00
1.011299296942160586e+00
1.012449183177132284e+00
1.013888331370568219e+00
1.015659354958448057e+00
1.017813269525759790e+00
1.020410180012494950e+00
1.023519973638909564e+00
1.027222971761258208e+00
1.031610479833402705e+00
1.036785157978283856e+00
1.042861115372873293e+00
1.049963609944681853e+00
1.058228211295346943e+00
1.067799260257475069e+00
1.078827434568310428e+00
1.091466209073605143e+00
1.105866983909485901e+00
1.122172649800869726e+00
1.140509372210608108e+00
1.160976414026676284e+00
1.183633891047075393e+00
1.208488480429470879e+00
1.235477298190039708e+00
1.264450450385755875e+00
1.295153169088003375e+00
1.327208992815424926e+00
1.360106156487264073e+00
1.393190208064675861e+00
1.425666807265376645e+00
1.456619537245228413e+00
1.485048088147944645e+00
1.509931885133908747e+00
1.530322469034615107e+00
1.545463904390414145e+00
1.554933503222190705e+00
1.558785108098987848e+00
1.557665259393142598e+00
1.552862008355618384e+00
1.546242494500672970e+00
1.540045623621836057e+00
1.536525698031149689e+00
1.537491031532105090e+00
1.543837394524120832e+00
1.555217415611132914e+00
1.569986335200412197e+00
1.585501048019413162e+00
1.598722916032918606e+00
1.606914190281266919e+00
1.608080723525834310e+00
1.600779777720962027e+00
1.583074610415741601e+00
1.550866279273060533e+00
1.496584669907595977e+00
1.410052593973040835e+00
1.283584298887550101e+00
1.122003528196039213e+00
9.545013694172087559e-01
8.394652051467000886e-01
8.471070732672807413e-01
1.000000000000000000e+00
