1.000000000000000000e+00
7.409568578116259019e-01
7.847900608998116256e-01
9.788531647573140981e-01
1.173112124977453874e+00
1.315863167895026331e+00
1.413666894795132745e+00
1.484037422962242614e+00
1.536476190860617042e+00
1.573359192459132139e+00
1.595599044577603154e+00
1.605658082201819159e+00
1.607365645733236592e+00
1.604395038673553708e+00
1.598993442249410535e+00
1.591664955799202197e+00
1.581776651862122129e+00
1.568621211066106635e+00
1.552348314634894866e+00
1.534345521759924669e+00
1.516975499276698613e+00
1.502873666660387242e+00
1.494149758500146419e+00
1.491800822261523995e+00
1.495497850396961592e+00
1.503743612957026743e+00
1.514282559845214760e+00
1.524600960851908882e+00
1.532376585567325700e+00
1.535792929033600984e+00
1.533693017653469992e+00
1.525592439631178188e+00
1.511593880186019367e+00
1.492249206069425016e+00
1.468407300757977207e+00
1.441073507835758383e+00
1.411294566285423491e+00
1.380073694336392931e+00
1.348314536908134409e+00
1.316789573904272981e+00
1.286127480276906931e+00
1.256814046714484379e+00
1.229202006224149102e+00
1.203526066712035547e+00
1.179920393100835740e+00
1.158436603864500203e+00
1.139061008747007886e+00
1.121730319227884909e+00
1.106345431410222790e+00
1.092783138394784137e+00
1.080905801020511259e+00
1.070569113779018533e+00
1.061628164279023512e+00
1.053942013479726159e+00
1.047377030372297124e+00
1.041809206572154256e+00
1.037125659045493142e+00
1.033225507009550181e+00
1.030020284789596730e+00
1.027434028040244751e+00
1.025403147498142209e+00
1.023876183051826594e+00
1.022813511720182644e+00
1.022187066157708379e+00
1.021980105375923431e+00
1.022187066157974389e+00
1.022813511720728208e+00
1.023876183052689903e+00
1.025403147499380774e+00
1.027434028041939174e+00
1.030020284791856477e+00
1.033225507012526245e+00
1.037125659049376258e+00
1.041809206577206215e+00
1.047377030378843443e+00
1.053942013488198493e+00
1.061628164289982745e+00
1.070569113793176541e+00
1.080905801038783975e+00
1.092783138418341959e+00
1.106345431440571847e+00
1.121730319266937448e+00
1.139061008797207508e+00
1.158436603928948205e+00
1.179920393183479632e+00
1.203526066817873996e+00
1.229202006359525257e+00
1.256814046887443581e+00
1.286127480497632591e+00
1.316789574185670775e+00
1.348314537266543045e+00
1.380073694792541605e+00
1.411294566865625821e+00
1.441073508573457396e+00
1.468407301695751288e+00
1.492249207261585164e+00
1.511593881701974063e+00
1.525592441559769030e+00
1.533693020108527705e+00
1.535792932160946700e+00
1.532376589553464008e+00
1.524600965934393315e+00
1.514282566324588242e+00
1.503743621209667980e+00
1.495497860887815555e+00
1.491800835555047389e+00
1.494149775267557656e+00
1.502873687681228088e+00
1.516975525433126304e+00
1.534345554022615410e+00
1.552348354039309042e+00
1.568621258676314856e+00
1.581776708716111646e+00
1.591665022826164622e+00
1.598993520149448067e+00
1.604395127757694217e+00
1.607365745737669549e+00
1.605658192109512994e+00
1.595599162492557177e+00
1.573359315574840878e+00
1.536476315547215421e+00
1.484037544975733036e+00
1.413667009593077228e+00
1.315863271017017722e+00
1.173112212412348532e+00
9.788532332053498930e-01
7.847901078889993887e-01
7.409568817109869476e-01
1.000000000000000000e+00
