1.000000000000000000e+00
1.062689191348361151e+00
1.129155740495549676e+00
1.200363983453804906e+00
1.275056970680275237e+00
1.350386389422922218e+00
1.422602763203393295e+00
1.487770083049523739e+00
1.542413077115124986e+00
1.583995810393066472e+00
1.611168618835957744e+00
1.623781200311307016e+00
1.622712769529604859e+00
1.609597007920347433e+00
1.586518264906644271e+00
1.555735777596475744e+00
1.519467139828011959e+00
1.479740121348673609e+00
1.438307271333877813e+00
1.396610542468280203e+00
1.355781460964668561e+00
1.316663814995419512e+00
1.279848596310127817e+00
1.245713858537784047e+00
1.214464684551071150e+00
1.186170399037204781e+00
1.160797539333719097e+00
1.138238009667116302e+00
1.118332409985991927e+00
1.100888855608405104e+00
1.085697769432255155e+00
1.072543193027795994e+00
1.061211166410613194e+00
1.051495694823987748e+00
1.043202771110585569e+00
1.036152864626259218e+00
1.030182228504810560e+00
1.025143320213281140e+00
1.020904577901973864e+00
1.017349748164114498e+00
1.014376919912089781e+00
1.011897384143406686e+00
1.009834410119043735e+00
1.008122004443492425e+00
1.006703700157620673e+00
1.005531407630017027e+00
1.004564347160806337e+00
1.003768074222981976e+00
1.003113601638994101e+00
1.002576618260780039e+00
1.002136800488176549e+00
1.001777210884174485e+00
1.001483776944363635e+00
1.001244842523176137e+00
1.001050784329240662e+00
1.000893686133485394e+00
1.000767063777776134e+00
1.000665634646874746e+00
1.000585125913063811e+00
1.000522116538844264e+00
1.000473908700412418e+00
1.000438424955627958e+00
1.000414128115321377e+00
1.000399961381954528e+00
1.000395306896076475e+00
1.000399961381954528e+00
1.000414128115321377e+00
1.000438424955627958e+00
1.000473908700412418e+00
1.000522116538844264e+00
1.000585125913063811e+00
1.000665634646874746e+00
1.000767063777776134e+00
1.000893686133485394e+00
1.001050784329240662e+00
1.001244842523176137e+00
1.001483776944363635e+00
1.001777210884174485e+00
1.002136800488176549e+00
1.002576618260780039e+00
1.003113601638994101e+00
1.003768074222981976e+00
1.004564347160806337e+00
1.005531407630017027e+00
1.006703700157620673e+00
1.008122004443492425e+00
1.009834410119043735e+00
1.011897384143406464e+00
1.014376919912089781e+00
1.017349748164114720e+00
1.020904577901973864e+00
1.025143320213281140e+00
1.030182228504810338e+00
1.036152864626258996e+00
1.043202771110585347e+00
1.051495694823987526e+00
1.061211166410612527e+00
1.072543193027795994e+00
1.085697769432254933e+00
1.100888855608404882e+00
1.118332409985992593e+00
1.138238009667115858e+00
1.160797539333719541e+00
1.186170399037204781e+00
1.214464684551071150e+00
1.245713858537784047e+00
1.279848596310127595e+00
1.316663814995420623e+00
1.355781460964668561e+00
1.396610542468279981e+00
1.438307271333878257e+00
1.479740121348673387e+00
1.519467139828012403e+00
1.555735777596475744e+00
1.586518264906643161e+00
1.609597007920349210e+00
1.622712769529606192e+00
1.623781200311305906e+00
1.611168618835957078e+00
1.583995810393066028e+00
1.542413077115124764e+00
1.487770083049522629e+00
1.422602763203392850e+00
1.350386389422923106e+00
1.275056970680275681e+00
1.200363983453804240e+00
1.129155740495549232e+00
1.062689191348360707e+00
1.000000000000000000e+00
