1.000000000000000000e+00
7.405113442405183433e-01
7.839843216347472943e-01
9.777053852614336904e-01
1.171632506433228693e+00
1.314098387060296025e+00
1.411695180619686685e+00
1.481946501927545734e+00
1.534348059103321837e+00
1.571264431315105181e+00
1.593595229705118799e+00
1.603789005116525557e+00
1.605661306223995055e+00
1.602872899138445772e+00
1.597660497476161456e+00
1.590519701038874967e+00
1.580810483598820593e+00
1.567819508819114027e+00
1.551691754916669774e+00
1.533811945582945979e+00
1.516542199092875576e+00
1.502519631034731074e+00
1.493857370944826402e+00
1.491556705161169338e+00
1.495292828858206136e+00
1.503572009219867667e+00
1.514141143279566837e+00
1.524487867984349210e+00
1.532290431686301968e+00
1.535732213951708669e+00
1.533655827264355231e+00
1.525576382933045760e+00
1.511596178696605897e+00
1.492266857697548854e+00
1.468437259358266855e+00
1.441112841919190979e+00
1.411340579371444415e+00
1.380124002854213439e+00
1.348367109501892536e+00
1.316842739698763198e+00
1.286179914565996230e+00
1.256864741868876978e+00
1.229250234246852536e+00
1.203571338333399243e+00
1.179962416884606347e+00
1.158475247612571479e+00
1.139096264569557926e+00
1.121762272966180918e+00
1.106374236621658680e+00
1.092808994790652966e+00
1.080928937047682226e+00
1.070589772924757099e+00
1.061646594628218532e+00
1.053958460046266365e+00
1.047391729746703026e+00
1.041822383465057067e+00
1.037137524353358931e+00
1.033236257079608755e+00
1.030030101611356441e+00
1.027443080138678022e+00
1.025411591346930829e+00
1.023884164863001045e+00
1.022821169498586258e+00
1.022194531934795592e+00
1.021987507557483355e+00
1.022194531934575545e+00
1.022821169498134397e+00
1.023884164862303381e+00
1.025411591345963824e+00
1.027443080137407705e+00
1.030030101609738846e+00
1.033236257077594589e+00
1.037137524350882245e+00
1.041822383462052803e+00
1.047391729743084143e+00
1.053958460041943601e+00
1.061646594623097739e+00
1.070589772918725924e+00
1.080928937040619431e+00
1.092808994782422660e+00
1.106374236612119422e+00
1.121762272955164397e+00
1.139096264556873184e+00
1.158475247597978042e+00
1.179962416867800679e+00
1.203571338313959238e+00
1.229250234224187333e+00
1.256864741842137922e+00
1.286179914533925661e+00
1.316842739659508155e+00
1.348367109452706103e+00
1.380124002791091264e+00
1.411340579288594910e+00
1.441112841808344758e+00
1.468437259207802548e+00
1.492266857491417742e+00
1.511596178413070035e+00
1.525576382543276432e+00
1.533655826731007643e+00
1.535732213227613219e+00
1.532290430713519003e+00
1.524487866693664984e+00
1.514141141590549244e+00
1.503572007041136471e+00
1.495292826087318394e+00
1.491556701683026898e+00
1.493857366627573846e+00
1.502519625722695595e+00
1.516542192597704064e+00
1.533811937676336390e+00
1.551691745330030292e+00
1.567819497255577899e+00
1.580810469759922787e+00
1.590519684662490274e+00
1.597660478377079807e+00
1.602872877242824901e+00
1.605661281595720302e+00
1.603788977982345099e+00
1.593595200486315200e+00
1.571264400660381089e+00
1.534348027899966160e+00
1.481946471265262133e+00
1.411695151703774354e+00
1.314098361096947665e+00
1.171632484510668926e+00
9.777053682394430956e-01
7.839843100730198300e-01
7.405113384147264943e-01
1.000000000000000000e+00
