1.000000000000000000e+00
7.563517373132625510e-01
7.881731007806129785e-01
9.719275814471576291e-01
1.167514711137613848e+00
1.316236819204773090e+00
1.417266451027853869e+00
1.486740721556342626e+00
1.536529211926127347e+00
1.571477239345867360e+00
1.593524519266131145e+00
1.604896748743723345e+00
1.608542903832829829e+00
1.607098640076685792e+00
1.601986198544977924e+00
1.593404373810400454e+00
1.581078729429497454e+00
1.565197919149878381e+00
1.546985003859767449e+00
1.528656818811556128e+00
1.512867993100018627e+00
1.501944948720723705e+00
1.497237382172889930e+00
1.498799054825139532e+00
1.505445709208702354e+00
1.515103201206638772e+00
1.525292969583840197e+00
1.533604990338142127e+00
1.538055662013241287e+00
1.537288529860562525e+00
1.530625863189581493e+00
1.518008328877827440e+00
1.499868910785679743e+00
1.476982222243641507e+00
1.450318856461097372e+00
1.420922043817075542e+00
1.389813732072412211e+00
1.357930295271575938e+00
1.326084181809952245e+00
1.294946180730524254e+00
1.265042801304851805e+00
1.236763857674276990e+00
1.210376267557386587e+00
1.186041035387692455e+00
1.163831253982602787e+00
1.143749669324962470e+00
1.125744903257422047e+00
1.109725835389773430e+00
1.095573933428696689e+00
1.083153516235032310e+00
1.072320059043800011e+00
1.062926724217542862e+00
1.054829338389521309e+00
1.047890049149125868e+00
1.041979889961987205e+00
1.036980467021965335e+00
1.032784960717700207e+00
1.029298610575579254e+00
1.026438828133108938e+00
1.024135058664573439e+00
1.022328490915573429e+00
1.020971694465573343e+00
1.020028247171938185e+00
1.019472400268200296e+00
1.019288815844640483e+00
1.019472400268774059e+00
1.020028247173117242e+00
1.020971694467424751e+00
1.022328490918205990e+00
1.024135058668135478e+00
1.026438828137802517e+00
1.029298610581674600e+00
1.032784960725542378e+00
1.036980467032007081e+00
1.041979889974795626e+00
1.047890049165433934e+00
1.054829338410265160e+00
1.062926724243900001e+00
1.072320059077272125e+00
1.083153516277513662e+00
1.095573933482595352e+00
1.109725835458129639e+00
1.125744903344086945e+00
1.143749669434794614e+00
1.163831254121760583e+00
1.186041035563951462e+00
1.210376267780584270e+00
1.236763857956873824e+00
1.265042801662626726e+00
1.294946181183489697e+00
1.326084182383499011e+00
1.357930295997999304e+00
1.389813732992826401e+00
1.420922044983915056e+00
1.450318857941334860e+00
1.476982224122961318e+00
1.499868913173824092e+00
1.518008331915454923e+00
1.530625867056955247e+00
1.537288534788406880e+00
1.538055668296088641e+00
1.533604998350184268e+00
1.525292979797139292e+00
1.515103214210878901e+00
1.505445725731059614e+00
1.498799075748007859e+00
1.497237408546568727e+00
1.501944981767809661e+00
1.512868034208344037e+00
1.528656869512824201e+00
1.546985065790838831e+00
1.565197993992061276e+00
1.581078818817838849e+00
1.593404479201226964e+00
1.601986321029750249e+00
1.607098780138924932e+00
1.608543061065093704e+00
1.604896921569174850e+00
1.593524704731444253e+00
1.571477433055409323e+00
1.536529408167339295e+00
1.486740913630516303e+00
1.417266631758297368e+00
1.316236981545073403e+00
1.167514848753740786e+00
9.719276891380074224e-01
7.881731746731063248e-01
7.563517748795710594e-01
1.000000000000000000e+00
