1.000000000000000000e+00
9.056100800441723164e-01
8.963489858784465802e-01
9.745063401876045139e-01
1.106865680907499483e+00
1.254331278848606512e+00
1.386983576055071277e+00
1.488713052821371230e+00
1.555574651344056925e+00
1.591535740991443015e+00
1.604233846494083515e+00
1.601984056088401553e+00
1.592151036337747572e+00
1.580464025372072090e+00
1.570823409688613337e+00
1.565337710693796680e+00
1.564504944844578027e+00
1.567524204505098329e+00
1.572712959987288217e+00
1.577969965614578918e+00
1.581205435394921643e+00
1.580672057829832111e+00
1.575162711597804188e+00
1.564076263763449326e+00
1.547378551472921693e+00
1.525496881033862717e+00
1.499185223259035915e+00
1.469388874608233087e+00
1.437126696445546026e+00
1.403399475471099889e+00
1.369125961064428632e+00
1.335103899021337748e+00
1.301991381249952617e+00
1.270303353210970432e+00
1.240418520329389152e+00
1.212592696471205267e+00
1.186975541026300762e+00
1.163628472271595937e+00
1.142542251786007990e+00
1.123653290531643867e+00
1.106858142524526745e+00
1.092025948942316527e+00
1.079008798516764900e+00
1.067650101550159158e+00
1.057791153640678994e+00
1.049276106116319607e+00
1.041955574748093305e+00
1.035689115203547450e+00
1.030346779344324615e+00
1.025809945571311887e+00
1.021971592356864855e+00
1.018736159241186989e+00
1.016019115503476566e+00
1.013746334457837905e+00
1.011853351445702875e+00
1.010284566358262248e+00
1.008992436959284644e+00
1.007936697273897009e+00
1.007083625652479997e+00
1.006405379548290124e+00
1.005879408280363707e+00
1.005487950806723374e+00
1.005217622538478572e+00
1.005059093234553114e+00
1.005006856806383242e+00
1.005059093229976108e+00
1.005217622529094301e+00
1.005487950792056884e+00
1.005879408259672481e+00
1.006405379520534771e+00
1.007083625616269629e+00
1.007936697227424849e+00
1.008992436900240763e+00
1.010284566283731866e+00
1.011853351352020924e+00
1.013746334340422717e+00
1.016019115356617597e+00
1.018736159057773261e+00
1.021971592128055883e+00
1.025809945286128233e+00
1.030346778989133405e+00
1.035689114761425555e+00
1.041955574198036416e+00
1.049276105432248807e+00
1.057791152790207967e+00
1.067650100493044985e+00
1.079008797202963166e+00
1.092025947309541500e+00
1.106858140495167397e+00
1.123653288008862106e+00
1.142542248648799941e+00
1.163628468368509861e+00
1.186975536167439671e+00
1.212592690418034191e+00
1.240418512781735982e+00
1.270303343790462280e+00
1.301991369478930904e+00
1.335103884296167776e+00
1.369125942621834069e+00
1.403399452346177023e+00
1.437126667419954540e+00
1.469388838147392295e+00
1.499185177437789340e+00
1.525496823451276462e+00
1.547378479159120079e+00
1.564076173084633092e+00
1.575162598170229966e+00
1.580671916459296167e+00
1.581205260064722617e+00
1.577969749550901080e+00
1.572712695834770358e+00
1.567523884645300569e+00
1.564504561884476619e+00
1.565337258139467780e+00
1.570822882800504861e+00
1.580463422171642485e+00
1.592150358698278589e+00
1.601983310792480575e+00
1.604233046077565783e+00
1.591534904132961836e+00
1.555573802535356487e+00
1.488712221119509183e+00
1.386982792916266805e+00
1.254330575354245969e+00
1.106865084987787462e+00
9.745058745280374968e-01
8.963486669400132500e-01
9.056099181477923477e-01
1.000000000000000000e+00
