1.000000000000000000e+00
7.450615694722599880e-01
7.855315263616068355e-01
9.769390786251176406e-01
1.171729342101362370e+00
1.316108344068629865e+00
1.414688420874421704e+00
1.484748560333163159e+00
1.536478326950738049e+00
1.572871489296078451e+00
1.595059466633974798e+00
1.605435503491869698e+00
1.607632950089670443e+00
1.605088036295853282e+00
1.599832424447253043e+00
1.592254705237117207e+00
1.581768654944063046e+00
1.567871842724630316e+00
1.550997923125032374e+00
1.532783247639970536e+00
1.515710792935788698e+00
1.502372651372674062e+00
1.494698628416286867e+00
1.493436433025122634e+00
1.498014166006637060e+00
1.506756672545517040e+00
1.517323838667274494e+00
1.527209551892042327e+00
1.534169799132419021e+00
1.536506696275714567e+00
1.533193317745333628e+00
1.523864773698155428e+00
1.508719662012130147e+00
1.488377054628187146e+00
1.463725036731827744e+00
1.435784273764599162e+00
1.405598519042109862e+00
1.374155366739663986e+00
1.342335195172411177e+00
1.310883567550539475e+00
1.280401534430181787e+00
1.251348554405286029e+00
1.224053550763479992e+00
1.198730587214105192e+00
1.175496571699944148e+00
1.154389189840848262e+00
1.135383900933583101e+00
1.118409306692430993e+00
1.103360548219432635e+00
1.090110626183490972e+00
1.078519697486212348e+00
1.068442499711863558e+00
1.059734109160660243e+00
1.052254262213363045e+00
1.045870472969508969e+00
1.040460169822111203e+00
1.035912055205143734e+00
1.032126870005739772e+00
1.029017719755044080e+00
1.026510095511936393e+00
1.024541699481490209e+00
1.023062164512624550e+00
1.022032737970927530e+00
1.021425984081173466e+00
1.021225544480779179e+00
1.021425984081516525e+00
1.022032737971632299e+00
1.023062164513736327e+00
1.024541699483079382e+00
1.026510095514099774e+00
1.029017719757915339e+00
1.032126870009500763e+00
1.035912055210023386e+00
1.040460169828419268e+00
1.045870472977631138e+00
1.052254262223809578e+00
1.059734109174085503e+00
1.068442499729096884e+00
1.078519697508319108e+00
1.090110626211825640e+00
1.103360548255728490e+00
1.118409306738887610e+00
1.135383900993004458e+00
1.154389189916781966e+00
1.175496571796903256e+00
1.198730587337798248e+00
1.224053550921145206e+00
1.251348554606100949e+00
1.280401534685767118e+00
1.310883567875629874e+00
1.342335195585678376e+00
1.374155367264822125e+00
1.405598519709296612e+00
1.435784274612170508e+00
1.463725037808677243e+00
1.488377055996757736e+00
1.508719663752287943e+00
1.523864775912181280e+00
1.533193320564289808e+00
1.536506699867441039e+00
1.534169803711422864e+00
1.527209557731275646e+00
1.517323846111679364e+00
1.506756682026640259e+00
1.498014178057184065e+00
1.493436448291633800e+00
1.494698647667776603e+00
1.502372675502924970e+00
1.515710822957316628e+00
1.532783284668110868e+00
1.550997968350435574e+00
1.567871897370874068e+00
1.581768720203784229e+00
1.592254782176508954e+00
1.599832513868691075e+00
1.605088138556191035e+00
1.607633064888985164e+00
1.605435629668909181e+00
1.595059602019308853e+00
1.572871630671886400e+00
1.536478470148117781e+00
1.484748700472910299e+00
1.414688552732431548e+00
1.316108462515150013e+00
1.171729442523717246e+00
9.769391572307968286e-01
7.855315803151468046e-01
7.450615969097627023e-01
1.000000000000000000e+00
