1.000000000000000000e+00
1.080358143196603615e+00
1.160912155372362253e+00
1.240624147382373810e+00
1.317404411605568981e+00
1.388476513761560227e+00
1.450863984466943535e+00
1.501900949621306713e+00
1.539657363148541069e+00
1.563195060454630969e+00
1.572623116144000077e+00
1.568976389947227768e+00
1.553978394897804094e+00
1.529760064586016099e+00
1.498594183902490107e+00
1.462682489373643202e+00
1.424009502486049294e+00
1.384260292631186440e+00
1.344790139932533490e+00
1.306631125975672436e+00
1.270521676037166037e+00
1.236947893021028477e+00
1.206188731865788011e+00
1.178359908025817138e+00
1.153453635574312131e+00
1.131372839661796359e+00
1.111959492920785442e+00
1.095017324049244678e+00
1.080329464783706284e+00
1.067671737294642709e+00
1.056822308542190170e+00
1.047568399301390007e+00
1.039710664433982634e+00
1.033065776820946802e+00
1.027467661644221764e+00
1.022767746866640959e+00
1.018834523100819789e+00
1.015552642932131100e+00
1.012821736351877444e+00
1.010555074769584394e+00
1.008678180249671374e+00
1.007127448131530212e+00
1.005848828976767972e+00
1.004796598812522479e+00
1.003932233957569142e+00
1.003223397484934720e+00
1.002643037864040299e+00
1.002168595921953509e+00
1.001781313460370582e+00
1.001465635251238995e+00
1.001208695382372893e+00
1.000999878779407881e+00
1.000830448996270716e+00
1.000693233895075140e+00
1.000582361519797514e+00
1.000493039227928760e+00
1.000421369926647097e+00
1.000364200028325268e+00
1.000318994472151335e+00
1.000283734841375116e+00
1.000256837233802987e+00
1.000237087116319978e+00
1.000223588915684969e+00
1.000215728572755092e+00
1.000213147723249874e+00
1.000215728572755092e+00
1.000223588915684969e+00
1.000237087116319978e+00
1.000256837233802987e+00
1.000283734841375116e+00
1.000318994472151335e+00
1.000364200028325268e+00
1.000421369926647097e+00
1.000493039227928760e+00
1.000582361519797514e+00
1.000693233895075140e+00
1.000830448996270716e+00
1.000999878779407881e+00
1.001208695382372893e+00
1.001465635251238995e+00
1.001781313460370582e+00
1.002168595921953509e+00
1.002643037864040299e+00
1.003223397484934720e+00
1.003932233957569142e+00
1.004796598812522479e+00
1.005848828976767972e+00
1.007127448131530212e+00
1.008678180249671374e+00
1.010555074769584394e+00
1.012821736351877444e+00
1.015552642932131100e+00
1.018834523100819567e+00
1.022767746866640959e+00
1.027467661644221542e+00
1.033065776820946802e+00
1.039710664433982190e+00
1.047568399301390007e+00
1.056822308542190170e+00
1.067671737294642487e+00
1.080329464783706506e+00
1.095017324049244456e+00
1.111959492920785886e+00
1.131372839661796137e+00
1.153453635574312131e+00
1.178359908025816916e+00
1.206188731865788233e+00
1.236947893021028921e+00
1.270521676037166259e+00
1.306631125975672214e+00
1.344790139932534379e+00
1.384260292631187106e+00
1.424009502486049072e+00
1.462682489373642980e+00
1.498594183902488997e+00
1.529760064586017432e+00
1.553978394897804760e+00
1.568976389947226657e+00
1.572623116144000521e+00
1.563195060454631857e+00
1.539657363148541069e+00
1.501900949621306047e+00
1.450863984466943757e+00
1.388476513761561559e+00
1.317404411605570091e+00
1.240624147382373144e+00
1.160912155372362031e+00
1.080358143196603615e+00
1.000000000000000000e+00
