1.000000000000000000e+00
1.036980229837541678e+00
1.073469359237120724e+00
1.108733833029113436e+00
1.141819862003184527e+00
1.171651616404804308e+00
1.197173906552866596e+00
1.217502057362850332e+00
1.232044276834183716e+00
1.240572565775090119e+00
1.243233568335201156e+00
1.240505645221454678e+00
1.233118677778797689e+00
1.221956911148547542e+00
1.207963253216040478e+00
1.192058106001031126e+00
1.175079495005317609e+00
1.157745801524565632e+00
1.140638666613385421e+00
1.124201705500180726e+00
1.108750175392030579e+00
1.094487160785668101e+00
1.081522712181588908e+00
1.069893361676977239e+00
1.059580344560546949e+00
1.050525589371200441e+00
1.042645079383684781e+00
1.035839553675925950e+00
1.030002739321616900e+00
1.025027424172062274e+00
1.020809724665014739e+00
1.017251901300946670e+00
1.014264045418159954e+00
1.011764918416313330e+00
1.009682177704122275e+00
1.007952177969454022e+00
1.006519494994419395e+00
1.005336283592456859e+00
1.004361551685003295e+00
1.003560408781617896e+00
1.002903328561434160e+00
1.002365451116820960e+00
1.001925939934490639e+00
1.001567401128577561e+00
1.001275367164166097e+00
1.001037843776761305e+00
1.000844916559962883e+00
1.000688412406169236e+00
1.000561610367842302e+00
1.000458996349184781e+00
1.000376056182831430e+00
1.000309101977985282e+00
1.000255127063446547e+00
1.000211685333473932e+00
1.000176791298229118e+00
1.000148837618685116e+00
1.000126527353744521e+00
1.000108818556893375e+00
1.000094879228363709e+00
1.000084050956426607e+00
1.000075819870797300e+00
1.000069793785555161e+00
1.000065684632990726e+00
1.000063295487975568e+00
1.000062511659619346e+00
1.000063295487975568e+00
1.000065684632990726e+00
1.000069793785555161e+00
1.000075819870797300e+00
1.000084050956426607e+00
1.000094879228363709e+00
1.000108818556893375e+00
1.000126527353744521e+00
1.000148837618685116e+00
1.000176791298229118e+00
1.000211685333473932e+00
1.000255127063446547e+00
1.000309101977985282e+00
1.000376056182831430e+00
1.000458996349184781e+00
1.000561610367842302e+00
1.000688412406169236e+00
1.000844916559962883e+00
1.001037843776761305e+00
1.001275367164166097e+00
1.001567401128577561e+00
1.001925939934490639e+00
1.002365451116820960e+00
1.002903328561434160e+00
1.003560408781617896e+00
1.004361551685003295e+00
1.005336283592456859e+00
1.006519494994419395e+00
1.007952177969454022e+00
1.009682177704122052e+00
1.011764918416313330e+00
1.014264045418159954e+00
1.017251901300946670e+00
1.020809724665014739e+00
1.025027424172062052e+00
1.030002739321616900e+00
1.035839553675925728e+00
1.042645079383685003e+00
1.050525589371200219e+00
1.059580344560546949e+00
1.069893361676977017e+00
1.081522712181588464e+00
1.094487160785668545e+00
1.108750175392030135e+00
1.124201705500180504e+00
1.140638666613385199e+00
1.157745801524565854e+00
1.175079495005317165e+00
1.192058106001030682e+00
1.207963253216039590e+00
1.221956911148547320e+00
1.233118677778796801e+00
1.240505645221453568e+00
1.243233568335200712e+00
1.240572565775089009e+00
1.232044276834182606e+00
1.217502057362849222e+00
1.197173906552866152e+00
1.171651616404804530e+00
1.141819862003183417e+00
1.108733833029112770e+00
1.073469359237120946e+00
1.036980229837541456e+00
1.000000000000000000e+00
