1.000000000000000000e+00
9.103869638614449089e-01
9.024183391538603827e-01
9.791728669039004851e-01
1.109326205359333573e+00
1.255167234247674291e+00
1.387219139696311165e+00
1.489116286487388363e+00
1.556421872751015734e+00
1.592740339567967123e+00
1.605611228881817620e+00
1.603457648538547220e+00
1.593814434501380273e+00
1.582516679183586517e+00
1.573449064793841501e+00
1.568596091006456028e+00
1.568279164072859944e+00
1.571532262696466065e+00
1.576566570374034582e+00
1.581253325045221869e+00
1.583548549069955458e+00
1.581802404398247042e+00
1.574929693798387431e+00
1.562451174144309007e+00
1.544437226737709334e+00
1.521393194024251994e+00
1.494122309730763210e+00
1.463592810636848318e+00
1.430825159817152858e+00
1.396806215824160535e+00
1.362430794113034915e+00
1.328467357088592982e+00
1.295542948479610157e+00
1.264142242124969062e+00
1.234616092043028024e+00
1.207195813489617686e+00
1.182010325128036943e+00
1.159104099379332897e+00
1.138454543881190384e+00
1.119987962178923713e+00
1.103593630475984799e+00
1.089135802674905174e+00
1.076463642323541414e+00
1.065419199173646359e+00
1.055843617810403812e+00
1.047581800380572803e+00
1.040485755683200786e+00
1.034416860944031846e+00
1.029247246509481517e+00
1.024860491868419876e+00
1.021151796985936722e+00
1.018027768100416397e+00
1.015405933352987233e+00
1.013214081795240862e+00
1.011389499958728511e+00
1.009878163472067936e+00
1.008633927176694201e+00
1.007617745679594945e+00
1.006796947067040149e+00
1.006144575318419054e+00
1.005638811520472631e+00
1.005262480009259995e+00
1.005002642796901435e+00
1.004850283830597935e+00
1.004800083567062519e+00
1.004850283832040114e+00
1.005002642799860846e+00
1.005262480013887405e+00
1.005638811527001852e+00
1.006144575327182489e+00
1.006796947078480553e+00
1.007617745694287859e+00
1.008633927195373925e+00
1.009878163495667724e+00
1.011389499988417207e+00
1.013214081832485514e+00
1.015405933399619931e+00
1.018027768158721313e+00
1.021151797058757360e+00
1.024860491959297848e+00
1.029247246622823742e+00
1.034416861085321049e+00
1.040485755859261952e+00
1.047581800599902468e+00
1.055843618083586621e+00
1.065419199513880200e+00
1.076463642747296223e+00
1.089135803202761155e+00
1.103593631133695352e+00
1.119987962998761022e+00
1.138454544903673815e+00
1.159104100655427905e+00
1.182010326721977034e+00
1.207195815482517309e+00
1.234616094537519526e+00
1.264142245251139496e+00
1.295542952402573222e+00
1.328467362018141307e+00
1.362430800315782564e+00
1.396806223638772826e+00
1.430825169673089592e+00
1.463592823077034311e+00
1.494122325438328680e+00
1.521393213852907156e+00
1.544437251744559703e+00
1.562451205622607198e+00
1.574929733306071222e+00
1.581802453776078643e+00
1.583548610440978166e+00
1.581253400785507912e+00
1.576566663043832195e+00
1.571532374921467134e+00
1.568279298367716956e+00
1.568596249536984066e+00
1.573449249080779211e+00
1.582516889759863155e+00
1.593814670547665013e+00
1.603457907539242555e+00
1.605611506363824770e+00
1.592740629001375696e+00
1.556422165692707527e+00
1.489116573021141976e+00
1.387219409158076955e+00
1.255167476131144211e+00
1.109326410212528202e+00
9.791730270077239062e-01
9.024184488530645476e-01
9.103870195655181519e-01
1.000000000000000000e+00
