1.000000000000000000e+00
7.679072165281108919e-01
7.912326083152586564e-01
9.661381988436872348e-01
1.161150365874664914e+00
1.313769636926379603e+00
1.417563637232182483e+00
1.486829038454558383e+00
1.534783784455470590e+00
1.568272076583008268e+00
1.590273067481107194e+00
1.602856763824012987e+00
1.608107208283014566e+00
1.607699223857645521e+00
1.602466101218096295e+00
1.592611916535801253e+00
1.578412846835777650e+00
1.560887954377135456e+00
1.542020841986186275e+00
1.524436812768328320e+00
1.510730804478209288e+00
1.502763825227068306e+00
1.501197073523828474e+00
1.505388445887729132e+00
1.513624022357684673e+00
1.523557431829621223e+00
1.532701710260701455e+00
1.538847256728985924e+00
1.540336199967435871e+00
1.536179871165193278e+00
1.526045336870849312e+00
1.510154814657020950e+00
1.489142468788261287e+00
1.463903894746714895e+00
1.435461175784549459e+00
1.404855006473644252e+00
1.373066935995737037e+00
1.340969553251146307e+00
1.309299845193807377e+00
1.278650187810099093e+00
1.249471726116501147e+00
1.222085708424895723e+00
1.196699303628853350e+00
1.173423349757433787e+00
1.152290266739103508e+00
1.133270990107352327e+00
1.116290253078000561e+00
1.101239884427035243e+00
1.087990024992680826e+00
1.076398320869361269e+00
1.066317247164982662e+00
1.057599769127437250e+00
1.050103570316492263e+00
1.043694079974614386e+00
1.038246521021547242e+00
1.033647181421926797e+00
1.029794088837258759e+00
1.026597244130920128e+00
1.023978545248711125e+00
1.021871510397928118e+00
1.020220888956900662e+00
1.018982230461629168e+00
1.018121466369011019e+00
1.017614545930016323e+00
1.017447156133833852e+00
1.017614545929890424e+00
1.018121466368754113e+00
1.018982230461233485e+00
1.020220888956355099e+00
1.021871510397216021e+00
1.023978545247811400e+00
1.026597244129809905e+00
1.029794088835910282e+00
1.033647181420318084e+00
1.038246521019639879e+00
1.043694079972382394e+00
1.050103570313911661e+00
1.057599769124480282e+00
1.066317247161630899e+00
1.076398320865595171e+00
1.087990024988493065e+00
1.101239884422419379e+00
1.116290253072948824e+00
1.133270990101833409e+00
1.152290266733058566e+00
1.173423349750721822e+00
1.196699303621203248e+00
1.222085708415814542e+00
1.249471726105138458e+00
1.278650187795050464e+00
1.309299845172814170e+00
1.340969553220727084e+00
1.373066935950623568e+00
1.404855006406058981e+00
1.435461175683263813e+00
1.463903894595877109e+00
1.489142468565968658e+00
1.510154814333721340e+00
1.526045336407647612e+00
1.536179870512274226e+00
1.540336199062900535e+00
1.538847255498327238e+00
1.532701708617255187e+00
1.523557429675865160e+00
1.513624019586919722e+00
1.505388442384960390e+00
1.501197069164204700e+00
1.502763819870350126e+00
1.510730797959007665e+00
1.524436804884448105e+00
1.542020832490643700e+00
1.560887942981558751e+00
1.578412833231720436e+00
1.592611900434810490e+00
1.602466082403061431e+00
1.607699202232190094e+00
1.608107183907999893e+00
1.602856736940420079e+00
1.590273038527472593e+00
1.568272046211985238e+00
1.534783753539057161e+00
1.486829008058011770e+00
1.417563608546441145e+00
1.313769611165003459e+00
1.161150344145330138e+00
9.661381820126001552e-01
7.912325969194519137e-01
7.679072108015644327e-01
1.000000000000000000e+00
