1.000000000000000000e+00
1.039894882739909487e+00
1.079267786417392960e+00
1.117328387481361540e+00
1.153043014099071728e+00
1.185242736664971153e+00
1.212780201571103333e+00
1.234694214174202109e+00
1.250343797075184060e+00
1.259485337621534251e+00
1.262283514461045142e+00
1.259263223340866267e+00
1.251220987994446920e+00
1.239118385452110616e+00
1.223977724258578981e+00
1.206794158676304907e+00
1.188471392131825954e+00
1.169782130288751887e+00
1.151350415721214437e+00
1.133650957422153160e+00
1.117020114277192278e+00
1.101673715872549142e+00
1.087727891396662594e+00
1.075220166529547328e+00
1.064129071373647539e+00
1.054391289086364036e+00
1.045915948615885105e+00
1.038596048673730010e+00
1.032317232115036676e+00
1.026964250298734393e+00
1.022425500908670459e+00
1.018596018033013584e+00
1.015379260651401827e+00
1.012687999433096175e+00
1.010444551327859264e+00
1.008580562589646901e+00
1.007036496779611712e+00
1.005760946379983922e+00
1.004709855240461414e+00
1.003845713847538068e+00
1.003136769685073704e+00
1.002556279931029248e+00
1.002081822584562465e+00
1.001694674069917967e+00
1.001379255740869390e+00
1.001122647938607946e+00
1.000914167867374749e+00
1.000745006170715490e+00
1.000607916424477883e+00
1.000496951586995031e+00
1.000407241595066221e+00
1.000334806643493168e+00
1.000276401148646910e+00
1.000229383911137360e+00
1.000191610518217589e+00
1.000161344536221408e+00
1.000137184521318501e+00
1.000118004314521247e+00
1.000102904481118493e+00
1.000091173105472242e+00
1.000082254462111964e+00
1.000075724356859208e+00
1.000071271172086274e+00
1.000068681862999798e+00
1.000067832342223628e+00
1.000068681862999798e+00
1.000071271172086274e+00
1.000075724356859208e+00
1.000082254462111964e+00
1.000091173105472242e+00
1.000102904481118493e+00
1.000118004314521247e+00
1.000137184521318501e+00
1.000161344536221408e+00
1.000191610518217589e+00
1.000229383911137360e+00
1.000276401148646910e+00
1.000334806643493168e+00
1.000407241595066221e+00
1.000496951586995031e+00
1.000607916424477883e+00
1.000745006170715490e+00
1.000914167867374749e+00
1.001122647938607946e+00
1.001379255740869390e+00
1.001694674069917967e+00
1.002081822584562465e+00
1.002556279931029248e+00
1.003136769685073704e+00
1.003845713847538068e+00
1.004709855240461414e+00
1.005760946379983922e+00
1.007036496779611712e+00
1.008580562589646901e+00
1.010444551327859042e+00
1.012687999433096175e+00
1.015379260651401827e+00
1.018596018033013584e+00
1.022425500908670459e+00
1.026964250298734171e+00
1.032317232115036676e+00
1.038596048673729788e+00
1.045915948615885327e+00
1.054391289086363814e+00
1.064129071373647539e+00
1.075220166529547106e+00
1.087727891396662372e+00
1.101673715872549586e+00
1.117020114277191833e+00
1.133650957422152938e+00
1.151350415721214437e+00
1.169782130288752109e+00
1.188471392131825288e+00
1.206794158676304018e+00
1.223977724258578093e+00
1.239118385452110394e+00
1.251220987994446032e+00
1.259263223340865157e+00
1.262283514461044698e+00
1.259485337621533141e+00
1.250343797075182950e+00
1.234694214174200999e+00
1.212780201571102889e+00
1.185242736664971375e+00
1.153043014099070618e+00
1.117328387481360874e+00
1.079267786417393182e+00
1.039894882739909265e+00
1.000000000000000000e+00
