1.000000000000000000e+00
9.039809549687403134e-01
8.945328193082116019e-01
9.735815865414207959e-01
1.107097996381813720e+00
1.255404897684114340e+00
1.388408307547613241e+00
1.490120432863121236e+00
1.556813816738852108e+00
1.592614586284865075e+00
1.605204003715444028e+00
1.602852475176664404e+00
1.592853646929338840e+00
1.580893721977453259e+00
1.570882823997957312e+00
1.564986664019526685e+00
1.563784179185506495e+00
1.566551392376915208e+00
1.571657774008902608e+00
1.577019774695293863e+00
1.580532622980982183e+00
1.580410220496340168e+00
1.575394474742658257e+00
1.564831825817089683e+00
1.548642034210140572e+00
1.527217023201406398e+00
1.501287408595165296e+00
1.471786382241571323e+00
1.439729992936844338e+00
1.406123114832043219e+00
1.371893155983967105e+00
1.337849096966826634e+00
1.304661282806612199e+00
1.272856809368741571e+00
1.242825690295774610e+00
1.214833771796623108e+00
1.189039265260393163e+00
1.165510617894746748e+00
1.144244161355993050e+00
1.125180546949533289e+00
1.108219402530413067e+00
1.093231952333745927e+00
1.080071551095474369e+00
1.068582220663838234e+00
1.058605359945683944e+00
1.049984842711024546e+00
1.042570734251209830e+00
1.036221856030646427e+00
1.030807413891858815e+00
1.026207884903983292e+00
1.022315334064503034e+00
1.019033307214887163e+00
1.016276422365035126e+00
1.013969759192552056e+00
1.012048126399662795e+00
1.010455269153954783e+00
1.009143064060363582e+00
1.008070736904649545e+00
1.007204128569393564e+00
1.006515026792789591e+00
1.005980575536550292e+00
1.005582769368165597e+00
1.005308037174160951e+00
1.005146917453661803e+00
1.005093826169368265e+00
1.005146917450708166e+00
1.005308037168105573e+00
1.005582769358702500e+00
1.005980575523200304e+00
1.006515026774883914e+00
1.007204128546036248e+00
1.008070736874677076e+00
1.009143064022288039e+00
1.010455269105900777e+00
1.012048126339270882e+00
1.013969759116874592e+00
1.016276422270400159e+00
1.019033307096722574e+00
1.022315333917127811e+00
1.026207884720344410e+00
1.030807413663202832e+00
1.036221855746112919e+00
1.042570733897327129e+00
1.049984842271075358e+00
1.058605359398921308e+00
1.068582219984500981e+00
1.080071550251550105e+00
1.093231951285425163e+00
1.108219401228135892e+00
1.125180545331519566e+00
1.144244159345124023e+00
1.165510615394602434e+00
1.189039262150213716e+00
1.214833767924896835e+00
1.242825685472070729e+00
1.272856803353318078e+00
1.304661275297192669e+00
1.337849087581890029e+00
1.371893144241664642e+00
1.406123100123938707e+00
1.439729974495498999e+00
1.471786359101240338e+00
1.501287379545250378e+00
1.527216986733020976e+00
1.548641988457557739e+00
1.564831768497828568e+00
1.575394403102885477e+00
1.580410131271897001e+00
1.580532512388460376e+00
1.577019638471473417e+00
1.571657607519412192e+00
1.566551190815105077e+00
1.563783937879045682e+00
1.564986378854620108e+00
1.570882491959097349e+00
1.580893341783787154e+00
1.592853219725603786e+00
1.602852005205227082e+00
1.605203498856256017e+00
1.592614058310499292e+00
1.556813281114373337e+00
1.490119907960099077e+00
1.388407813268200064e+00
1.255404453692314348e+00
1.107097620331674470e+00
9.735812927447040632e-01
8.945326181199212412e-01
9.039808528582612412e-01
1.000000000000000000e+00
