1.000000000000000000e+00
9.869700904608366132e-01
1.003299746865199182e+00
1.055223748201921996e+00
1.135561801137027205e+00
1.231190576539772596e+00
1.328485936647118226e+00
1.416794071869332150e+00
1.489961274022892912e+00
1.546193350186012561e+00
1.586827264348058097e+00
1.614733036481475592e+00
1.632940694209785049e+00
1.643802751245089011e+00
1.648716737047169811e+00
1.648252027819651744e+00
1.642471357848287461e+00
1.631272510495986428e+00
1.614647276865420311e+00
1.592823019388204031e+00
1.566298084751283737e+00
1.535803538812607005e+00
1.502226620742474372e+00
1.466524350027035517e+00
1.429645629107669347e+00
1.392470972599445300e+00
1.355772297834325846e+00
1.320191177066033728e+00
1.286232035963649656e+00
1.254266277447764422e+00
1.224543600008723310e+00
1.197207427775774491e+00
1.172312106616399285e+00
1.149840204017685608e+00
1.129718820276638169e+00
1.111834261501523535e+00
1.096044751293070885e+00
1.082191086991951545e+00
1.070105298796208748e+00
1.059617464633584749e+00
1.050560886005912797e+00
1.042775852442844320e+00
1.036112224187065722e+00
1.030431051413979837e+00
1.025605428938991981e+00
1.021520761811298250e+00
1.018074592145422841e+00
1.015176112852595347e+00
1.012745470804145453e+00
1.010712941098136808e+00
1.009018035857190965e+00
1.007608595451713773e+00
1.006439897135145589e+00
1.005473805600784587e+00
1.004677981665826225e+00
1.004025158871784562e+00
1.003492492974719541e+00
1.003060985810841688e+00
1.002714982615654726e+00
1.002441740329913955e+00
1.002231063557174062e+00
1.002075004490010190e+00
1.001967623168091182e+00
1.001904804768302792e+00
1.001884131174590076e+00
1.001904804768302792e+00
1.001967623168091182e+00
1.002075004490010190e+00
1.002231063557174062e+00
1.002441740329913955e+00
1.002714982615654726e+00
1.003060985810841688e+00
1.003492492974719541e+00
1.004025158871784562e+00
1.004677981665826225e+00
1.005473805600784587e+00
1.006439897135145589e+00
1.007608595451713773e+00
1.009018035857190965e+00
1.010712941098136808e+00
1.012745470804145453e+00
1.015176112852595347e+00
1.018074592145423063e+00
1.021520761811297584e+00
1.025605428938991981e+00
1.030431051413979837e+00
1.036112224187065722e+00
1.042775852442844320e+00
1.050560886005913019e+00
1.059617464633584749e+00
1.070105298796208526e+00
1.082191086991951545e+00
1.096044751293071329e+00
1.111834261501523091e+00
1.129718820276637725e+00
1.149840204017685386e+00
1.172312106616397509e+00
1.197207427775774713e+00
1.224543600008723310e+00
1.254266277447764422e+00
1.286232035963650988e+00
1.320191177066032839e+00
1.355772297834326956e+00
1.392470972599445078e+00
1.429645629107670013e+00
1.466524350027035739e+00
1.502226620742473928e+00
1.535803538812608338e+00
1.566298084751285069e+00
1.592823019388204475e+00
1.614647276865421643e+00
1.631272510495986650e+00
1.642471357848287461e+00
1.648252027819651300e+00
1.648716737047169589e+00
1.643802751245091676e+00
1.632940694209787047e+00
1.614733036481476036e+00
1.586827264348059208e+00
1.546193350186012117e+00
1.489961274022894910e+00
1.416794071869332594e+00
1.328485936647119336e+00
1.231190576539774373e+00
1.135561801137028759e+00
1.055223748201921774e+00
1.003299746865198516e+00
9.869700904608351699e-01
1.000000000000000000e+00
