1.000000000000000000e+00
9.247295433328450720e-01
9.202006035056270461e-01
9.914727627341477501e-01
1.112931681579315324e+00
1.251448108794956049e+00
1.379467865757102230e+00
1.480367684929418060e+00
1.548505895716189684e+00
1.586395943239852668e+00
1.601068165670886501e+00
1.600939281925780389e+00
1.593704190900660400e+00
1.585217559970126810e+00
1.579115106671705071e+00
1.576918790108120749e+00
1.578431680628316514e+00
1.582278877791515770e+00
1.586479075640764513e+00
1.588953805944730568e+00
1.587911055738569166e+00
1.582076387746638835e+00
1.570779046854739125e+00
1.553924279793657881e+00
1.531892985915795258e+00
1.505407943758194200e+00
1.475397013565152848e+00
1.442872684531645744e+00
1.408837396861649882e+00
1.374216743052342427e+00
1.339818144976399950e+00
1.306310413675217497e+00
1.274219006870807691e+00
1.243932142539189378e+00
1.215713710975100836e+00
1.189719835263776115e+00
1.166016785414675461e+00
1.144598675727253489e+00
1.125403947224992818e+00
1.108330066284666682e+00
1.093246178635539190e+00
1.080003669354991036e+00
1.068444717178782311e+00
1.058409014600197651e+00
1.049738869184127177e+00
1.042282918099022071e+00
1.035898686006491598e+00
1.030454202785065165e+00
1.025828876965555470e+00
1.021913796719964296e+00
1.018611605230414163e+00
1.015836072931229461e+00
1.013511466527183158e+00
1.011571794455351947e+00
1.009959990861176493e+00
1.008627085251655231e+00
1.007531392664563263e+00
1.006637749247172753e+00
1.005916810312265097e+00
1.005344421951394285e+00
1.004901072854090138e+00
1.004571429839452357e+00
1.004343958509114731e+00
1.004210629158810208e+00
1.004166707448487461e+00
1.004210629159008272e+00
1.004343958509521073e+00
1.004571429840088070e+00
1.004901072854986310e+00
1.005344421952596878e+00
1.005916810313834731e+00
1.006637749249187364e+00
1.007531392667122105e+00
1.008627085254886646e+00
1.009959990865238355e+00
1.011571794460442097e+00
1.013511466533551397e+00
1.015836072939183543e+00
1.018611605240337559e+00
1.021913796732333513e+00
1.025828876980962034e+00
1.030454202804242492e+00
1.035898686030351179e+00
1.042282918128692781e+00
1.049738869221012116e+00
1.058409014646038093e+00
1.068444717235741193e+00
1.080003669425757762e+00
1.093246178723459749e+00
1.108330066393910407e+00
1.125403947360761991e+00
1.144598675896045137e+00
1.166016785624620855e+00
1.189719835525064218e+00
1.215713711300526079e+00
1.243932142944840891e+00
1.274219007376944157e+00
1.306310414307387369e+00
1.339818145766819679e+00
1.374216744041658167e+00
1.408837398101082439e+00
1.442872686085597600e+00
1.475397015514323895e+00
1.505407946203141112e+00
1.531892988980871451e+00
1.553924283631056280e+00
1.570779051648218960e+00
1.582076393714234142e+00
1.587911063133297551e+00
1.588953815052044805e+00
1.586479086771284797e+00
1.582278891267551391e+00
1.578431696762964354e+00
1.576918809176277358e+00
1.579115128873279650e+00
1.585217585386990313e+00
1.593704219450484239e+00
1.600939313318001211e+00
1.601068199372411405e+00
1.586395978460350298e+00
1.548505931423610260e+00
1.480367719903384005e+00
1.379467898679679561e+00
1.251448138365530482e+00
1.112931706628787376e+00
9.914727823109411586e-01
9.202006169166357941e-01
9.247295501414478647e-01
1.000000000000000000e+00
