1.000000000000000000e+00
1.047466154739307598e+00
1.094341077910568893e+00
1.139690587920282772e+00
1.182271000218530155e+00
1.220664914711155902e+00
1.253477350707612459e+00
1.279541076502730856e+00
1.298082911590740185e+00
1.308817842219485827e+00
1.311959763218355723e+00
1.308158860689182301e+00
1.298389795152238735e+00
1.283819456761751798e+00
1.265679523640834248e+00
1.245160912172375456e+00
1.223338157103503576e+00
1.201124327484776044e+00
1.179252315728843037e+00
1.158276141228990141e+00
1.138585621227474309e+00
1.120428596592190074e+00
1.103936212696903896e+00
1.089148118127169385e+00
1.076035628133378719e+00
1.064521819468862596e+00
1.054498176611952998e+00
1.045837835051331099e+00
1.038405716971124937e+00
1.032065978191631039e+00
1.026687224364326800e+00
1.022145941241301648e+00
1.018328541421938960e+00
1.015132374048131503e+00
1.012465984586652601e+00
1.010248855159143977e+00
1.008410805105922847e+00
1.006891187994222614e+00
1.005637985335879891e+00
1.004606868416821897e+00
1.003760277063681539e+00
1.003066546946785431e+00
1.002499104202705382e+00
1.002035736881141892e+00
1.001657946213060812e+00
1.001350376310578882e+00
1.001100318111617371e+00
1.000897281747121781e+00
1.000732630702027670e+00
1.000599270907068572e+00
1.000491388044592256e+00
1.000404226735981839e+00
1.000333905799386747e+00
1.000277264352355644e+00
1.000231734136416417e+00
1.000195234027826841e+00
1.000166083251590621e+00
1.000142930323811630e+00
1.000124695206371594e+00
1.000110522567382088e+00
1.000099744403628366e+00
1.000091850601152688e+00
1.000086466292753551e+00
1.000083335121769057e+00
1.000082307746199994e+00
1.000083335121769057e+00
1.000086466292753551e+00
1.000091850601152688e+00
1.000099744403628366e+00
1.000110522567382088e+00
1.000124695206371594e+00
1.000142930323811630e+00
1.000166083251590621e+00
1.000195234027826841e+00
1.000231734136416417e+00
1.000277264352355644e+00
1.000333905799386747e+00
1.000404226735981839e+00
1.000491388044592256e+00
1.000599270907068572e+00
1.000732630702027670e+00
1.000897281747121781e+00
1.001100318111617371e+00
1.001350376310578882e+00
1.001657946213060812e+00
1.002035736881141892e+00
1.002499104202705382e+00
1.003066546946785431e+00
1.003760277063681539e+00
1.004606868416821897e+00
1.005637985335879891e+00
1.006891187994222614e+00
1.008410805105922847e+00
1.010248855159143977e+00
1.012465984586652379e+00
1.015132374048131503e+00
1.018328541421938960e+00
1.022145941241301648e+00
1.026687224364326800e+00
1.032065978191631039e+00
1.038405716971125159e+00
1.045837835051330877e+00
1.054498176611953220e+00
1.064521819468862374e+00
1.076035628133378719e+00
1.089148118127169163e+00
1.103936212696903896e+00
1.120428596592190518e+00
1.138585621227473865e+00
1.158276141228989919e+00
1.179252315728842815e+00
1.201124327484776044e+00
1.223338157103502910e+00
1.245160912172374790e+00
1.265679523640833581e+00
1.283819456761751576e+00
1.298389795152237847e+00
1.308158860689181191e+00
1.311959763218355279e+00
1.308817842219484939e+00
1.298082911590738853e+00
1.279541076502729968e+00
1.253477350707611793e+00
1.220664914711156346e+00
1.182271000218529489e+00
1.139690587920282105e+00
1.094341077910569116e+00
1.047466154739307376e+00
1.000000000000000000e+00
