1.000000000000000000e+00
7.663784945557141626e-01
7.906771237317130607e-01
9.666823702729182566e-01
1.161790689904943052e+00
1.313911600902420318e+00
1.417311534163430364e+00
1.486553133532901416e+00
1.534710594952134466e+00
1.568378339743826011e+00
1.590396236131695895e+00
1.602849924414364580e+00
1.607933789383180656e+00
1.607442827466560864e+00
1.602276262345315727e+00
1.592624195374577001e+00
1.578682114709104800e+00
1.561361143005491003e+00
1.542555101701697629e+00
1.524850011168219055e+00
1.510861355854742349e+00
1.502518042869074977e+00
1.500571223922674724e+00
1.504463868234407142e+00
1.512542351835041154e+00
1.522486873405001218e+00
1.531804663976794600e+00
1.538256142194683429e+00
1.540140149002607872e+00
1.536421582729194713e+00
1.526725468467320379e+00
1.511240740729120624e+00
1.490578616693219116e+00
1.465621668674917721e+00
1.437387322770176779e+00
1.406917963515573078e+00
1.375201159490754721e+00
1.343118089931143455e+00
1.311415509724978667e+00
1.280695721686371247e+00
1.251419270360168978e+00
1.223915859680148044e+00
1.198399957870949217e+00
1.174988479388021645e+00
1.153718728901136359e+00
1.134565427011305472e+00
1.117456117815830208e+00
1.102284606438969305e+00
1.088922316293107651e+00
1.077227615786251258e+00
1.067053263436229527e+00
1.058252175734503586e+00
1.050681746663764349e+00
1.044206951375471704e+00
1.038702456511618077e+00
1.034053941382822028e+00
1.030158811563641530e+00
1.026926462159239550e+00
1.024278223886080808e+00
1.022147102380120964e+00
1.020477400487948882e+00
1.019224295025900506e+00
1.018353423654547063e+00
1.017840523962078025e+00
1.017671155296801633e+00
1.017840523961943910e+00
1.018353423654272616e+00
1.019224295025477511e+00
1.020477400487364905e+00
1.022147102379358019e+00
1.024278223885115802e+00
1.026926462158045616e+00
1.030158811562188026e+00
1.034053941381082087e+00
1.038702456509548178e+00
1.044206951373038983e+00
1.050681746660936389e+00
1.058252175731242639e+00
1.067053263432504506e+00
1.077227615782027748e+00
1.088922316288359893e+00
1.102284606433668879e+00
1.117456117809940919e+00
1.134565427004762928e+00
1.153718728893839085e+00
1.174988479379776907e+00
1.198399957861421061e+00
1.223915859668762707e+00
1.251419270345973667e+00
1.280695721667834075e+00
1.311415509699677351e+00
1.343118089895390721e+00
1.375201159439018994e+00
1.406917963439742403e+00
1.437387322658596034e+00
1.465621668511194464e+00
1.490578616454766081e+00
1.511240740385525472e+00
1.526725467978612194e+00
1.536421582044219525e+00
1.540140148057810077e+00
1.538256140913507597e+00
1.531804662270038531e+00
1.522486871171976341e+00
1.512542348965062455e+00
1.504463864607432866e+00
1.500571219407477175e+00
1.502518037317477573e+00
1.510861349091777495e+00
1.524850002980672858e+00
1.542555091830706271e+00
1.561361131150896808e+00
1.578682100551951129e+00
1.592624178618323061e+00
1.602276242768064796e+00
1.607442804971071393e+00
1.607933764034039870e+00
1.602849896461985724e+00
1.590396206031376325e+00
1.568378308173772107e+00
1.534710562818839108e+00
1.486553101943029365e+00
1.417311504352324558e+00
1.313911574126798376e+00
1.161790667311460190e+00
9.666823527612269373e-01
7.906771118658787456e-01
7.663784885890627674e-01
1.000000000000000000e+00
