1.000000000000000000e+00
1.050314059280911483e+00
1.100016097692054551e+00
1.148119768797996487e+00
1.193301602032130981e+00
1.234048050826838994e+00
1.268867463865678280e+00
1.296511803574914357e+00
1.316155885919307877e+00
1.327498248336955511e+00
1.330771731226763510e+00
1.326674974149669284e+00
1.316251329805974368e+00
1.300746501294274715e+00
1.281472115048619020e+00
1.259693426098365432e+00
1.236549481877902812e+00
1.213006076614106421e+00
1.189836788256473765e+00
1.167625147491714310e+00
1.146780782640430374e+00
1.127563351478583886e+00
1.110109514503693440e+00
1.094459672669910288e+00
1.080582452117890835e+00
1.068395886238755477e+00
1.057784926323535046e+00
1.048615351357509606e+00
1.040744402168169325e+00
1.034028588739113186e+00
1.028329156226047258e+00
1.023515678552340713e+00
1.019468202309574467e+00
1.016078304184302450e+00
1.013249362580485702e+00
1.010896284631655817e+00
1.008944876651792777e+00
1.007331000627327278e+00
1.005999621795941490e+00
1.004903822198981445e+00
1.004003831491379950e+00
1.003266108268709100e+00
1.002662491745572426e+00
1.002169433885746752e+00
1.001767315244864509e+00
1.001439843165654819e+00
1.001173528009532854e+00
1.000957231371707001e+00
1.000781779361708201e+00
1.000639633769479619e+00
1.000524614077381802e+00
1.000431663671823124e+00
1.000356654147698920e+00
1.000296222208646446e+00
1.000247634295216681e+00
1.000208674687687482e+00
1.000177553409964837e+00
1.000152830794571734e+00
1.000133356051283728e+00
1.000118217613138460e+00
1.000106703415895470e+00
1.000098269604594137e+00
1.000092516459343051e+00
1.000089170597346921e+00
1.000088072745869860e+00
1.000089170597346921e+00
1.000092516459343051e+00
1.000098269604594137e+00
1.000106703415895470e+00
1.000118217613138460e+00
1.000133356051283728e+00
1.000152830794571734e+00
1.000177553409964837e+00
1.000208674687687482e+00
1.000247634295216681e+00
1.000296222208646446e+00
1.000356654147698920e+00
1.000431663671823124e+00
1.000524614077381802e+00
1.000639633769479619e+00
1.000781779361708201e+00
1.000957231371707001e+00
1.001173528009532854e+00
1.001439843165654819e+00
1.001767315244864509e+00
1.002169433885746752e+00
1.002662491745572426e+00
1.003266108268709100e+00
1.004003831491379950e+00
1.004903822198981445e+00
1.005999621795941490e+00
1.007331000627327278e+00
1.008944876651792777e+00
1.010896284631655817e+00
1.013249362580485480e+00
1.016078304184302450e+00
1.019468202309574467e+00
1.023515678552340713e+00
1.028329156226047258e+00
1.034028588739113186e+00
1.040744402168169547e+00
1.048615351357509384e+00
1.057784926323535268e+00
1.068395886238755255e+00
1.080582452117890835e+00
1.094459672669910066e+00
1.110109514503693440e+00
1.127563351478584330e+00
1.146780782640429930e+00
1.167625147491713866e+00
1.189836788256473543e+00
1.213006076614106421e+00
1.236549481877902146e+00
1.259693426098364766e+00
1.281472115048618354e+00
1.300746501294274493e+00
1.316251329805973258e+00
1.326674974149668174e+00
1.330771731226763066e+00
1.327498248336955067e+00
1.316155885919306767e+00
1.296511803574913246e+00
1.268867463865677392e+00
1.234048050826839438e+00
1.193301602032130315e+00
1.148119768797995821e+00
1.100016097692054995e+00
1.050314059280911261e+00
1.000000000000000000e+00
