1.000000000000000000e+00
7.369988714859608825e-01
7.834408634763299073e-01
9.793708232472932984e-01
1.172744462461678738e+00
1.313812740227591425e+00
1.410803940741105933e+00
1.481356378894120196e+00
1.534350124952056582e+00
1.571657122438659737e+00
1.594030122847616360e+00
1.603981043083660740e+00
1.605465156970658391e+00
1.602314939851502196e+00
1.596942234100507507e+00
1.589959129216397926e+00
1.580717070664618307e+00
1.568353415310566490e+00
1.552777688797793099e+00
1.535149261254058262e+00
1.517702694171162880e+00
1.503086709302041024e+00
1.493551182623999551e+00
1.490305832940848951e+00
1.493240041702038834e+00
1.501025704429100882e+00
1.511497393822965218e+00
1.522149354914171360e+00
1.530601562752319289e+00
1.534939617346766649e+00
1.533894440748337251e+00
1.526875707124810688e+00
1.513899132671604253e+00
1.495454115967866482e+00
1.472351712200387741e+00
1.445580891378927868e+00
1.416188762824863057e+00
1.385190694784028009e+00
1.353509795209205668e+00
1.321941695159659647e+00
1.291139200769383821e+00
1.261611346186944926e+00
1.233732048740124432e+00
1.207754506832543706e+00
1.183828436712818011e+00
1.162018089643135577e+00
1.142319679510414465e+00
1.124677380254176073e+00
1.108997441169838005e+00
1.095160241806589552e+00
1.083030292359219882e+00
1.072464302486363597e+00
1.063317509580825826e+00
1.055448490903825975e+00
1.048722693508100434e+00
1.043014909607949958e+00
1.038210908959168677e+00
1.034208418193220069e+00
1.030917612951961937e+00
1.028261264174394674e+00
1.026174656345225644e+00
1.024605373721020785e+00
1.023513030880922825e+00
1.022869006472900244e+00
1.022656223587540492e+00
1.022869006472663989e+00
1.023513030880439212e+00
1.024605373720274049e+00
1.026174656344189806e+00
1.028261264173033762e+00
1.030917612950226214e+00
1.034208418191055578e+00
1.038210908956504364e+00
1.043014909604711216e+00
1.048722693504190451e+00
1.055448490899144831e+00
1.063317509575263387e+00
1.072464302479788856e+00
1.083030292351492729e+00
1.095160241797545675e+00
1.108997441159304653e+00
1.124677380241947411e+00
1.142319679496252016e+00
1.162018089626742690e+00
1.183828436693822317e+00
1.207754506810438722e+00
1.233732048714219154e+00
1.261611346156266356e+00
1.291139200732523751e+00
1.321941695114581705e+00
1.353509795152940454e+00
1.385190694712298276e+00
1.416188762731546147e+00
1.445580891255356937e+00
1.472351712034459137e+00
1.495454115742950174e+00
1.513899132365268629e+00
1.526875706707393698e+00
1.533894440181494900e+00
1.534939616582115418e+00
1.530601561730413618e+00
1.522149353563875485e+00
1.511497392061323275e+00
1.501025702161329134e+00
1.493240038821066484e+00
1.490305829325363485e+00
1.493551178134050472e+00
1.503086703771929988e+00
1.517702687400902750e+00
1.535149253002864311e+00
1.552777678784829751e+00
1.568353403228045506e+00
1.580717056205143356e+00
1.589959112110958861e+00
1.596942214158797002e+00
1.602314916996668392e+00
1.605465131267396206e+00
1.603981014766542312e+00
1.594030092356168327e+00
1.571657090451957117e+00
1.534350092398695464e+00
1.481356346912140465e+00
1.410803910585848309e+00
1.313812713152053835e+00
1.172744439594799237e+00
9.793708054830400078e-01
7.834408514022890291e-01
7.369988653984194116e-01
1.000000000000000000e+00
