1.000000000000000000e+00
7.568336580579779760e-01
7.876178109052494047e-01
9.703823633885261257e-01
1.165662165077432588e+00
1.314442090870345359e+00
1.415480394122169194e+00
1.484804604017228247e+00
1.534402319613916710e+00
1.569263998666349691e+00
1.591391658814355958e+00
1.602984575082630592e+00
1.606915451512707094e+00
1.605735983673521883e+00
1.600809054089642913e+00
1.592317148007278194e+00
1.580013614328821259e+00
1.564143042543473472e+00
1.545987156313364252e+00
1.527800659758750568e+00
1.512242701762473773e+00
1.501612111652921966e+00
1.497210695943645753e+00
1.499040078150805755e+00
1.505873745290704946e+00
1.515613604465227304e+00
1.525777321892288541e+00
1.533967993133401153e+00
1.538226007635131509e+00
1.537223328417130386e+00
1.530309767749642003e+00
1.517449185032220704e+00
1.499091748742575447e+00
1.476023015746735556e+00
1.449218960464498718e+00
1.419723760788646594e+00
1.388557117958251208e+00
1.356651108332106226e+00
1.324812776092998856e+00
1.293707117142407492e+00
1.263854962769339396e+00
1.235640888418590100e+00
1.209327195922291320e+00
1.185070976880092886e+00
1.162942123029016672e+00
1.142940853362173881e+00
1.125013871768654861e+00
1.109068670185213046e+00
1.094985775940398476e+00
1.082628933838282626e+00
1.071853336265960799e+00
1.062512086819131341e+00
1.054461119216082876e+00
1.047562804745251874e+00
1.041688476499389004e+00
1.036720083333217746e+00
1.032551165298483564e+00
1.029087318428518971e+00
1.026246292349381140e+00
1.023957840723776380e+00
1.022163422859736048e+00
1.020815835386003956e+00
1.019878835845079879e+00
1.019326805289989979e+00
1.019144484239948634e+00
1.019326805289809013e+00
1.019878835844709952e+00
1.020815835385431747e+00
1.022163422858944237e+00
1.023957840722736989e+00
1.026246292348058420e+00
1.029087318426874065e+00
1.032551165296464957e+00
1.036720083330773479e+00
1.041688476496449578e+00
1.047562804741748232e+00
1.054461119211942854e+00
1.062512086814265677e+00
1.071853336260278677e+00
1.082628933831676799e+00
1.094985775932757699e+00
1.109068670176400317e+00
1.125013871758509199e+00
1.142940853350475905e+00
1.162942123015481943e+00
1.185070976864303072e+00
1.209327195903633800e+00
1.235640888396159376e+00
1.263854962741771226e+00
1.293707117107665949e+00
1.324812776048041041e+00
1.356651108272476591e+00
1.388557117877472269e+00
1.419723760677441771e+00
1.449218960309780035e+00
1.476023015530359528e+00
1.499091748439834726e+00
1.517449184610150326e+00
1.530309767165231483e+00
1.537223327615621304e+00
1.538226006548691016e+00
1.533967991680348586e+00
1.525777319977108970e+00
1.515613601979173275e+00
1.505873742112426639e+00
1.499040074145832513e+00
1.497210690961283008e+00
1.501612105519493978e+00
1.512242694271346721e+00
1.527800650660206649e+00
1.545987145310249389e+00
1.564143029299878807e+00
1.580013598496927241e+00
1.592317129271336063e+00
1.600809032218474703e+00
1.605735958569276534e+00
1.606915423248064467e+00
1.602984543929105277e+00
1.591391625270117238e+00
1.569263963483349400e+00
1.534402283806071576e+00
1.484804568824232840e+00
1.415480360920887692e+00
1.314442061049760024e+00
1.165662139897646554e+00
9.703823438434718840e-01
7.876177976357400246e-01
7.568336513740797633e-01
1.000000000000000000e+00
