1.000000000000000000e+00
1.080197249628286116e+00
1.160481890423756157e+00
1.239763754339189727e+00
1.315945401381892532e+00
1.386277126555213846e+00
1.447833234822016646e+00
1.498011268091332227e+00
1.534945823762713379e+00
1.557754973105771157e+00
1.566589269106204663e+00
1.562507756011281668e+00
1.547241610737374984e+00
1.522915863711123308e+00
1.491787728586175144e+00
1.456037573689594744e+00
1.417626021676342996e+00
1.378214152377213342e+00
1.339134795130721534e+00
1.301400073837821081e+00
1.265731397951884496e+00
1.232600896705776217e+00
1.202276471231057853e+00
1.174865450559654301e+00
1.150354010936425198e+00
1.128641045473676163e+00
1.109566160757707420e+00
1.092932065244698103e+00
1.078521925271594073e+00
1.066112395635138155e+00
1.055483053016671446e+00
1.046422919532347784e+00
1.038734691091610651e+00
1.032237200134877853e+00
1.026766556039741651e+00
1.022176325394627217e+00
1.018337041663538889e+00
1.015135270795666456e+00
1.012472406199521169e+00
1.010263322662239283e+00
1.008434983354419279e+00
1.006925065963771848e+00
1.005680652158793320e+00
1.004657007951731851e+00
1.003816470152119944e+00
1.003127445131027695e+00
1.002563519824986482e+00
1.002102680684488822e+00
1.001726633612147532e+00
1.001420216433274835e+00
1.001170894774549014e+00
1.000968332143558293e+00
1.000804025311919476e+00
1.000670996663200141e+00
1.000563535869049447e+00
1.000476984027153016e+00
1.000407554181162562e+00
1.000352182910773102e+00
1.000308408408765448e+00
1.000274271139180771e+00
1.000248233792242925e+00
1.000229117817389657e+00
1.000216054329459148e+00
1.000208447650086985e+00
1.000205950174427594e+00
1.000208447650086985e+00
1.000216054329459148e+00
1.000229117817389657e+00
1.000248233792242925e+00
1.000274271139180771e+00
1.000308408408765448e+00
1.000352182910773102e+00
1.000407554181162562e+00
1.000476984027153016e+00
1.000563535869049447e+00
1.000670996663200141e+00
1.000804025311919476e+00
1.000968332143558293e+00
1.001170894774549014e+00
1.001420216433274835e+00
1.001726633612147532e+00
1.002102680684488822e+00
1.002563519824986482e+00
1.003127445131027695e+00
1.003816470152119944e+00
1.004657007951731851e+00
1.005680652158793320e+00
1.006925065963771848e+00
1.008434983354419279e+00
1.010263322662239283e+00
1.012472406199521169e+00
1.015135270795666456e+00
1.018337041663538667e+00
1.022176325394627217e+00
1.026766556039741429e+00
1.032237200134877853e+00
1.038734691091610207e+00
1.046422919532347784e+00
1.055483053016671446e+00
1.066112395635137933e+00
1.078521925271594295e+00
1.092932065244697881e+00
1.109566160757707864e+00
1.128641045473675941e+00
1.150354010936425198e+00
1.174865450559654079e+00
1.202276471231058075e+00
1.232600896705776661e+00
1.265731397951884718e+00
1.301400073837820859e+00
1.339134795130722422e+00
1.378214152377214008e+00
1.417626021676342551e+00
1.456037573689594522e+00
1.491787728586173811e+00
1.522915863711124418e+00
1.547241610737375206e+00
1.562507756011280335e+00
1.566589269106204663e+00
1.557754973105771823e+00
1.534945823762712935e+00
1.498011268091331560e+00
1.447833234822016868e+00
1.386277126555215178e+00
1.315945401381893420e+00
1.239763754339188839e+00
1.160481890423755935e+00
1.080197249628286116e+00
1.000000000000000000e+00
