1.000000000000000000e+00
8.441704466695307829e-01
8.376348397832408255e-01
9.555788297435280354e-01
1.125232973745189602e+00
1.287279912428646922e+00
1.412960978826142577e+00
1.498347709511603787e+00
1.551818867346078878e+00
1.583826159239082543e+00
1.601876239364415699e+00
1.609829920760562194e+00
1.609340626701103449e+00
1.601600983874297279e+00
1.588435407910826491e+00
1.572520311530855031e+00
1.556947736587568354e+00
1.544509105350523992e+00
1.537050395023136895e+00
1.535121869541324680e+00
1.537987542252547524e+00
1.543928809030931992e+00
1.550705390337713263e+00
1.556028756497764398e+00
1.557940510386040867e+00
1.555043708998893326e+00
1.546585473199561855e+00
1.532421760871337524e+00
1.512907955742826216e+00
1.488756827931895454e+00
1.460895419540128470e+00
1.430340378944526147e+00
1.398100791476118543e+00
1.365110074846908939e+00
1.332184058711650687e+00
1.300000311582436563e+00
1.269093317541886590e+00
1.239860547698087956e+00
1.212575319335918334e+00
1.187403279215713869e+00
1.164420220176058507e+00
1.143629670895800698e+00
1.124979271590990093e+00
1.108375375828183351e+00
1.093695624007822165e+00
1.080799442917788511e+00
1.069536561278431108e+00
1.059753712726644093e+00
1.051299740535204474e+00
1.044029334298066436e+00
1.037805626683996341e+00
1.032501864726965923e+00
1.028002349769594481e+00
1.024202816537918670e+00
1.021010397303446560e+00
1.018343293298832331e+00
1.016130253523352955e+00
1.014309941388792602e+00
1.012830252579260293e+00
1.011647633063761376e+00
1.010726434286920883e+00
1.010038332948457684e+00
1.009561835185036616e+00
1.009281879077075672e+00
1.009189544897722390e+00
1.009281879080198507e+00
1.009561835191442603e+00
1.010038332958477891e+00
1.010726434301064680e+00
1.011647633082754183e+00
1.012830252604067116e+00
1.014309941420672212e+00
1.016130253563914732e+00
1.018343293350121082e+00
1.021010397368026679e+00
1.024202816619017797e+00
1.028002349871255383e+00
1.032501864854234563e+00
1.037805626843179008e+00
1.044029334497035721e+00
1.051299740783799175e+00
1.059753713037152378e+00
1.069536561666222685e+00
1.080799443402099769e+00
1.093695624612755379e+00
1.108375376583986993e+00
1.124979272535688635e+00
1.143629672077285608e+00
1.164420221654775212e+00
1.187403281068123650e+00
1.212575321658965199e+00
1.239860550615000667e+00
1.269093321209665337e+00
1.300000316201567641e+00
1.332184064538651347e+00
1.365110082210524878e+00
1.398100800798072196e+00
1.430340390765966863e+00
1.460895434554943861e+00
1.488756847028139596e+00
1.512907980053280088e+00
1.532421791833697089e+00
1.546585512625865189e+00
1.555043759152137106e+00
1.557940574059761385e+00
1.556028837091392170e+00
1.550705491917158341e+00
1.543928936360492443e+00
1.537987700781207501e+00
1.535122065324240781e+00
1.537050634557202811e+00
1.544509395301000287e+00
1.556948083380683245e+00
1.572520720787621507e+00
1.588435883705912710e+00
1.601601527830047722e+00
1.609341236977752887e+00
1.609830591076258699e+00
1.601876958251599703e+00
1.583826909780625236e+00
1.551819627600389273e+00
1.498348453717886386e+00
1.412961679300031692e+00
1.287280541858266902e+00
1.125233507441084191e+00
9.555792473665215558e-01
8.376351262464201142e-01
8.441705922487954261e-01
1.000000000000000000e+00
