1.000000000000000000e+00
7.512585755142255906e-01
7.861601653230639863e-01
9.727734896461391889e-01
1.167821390574441898e+00
1.314504201542711526e+00
1.414266319252479809e+00
1.483807979852574510e+00
1.534344919618496172e+00
1.569930077621467746e+00
1.592125654373327759e+00
1.603208499786163532e+00
1.606417498856747672e+00
1.604726259917781395e+00
1.599795791337292217e+00
1.591870022224638914e+00
1.580508090291690815e+00
1.565589361545655755e+00
1.548009952155836810e+00
1.529766144670249739e+00
1.513470261778750992e+00
1.501584473211421855e+00
1.495713395174141480e+00
1.496199638270724774e+00
1.502103480402352309e+00
1.511501585339679155e+00
1.521958142287320959e+00
1.531012250751255577e+00
1.536566480785562350e+00
1.537121943573402705e+00
1.531859001967378564e+00
1.520596681860226118e+00
1.503676588759144117e+00
1.481814376474175132e+00
1.455951092647381540e+00
1.427124168920672620e+00
1.396367048028238189e+00
1.364638832437459648e+00
1.332780862462526361e+00
1.301495095219141307e+00
1.271338730529853800e+00
1.242730008565895661e+00
1.215960983059047873e+00
1.191214042060272815e+00
1.168579839745468751e+00
1.148075047518385849e+00
1.129658915917098216e+00
1.113248073741680555e+00
1.098729301575227524e+00
1.085970229528746112e+00
1.074828047229625216e+00
1.065156397450804482e+00
1.056810668905007189e+00
1.049651920547185258e+00
1.043549668215839610e+00
1.038383751240765207e+00
1.034045476588169477e+00
1.030438214660774232e+00
1.027477596423516104e+00
1.025091437685533791e+00
1.023219494129044227e+00
1.021813130569715344e+00
1.020834970156085042e+00
1.020258573713276329e+00
1.020068185978918907e+00
1.020258573713083372e+00
1.020834970155689136e+00
1.021813130569103389e+00
1.023219494128197127e+00
1.025091437684421347e+00
1.027477596422100348e+00
1.030438214659013862e+00
1.034045476586007428e+00
1.038383751238147523e+00
1.043549668212691017e+00
1.049651920543432704e+00
1.056810668900572292e+00
1.065156397445592429e+00
1.074828047223539196e+00
1.085970229521674435e+00
1.098729301567052952e+00
1.113248073732263421e+00
1.129658915906278871e+00
1.148075047505949797e+00
1.168579839731142878e+00
1.191214042043658106e+00
1.215960983039568122e+00
1.242730008542698439e+00
1.271338730501659020e+00
1.301495095184033168e+00
1.332780862417638490e+00
1.364638832378588296e+00
1.396367047949265583e+00
1.427124168812827332e+00
1.455951092498285027e+00
1.481814376266671340e+00
1.503676588469893272e+00
1.520596681458139976e+00
1.531859001411992161e+00
1.537121942813351794e+00
1.536566479757450310e+00
1.531012249379049894e+00
1.521958140482463140e+00
1.511501583001665150e+00
1.502103477419180821e+00
1.496199634518053045e+00
1.495713390511821839e+00
1.501584467476561047e+00
1.513470254775982404e+00
1.529766136162444612e+00
1.548009941861023586e+00
1.565589349146807363e+00
1.580508075463465723e+00
1.591870004675074446e+00
1.599795770855570343e+00
1.604726236416858187e+00
1.606417472405220037e+00
1.603208470634026162e+00
1.592125622980521849e+00
1.569930044687572135e+00
1.534344886093340632e+00
1.483807946901530839e+00
1.414266288169601316e+00
1.314504173630284045e+00
1.167821367010923872e+00
9.727734713595541649e-01
7.861601529105513020e-01
7.512585692630751044e-01
1.000000000000000000e+00
