1.000000000000000000e+00
7.809962841698108171e-01
7.965492694439170185e-01
9.617301032041064568e-01
1.155049395565095560e+00
1.311400080082012698e+00
1.418661515585999622e+00
1.488563251212881910e+00
1.535186900355917095e+00
1.567349930178543405e+00
1.589219156118094167e+00
1.602765958044246375e+00
1.609169489517044083e+00
1.609150642547160670e+00
1.603099695072242703e+00
1.591465695048264850e+00
1.575279764586073217e+00
1.556450341714830099e+00
1.537608737645909551e+00
1.521560011623985131e+00
1.510589581591663677e+00
1.505906836649827385e+00
1.507406740727137873e+00
1.513781944125881296e+00
1.522895761427254246e+00
1.532268577345023086e+00
1.539536879002192382e+00
1.542791339866691036e+00
1.540758565700552918e+00
1.532838243214506235e+00
1.519034069080358318e+00
1.499824038916521607e+00
1.476009877634650858e+00
1.448573765216069731e+00
1.418558382866959899e+00
1.386976528413549570e+00
1.354749998827935009e+00
1.322673819048719945e+00
1.291400447022465148e+00
1.261438503475241113e+00
1.233161217605966531e+00
1.206820707868628384e+00
1.182565170148965450e+00
1.160456892951845509e+00
1.140489711385431315e+00
1.122605044990610645e+00
1.106706056690642814e+00
1.092669746718426538e+00
1.080356981846687825e+00
1.069620579005770233e+00
1.060311631727464121e+00
1.052284302128784876e+00
1.045399311263764064e+00
1.039526354789139573e+00
1.034545655029069700e+00
1.030348839049981091e+00
1.026839308373757476e+00
1.023932241609337490e+00
1.021554347983679056e+00
1.019643468366107530e+00
1.018148101358571811e+00
1.017026915519079866e+00
1.016248294732323920e+00
1.015789951924718215e+00
1.015638636425925334e+00
1.015789951924366052e+00
1.016248294731604052e+00
1.017026915517958541e+00
1.018148101356996849e+00
1.019643468364008765e+00
1.021554347980960120e+00
1.023932241605878257e+00
1.026839308369403625e+00
1.030348839044548770e+00
1.034545655022315325e+00
1.039526354780776485e+00
1.045399311253439878e+00
1.052284302116054837e+00
1.060311631711785552e+00
1.069620578986459236e+00
1.080356981822898632e+00
1.092669746689088450e+00
1.106706056654405357e+00
1.122605044945733432e+00
1.140489711329685685e+00
1.160456892882328006e+00
1.182565170061880888e+00
1.206820707758977429e+00
1.233161217467121595e+00
1.261438503298375924e+00
1.291400446795765822e+00
1.322673818756364694e+00
1.354749998448694814e+00
1.386976527918961644e+00
1.418558382218952252e+00
1.448573764363934036e+00
1.476009876511236829e+00
1.499824037433622026e+00
1.519034067123247400e+00
1.532838240635782112e+00
1.540758562313522706e+00
1.542791335438640887e+00
1.539536873248065429e+00
1.532268569921794166e+00
1.522895751929078667e+00
1.513781932079480752e+00
1.507406725586388108e+00
1.505906817788499996e+00
1.510589558294564982e+00
1.521559983079668221e+00
1.537608702948533246e+00
1.556450299886763533e+00
1.575279714633766481e+00
1.591465636059072875e+00
1.603099626349365314e+00
1.609150563767639763e+00
1.609169400890179569e+00
1.602765860448323032e+00
1.589219051197296562e+00
1.567349820380898873e+00
1.535186788887004106e+00
1.488563141882241370e+00
1.418661412544725442e+00
1.311399987478696572e+00
1.155049317167682776e+00
9.617300420596903709e-01
7.965492276816377171e-01
7.809962630243562076e-01
1.000000000000000000e+00
