1.000000000000000000e+00
8.039710144265316272e-01
8.096538188035333761e-01
9.584015358713624533e-01
1.146195791065874880e+00
1.307009171696249528e+00
1.420785820096940322e+00
1.494085334092091655e+00
1.540751721515620343e+00
1.571774716304102926e+00
1.593027498149659937e+00
1.606614342571601073e+00
1.612794522429805033e+00
1.611404958419518696e+00
1.602747792289930473e+00
1.588071721891903154e+00
1.569656598372300982e+00
1.550493707689682088e+00
1.533668030817364247e+00
1.521663389430619961e+00
1.515828978326459575e+00
1.516161619320759657e+00
1.521428284922832441e+00
1.529542048622236861e+00
1.538049462122392130e+00
1.544592143200787637e+00
1.547249776082503914e+00
1.544728080138083826e+00
1.536401957621941650e+00
1.522251084108934061e+00
1.502733097389416184e+00
1.478634300830815151e+00
1.450926459452370754e+00
1.420646194718079736e+00
1.388803629327363787e+00
1.356320256168725980e+00
1.323992267530932132e+00
1.292474041800538487e+00
1.262276346526423954e+00
1.233774428970251469e+00
1.207222080810825160e+00
1.182768714999724580e+00
1.160477343589011667e+00
1.140342043054324517e+00
1.122304032642133187e+00
1.106265888603730874e+00
1.092103697945215668e+00
1.079677145043701048e+00
1.068837645675807968e+00
1.059434714125951693e+00
1.051320784558292365e+00
1.044354718785803771e+00
1.038404227218169495e+00
1.033347414212907101e+00
1.029073637721486856e+00
1.025483849169948281e+00
1.022490555128846346e+00
1.020017518961638503e+00
1.017999299191026275e+00
1.016380702273092185e+00
1.015116211002210056e+00
1.014169435852702694e+00
1.013512625016532720e+00
1.013126259442179489e+00
1.012998751482304005e+00
1.013126259444321997e+00
1.013512625020928981e+00
1.014169435859583857e+00
1.015116211011928504e+00
1.016380702286155069e+00
1.017999299208106834e+00
1.020017518983615590e+00
1.022490555156846392e+00
1.025483849205407694e+00
1.029073637766208194e+00
1.033347414269166320e+00
1.038404227288826309e+00
1.044354718874433985e+00
1.051320784669377506e+00
1.059434714265100386e+00
1.068837645850048146e+00
1.079677145261834559e+00
1.092103698218283903e+00
1.106265888945577869e+00
1.122304033070159246e+00
1.140342043590415022e+00
1.160477344260747667e+00
1.182768715841922669e+00
1.207222081867526997e+00
1.233774430297284841e+00
1.262276348194706577e+00
1.292474043900381675e+00
1.323992270177586139e+00
1.356320259509564474e+00
1.388803633551175754e+00
1.420646200067040565e+00
1.450926466237344670e+00
1.478634309450840956e+00
1.502733108356147262e+00
1.522251098076938147e+00
1.536401975425487398e+00
1.544728102834658445e+00
1.547249805002606671e+00
1.544592180002340998e+00
1.538049508846551117e+00
1.529542107745400115e+00
1.521428359397528851e+00
1.516161712596120648e+00
1.515829094337351357e+00
1.521663532543163999e+00
1.533668205716960165e+00
1.550493919194973369e+00
1.569656851154865418e+00
1.588072020078945545e+00
1.602748138931621824e+00
1.611405354822023517e+00
1.612794967395573487e+00
1.606614831647592556e+00
1.593028023044213537e+00
1.571775264664573735e+00
1.540752277233499390e+00
1.494085878209302942e+00
1.420786332241628980e+00
1.307009631814572748e+00
1.146196181094969679e+00
9.584018409903679592e-01
8.096540280536095313e-01
8.039711207547469707e-01
1.000000000000000000e+00
