1.000000000000000000e+00
8.678309058855038227e-01
8.570031398445822068e-01
9.568792098001345225e-01
1.112368785422776618e+00
1.271524408741950829e+00
1.403328643556249755e+00
1.497622090839369813e+00
1.557425989782027731e+00
1.590785784201849351e+00
1.605584749083011298e+00
1.607705507150601010e+00
1.601293978851662914e+00
1.589658613822983790e+00
1.575878422334714646e+00
1.562853251380049047e+00
1.552964018944957170e+00
1.547655719348284942e+00
1.547196025046488899e+00
1.550715943730492707e+00
1.556500160752700479e+00
1.562413137320756595e+00
1.566331329815981777e+00
1.566483641750887390e+00
1.561653381332705370e+00
1.551241886934957792e+00
1.535224006249584994e+00
1.514036969457965176e+00
1.488441643597153252e+00
1.459385368424637619e+00
1.427884099224919101e+00
1.394931733742563074e+00
1.361437563537541084e+00
1.328188736075610388e+00
1.295832805427408196e+00
1.264875118974603030e+00
1.235686279848903446e+00
1.208515774573372115e+00
1.183508776236023241e+00
1.160723974479731746e+00
1.140150982067059449e+00
1.121726412164039788e+00
1.105348124503444218e+00
1.090887425725868054e+00
1.078199204323693872e+00
1.067130106087054386e+00
1.057524930289777121e+00
1.049231464676987136e+00
1.042103989832313449e+00
1.036005679133750856e+00
1.030810105486774209e+00
1.026402044895053711e+00
1.022677742945012014e+00
1.019544785704891598e+00
1.016921692889040552e+00
1.014737329365023477e+00
1.012930211717652629e+00
1.011447769856606449e+00
1.010245609575506132e+00
1.009286810407303614e+00
1.008541283851074777e+00
1.007985209795353443e+00
1.007600563438247221e+00
1.007374740906171962e+00
1.007300288813143485e+00
1.007374740904554589e+00
1.007600563434930541e+00
1.007985209790174475e+00
1.008541283843769065e+00
1.009286810397509893e+00
1.010245609562735680e+00
1.011447769840228661e+00
1.012930211696860150e+00
1.014737329338802452e+00
1.016921692856113113e+00
1.019544785663664133e+00
1.022677742893505437e+00
1.026402044830801996e+00
1.030810105406720911e+00
1.036005679034101901e+00
1.042103989708370149e+00
1.049231464522925261e+00
1.057524930098378002e+00
1.067130105849372734e+00
1.078199204028636560e+00
1.090887425359673202e+00
1.105348124049030156e+00
1.121726411600179052e+00
1.140150981367351157e+00
1.160723973611289761e+00
1.183508775157826376e+00
1.208515773234180468e+00
1.235686278184596754e+00
1.264875116904810248e+00
1.295832802851216048e+00
1.328188732866132593e+00
1.361437559535006114e+00
1.394931728745633537e+00
1.427884092979764930e+00
1.459385360611393123e+00
1.488441633813291309e+00
1.514036957198230837e+00
1.535223990882382816e+00
1.551241867675405395e+00
1.561653357213299786e+00
1.566483611591684921e+00
1.566331292197577385e+00
1.562413090565079710e+00
1.556500102918497053e+00
1.550715872632166592e+00
1.547195938306093144e+00
1.547655614490654585e+00
1.552963893544698326e+00
1.562853103266621524e+00
1.575878249857827651e+00
1.589658416174791311e+00
1.601293756432529358e+00
1.607705261948569664e+00
1.605584485010906226e+00
1.590785507303452251e+00
1.557425708194458469e+00
1.497621814408264251e+00
1.403328383070738816e+00
1.271524174888938319e+00
1.112368587705887757e+00
9.568790557328538116e-01
8.570030346341518390e-01
8.678308526014117952e-01
1.000000000000000000e+00
