1.000000000000000000e+00
1.019921037492700355e+00
1.052328961583338218e+00
1.101748416131682839e+00
1.167252853714630056e+00
1.244503558403367904e+00
1.327451472031795365e+00
1.409734193080512954e+00
1.485707969749220814e+00
1.551060009506410209e+00
1.603022294374440770e+00
1.640285854912311603e+00
1.662746651047274815e+00
1.671196822384121594e+00
1.667032723067504385e+00
1.652010519050554960e+00
1.628054439296632960e+00
1.597111940012618581e+00
1.561048035229128494e+00
1.521572186623497247e+00
1.480192408060010401e+00
1.438191831987490232e+00
1.396623144519691273e+00
1.356316427694167048e+00
1.317896273987100964e+00
1.281804582642395829e+00
1.248326125171010492e+00
1.217614672269274667e+00
1.189718124374361308e+00
1.164601637537900025e+00
1.142168170592873011e+00
1.122276204019259094e+00
1.104754610768106993e+00
1.089414812967971713e+00
1.076060453521907379e+00
1.064494863239288769e+00
1.054526624566629156e+00
1.045973531726159145e+00
1.038665231424944047e+00
1.032444803742308848e+00
1.027169513410411739e+00
1.022710930441094179e+00
1.018954588028744945e+00
1.015799316303976907e+00
1.013156363728253240e+00
1.010948394198780909e+00
1.009108427465201130e+00
1.007578773211343703e+00
1.006309994943618724e+00
1.005259928375139777e+00
1.004392769974026045e+00
1.003678244412222309e+00
1.003090854471457183e+00
1.002609213221543172e+00
1.002215455702093472e+00
1.001894725666026220e+00
1.001634731974397896e+00
1.001425368794346848e+00
1.001258393706100147e+00
1.001127158060116651e+00
1.001026384356356491e+00
1.000951985979437797e+00
1.000900925269349706e+00
1.000871106603279825e+00
1.000861301888400279e+00
1.000871106603279825e+00
1.000900925269349706e+00
1.000951985979437797e+00
1.001026384356356491e+00
1.001127158060116651e+00
1.001258393706100147e+00
1.001425368794346848e+00
1.001634731974397896e+00
1.001894725666026220e+00
1.002215455702093472e+00
1.002609213221543172e+00
1.003090854471457183e+00
1.003678244412222309e+00
1.004392769974026045e+00
1.005259928375139777e+00
1.006309994943618724e+00
1.007578773211343703e+00
1.009108427465201352e+00
1.010948394198780909e+00
1.013156363728253240e+00
1.015799316303976907e+00
1.018954588028744945e+00
1.022710930441093957e+00
1.027169513410411739e+00
1.032444803742309070e+00
1.038665231424944047e+00
1.045973531726159145e+00
1.054526624566628934e+00
1.064494863239288547e+00
1.076060453521907156e+00
1.089414812967971491e+00
1.104754610768106105e+00
1.122276204019258428e+00
1.142168170592872567e+00
1.164601637537900025e+00
1.189718124374361530e+00
1.217614672269273779e+00
1.248326125171010492e+00
1.281804582642395385e+00
1.317896273987101186e+00
1.356316427694166826e+00
1.396623144519691051e+00
1.438191831987491787e+00
1.480192408060010401e+00
1.521572186623495693e+00
1.561048035229129827e+00
1.597111940012618581e+00
1.628054439296632960e+00
1.652010519050554294e+00
1.667032723067503275e+00
1.671196822384122704e+00
1.662746651047276369e+00
1.640285854912312047e+00
1.603022294374440548e+00
1.551060009506410209e+00
1.485707969749221924e+00
1.409734193080512510e+00
1.327451472031794921e+00
1.244503558403369459e+00
1.167252853714631389e+00
1.101748416131682617e+00
1.052328961583337552e+00
1.019921037492698579e+00
1.000000000000000000e+00
