1.000000000000000000e+00
1.054308651984045442e+00
1.113779515727702174e+00
1.180107523179279250e+00
1.252315960007515994e+00
1.327521265016653462e+00
1.401717534014708111e+00
1.470566851543827047e+00
1.530113403121715177e+00
1.577321152360287693e+00
1.610369583698483265e+00
1.628702676873002630e+00
1.632880793742963021e+00
1.624313814244269238e+00
1.604954185510173215e+00
1.577009873635986992e+00
1.542711952843407008e+00
1.504149062606643161e+00
1.463165513402354234e+00
1.421311720295324044e+00
1.379833131539061286e+00
1.339684679396482503e+00
1.301560185574299977e+00
1.265928914839574482e+00
1.233073961923313977e+00
1.203129138520780961e+00
1.176112476537003237e+00
1.151955456946183176e+00
1.130527715685973433e+00
1.111657367967500809e+00
1.095147310417805553e+00
1.080787965998658340e+00
1.068366971244764541e+00
1.057676297007246191e+00
1.048517260884282543e+00
1.040703843638354442e+00
1.034064670608404235e+00
1.028443967111898116e+00
1.023701746982889738e+00
1.019713447414079877e+00
1.016369182083958878e+00
1.013572748539164348e+00
1.011240494986768601e+00
1.009300125803927362e+00
1.007689503808055331e+00
1.006355490171028100e+00
1.005252849288117867e+00
1.004343235402415768e+00
1.003594269838703479e+00
1.002978711856174376e+00
1.002473721976127052e+00
1.002060213822089096e+00
1.001722288723311038e+00
1.001446746326742687e+00
1.001222664033585730e+00
1.001041038061059263e+00
1.000894479201200227e+00
1.000776956808625773e+00
1.000683585125805575e+00
1.000610446694523592e+00
1.000554448269009189e+00
1.000513205315181509e+00
1.000484951836775549e+00
1.000468472904701756e+00
1.000463057879032336e+00
1.000468472904701756e+00
1.000484951836775549e+00
1.000513205315181509e+00
1.000554448269009189e+00
1.000610446694523592e+00
1.000683585125805575e+00
1.000776956808625773e+00
1.000894479201200227e+00
1.001041038061059263e+00
1.001222664033585730e+00
1.001446746326742687e+00
1.001722288723311038e+00
1.002060213822089096e+00
1.002473721976127052e+00
1.002978711856174376e+00
1.003594269838703479e+00
1.004343235402415768e+00
1.005252849288117867e+00
1.006355490171028100e+00
1.007689503808055331e+00
1.009300125803927362e+00
1.011240494986768601e+00
1.013572748539164126e+00
1.016369182083958878e+00
1.019713447414080099e+00
1.023701746982889738e+00
1.028443967111898116e+00
1.034064670608404013e+00
1.040703843638354220e+00
1.048517260884282321e+00
1.057676297007245969e+00
1.068366971244763874e+00
1.080787965998658340e+00
1.095147310417805331e+00
1.111657367967500809e+00
1.130527715685974322e+00
1.151955456946182510e+00
1.176112476537003682e+00
1.203129138520781405e+00
1.233073961923313977e+00
1.265928914839574482e+00
1.301560185574299977e+00
1.339684679396483835e+00
1.379833131539061952e+00
1.421311720295323822e+00
1.463165513402354900e+00
1.504149062606643605e+00
1.542711952843407452e+00
1.577009873635986992e+00
1.604954185510172104e+00
1.624313814244271237e+00
1.632880793742965020e+00
1.628702676873001742e+00
1.610369583698482598e+00
1.577321152360287471e+00
1.530113403121715399e+00
1.470566851543826159e+00
1.401717534014707889e+00
1.327521265016654350e+00
1.252315960007516882e+00
1.180107523179278806e+00
1.113779515727701286e+00
1.054308651984044776e+00
1.000000000000000000e+00
