1.000000000000000000e+00
8.800936373151755365e-01
8.689360726394713685e-01
9.612077462259805971e-01
1.109690660666791784e+00
1.266491788133710994e+00
1.400305248731438024e+00
1.498385581702125657e+00
1.561120863599613884e+00
1.595171028162008842e+00
1.608483179728380730e+00
1.607969891292060804e+00
1.599092297422367359e+00
1.586205619769905706e+00
1.572871893955559264e+00
1.561871160402185099e+00
1.555008123690311272e+00
1.552932739682903795e+00
1.555138798925248089e+00
1.560183084792053254e+00
1.566063210144889251e+00
1.570643538001671891e+00
1.572025182184235259e+00
1.568795794344521877e+00
1.560141774094039979e+00
1.545841644805687531e+00
1.526177818272653308e+00
1.501806714139026111e+00
1.473620100412646128e+00
1.442619611335714813e+00
1.409815888853960919e+00
1.376155750784922915e+00
1.342475669927747139e+00
1.309477229053004566e+00
1.277719364869578156e+00
1.247622424945720843e+00
1.219479796284202111e+00
1.193473770026195035e+00
1.169693183687193772e+00
1.148151136614157908e+00
1.128801676834482848e+00
1.111554813429941335e+00
1.096289538477918324e+00
1.082864771143634330e+00
1.071128287124206047e+00
1.060923789335007195e+00
1.052096326563610296e+00
1.044496288257614980e+00
1.037982205100387523e+00
1.032422573596631032e+00
1.027696903701021069e+00
1.023696165304605277e+00
1.020322784775164582e+00
1.017490318521807380e+00
1.015122907881927938e+00
1.013154599196478767e+00
1.011528595086605753e+00
1.010196487761004569e+00
1.009117512589455368e+00
1.008257849983906551e+00
1.007589995581169573e+00
1.007092212536362830e+00
1.006748075122364305e+00
1.006546109502436392e+00
1.006479535232525313e+00
1.006546109504126374e+00
1.006748075125830866e+00
1.007092212541787157e+00
1.007589995588826115e+00
1.008257849994189215e+00
1.009117512602889066e+00
1.010196487778272312e+00
1.011528595108579953e+00
1.013154599224270536e+00
1.015122907916932160e+00
1.017490318565777097e+00
1.020322784830299812e+00
1.023696165373651823e+00
1.027696903787414406e+00
1.032422573704662394e+00
1.037982205235426170e+00
1.044496288426375985e+00
1.052096326774498714e+00
1.060923789598558598e+00
1.071128287453643191e+00
1.082864771555577255e+00
1.096289538993300949e+00
1.111554814075178976e+00
1.128801677642990997e+00
1.148151137628300456e+00
1.169693184960817423e+00
1.193473771627918678e+00
1.219479798301688289e+00
1.247622427491217767e+00
1.277719368087115503e+00
1.309477233127702034e+00
1.342475675097766885e+00
1.376155757356777753e+00
1.409815897221818659e+00
1.442619622005514524e+00
1.473620114031592987e+00
1.501806731530811234e+00
1.526177840478165404e+00
1.545841673127968940e+00
1.560141810144899610e+00
1.568795840088309301e+00
1.572025239972182575e+00
1.570643610588093431e+00
1.566063300674789494e+00
1.560183196748800460e+00
1.555138936026631669e+00
1.552932905714097256e+00
1.555008322262248832e+00
1.561871394624677833e+00
1.572872166018872697e+00
1.586205930441867196e+00
1.599092645494991638e+00
1.607970273051136489e+00
1.608483588559314725e+00
1.595171454424239244e+00
1.561121294880312149e+00
1.498386003493107799e+00
1.400305645476912941e+00
1.266492144494001604e+00
1.109690962761644695e+00
9.612079825997589255e-01
8.689362347759412852e-01
8.800937197135126899e-01
1.000000000000000000e+00
