1.000000000000000000e+00
8.163207835968702142e-01
8.175073099372003327e-01
9.568330031849213713e-01
1.139936633139006839e+00
1.301873819376348163e+00
1.419218402402359080e+00
1.495438717618571722e+00
1.543348543690135077e+00
1.574361670675621383e+00
1.595027333846230633e+00
1.607741114972791152e+00
1.612735271988224417e+00
1.609856018580790638e+00
1.599681807291052804e+00
1.583962107723126067e+00
1.565472941806129947e+00
1.547455714287081951e+00
1.532877787729318930e+00
1.523773435870868331e+00
1.520861236349720480e+00
1.523514158487369707e+00
1.530035935878418796e+00
1.538117523914172224e+00
1.545327706011681013e+00
1.549521587809155942e+00
1.549104487465199353e+00
1.543141583659508598e+00
1.531340281075137533e+00
1.513948645307727103e+00
1.491613389751430319e+00
1.465231711216789856e+00
1.435819081082915227e+00
1.404403989889717153e+00
1.371952436125946528e+00
1.339319884851625009e+00
1.307225932228004650e+00
1.276246192414733027e+00
1.246816240334809756e+00
1.219243253752411826e+00
1.193721953013223036e+00
1.170352343934370820e+00
1.149157541289589135e+00
1.130100562682198495e+00
1.113099443791363274e+00
1.098040358475876888e+00
1.084788656912411442e+00
1.073197885974897847e+00
1.063116948823262353e+00
1.054395611452788151e+00
1.046888585334727173e+00
1.040458416747317649e+00
1.034977402006953984e+00
1.030328728724021703e+00
1.026407020144963544e+00
1.023118435215763400e+00
1.020380452989942288e+00
1.018121447549943159e+00
1.016280139384164505e+00
1.014804991482106011e+00
1.013653603346176491e+00
1.012792143563068903e+00
1.012194851307646637e+00
1.011843628870656486e+00
1.011727740671027442e+00
1.011843628873158263e+00
1.012194851312778976e+00
1.012792143571100478e+00
1.013653603357516975e+00
1.014804991497343600e+00
1.016280139404077909e+00
1.018121447575552674e+00
1.020380453022549982e+00
1.023118435257032166e+00
1.026407020196975717e+00
1.030328728789403403e+00
1.034977402089001686e+00
1.040458416850149614e+00
1.046888585463499721e+00
1.054395611613949457e+00
1.063116949024879965e+00
1.073197886227068132e+00
1.084788657227784947e+00
1.098040358870306932e+00
1.113099444284749939e+00
1.130100563299556216e+00
1.149157542062414494e+00
1.170352344902393593e+00
1.193721954226668158e+00
1.219243255274906401e+00
1.246816242247136497e+00
1.276246194819717683e+00
1.307225935256817184e+00
1.339319888671946845e+00
1.371952440952529662e+00
1.404403995997996368e+00
1.435819088826423284e+00
1.465231721049330194e+00
1.491613402254923004e+00
1.513948661226751202e+00
1.531340301358922407e+00
1.543141609511687884e+00
1.549104520400859775e+00
1.549521629717360627e+00
1.545327759219846664e+00
1.538117591248391758e+00
1.530036020711292188e+00
1.523514264762470649e+00
1.520861368569748739e+00
1.523773599034814685e+00
1.532877987202119652e+00
1.547455955582614839e+00
1.565473230261015924e+00
1.583962448037093074e+00
1.599682202915569285e+00
1.609856470959858177e+00
1.612735779700216421e+00
1.607741672887038842e+00
1.595027932473754406e+00
1.574362295927562272e+00
1.543349177228793057e+00
1.495439337882142672e+00
1.419218986222819723e+00
1.301874343931233691e+00
1.139937077843978575e+00
9.568333511218304333e-01
8.175075485767738792e-01
8.163209048668020884e-01
1.000000000000000000e+00
