1.000000000000000000e+00
7.533910840714381774e-01
7.873888073272560240e-01
9.731901439694453648e-01
1.168663246046308002e+00
1.316274529448767217e+00
1.416622475738199549e+00
1.486207673484413849e+00
1.536493391121935170e+00
1.571825979763657566e+00
1.593909343525113265e+00
1.605010049923329074e+00
1.608273051072289572e+00
1.606559432603813065e+00
1.601449436527121906e+00
1.593172532726001567e+00
1.581348836419369297e+00
1.565971767175146967e+00
1.548059990663560592e+00
1.529694852386973558e+00
1.513508356535040900e+00
1.501915503743624924e+00
1.496427669776347447e+00
1.497279507563182621e+00
1.503438076876486784e+00
1.512920698491059701e+00
1.523272236474853658e+00
1.532047736550296024e+00
1.537189905323512740e+00
1.537251465436215492e+00
1.531464910372831500e+00
1.519694374675853776e+00
1.502315628052669716e+00
1.480066575741093793e+00
1.453899606855882043e+00
1.424854625311253731e+00
1.393961046316829711e+00
1.362169692057384474e+00
1.330311261835420922e+00
1.299076169157814098e+00
1.269010205531192481e+00
1.240521015423944107e+00
1.213891261488384554e+00
1.189295325565046246e+00
1.166817272591847088e+00
1.146468536713010966e+00
1.128204359885636165e+00
1.111938437596088125e+00
1.097555528501932054e+00
1.084921990883759957e+00
1.073894342071397556e+00
1.064326016831180999e+00
1.056072542323388541e+00
1.048995362348194682e+00
1.042964540968692067e+00
1.037860561713603635e+00
1.033575418137067325e+00
1.030013167913564898e+00
1.027090098206770330e+00
1.024734626320789932e+00
1.022887037575441527e+00
1.021499142450642550e+00
1.020533917494217180e+00
1.019965179215973183e+00
1.019777326961664787e+00
1.019965179216480999e+00
1.020533917495260123e+00
1.021499142452282127e+00
1.022887037577775438e+00
1.024734626323951181e+00
1.027090098210941882e+00
1.030013167918991224e+00
1.033575418144060176e+00
1.037860561722575348e+00
1.042964540980157340e+00
1.048995362362823425e+00
1.056072542342035625e+00
1.064326016854924228e+00
1.073894342101613830e+00
1.084921990922189439e+00
1.097555528550789417e+00
1.111938437658173573e+00
1.128204359964501746e+00
1.146468536813141093e+00
1.166817272718930321e+00
1.189295325726267283e+00
1.213891261692841228e+00
1.240521015683159645e+00
1.269010205859762985e+00
1.299076169574248318e+00
1.330311262363197633e+00
1.362169692726358461e+00
1.393961047164994804e+00
1.424854626387044076e+00
1.453899608221135065e+00
1.480066577474893785e+00
1.502315630256277235e+00
1.519694377479037239e+00
1.531464913941894546e+00
1.537251469984044938e+00
1.537189911121947139e+00
1.532047743944827678e+00
1.523272245901521105e+00
1.512920710494752186e+00
1.503438092129315340e+00
1.497279526880782585e+00
1.496427694129415897e+00
1.501915534261707208e+00
1.513508394499731180e+00
1.529694899212061809e+00
1.548060047859453503e+00
1.565971836293336805e+00
1.581348918969341044e+00
1.593172630053285577e+00
1.601449549641000170e+00
1.606559561951609538e+00
1.608273196276607031e+00
1.605010209524509346e+00
1.593909514791320925e+00
1.571826158632649184e+00
1.536493572318869072e+00
1.486207850827326205e+00
1.416622642605514626e+00
1.316274679339101139e+00
1.168663373114696258e+00
9.731902434140732305e-01
7.873888755680854556e-01
7.533911187672991394e-01
1.000000000000000000e+00
