1.000000000000000000e+00
7.817649901372127896e-01
7.975169188351874938e-01
9.627962285938481690e-01
1.156377502761425813e+00
1.313088484758375474e+00
1.420648445401920590e+00
1.490702689378317514e+00
1.537345817100270073e+00
1.569449584126559438e+00
1.591223529445520146e+00
1.604652061912266614e+00
1.610907321631148026e+00
1.610701874265332734e+00
1.604429996826424842e+00
1.592560041935331405e+00
1.576151447805067107e+00
1.557139507480374885e+00
1.538171789801593636e+00
1.522054749016654052e+00
1.511061630351323570e+00
1.506381340499203469e+00
1.507886672662654526e+00
1.514252046266707730e+00
1.523329753967884059e+00
1.532637047785416540e+00
1.539813867343422737e+00
1.542958592798261197e+00
1.540807322806001967e+00
1.532769008595182614e+00
1.518855071312129379e+00
1.499549070469859746e+00
1.475656050161629373e+00
1.448159520893950170e+00
1.418101927171519394e+00
1.386494722706386629e+00
1.354257674049455629e+00
1.322183434791408319e+00
1.290922010358195537e+00
1.260979667646926705e+00
1.232727493697392429e+00
1.206415737552522849e+00
1.182191021696875399e+00
1.160114354591096797e+00
1.140178565478624506e+00
1.122324313551130714e+00
1.106454213796170150e+00
1.092444896850896408e+00
1.080157005447477170e+00
1.069443247904618310e+00
1.060154697833774806e+00
1.052145563057599986e+00
1.045276656551276773e+00
1.039417796141861583e+00
1.034449343725413861e+00
1.030263073229601867e+00
1.026762532548248341e+00
1.023863040334826779e+00
1.021491435268945924e+00
1.019585674059486635e+00
1.018094355468448731e+00
1.016976231177978418e+00
1.016199750312979599e+00
1.015742672656310353e+00
1.015591775737418656e+00
1.015742672657347301e+00
1.016199750315109673e+00
1.016976231181315082e+00
1.018094355473169399e+00
1.019585674065843772e+00
1.021491435277275928e+00
1.023863040345573294e+00
1.026762532561978469e+00
1.030263073247047911e+00
1.034449343747488204e+00
1.039417796169729735e+00
1.045276656586408448e+00
1.052145563101835268e+00
1.060154697889433839e+00
1.069443247974607658e+00
1.080157005535456571e+00
1.092444896961455747e+00
1.106454213935081032e+00
1.122324313725632017e+00
1.140178565697828716e+00
1.160114354866459196e+00
1.182191022042825557e+00
1.206415737987253989e+00
1.232727494243872401e+00
1.260979668334199388e+00
1.290922011223035515e+00
1.322183435880491587e+00
1.354257675422118723e+00
1.386494724438203541e+00
1.418101929358919877e+00
1.448159523660175640e+00
1.475656053664357481e+00
1.499549074910963897e+00
1.518855076949994665e+00
1.532769015760109932e+00
1.540807331919101353e+00
1.542958604394000455e+00
1.539813882095684594e+00
1.532637066536098658e+00
1.523329777756200043e+00
1.514252076356080057e+00
1.507886710560910393e+00
1.506381387966850616e+00
1.511061689392391161e+00
1.522054821846763106e+00
1.538171878788125335e+00
1.557139615048685588e+00
1.576151576301936474e+00
1.592560193437022598e+00
1.604430172877769900e+00
1.610702075544455436e+00
1.610907547557211439e+00
1.604652310249518044e+00
1.591223795992979584e+00
1.569449862599038514e+00
1.537346099288280588e+00
1.490702965621791831e+00
1.420648705337243412e+00
1.313088718213699657e+00
1.156377700607633230e+00
9.627963833575667874e-01
7.975170249818325230e-01
7.817650440828310954e-01
1.000000000000000000e+00
