1.000000000000000000e+00
1.039167644006580904e+00
1.077820825587734621e+00
1.115183329577540849e+00
1.150241469928388716e+00
1.181849673727062955e+00
1.208883735700110096e+00
1.230401683481341379e+00
1.245774884399506233e+00
1.254763623447963994e+00
1.257528019817293785e+00
1.254581261025790484e+00
1.246703136569849546e+00
1.234835837016586169e+00
1.219981797388248967e+00
1.203117491253332449e+00
1.185130234496518220e+00
1.166779198837099685e+00
1.148677879293012349e+00
1.131293262151160883e+00
1.114956474333441250e+00
1.099880192686666591e+00
1.086179049749058878e+00
1.073890336131485101e+00
1.062993263468105853e+00
1.053425825309827424e+00
1.045098858918946494e+00
1.037907290158495810e+00
1.031738773652021379e+00
1.026480060243235126e+00
1.022021468003617484e+00
1.018259829095357505e+00
1.015100253065358782e+00
1.012457001838405146e+00
1.010253722135734167e+00
1.008423232985697915e+00
1.006907022570146859e+00
1.005654571294640753e+00
1.004622587016722690e+00
1.003774213499580181e+00
1.003078253721544133e+00
1.002508434867452669e+00
1.002042730841681939e+00
1.001662750215557951e+00
1.001353191985236535e+00
1.001101367804469788e+00
1.000896787006868349e+00
1.000730799374424773e+00
1.000596289954827078e+00
1.000487420059094079e+00
1.000399408718579242e+00
1.000328349225386271e+00
1.000271055836699174e+00
1.000224936230745376e+00
1.000187885819859401e+00
1.000158200527992980e+00
1.000134505110556793e+00
1.000115694525181897e+00
1.000100886249875476e+00
1.000089381790076226e+00
1.000080635920972627e+00
1.000074232479688519e+00
1.000069865758225873e+00
1.000067326757204667e+00
1.000066493747538088e+00
1.000067326757204667e+00
1.000069865758225873e+00
1.000074232479688519e+00
1.000080635920972627e+00
1.000089381790076226e+00
1.000100886249875476e+00
1.000115694525181897e+00
1.000134505110556793e+00
1.000158200527992980e+00
1.000187885819859401e+00
1.000224936230745376e+00
1.000271055836699174e+00
1.000328349225386271e+00
1.000399408718579242e+00
1.000487420059094079e+00
1.000596289954827078e+00
1.000730799374424773e+00
1.000896787006868349e+00
1.001101367804469788e+00
1.001353191985236535e+00
1.001662750215557951e+00
1.002042730841681939e+00
1.002508434867452669e+00
1.003078253721544133e+00
1.003774213499580181e+00
1.004622587016722690e+00
1.005654571294640753e+00
1.006907022570146859e+00
1.008423232985697915e+00
1.010253722135733945e+00
1.012457001838405146e+00
1.015100253065358782e+00
1.018259829095357505e+00
1.022021468003617484e+00
1.026480060243234904e+00
1.031738773652021379e+00
1.037907290158495588e+00
1.045098858918946716e+00
1.053425825309827202e+00
1.062993263468105853e+00
1.073890336131484879e+00
1.086179049749058434e+00
1.099880192686667035e+00
1.114956474333440806e+00
1.131293262151160661e+00
1.148677879293012127e+00
1.166779198837099907e+00
1.185130234496517554e+00
1.203117491253331339e+00
1.219981797388248079e+00
1.234835837016585947e+00
1.246703136569848658e+00
1.254581261025789374e+00
1.257528019817293341e+00
1.254763623447962884e+00
1.245774884399505122e+00
1.230401683481340269e+00
1.208883735700109652e+00
1.181849673727063177e+00
1.150241469928387605e+00
1.115183329577540183e+00
1.077820825587734843e+00
1.039167644006580682e+00
1.000000000000000000e+00
