1.000000000000000000e+00
1.020697813601751935e+00
1.041104649431557450e+00
1.060810287752162351e+00
1.079295375362063325e+00
1.095980772505352085e+00
1.110299678011052116e+00
1.121773799063838117e+00
1.130076440420483719e+00
1.135070595477622346e+00
1.136817337804142181e+00
1.135556856869824216e+00
1.131669542405733253e+00
1.125626752373017903e+00
1.117940487436444474e+00
1.109119010399943317e+00
1.099632555604683981e+00
1.089890542795248773e+00
1.080229649206088105e+00
1.070910855929824157e+00
1.062123080986812074e+00
1.053991038908482558e+00
1.046585306079824917e+00
1.039933042158467380e+00
1.034028297319559142e+00
1.028841253228428787e+00
1.024326073511146129e+00
1.020427274224948055e+00
1.017084677697315476e+00
1.014237101061321367e+00
1.011824971369833293e+00
1.009792067721095643e+00
1.008086579643219904e+00
1.006661649132230218e+00
1.005475537475472025e+00
1.004491531335903076e+00
1.003677677870491225e+00
1.003006417086912849e+00
1.002454161616639139e+00
1.002000859537609978e+00
1.001629564494710189e+00
1.001326028700896709e+00
1.001078327986757888e+00
1.000876523455001221e+00
1.000712361091963931e+00
1.000579008554145499e+00
1.000470827008399510e+00
1.000383175140407532e+00
1.000312242087209924e+00
1.000254905966502683e+00
1.000208614772103655e+00
1.000171286611530874e+00
1.000141226528629801e+00
1.000117057447238000e+00
1.000097663068424181e+00
1.000082140839310574e+00
1.000069763377547050e+00
1.000059946977750691e+00
1.000052226043304682e+00
1.000046232479128383e+00
1.000041679250141868e+00
1.000038347458281462e+00
1.000036076420934394e+00
1.000034756348289644e+00
1.000034323319267227e+00
1.000034756348289644e+00
1.000036076420934394e+00
1.000038347458281462e+00
1.000041679250141868e+00
1.000046232479128383e+00
1.000052226043304682e+00
1.000059946977750691e+00
1.000069763377547050e+00
1.000082140839310574e+00
1.000097663068424181e+00
1.000117057447238000e+00
1.000141226528629801e+00
1.000171286611530874e+00
1.000208614772103655e+00
1.000254905966502683e+00
1.000312242087209924e+00
1.000383175140407532e+00
1.000470827008399510e+00
1.000579008554145499e+00
1.000712361091963931e+00
1.000876523455001221e+00
1.001078327986757888e+00
1.001326028700896709e+00
1.001629564494710189e+00
1.002000859537609978e+00
1.002454161616639139e+00
1.003006417086912849e+00
1.003677677870491225e+00
1.004491531335903076e+00
1.005475537475471803e+00
1.006661649132230218e+00
1.008086579643219904e+00
1.009792067721095643e+00
1.011824971369833293e+00
1.014237101061321145e+00
1.017084677697315476e+00
1.020427274224947833e+00
1.024326073511146351e+00
1.028841253228428343e+00
1.034028297319559142e+00
1.039933042158466936e+00
1.046585306079824473e+00
1.053991038908482558e+00
1.062123080986811630e+00
1.070910855929823713e+00
1.080229649206087661e+00
1.089890542795248551e+00
1.099632555604683315e+00
1.109119010399942429e+00
1.117940487436443364e+00
1.125626752373017458e+00
1.131669542405732143e+00
1.135556856869823106e+00
1.136817337804141737e+00
1.135070595477621236e+00
1.130076440420482609e+00
1.121773799063836341e+00
1.110299678011051228e+00
1.095980772505351641e+00
1.079295375362062437e+00
1.060810287752161685e+00
1.041104649431557450e+00
1.020697813601751491e+00
1.000000000000000000e+00
