1.000000000000000000e+00
7.738568822551862292e-01
7.935486091934457198e-01
9.641214056117601849e-01
1.158567898378267902e+00
1.313010813646868780e+00
1.418366783829342559e+00
1.487827002601101123e+00
1.535083901756463698e+00
1.567919199747357606e+00
1.589856173544385909e+00
1.602911890866573374e+00
1.608747212878864685e+00
1.608583708668548828e+00
1.603025536966842246e+00
1.592362022599991933e+00
1.577201221851425306e+00
1.558976703719362478e+00
1.539994400833511579e+00
1.522995598954796970e+00
1.510462786970610427e+00
1.503974842166142745e+00
1.503842748383366068e+00
1.509107682043543175e+00
1.517843125746775712e+00
1.527621897473839585e+00
1.535997490981211522e+00
1.540887643690050046e+00
1.540806406342097645e+00
1.534943632743055897e+00
1.523124336304286564e+00
1.505693131087614045e+00
1.483366402905334169e+00
1.457084320347290296e+00
1.427882368790314382e+00
1.396791386546530900e+00
1.364767505397662894e+00
1.332648929266027071e+00
1.301134446474621509e+00
1.270778140953664481e+00
1.241995241506345327e+00
1.215074923257041473e+00
1.190196840495822750e+00
1.167449059412595913e+00
1.146845802325447083e+00
1.128343997067725146e+00
1.111858059242081032e+00
1.097272645181535777e+00
1.084453325677642965e+00
1.073255268422103503e+00
1.063530100279204360e+00
1.055131164492789431e+00
1.047917404653473383e+00
1.041756105670831767e+00
1.036524708745625079e+00
1.032111897254936350e+00
1.028418127010884753e+00
1.025355749945500383e+00
1.022848856528158379e+00
1.020832940151503943e+00
1.019254466889536470e+00
1.018070416664530020e+00
1.017247846943591716e+00
1.016763517434956965e+00
1.016603603567475922e+00
1.016763517434834840e+00
1.017247846943343248e+00
1.018070416664146993e+00
1.019254466889007338e+00
1.020832940150814494e+00
1.022848856527284633e+00
1.025355749944420580e+00
1.028418127009570027e+00
1.032111897253363608e+00
1.036524708743753687e+00
1.041756105668632193e+00
1.047917404650916984e+00
1.055131164489842455e+00
1.063530100275837942e+00
1.073255268418283670e+00
1.084453325673344626e+00
1.097272645176724959e+00
1.111858059236716878e+00
1.128343997061730386e+00
1.146845802318701812e+00
1.167449059404877643e+00
1.190196840486756669e+00
1.215074923245998084e+00
1.241995241492296786e+00
1.270778140934976985e+00
1.301134446448739101e+00
1.332648929229084844e+00
1.364767505343893683e+00
1.396791386467509888e+00
1.427882368673966340e+00
1.457084320176653014e+00
1.483366402657041005e+00
1.505693130730179741e+00
1.523124335796254503e+00
1.534943632031237737e+00
1.540806405360190201e+00
1.540887642357895437e+00
1.535997489205084943e+00
1.527621895147701858e+00
1.517843122754122254e+00
1.509107678258708285e+00
1.503842743670609217e+00
1.503974836374796009e+00
1.510462779925679122e+00
1.522995590444925051e+00
1.539994390601640228e+00
1.558976691464015074e+00
1.577201207246071935e+00
1.592362005332840447e+00
1.603025516794974070e+00
1.608583685473495839e+00
1.608747186711219967e+00
1.602911861976068053e+00
1.589856142401043559e+00
1.567919167057703955e+00
1.535083868465878743e+00
1.487826969864031179e+00
1.418366752936620845e+00
1.313010785913401035e+00
1.158567875000331870e+00
9.641213875176596337e-01
7.935485969511735238e-01
7.738568761062508683e-01
1.000000000000000000e+00
