1.000000000000000000e+00
8.012214621392337310e-01
8.074458327174802719e-01
9.575980190393882374e-01
1.145845417681097267e+00
1.306087746477562872e+00
1.418997526224514472e+00
1.491710337238579376e+00
1.538195358942779922e+00
1.569293475466492671e+00
1.590717882555270801e+00
1.604524033450084541e+00
1.611003728661947632e+00
1.610019738850792415e+00
1.601834421950485865e+00
1.587593292415381940e+00
1.569456415821261830e+00
1.550333863219371278e+00
1.533301856934112806e+00
1.520909292229405629e+00
1.514619035466250319e+00
1.514553189692567026e+00
1.519581949833907153e+00
1.527678836633816539e+00
1.536402869012301053e+00
1.543367447668180237e+00
1.546597494836055908e+00
1.544732835729105247e+00
1.537084173476067628e+00
1.523577175509968962e+00
1.504629773648755942e+00
1.481003508086734755e+00
1.453658722754492150e+00
1.423631241859796948e+00
1.391938010201926756e+00
1.359512184976058080e+00
1.327164168006428779e+00
1.295563349221046989e+00
1.265235088756492265e+00
1.236568027272129555e+00
1.209827714787347963e+00
1.185173504405772071e+00
1.162676521714150368e+00
1.142337234447536654e+00
1.124101701284337285e+00
1.107875988976013693e+00
1.093538538179085196e+00
1.080950456036045004e+00
1.069963840645108188e+00
1.060428317931698228e+00
1.052196009932171883e+00
1.045125166472443023e+00
1.039082688183074143e+00
1.033945754024611752e+00
1.029602745578397149e+00
1.025953636555399617e+00
1.022909991559968645e+00
1.020394694631335586e+00
1.018341506417467901e+00
1.016694529531342317e+00
1.015407644905859996e+00
1.014443967783381861e+00
1.013775360179334895e+00
1.013382026973412176e+00
1.013252214871594781e+00
1.013382026973316918e+00
1.013775360179140828e+00
1.014443967783083433e+00
1.015407644905442330e+00
1.016694529530794977e+00
1.018341506416770459e+00
1.020394694630465171e+00
1.022909991558896614e+00
1.025953636554098880e+00
1.029602745576823963e+00
1.033945754022726149e+00
1.039082688180832381e+00
1.045125166469787370e+00
1.052196009929037279e+00
1.060428317928002739e+00
1.069963840640754782e+00
1.080950456030903561e+00
1.093538538172988961e+00
1.107875988968716863e+00
1.124101701275498577e+00
1.142337234436653359e+00
1.162676521700490406e+00
1.185173504388254528e+00
1.209827714764385442e+00
1.236568027241394807e+00
1.265235088714586231e+00
1.295563349163066702e+00
1.327164167925350524e+00
1.359512184861915385e+00
1.391938010040743023e+00
1.423631241632219435e+00
1.453658722434071349e+00
1.481003507637901562e+00
1.504629773024483308e+00
1.523577174649324295e+00
1.537084172301872220e+00
1.544732834146040457e+00
1.546597492729657075e+00
1.543367444905007435e+00
1.536402865441323318e+00
1.527678832088435579e+00
1.519581944133307383e+00
1.514553182640568485e+00
1.514619026846061534e+00
1.520909281794336820e+00
1.533301844397411795e+00
1.550333848250007973e+00
1.569456398054678958e+00
1.587593271486510638e+00
1.601834397549921629e+00
1.610019710796131154e+00
1.611003696969762089e+00
1.604523998394359996e+00
1.590717844704347295e+00
1.569293435696379024e+00
1.538195318424913527e+00
1.491710297395936191e+00
1.418997488646548844e+00
1.306087712783636334e+00
1.145845389333653319e+00
9.575979971495460763e-01
8.074458179386628798e-01
8.012214547273041054e-01
1.000000000000000000e+00
