1.000000000000000000e+00
1.078708937197754958e+00
1.157209246378568146e+00
1.234284439218287677e+00
1.307846928980449075e+00
1.375260140652960095e+00
1.433778615931831535e+00
1.481008041632084105e+00
1.515281643568752612e+00
1.535877283762301371e+00
1.543049636378965861e+00
1.537902491827422446e+00
1.522159078217403927e+00
1.497896439752840481e+00
1.467298136265231534e+00
1.432458272451311299e+00
1.395248811228309460e+00
1.357246804516631489e+00
1.319709892505995130e+00
1.283585884791147658e+00
1.249543283060090992e+00
1.218012297668817023e+00
1.189228942465584860e+00
1.163277472141467594e+00
1.140128498883010044e+00
1.119671582379440311e+00
1.101742030836504460e+00
1.086142209979933604e+00
1.072657950187930087e+00
1.061070762002352508e+00
1.051166584690042427e+00
1.042741747153011822e+00
1.035606745160169595e+00
1.029588352193262057e+00
1.024530494228144795e+00
1.020294237676957927e+00
1.016757167563248077e+00
1.013812370938300678e+00
1.011367188572519282e+00
1.009341855414172429e+00
1.007668116206249520e+00
1.006287875859555703e+00
1.005151923554474136e+00
1.004218754005840930e+00
1.003453497901087843e+00
1.002826965359491673e+00
1.002314800637601921e+00
1.001896742620894676e+00
1.001555983405874706e+00
1.001278616099545271e+00
1.001053162538057206e+00
1.000870171717683998e+00
1.000721880161099087e+00
1.000601926078087178e+00
1.000505109927279479e+00
1.000427194776879247e+00
1.000364740652623485e+00
1.000314967820780554e+00
1.000275644665863162e+00
1.000244996478168780e+00
1.000221632062692434e+00
1.000204485620192152e+00
1.000192771837847383e+00
1.000185952567041570e+00
1.000183713867400348e+00
1.000185952567041570e+00
1.000192771837847383e+00
1.000204485620192152e+00
1.000221632062692434e+00
1.000244996478168780e+00
1.000275644665863162e+00
1.000314967820780554e+00
1.000364740652623485e+00
1.000427194776879247e+00
1.000505109927279479e+00
1.000601926078087178e+00
1.000721880161099087e+00
1.000870171717683998e+00
1.001053162538057206e+00
1.001278616099545271e+00
1.001555983405874706e+00
1.001896742620894676e+00
1.002314800637601921e+00
1.002826965359491673e+00
1.003453497901087843e+00
1.004218754005840930e+00
1.005151923554474136e+00
1.006287875859555703e+00
1.007668116206249520e+00
1.009341855414172429e+00
1.011367188572519282e+00
1.013812370938300678e+00
1.016757167563247855e+00
1.020294237676957927e+00
1.024530494228144573e+00
1.029588352193262057e+00
1.035606745160169151e+00
1.042741747153011822e+00
1.051166584690042427e+00
1.061070762002352286e+00
1.072657950187930309e+00
1.086142209979933382e+00
1.101742030836504904e+00
1.119671582379440089e+00
1.140128498883010044e+00
1.163277472141467372e+00
1.189228942465585082e+00
1.218012297668817467e+00
1.249543283060091214e+00
1.283585884791147214e+00
1.319709892505996018e+00
1.357246804516631933e+00
1.395248811228309016e+00
1.432458272451310854e+00
1.467298136265230202e+00
1.497896439752841369e+00
1.522159078217403927e+00
1.537902491827420670e+00
1.543049636378965417e+00
1.535877283762302037e+00
1.515281643568751502e+00
1.481008041632082994e+00
1.433778615931831535e+00
1.375260140652961205e+00
1.307846928980449741e+00
1.234284439218286789e+00
1.157209246378567924e+00
1.078708937197754958e+00
1.000000000000000000e+00
