1.000000000000000000e+00
1.073666481398907635e+00
1.146830368499636821e+00
1.218205590644548808e+00
1.285819196159019295e+00
1.347282310975756792e+00
1.400168457931212806e+00
1.442407972169197583e+00
1.472606559889203970e+00
1.490223213847095440e+00
1.495587091155758719e+00
1.489776483859682976e+00
1.474410688970880345e+00
1.451412154123513432e+00
1.422785968938085288e+00
1.390445416251297583e+00
1.356094060766917409e+00
1.321161463859251484e+00
1.286782260662890476e+00
1.253805982926342821e+00
1.222825838171172741e+00
1.194216990522238397e+00
1.168177576873224766e+00
1.144768104438595113e+00
1.123946765492289668e+00
1.105599549384019831e+00
1.089564911601722530e+00
1.075653285976701401e+00
1.063662004071703526e+00
1.053386300096604611e+00
1.044627092888201769e+00
1.037196191945864543e+00
1.030919500899706742e+00
1.025638707221419477e+00
1.021211862359607370e+00
1.017513177891903986e+00
1.014432293749950142e+00
1.011873215174654783e+00
1.009753065722676091e+00
1.008000763638300823e+00
1.006555697168149077e+00
1.005366449748164248e+00
1.004389607259814410e+00
1.003588665643260214e+00
1.002933047098187425e+00
1.002397226061124247e+00
1.001959961421415191e+00
1.001603628452124806e+00
1.001313642226979495e+00
1.001077963507715607e+00
1.000886677937671720e+00
1.000731639655042970e+00
1.000606170985051113e+00
1.000504810569480929e+00
1.000423103063376118e+00
1.000357424316157706e+00
1.000304836721588764e+00
1.000262970145139096e+00
1.000229924506230272e+00
1.000204190701503570e+00
1.000184587103620126e+00
1.000170209361433526e+00
1.000160391667456850e+00
1.000154678053756241e+00
1.000152802635870142e+00
1.000154678053756241e+00
1.000160391667456850e+00
1.000170209361433526e+00
1.000184587103620126e+00
1.000204190701503570e+00
1.000229924506230272e+00
1.000262970145139096e+00
1.000304836721588764e+00
1.000357424316157706e+00
1.000423103063376118e+00
1.000504810569480929e+00
1.000606170985051113e+00
1.000731639655042970e+00
1.000886677937671720e+00
1.001077963507715607e+00
1.001313642226979495e+00
1.001603628452124806e+00
1.001959961421415191e+00
1.002397226061124247e+00
1.002933047098187425e+00
1.003588665643260214e+00
1.004389607259814410e+00
1.005366449748164248e+00
1.006555697168149077e+00
1.008000763638300823e+00
1.009753065722676091e+00
1.011873215174654783e+00
1.014432293749950142e+00
1.017513177891903986e+00
1.021211862359607148e+00
1.025638707221419477e+00
1.030919500899706298e+00
1.037196191945864543e+00
1.044627092888201769e+00
1.053386300096604611e+00
1.063662004071703748e+00
1.075653285976701179e+00
1.089564911601722974e+00
1.105599549384019609e+00
1.123946765492289668e+00
1.144768104438595113e+00
1.168177576873224766e+00
1.194216990522238842e+00
1.222825838171172519e+00
1.253805982926342377e+00
1.286782260662891586e+00
1.321161463859251706e+00
1.356094060766916964e+00
1.390445416251296917e+00
1.422785968938084178e+00
1.451412154123514098e+00
1.474410688970879679e+00
1.489776483859681644e+00
1.495587091155758497e+00
1.490223213847096106e+00
1.472606559889203082e+00
1.442407972169196695e+00
1.400168457931212584e+00
1.347282310975757902e+00
1.285819196159019739e+00
1.218205590644548364e+00
1.146830368499636821e+00
1.073666481398907635e+00
1.000000000000000000e+00
