1.000000000000000000e+00
8.785254089047893622e-01
8.674113442571986798e-01
9.606979852469428316e-01
1.110166431700877476e+00
1.267377209067450217e+00
1.401026897105817959e+00
1.498680740609939388e+00
1.561061198891284141e+00
1.595012340636711601e+00
1.608480578803079375e+00
1.608251745934157872e+00
1.599623184780436302e+00
1.586822886011259426e+00
1.573360606225855829e+00
1.562042108319164235e+00
1.554754043451641810e+00
1.552251788802572641e+00
1.554126679124436805e+00
1.559003366308640004e+00
1.564908472186925747e+00
1.569698626775232642e+00
1.571439962892071218e+00
1.568670229302191466e+00
1.560522493852649184e+00
1.546727065416341196e+00
1.527528235926713940e+00
1.503556212813268234e+00
1.475687996200370833e+00
1.444920110026161053e+00
1.412265416411202290e+00
1.378677950457325441e+00
1.345004360998808046e+00
1.311957747969213717e+00
1.280108722646426056e+00
1.249888667140625076e+00
1.221600879325406730e+00
1.195436191898078260e+00
1.171490538973182893e+00
1.149782710020509580e+00
1.130271146081572198e+00
1.112869100479803919e+00
1.097457825478205695e+00
1.083897682175182675e+00
1.072037227043656893e+00
1.061720425230479270e+00
1.052792194433156414e+00
1.045102506594105307e+00
1.038509277461141522e+00
1.032880263463209047e+00
1.028094166638868323e+00
1.024041125359902216e+00
1.020622744020810657e+00
1.017751790568018233e+00
1.015351667925627144e+00
1.013355744756391674e+00
1.011706612940317163e+00
1.010355323765400826e+00
1.009260642037124622e+00
1.008388346942049152e+00
1.007710600296606307e+00
1.007205396491496652e+00
1.006856103712866046e+00
1.006651102596464620e+00
1.006583526079215751e+00
1.006651102598462355e+00
1.006856103716963657e+00
1.007205396497907968e+00
1.007710600305655513e+00
1.008388346954200987e+00
1.009260642052998147e+00
1.010355323785802062e+00
1.011706612966275287e+00
1.013355744789216972e+00
1.015351667966964522e+00
1.017751790619933594e+00
1.020622744085895484e+00
1.024041125441390587e+00
1.028094166740804782e+00
1.032880263590643111e+00
1.038509277620388138e+00
1.045102506793057717e+00
1.052792194681688276e+00
1.061720425540959578e+00
1.072037227431597461e+00
1.083897682660066364e+00
1.097457826084551558e+00
1.112869101238522340e+00
1.130271147031729484e+00
1.149782711211582376e+00
1.171490540467992947e+00
1.195436193776595823e+00
1.221600881689681284e+00
1.249888670121181100e+00
1.280108726410556841e+00
1.311957752731701898e+00
1.345004367035684600e+00
1.378677958123478930e+00
1.412265426162581772e+00
1.444920122447503896e+00
1.475688012039120922e+00
1.503556233020092003e+00
1.527528261702371326e+00
1.546727098263515732e+00
1.560522535629812690e+00
1.568670282274395200e+00
1.571440029771133506e+00
1.569698710739317216e+00
1.564908576867420020e+00
1.559003495731079214e+00
1.554126837589691501e+00
1.552251980694648870e+00
1.554754272958480232e+00
1.562042379053979690e+00
1.573360920741939450e+00
1.586823245218745404e+00
1.599623587304446648e+00
1.608252187498836250e+00
1.608481051771823100e+00
1.595012833861598756e+00
1.561061698001507070e+00
1.498681228793539155e+00
1.401027356327124940e+00
1.267377621540575650e+00
1.110166781340886644e+00
9.606982587941204077e-01
8.674115318712001255e-01
8.785255042426655114e-01
1.000000000000000000e+00
