1.000000000000000000e+00
7.673824828216169180e-01
7.910399641667708037e-01
9.663235391270428298e-01
1.161370904301241902e+00
1.313820397360828007e+00
1.417478735029477743e+00
1.486734763536366577e+00
1.534758074981817044e+00
1.568307482471192005e+00
1.590314259710639000e+00
1.602853690795354336e+00
1.608047662584457971e+00
1.607612122374945107e+00
1.602402685652104974e+00
1.592618250906099986e+00
1.578507051689885587e+00
1.561051131040285256e+00
1.542203575923363212e+00
1.524576643355190164e+00
1.510772723686182539e+00
1.502676363421920236e+00
1.500979656030572817e+00
1.505069538007865138e+00
1.513252525115206248e+00
1.523191093107218341e+00
1.532396065637771532e+00
1.538647417132307904e+00
1.540272371661604245e+00
1.536266345926644794e+00
1.526282043139303157e+00
1.510530342872268506e+00
1.489637619393858747e+00
1.464495073117943136e+00
1.436123247049459817e+00
1.405563456483990503e+00
1.373799341528516349e+00
1.341706451636217601e+00
1.310025128974487085e+00
1.279351152750975995e+00
1.250138886171210828e+00
1.222712469620444553e+00
1.197281566431799948e+00
1.173959089511289022e+00
1.152779125405180016e+00
1.133713899916306778e+00
1.116689103398347704e+00
1.101597236587480655e+00
1.088308875357452576e+00
1.076681909631764134e+00
1.066568908662004267e+00
1.057822818648898489e+00
1.050301222127921763e+00
1.043869391400752411e+00
1.038402357804855791e+00
1.033786200074381600e+00
1.029918732270288073e+00
1.026709747426340247e+00
1.024080948988512318e+00
1.021965679480951739e+00
1.020308535283211748e+00
1.019064938254638619e+00
1.018200719229390039e+00
1.017691754975188489e+00
1.017523688774678803e+00
1.017691754975059704e+00
1.018200719229127360e+00
1.019064938254233832e+00
1.020308535282653306e+00
1.021965679480222766e+00
1.024080948987590833e+00
1.026709747425202046e+00
1.029918732268904735e+00
1.033786200072729367e+00
1.038402357802894471e+00
1.043869391398453805e+00
1.050301222125259004e+00
1.057822818645840490e+00
1.066568908658528603e+00
1.076681909627846379e+00
1.088308875353079186e+00
1.101597236582637862e+00
1.116689103393018634e+00
1.133713899910448797e+00
1.152779125398720517e+00
1.173959089504069686e+00
1.197281566423528565e+00
1.222712469610601094e+00
1.250138886158911111e+00
1.279351152734773178e+00
1.310025128952068574e+00
1.341706451604033346e+00
1.373799341481210412e+00
1.405563456413674084e+00
1.436123246944762233e+00
1.464495072962832101e+00
1.489637619166202631e+00
1.510530342542227844e+00
1.526282042667622463e+00
1.536266345263060495e+00
1.540272370743662078e+00
1.538647415884814240e+00
1.532396063973210376e+00
1.523191090927004110e+00
1.513252522311299364e+00
1.505069534463570280e+00
1.500979651618886024e+00
1.502676357999916279e+00
1.510772717085225203e+00
1.524576635369342847e+00
1.542203566301605822e+00
1.561051119490244554e+00
1.578507037899558263e+00
1.592618234584320058e+00
1.602402666580194479e+00
1.607612100456311977e+00
1.608047637881307113e+00
1.602853663551921493e+00
1.590314230371147941e+00
1.568307451696892674e+00
1.534758043656260007e+00
1.486734732738643983e+00
1.417478705965351748e+00
1.313820371258280106e+00
1.161370882281025807e+00
9.663235220666700487e-01
7.910399526124960445e-01
7.673824770140752483e-01
1.000000000000000000e+00
