1.000000000000000000e+00
8.726278243864483697e-01
8.614121133530859842e-01
9.580019163482970113e-01
1.110574947193740725e+00
1.268806080785598756e+00
1.401495894726428437e+00
1.497384529824890009e+00
1.558406457318299854e+00
1.592048451071377935e+00
1.606227936702721903e+00
1.607250820219717102e+00
1.599801514098371680e+00
1.587622224165006424e+00
1.574002019472279690e+00
1.561807279256424374e+00
1.553195469377325111e+00
1.549290350633489632e+00
1.550037352520480471e+00
1.554319407896269434e+00
1.560287252944063230e+00
1.565789722828064834e+00
1.568783526237508941e+00
1.567637861896017837e+00
1.561299401122084651e+00
1.549325999611875115e+00
1.531822819066368524e+00
1.509322191243069433e+00
1.482643920522265235e+00
1.452762299169044091e+00
1.420694929531945983e+00
1.387419302272887123e+00
1.353816890950012342e+00
1.320641077942233954e+00
1.288503834233419187e+00
1.257875987109184912e+00
1.229096515762636788e+00
1.202387196363662758e+00
1.177869825789814140e+00
1.155584060782192779e+00
1.135504569009543330e+00
1.117556696469683697e+00
1.101630228774303610e+00
1.087591086381397343e+00
1.075290970161787429e+00
1.064575085246806330e+00
1.055288135425092921e+00
1.047278811163052881e+00
1.040403002084915540e+00
1.034525957303484622e+00
1.029523600125043181e+00
1.025283181561047918e+00
1.021703432755406649e+00
1.018694351944706034e+00
1.016176738276896252e+00
1.014081563560653487e+00
1.012349254253681829e+00
1.010928939891656109e+00
1.009777710683323004e+00
1.008859915993558731e+00
1.008146526668662668e+00
1.007614577347909268e+00
1.007246699758313380e+00
1.007030754212033141e+00
1.006959563837569682e+00
1.007030754209990553e+00
1.007246699754124952e+00
1.007614577341367390e+00
1.008146526659434050e+00
1.008859915981184852e+00
1.009777710667186357e+00
1.010928939870957555e+00
1.012349254227398188e+00
1.014081563527498675e+00
1.016176738235250898e+00
1.018694351892549754e+00
1.021703432690226121e+00
1.025283181479713868e+00
1.029523600023673158e+00
1.034525957177259814e+00
1.040403001927863835e+00
1.047278810967770424e+00
1.055288135182400611e+00
1.064575084945325489e+00
1.075290969787406237e+00
1.087591085916604916e+00
1.101630228197360450e+00
1.117556695753570750e+00
1.135504568120654145e+00
1.155584059678661069e+00
1.177869824419415901e+00
1.202387194661158398e+00
1.229096513646381617e+00
1.257875984476831466e+00
1.288503830956445162e+00
1.320641073859001313e+00
1.353816885856932162e+00
1.387419295913298267e+00
1.420694921582093206e+00
1.452762289220652869e+00
1.482643908061080928e+00
1.509322175622881845e+00
1.531822799478309349e+00
1.549325975049235637e+00
1.561299370341838078e+00
1.567637823379501860e+00
1.568783478154625266e+00
1.565789663011683208e+00
1.560287178883892789e+00
1.554319316763870029e+00
1.550037241238547026e+00
1.549290216002540133e+00
1.553195308270815422e+00
1.561807088891292050e+00
1.574001797755934628e+00
1.587621970111575243e+00
1.599801228294344124e+00
1.607250505298530641e+00
1.606227597756477721e+00
1.592048095889993853e+00
1.558406096319620016e+00
1.497384175554523189e+00
1.401495560895103187e+00
1.268805780973195629e+00
1.110574693520489653e+00
9.580017184807874120e-01
8.614119780934800241e-01
8.726277558305677307e-01
1.000000000000000000e+00
