1.000000000000000000e+00
1.067959646868085422e+00
1.135305845734178920e+00
1.200785246324546751e+00
1.262578210000193435e+00
1.318531157244742236e+00
1.366484997334443063e+00
1.404617416757315995e+00
1.431718208598284248e+00
1.447341572461154913e+00
1.451817983359329878e+00
1.446145673623443484e+00
1.431805620031453063e+00
1.410549837377947480e+00
1.384204234361251284e+00
1.354511645189632185e+00
1.323024839010529252e+00
1.291047466641321861e+00
1.259614199956632596e+00
1.229498987645804453e+00
1.201240884260499575e+00
1.175178866391851651e+00
1.151489401664549606e+00
1.130222698888875943e+00
1.111335294296439846e+00
1.094717877780709170e+00
1.080218093562030024e+00
1.067658554910634772e+00
1.056850584788080472e+00
1.047604310348899670e+00
1.039735757258746451e+00
1.033071550866381916e+00
1.027451763102652516e+00
1.022731364358381079e+00
1.018780659360540852e+00
1.015485011375571567e+00
1.012744093000374823e+00
1.010470845488510294e+00
1.008590281955769052e+00
1.007038232200910155e+00
1.005760097217034854e+00
1.004709658590052124e+00
1.003847970727980377e+00
1.003142351169626689e+00
1.002565475139299389e+00
1.002094574238312497e+00
1.001710735024192500e+00
1.001398290679621050e+00
1.001144297582452269e+00
1.000938088017833794e+00
1.000770890264727209e+00
1.000635507647963829e+00
1.000526048730570272e+00
1.000437701526633250e+00
1.000366545370873883e+00
1.000309394838716059e+00
1.000263670839153241e+00
1.000227294683455392e+00
1.000198601556540279e+00
1.000176270381477162e+00
1.000159267572375388e+00
1.000146802620801800e+00
1.000138293861872141e+00
1.000133343124784302e+00
1.000131718296587646e+00
1.000133343124784302e+00
1.000138293861872141e+00
1.000146802620801800e+00
1.000159267572375388e+00
1.000176270381477162e+00
1.000198601556540279e+00
1.000227294683455392e+00
1.000263670839153241e+00
1.000309394838716059e+00
1.000366545370873883e+00
1.000437701526633250e+00
1.000526048730570272e+00
1.000635507647963829e+00
1.000770890264727209e+00
1.000938088017833794e+00
1.001144297582452269e+00
1.001398290679621050e+00
1.001710735024192500e+00
1.002094574238312497e+00
1.002565475139299389e+00
1.003142351169626689e+00
1.003847970727980377e+00
1.004709658590052124e+00
1.005760097217034854e+00
1.007038232200910155e+00
1.008590281955769052e+00
1.010470845488510294e+00
1.012744093000374823e+00
1.015485011375571567e+00
1.018780659360540630e+00
1.022731364358381079e+00
1.027451763102652293e+00
1.033071550866381916e+00
1.039735757258746451e+00
1.047604310348899670e+00
1.056850584788080694e+00
1.067658554910634550e+00
1.080218093562030468e+00
1.094717877780708948e+00
1.111335294296439846e+00
1.130222698888875721e+00
1.151489401664549606e+00
1.175178866391852317e+00
1.201240884260499353e+00
1.229498987645804009e+00
1.259614199956633041e+00
1.291047466641322083e+00
1.323024839010528808e+00
1.354511645189631519e+00
1.384204234361250174e+00
1.410549837377947924e+00
1.431805620031452841e+00
1.446145673623442596e+00
1.451817983359329656e+00
1.447341572461155357e+00
1.431718208598283359e+00
1.404617416757315107e+00
1.366484997334442619e+00
1.318531157244742902e+00
1.262578210000193657e+00
1.200785246324546529e+00
1.135305845734179142e+00
1.067959646868085200e+00
1.000000000000000000e+00
