1.000000000000000000e+00
1.028151343785198124e+00
1.055915350365495442e+00
1.082733030587682999e+00
1.107888784850583619e+00
1.130580852671887460e+00
1.150024049895610911e+00
1.165558003263084341e+00
1.176736197279790286e+00
1.183378719777922417e+00
1.185582232829716531e+00
1.183691052778501840e+00
1.178240516853759967e+00
1.169886801046210900e+00
1.159336414174210850e+00
1.147285135655832233e+00
1.134371832011386694e+00
1.121148661432367799e+00
1.108066342415364947e+00
1.095471568884200053e+00
1.083613106999606002e+00
1.072653277178216458e+00
1.062682082545066686e+00
1.053731940470931994e+00
1.045791646021643206e+00
1.038818761846153294e+00
1.032750059842072465e+00
1.027509940212967043e+00
1.023016943616883001e+00
1.019188577439801957e+00
1.015944722219600083e+00
1.013209889451770707e+00
1.010914583311763870e+00
1.008995987691603258e+00
1.007398164123776807e+00
1.006071910534767300e+00
1.004974398123420487e+00
1.004068675344670591e+00
1.003323104410443589e+00
1.002710776745483923e+00
1.002208938999288756e+00
1.001798449924784284e+00
1.001463280071686279e+00
1.001190060225162881e+00
1.000967680332899956e+00
1.000786937869577509e+00
1.000640232829957954e+00
1.000521305535662098e+00
1.000425012965229676e+00
1.000347139203756841e+00
1.000284235732198379e+00
1.000233487545560962e+00
1.000192601439199747e+00
1.000159713187725341e+00
1.000133310731966763e+00
1.000112170866520822e+00
1.000095307272580003e+00
1.000081928061895553e+00
1.000071401286052986e+00
1.000063227120943310e+00
1.000057015661581339e+00
1.000052469460130489e+00
1.000049370113666569e+00
1.000047568361630113e+00
1.000046977289773764e+00
1.000047568361630113e+00
1.000049370113666569e+00
1.000052469460130489e+00
1.000057015661581339e+00
1.000063227120943310e+00
1.000071401286052986e+00
1.000081928061895553e+00
1.000095307272580003e+00
1.000112170866520822e+00
1.000133310731966763e+00
1.000159713187725341e+00
1.000192601439199747e+00
1.000233487545560962e+00
1.000284235732198379e+00
1.000347139203756841e+00
1.000425012965229676e+00
1.000521305535662098e+00
1.000640232829957954e+00
1.000786937869577509e+00
1.000967680332899956e+00
1.001190060225162881e+00
1.001463280071686279e+00
1.001798449924784284e+00
1.002208938999288756e+00
1.002710776745483923e+00
1.003323104410443589e+00
1.004068675344670591e+00
1.004974398123420487e+00
1.006071910534767300e+00
1.007398164123776585e+00
1.008995987691603258e+00
1.010914583311763870e+00
1.013209889451770707e+00
1.015944722219600083e+00
1.019188577439801735e+00
1.023016943616883001e+00
1.027509940212966821e+00
1.032750059842072687e+00
1.038818761846152849e+00
1.045791646021643206e+00
1.053731940470931550e+00
1.062682082545066242e+00
1.072653277178216680e+00
1.083613106999605558e+00
1.095471568884199609e+00
1.108066342415364725e+00
1.121148661432367799e+00
1.134371832011386250e+00
1.147285135655831345e+00
1.159336414174209740e+00
1.169886801046210900e+00
1.178240516853758857e+00
1.183691052778500952e+00
1.185582232829716309e+00
1.183378719777921306e+00
1.176736197279789176e+00
1.165558003263082787e+00
1.150024049895610245e+00
1.130580852671887238e+00
1.107888784850582731e+00
1.082733030587682332e+00
1.055915350365495664e+00
1.028151343785197902e+00
1.000000000000000000e+00
