1.000000000000000000e+00
8.784461031798621589e-01
8.669181633677325305e-01
9.596095021254482660e-01
1.108532801835252490e+00
1.265381461066114932e+00
1.398863877744080941e+00
1.496485706567170171e+00
1.558898184839461187e+00
1.592899831087644547e+00
1.606425882837247299e+00
1.606274871405890092e+00
1.597763886322422389e+00
1.585133788148004763e+00
1.571893279024839218e+00
1.560832999920648279e+00
1.553815092580046020e+00
1.551567785525047372e+00
1.553658960115227083e+00
1.558697779083572099e+00
1.564704925556253512e+00
1.569539837339783750e+00
1.571277853982257833e+00
1.568469420440001816e+00
1.560261112761365698e+00
1.546395572118438588e+00
1.527127079763590967e+00
1.503093048629707829e+00
1.475174984286970581e+00
1.444371608296218357e+00
1.411696195043236290e+00
1.378101936820654627e+00
1.344433852736842239e+00
1.311403001985704808e+00
1.279577823351936150e+00
1.249387587020660995e+00
1.221133660555196787e+00
1.195005194411918215e+00
1.171096715526485310e+00
1.149425881318247633e+00
1.129950258819397035e+00
1.112582458415043218e+00
1.097203288840805868e+00
1.083672834286066866e+00
1.071839509325908768e+00
1.061547243204447932e+00
1.052640998038234965e+00
1.044970848475555769e+00
1.038394852848794958e+00
1.032780935060543470e+00
1.028007977616414603e+00
1.023966303164000502e+00
1.020557697307886036e+00
1.017695101183037298e+00
1.015302079478581643e+00
1.013312149022484343e+00
1.011668035022566858e+00
1.010320906713464195e+00
1.009229631411514783e+00
1.008360075645369003e+00
1.007684473858799779e+00
1.007180878890112874e+00
1.006832703727666534e+00
1.006628360636517172e+00
1.006561001376601538e+00
1.006628360633207597e+00
1.006832703720879074e+00
1.007180878879508024e+00
1.007684473843838191e+00
1.008360075625301722e+00
1.009229631385337722e+00
1.010320906679873509e+00
1.011668034979895658e+00
1.013312148968631421e+00
1.015302079410903557e+00
1.017695101098230470e+00
1.020557697201837088e+00
1.023966303031583758e+00
1.028007977451263155e+00
1.032780934854745425e+00
1.038394852592533057e+00
1.044970848156642429e+00
1.052640997641538734e+00
1.061547242711182726e+00
1.071839508712738365e+00
1.083672833523982915e+00
1.097203287893725454e+00
1.112582457238027844e+00
1.129950257356423515e+00
1.149425879499362591e+00
1.171096713264207168e+00
1.195005191596658856e+00
1.221133657049423116e+00
1.249387582651441120e+00
1.279577817901432324e+00
1.311402995179055786e+00
1.344433844226718300e+00
1.378101926167732971e+00
1.411696181691563634e+00
1.444371591542527478e+00
1.475174963242873893e+00
1.503093022175967297e+00
1.527127046496154161e+00
1.546395530286831743e+00
1.560261060201698635e+00
1.568469354507165070e+00
1.571277771489204111e+00
1.569539734515809748e+00
1.564704798040492451e+00
1.558697621973869962e+00
1.553658768094795528e+00
1.551567553089147511e+00
1.553814814381287102e+00
1.560832671244365866e+00
1.571892896394882166e+00
1.585133350046879386e+00
1.597763393984718894e+00
1.606274329606363294e+00
1.606425300544203960e+00
1.592899221799134457e+00
1.558897566392266620e+00
1.496485100249620670e+00
1.398863306691431774e+00
1.265380948161399344e+00
1.108532367584025069e+00
9.596091630567875619e-01
8.669179313241272000e-01
8.784459854662917122e-01
1.000000000000000000e+00
