1.000000000000000000e+00
8.634039866938975072e-01
8.534994882060247257e-01
9.571492431611163809e-01
1.115853445344969330e+00
1.276053690630901238e+00
1.406996824020035453e+00
1.499690266529534632e+00
1.558263938385842096e+00
1.591317495385674352e+00
1.606695506862714673e+00
1.609862432978292013e+00
1.604433708410782033e+00
1.593284398947661940e+00
1.579272560812164716e+00
1.565314508740863531e+00
1.554000831203567357e+00
1.547094728705547650e+00
1.545196115313880680e+00
1.547704056765423664e+00
1.553061092788762254e+00
1.559168926665049026e+00
1.563838808173096506e+00
1.565166216818491884e+00
1.561770487272504226e+00
1.552890394741350821e+00
1.538361422854980676e+00
1.518515781133870091e+00
1.494046128707815946e+00
1.465865091889813732e+00
1.434981052481249630e+00
1.402400185391684095e+00
1.369057026960412760e+00
1.335771152596167521e+00
1.303225274111201593e+00
1.271959458740056226e+00
1.242376525737894921e+00
1.214754479513825425e+00
1.189262764763308278e+00
1.165980000508769487e+00
1.144911586920542179e+00
1.126006160612684770e+00
1.109170310470140253e+00
1.094281279284607944e+00
1.081197591696690941e+00
1.069767689384529374e+00
1.059836739623160939e+00
1.051251828811005984e+00
1.043865770304457374e+00
1.037539754958878735e+00
1.032145059856841129e+00
1.027564010722503918e+00
1.023690370005664763e+00
1.020429298046640509e+00
1.017697010781078992e+00
1.015420235183484898e+00
1.013535543700589514e+00
1.011988631580721387e+00
1.010733586318900867e+00
1.009732186304724166e+00
1.008953255974706753e+00
1.008372097066155160e+00
1.007970009651605992e+00
1.007733912198523818e+00
1.007656066652930171e+00
1.007733912201807414e+00
1.007970009658341937e+00
1.008372097076691176e+00
1.008953255989576636e+00
1.009732186324690417e+00
1.010733586344975121e+00
1.011988631614224587e+00
1.013535543743209200e+00
1.015420235237364466e+00
1.017697010848909844e+00
1.020429298131801721e+00
1.023690370112390280e+00
1.027564010856075516e+00
1.032145060023859973e+00
1.037539755167580013e+00
1.043865770565127304e+00
1.051251829136488292e+00
1.059836740029509228e+00
1.069767689891826690e+00
1.081197592330088719e+00
1.094281280075652285e+00
1.109170311458466784e+00
1.126006161848182696e+00
1.144911588466142938e+00
1.165980002444028774e+00
1.189262767189035896e+00
1.214754482558085824e+00
1.242376529563758547e+00
1.271959463555649927e+00
1.303225280182696233e+00
1.335771160264547897e+00
1.369057036662980176e+00
1.402400197689499306e+00
1.434981068093737600e+00
1.465865111737903570e+00
1.494046153966706925e+00
1.518515813296048567e+00
1.538361463803182394e+00
1.552890446829425120e+00
1.561770553409821405e+00
1.565166300550291822e+00
1.563838913745454029e+00
1.559169059059298812e+00
1.553061257706784160e+00
1.547704260544786825e+00
1.545196364750260232e+00
1.547095030758897094e+00
1.554001192563880585e+00
1.565314935231188809e+00
1.579273056615907223e+00
1.593284965673401832e+00
1.604434344057850570e+00
1.609863130938057552e+00
1.606696255163402975e+00
1.591318276426487710e+00
1.558264729373568080e+00
1.499691040714332235e+00
1.406997552645986138e+00
1.276054345312067184e+00
1.115854000409690627e+00
9.571496774644826511e-01
8.534997860800007663e-01
8.634041380590902204e-01
1.000000000000000000e+00
