1.000000000000000000e+00
1.010227218027043516e+00
1.036237305044363399e+00
1.083235481562499158e+00
1.149506900062448045e+00
1.229343875409920184e+00
1.315387812754808428e+00
1.400409965556676184e+00
1.478468926299858710e+00
1.545431190910647068e+00
1.598965480106297576e+00
1.638217586684611371e+00
1.663381463199747889e+00
1.675316578988026883e+00
1.675272919884305711e+00
1.664718307372321737e+00
1.645233707535749934e+00
1.618442515035718676e+00
1.585952977011217291e+00
1.549306275927048393e+00
1.509930855199763222e+00
1.469106216850395219e+00
1.427938723651515751e+00
1.387350029353973113e+00
1.348076980406304415e+00
1.310680721795373316e+00
1.275562330380601628e+00
1.242982403297190563e+00
1.213082421408272271e+00
1.185906208615934432e+00
1.161420302408855187e+00
1.139532480185369234e+00
1.120108028326943783e+00
1.102983597138869287e+00
1.087978665378999787e+00
1.074904757329009586e+00
1.063572627185543684e+00
1.053797662155292691e+00
1.045403767025635977e+00
1.038225987044106180e+00
1.032112108756137570e+00
1.026923454611871955e+00
1.022535060052060851e+00
1.018835393860090033e+00
1.015725755508476658e+00
1.013119458129897899e+00
1.010940883248404365e+00
1.009124473816460421e+00
1.007613715472009286e+00
1.006360142139933966e+00
1.005322390927438025e+00
1.004465322415539097e+00
1.003759215615984024e+00
1.003179041730788645e+00
1.002703817124794838e+00
1.002316033331120071e+00
1.002001160220066467e+00
1.001747217472609641e+00
1.001544409043048978e+00
1.001384815235460968e+00
1.001262137247291850e+00
1.001171489466464060e+00
1.001109235382449336e+00
1.001072863639086430e+00
1.001060901484689181e+00
1.001072863639086430e+00
1.001109235382449336e+00
1.001171489466464060e+00
1.001262137247291850e+00
1.001384815235460968e+00
1.001544409043048978e+00
1.001747217472609641e+00
1.002001160220066467e+00
1.002316033331120071e+00
1.002703817124794838e+00
1.003179041730788645e+00
1.003759215615984024e+00
1.004465322415539097e+00
1.005322390927438025e+00
1.006360142139933966e+00
1.007613715472009286e+00
1.009124473816460421e+00
1.010940883248404587e+00
1.013119458129897899e+00
1.015725755508476658e+00
1.018835393860090033e+00
1.022535060052060851e+00
1.026923454611871733e+00
1.032112108756137570e+00
1.038225987044106402e+00
1.045403767025635977e+00
1.053797662155292691e+00
1.063572627185543684e+00
1.074904757329009364e+00
1.087978665378999565e+00
1.102983597138869287e+00
1.120108028326942673e+00
1.139532480185369012e+00
1.161420302408854965e+00
1.185906208615934654e+00
1.213082421408272715e+00
1.242982403297189675e+00
1.275562330380602072e+00
1.310680721795372872e+00
1.348076980406304637e+00
1.387350029353972891e+00
1.427938723651515751e+00
1.469106216850397217e+00
1.509930855199764110e+00
1.549306275927047505e+00
1.585952977011219067e+00
1.618442515035719120e+00
1.645233707535750156e+00
1.664718307372321959e+00
1.675272919884305045e+00
1.675316578988029770e+00
1.663381463199750554e+00
1.638217586684612925e+00
1.598965480106298687e+00
1.545431190910647956e+00
1.478468926299861153e+00
1.400409965556677072e+00
1.315387812754809316e+00
1.229343875409922626e+00
1.149506900062450043e+00
1.083235481562499603e+00
1.036237305044362955e+00
1.010227218027042184e+00
1.000000000000000000e+00
