1.000000000000000000e+00
1.005374360861848171e+00
1.010670997275421756e+00
1.015784387477697281e+00
1.020583442791168416e+00
1.024923138473101236e+00
1.028661558938547271e+00
1.031677982278937478e+00
1.033888070061304232e+00
1.035253405954631889e+00
1.035784207346401420e+00
1.035535581989902143e+00
1.034598855147436769e+00
1.033090070870958055e+00
1.031137787988762877e+00
1.028871898684270425e+00
1.026414600129568866e+00
1.023874033055206745e+00
1.021340591028869982e+00
1.018885557961461963e+00
1.016561551361555127e+00
1.014404204262058684e+00
1.012434565853277846e+00
1.010661797490699287e+00
1.009085853752691442e+00
1.007699945645398110e+00
1.006492673028518636e+00
1.005449781581269963e+00
1.004555546713405967e+00
1.003793815898652575e+00
1.003148756062089975e+00
1.002605357927301322e+00
1.002149748086506031e+00
1.001769354698418546e+00
1.001452966091464836e+00
1.001190714455315600e+00
1.000974010036562722e+00
1.000795445242354642e+00
1.000648682976823078e+00
1.000528339409519019e+00
1.000429868132990174e+00
1.000349450193988021e+00
1.000283892650975615e+00
1.000230536994173747e+00
1.000187177850376807e+00
1.000151991786733419e+00
1.000123475646585769e+00
1.000100393633136076e+00
1.000081732254479716e+00
1.000066662219276648e+00
1.000054506398698528e+00
1.000044713027421261e+00
1.000036833390345548e+00
1.000030503322765441e+00
1.000025427933551425e+00
1.000021369039523655e+00
1.000018134872316944e+00
1.000015571685388904e+00
1.000013556948214699e+00
1.000011993867113702e+00
1.000010807018161030e+00
1.000009938917848507e+00
1.000009347392342818e+00
1.000009003637158944e+00
1.000008890886591617e+00
1.000009003637158944e+00
1.000009347392342818e+00
1.000009938917848507e+00
1.000010807018161030e+00
1.000011993867113702e+00
1.000013556948214699e+00
1.000015571685388904e+00
1.000018134872316944e+00
1.000021369039523655e+00
1.000025427933551425e+00
1.000030503322765441e+00
1.000036833390345548e+00
1.000044713027421261e+00
1.000054506398698528e+00
1.000066662219276648e+00
1.000081732254479716e+00
1.000100393633136076e+00
1.000123475646585769e+00
1.000151991786733419e+00
1.000187177850376807e+00
1.000230536994173747e+00
1.000283892650975615e+00
1.000349450193988021e+00
1.000429868132990174e+00
1.000528339409519019e+00
1.000648682976823078e+00
1.000795445242354642e+00
1.000974010036562722e+00
1.001190714455315600e+00
1.001452966091464614e+00
1.001769354698418546e+00
1.002149748086506031e+00
1.002605357927301322e+00
1.003148756062089975e+00
1.003793815898652353e+00
1.004555546713405967e+00
1.005449781581269741e+00
1.006492673028518636e+00
1.007699945645397888e+00
1.009085853752691220e+00
1.010661797490698843e+00
1.012434565853277402e+00
1.014404204262058462e+00
1.016561551361554683e+00
1.018885557961461297e+00
1.021340591028869538e+00
1.023874033055205857e+00
1.026414600129567978e+00
1.028871898684269315e+00
1.031137787988761545e+00
1.033090070870956945e+00
1.034598855147435215e+00
1.035535581989901033e+00
1.035784207346400754e+00
1.035253405954630557e+00
1.033888070061302678e+00
1.031677982278935257e+00
1.028661558938546161e+00
1.024923138473100570e+00
1.020583442791167528e+00
1.015784387477696615e+00
1.010670997275421534e+00
1.005374360861847727e+00
1.000000000000000000e+00
