1.000000000000000000e+00
7.504403018543508441e-01
7.859664351221579137e-01
9.731372198248904315e-01
1.168131014101041920e+00
1.314499366715649931e+00
1.414082120262426745e+00
1.483665210810131585e+00
1.534343461098994110e+00
1.570034327241504268e+00
1.592240035624922445e+00
1.603249479897798313e+00
1.606352176488446082e+00
1.604580877536578187e+00
1.599641090537566868e+00
1.591789875428212708e+00
1.580562668180711894e+00
1.565787839924864144e+00
1.548304033223235399e+00
1.530065892188451127e+00
1.513674148769507344e+00
1.501611105445269434e+00
1.495524017321618215e+00
1.495805964642137775e+00
1.501561397456850466e+00
1.510895447370723677e+00
1.521381820664459594e+00
1.530552207080664529e+00
1.536290005658262459e+00
1.537071448858672085e+00
1.532051595898350049e+00
1.521027424236927272e+00
1.504323695255770810e+00
1.482644942238328323e+00
1.456926370720563080e+00
1.428203887732842681e+00
1.397512596821235853e+00
1.365815364756280959e+00
1.333958483585563126e+00
1.302649340143631873e+00
1.272450534337298267e+00
1.243785343263099419e+00
1.216950299218435338e+00
1.192131618308207130e+00
1.169423112472426141e+00
1.148843968484983824e+00
1.130355366604911316e+00
1.113875351578824668e+00
1.099291683581168355e+00
1.086472612530040349e+00
1.075275659788451632e+00
1.065554576367013118e+00
1.057164692091510538e+00
1.049966887852406661e+00
1.043830422088315224e+00
1.038634829788866787e+00
1.034271092429576822e+00
1.030642253873355951e+00
1.027663632826685935e+00
1.025262758549058573e+00
1.023379134193300954e+00
1.021963911949607118e+00
1.020979546281538974e+00
1.020399475929966160e+00
1.020207871794531096e+00
1.020399475929771871e+00
1.020979546281141070e+00
1.021963911948992054e+00
1.023379134192449857e+00
1.025262758547940356e+00
1.027663632825263296e+00
1.030642253871586922e+00
1.034271092427405003e+00
1.038634829786237335e+00
1.043830422085153531e+00
1.049966887848639674e+00
1.057164692087059654e+00
1.065554576361784411e+00
1.075275659782348958e+00
1.086472612522952685e+00
1.099291683572981571e+00
1.113875351569400873e+00
1.130355366594095301e+00
1.148843968472567534e+00
1.169423112458144010e+00
1.192131618291671025e+00
1.216950299199084817e+00
1.243785343240103591e+00
1.272450534309406134e+00
1.302649340108967380e+00
1.333958483541314299e+00
1.365815364698317103e+00
1.397512596743540447e+00
1.428203887626779300e+00
1.456926370573937035e+00
1.482644942034232916e+00
1.504323694971200442e+00
1.521027423841240234e+00
1.532051595351673567e+00
1.537071448110417515e+00
1.536290004646030161e+00
1.530552205729679871e+00
1.521381818887708848e+00
1.510895445069545318e+00
1.501561394521373938e+00
1.495805960950405744e+00
1.495524012736091590e+00
1.501611099805882477e+00
1.513674141883996072e+00
1.530065883823188866e+00
1.548304023100317117e+00
1.565787827731983217e+00
1.580562653597758604e+00
1.591789858168441540e+00
1.599641070394438591e+00
1.604580854425242675e+00
1.606352150476568541e+00
1.603249451230678968e+00
1.592240004753888716e+00
1.570034294853774215e+00
1.534343428128629006e+00
1.483665178403853480e+00
1.414082089693668332e+00
1.314499339265641886e+00
1.168130990928891277e+00
9.731372018431262427e-01
7.859664229174614380e-01
7.504402957082680903e-01
1.000000000000000000e+00
