1.000000000000000000e+00
1.067004856615662467e+00
1.133386726945032841e+00
1.197902181457439097e+00
1.258758019322140154e+00
1.313837986754508025e+00
1.361023755677555958e+00
1.398529468032292833e+00
1.425170774215145375e+00
1.440513591819956307e+00
1.444885574875321765e+00
1.439269811360443407e+00
1.425123558101908161e+00
1.404170655575732063e+00
1.378208003524737935e+00
1.348951255698373597e+00
1.317929451208964098e+00
1.286426691275034839e+00
1.255462361958599393e+00
1.225799071753043368e+00
1.197967957982681630e+00
1.172302912331503855e+00
1.148977574006628366e+00
1.128041061923931387e+00
1.109450117939007274e+00
1.093096567047275647e+00
1.078829823278949052e+00
1.066474672049743555e+00
1.055844831262126027e+00
1.046752910048584839e+00
1.039017403060870315e+00
1.032467320399742983e+00
1.026944986171490992e+00
1.022307459980756450e+00
1.018426956261248240e+00
1.015190562369910454e+00
1.012499490919765766e+00
1.010268046047243296e+00
1.008422437165057861e+00
1.006899536534285433e+00
1.005645647658462538e+00
1.004615328897288551e+00
1.003770299668535815e+00
1.003078444091089594e+00
1.002512917981257523e+00
1.002051358946998150e+00
1.001675195265970375e+00
1.001369046743211033e+00
1.001120209394452676e+00
1.000918215257676547e+00
1.000754458642912015e+00
1.000621880497273297e+00
1.000514703148146944e+00
1.000428208391218599e+00
1.000358552641467780e+00
1.000302613616717018e+00
1.000257863744742126e+00
1.000222266158221629e+00
1.000194189758072394e+00
1.000172340382107894e+00
1.000155705613826163e+00
1.000143511209570235e+00
1.000135187517289470e+00
1.000130344613179956e+00
1.000128755201299846e+00
1.000130344613179956e+00
1.000135187517289470e+00
1.000143511209570235e+00
1.000155705613826163e+00
1.000172340382107894e+00
1.000194189758072394e+00
1.000222266158221629e+00
1.000257863744742126e+00
1.000302613616717018e+00
1.000358552641467780e+00
1.000428208391218599e+00
1.000514703148146944e+00
1.000621880497273297e+00
1.000754458642912015e+00
1.000918215257676547e+00
1.001120209394452676e+00
1.001369046743211033e+00
1.001675195265970375e+00
1.002051358946998150e+00
1.002512917981257523e+00
1.003078444091089594e+00
1.003770299668535815e+00
1.004615328897288551e+00
1.005645647658462538e+00
1.006899536534285433e+00
1.008422437165057861e+00
1.010268046047243296e+00
1.012499490919765766e+00
1.015190562369910454e+00
1.018426956261248018e+00
1.022307459980756450e+00
1.026944986171490770e+00
1.032467320399742983e+00
1.039017403060870315e+00
1.046752910048584839e+00
1.055844831262126249e+00
1.066474672049743333e+00
1.078829823278949496e+00
1.093096567047275425e+00
1.109450117939007274e+00
1.128041061923931165e+00
1.148977574006628366e+00
1.172302912331504521e+00
1.197967957982681408e+00
1.225799071753042924e+00
1.255462361958599615e+00
1.286426691275035061e+00
1.317929451208963654e+00
1.348951255698372931e+00
1.378208003524736824e+00
1.404170655575732285e+00
1.425123558101907939e+00
1.439269811360442297e+00
1.444885574875321543e+00
1.440513591819956751e+00
1.425170774215144487e+00
1.398529468032291945e+00
1.361023755677555513e+00
1.313837986754508691e+00
1.258758019322140154e+00
1.197902181457438875e+00
1.133386726945033063e+00
1.067004856615662245e+00
1.000000000000000000e+00
