1.000000000000000000e+00
7.518115618384204613e-01
7.862939988089662213e-01
9.725294484908353354e-01
1.167611031406607269e+00
1.314505502439515805e+00
1.414390058882957657e+00
1.483905053487402537e+00
1.534346873499699004e+00
1.569860424262860210e+00
1.592049169830292543e+00
1.603181916976737620e+00
1.606462828389310982e+00
1.604825070022499300e+00
1.599899638489417519e+00
1.591922181331512531e+00
1.580468584725575498e+00
1.565453106406241135e+00
1.547810618603583155e+00
1.529565023813010738e+00
1.513335786194089039e+00
1.501570887893418416e+00
1.495845838113248671e+00
1.496469177071987566e+00
1.502471619733056984e+00
1.511910998855344745e+00
1.522345469340807389e+00
1.531319437267668393e+00
1.536748593264982921e+00
1.537150899219413835e+00
1.531723760909984078e+00
1.520300992154966835e+00
1.503235449587271066e+00
1.481250175814467829e+00
1.455290060471826186e+00
1.426393485661020311e+00
1.395592718005377098e+00
1.363844285029322645e+00
1.331986167546138189e+00
1.300716653144629031e+00
1.270589300796766796e+00
1.242018960383224346e+00
1.215294675175245365e+00
1.190596262995301968e+00
1.168012260146330750e+00
1.147557652906301628e+00
1.129190400686811868e+00
1.112826186438172993e+00
1.098351137868145422e+00
1.085632473562994305e+00
1.074527164695375125e+00
1.064888785226030476e+00
1.056572766818968168e+00
1.049440290951963117e+00
1.043361048827209814e+00
1.038215086260388054e+00
1.033893930548352547e+00
1.030301172813270716e+00
1.027352654874970739e+00
1.024976385897520714e+00
1.023112291870943880e+00
1.021711880949863982e+00
1.020737889966304657e+00
1.020163962005673941e+00
1.019974391550952930e+00
1.020163962005481428e+00
1.020737889965910083e+00
1.021711880949254470e+00
1.023112291870100110e+00
1.024976385896412712e+00
1.027352654873560756e+00
1.030301172811517230e+00
1.033893930546198714e+00
1.038215086257780140e+00
1.043361048824072546e+00
1.049440290948223442e+00
1.056572766814547926e+00
1.064888785220834189e+00
1.074527164689306202e+00
1.085632473555939947e+00
1.098351137859987947e+00
1.112826186428770958e+00
1.129190400676003625e+00
1.147557652893869129e+00
1.168012260131996216e+00
1.190596262978659947e+00
1.215294675155710769e+00
1.242018960359931645e+00
1.270589300768418806e+00
1.300716653109285526e+00
1.331986167500899931e+00
1.363844284969940812e+00
1.395592717925672188e+00
1.426393485552137186e+00
1.455290060321271950e+00
1.481250175604931885e+00
1.503235449295204695e+00
1.520300991749002018e+00
1.531723760349283481e+00
1.537150898452124270e+00
1.536748592227078269e+00
1.531319435882320112e+00
1.522345467518479767e+00
1.511910996494367998e+00
1.502471616720086223e+00
1.496469173281181009e+00
1.495845833402829506e+00
1.501570882098740123e+00
1.513335779117872315e+00
1.529565015215970325e+00
1.547810608201233062e+00
1.565453093878611979e+00
1.580468569744036600e+00
1.591922163600793194e+00
1.599899617795971452e+00
1.604825046277877032e+00
1.606462801662697837e+00
1.603181887521109683e+00
1.592049138111035322e+00
1.569860390987316334e+00
1.534346839627545256e+00
1.483905020195624536e+00
1.414390027478459544e+00
1.314505474237746663e+00
1.167611007598165385e+00
9.725294300134805781e-01
7.862939862664014568e-01
7.518115555215241219e-01
1.000000000000000000e+00
