1.000000000000000000e+00
1.048095905252035331e+00
1.102437044312342795e+00
1.165251268278019614e+00
1.235727821544996052e+00
1.310908815052936216e+00
1.386563326792455753e+00
1.458044504054568202e+00
1.521054132191639985e+00
1.572217075061923319e+00
1.609402185228154591e+00
1.631787309848147682e+00
1.639720296281094836e+00
1.634455786510685904e+00
1.617847293185948221e+00
1.592055267156816445e+00
1.559306868545556224e+00
1.521720915173413680e+00
1.481196069178402075e+00
1.439352004283703579e+00
1.397510423004800995e+00
1.356703279058506517e+00
1.317697665651419658e+00
1.281029397129542335e+00
1.247039705800458087e+00
1.215911431597802572e+00
1.187702549328901291e+00
1.162375910581948890e+00
1.139824765154080488e+00
1.119894060803445557e+00
1.102397776506741867e+00
1.087132681443735205e+00
1.073888971422457761e+00
1.062458245179057181e+00
1.052639264205039282e+00
1.044241904157410028e+00
1.037089661765192350e+00
1.031021033821646560e+00
1.025890037795145870e+00
1.021566098976873782e+00
1.017933488216808735e+00
1.014890457881349128e+00
1.012348191969524303e+00
1.010229659321440376e+00
1.008468436307715876e+00
1.007007546933047948e+00
1.005798353477594276e+00
1.004799519159615517e+00
1.003976055357444386e+00
1.003298459227064399e+00
1.002741942680766218e+00
1.002285750286987076e+00
1.001912561395934098e+00
1.001607970423392668e+00
1.001360038516803552e+00
1.001158909605231351e+00
1.000996483957695249e+00
1.000866142732936614e+00
1.000762517515401573e+00
1.000681299435582483e+00
1.000619083124114406e+00
1.000573241418144743e+00
1.000541827406405959e+00
1.000523501054646269e+00
1.000517478291384599e+00
1.000523501054646269e+00
1.000541827406405959e+00
1.000573241418144743e+00
1.000619083124114406e+00
1.000681299435582483e+00
1.000762517515401573e+00
1.000866142732936614e+00
1.000996483957695249e+00
1.001158909605231351e+00
1.001360038516803552e+00
1.001607970423392668e+00
1.001912561395934098e+00
1.002285750286987076e+00
1.002741942680766218e+00
1.003298459227064399e+00
1.003976055357444386e+00
1.004799519159615517e+00
1.005798353477594276e+00
1.007007546933047948e+00
1.008468436307715876e+00
1.010229659321440376e+00
1.012348191969524303e+00
1.014890457881348906e+00
1.017933488216808735e+00
1.021566098976874004e+00
1.025890037795145870e+00
1.031021033821646560e+00
1.037089661765192128e+00
1.044241904157409806e+00
1.052639264205039060e+00
1.062458245179056959e+00
1.073888971422457095e+00
1.087132681443735205e+00
1.102397776506741423e+00
1.119894060803445557e+00
1.139824765154081154e+00
1.162375910581948224e+00
1.187702549328901735e+00
1.215911431597802794e+00
1.247039705800458531e+00
1.281029397129541891e+00
1.317697665651419880e+00
1.356703279058507183e+00
1.397510423004801217e+00
1.439352004283702913e+00
1.481196069178402297e+00
1.521720915173413458e+00
1.559306868545556002e+00
1.592055267156815557e+00
1.617847293185946222e+00
1.634455786510687236e+00
1.639720296281096390e+00
1.631787309848145906e+00
1.609402185228153037e+00
1.572217075061922431e+00
1.521054132191639541e+00
1.458044504054566426e+00
1.386563326792454864e+00
1.310908815052936438e+00
1.235727821544996941e+00
1.165251268278018504e+00
1.102437044312341685e+00
1.048095905252034221e+00
1.000000000000000000e+00
