1.000000000000000000e+00
7.558960717169150856e-01
7.873557672210711456e-01
9.707733594135917743e-01
1.166030999904399623e+00
1.314464485998929399e+00
1.415282016084611572e+00
1.484634598629527957e+00
1.534386627297777306e+00
1.569369754793210392e+00
1.591508660039781198e+00
1.603015117206603168e+00
1.606825655613451254e+00
1.605564799540862175e+00
1.600644664390236782e+00
1.592254635551292097e+00
1.580111631272698602e+00
1.564396970078153926e+00
1.546328515867227527e+00
1.528120703530861713e+00
1.512428674954108709e+00
1.501581762891640137e+00
1.496934013096971494e+00
1.498543895495435319e+00
1.505231323500411111e+00
1.514925247771159000e+00
1.525148972358945754e+00
1.533493254521326232e+00
1.537974498942601187e+00
1.537235826736419675e+00
1.530598946570294272e+00
1.518004031140199439e+00
1.499883746101080995e+00
1.477012597082854706e+00
1.450361265112119824e+00
1.420973222892181864e+00
1.389870765494992000e+00
1.357990672192546322e+00
1.326145815462759003e+00
1.295007398063401816e+00
1.265102312855072020e+00
1.236820715705439611e+00
1.210429818695207826e+00
1.186090872267898000e+00
1.163877168953269425e+00
1.143791612080651499e+00
1.125782943410590597e+00
1.109760130363392827e+00
1.095604701632269862e+00
1.083181015216821974e+00
1.072344568154951272e+00
1.062948531246884265e+00
1.054848729606504332e+00
1.047907302208081148e+00
1.041995269159893045e+00
1.036994220454256377e+00
1.032797318935105402e+00
1.029309786404549509e+00
1.026449017379673867e+00
1.024144441474257983e+00
1.022337233609011076e+00
1.020979951710013767e+00
1.020036164382728039e+00
1.019480116161582517e+00
1.019296465084041481e+00
1.019480116161398442e+00
1.020036164382352117e+00
1.020979951709432232e+00
1.022337233608206830e+00
1.024144441473201494e+00
1.026449017378329609e+00
1.029309786402877291e+00
1.032797318933052599e+00
1.036994220451770587e+00
1.041995269156902770e+00
1.047907302204516000e+00
1.054848729602289925e+00
1.062948531241929118e+00
1.072344568149162791e+00
1.083181015210089804e+00
1.095604701624479205e+00
1.109760130354403573e+00
1.125782943400238212e+00
1.143791612068712382e+00
1.163877168939455364e+00
1.186090872251786665e+00
1.210429818676182379e+00
1.236820715682591665e+00
1.265102312827035780e+00
1.295007398028140688e+00
1.326145815417233864e+00
1.357990672132309840e+00
1.389870765413582454e+00
1.420973222780351319e+00
1.450361264956824714e+00
1.477012596866021710e+00
1.499883745798107793e+00
1.518004030718276720e+00
1.530598945986635595e+00
1.537235825936577704e+00
1.537974497859165179e+00
1.533493253073162643e+00
1.525148970451215558e+00
1.514925245295903666e+00
1.505231320337137246e+00
1.498543891510524473e+00
1.496934008140500261e+00
1.501581756790570932e+00
1.512428667502339286e+00
1.528120694479235597e+00
1.546328504919418867e+00
1.564396956899598790e+00
1.580111615517542312e+00
1.592254616906160214e+00
1.600644642626156688e+00
1.605564774561230257e+00
1.606825627490586328e+00
1.603015086209872653e+00
1.591508626663781234e+00
1.569369719785499218e+00
1.534386591667460831e+00
1.484634563611028746e+00
1.415281983048756853e+00
1.314464456327893327e+00
1.166030974851461233e+00
9.707733399671042429e-01
7.873557540183836467e-01
7.558960650666088910e-01
1.000000000000000000e+00
