1.000000000000000000e+00
9.371198368648632204e-01
9.363143030878436912e-01
1.003623842961965718e+00
1.117642474963657762e+00
1.249062139505112468e+00
1.372394154810019584e+00
1.471403042730175637e+00
1.539879092133449312e+00
1.579542246865931920e+00
1.596809824542406719e+00
1.599725186231824914e+00
1.595721963550381206e+00
1.590370075891035295e+00
1.586951292230186938e+00
1.586612861908427430e+00
1.588855102825765364e+00
1.592152472643528771e+00
1.594558406827451646e+00
1.594196029089578470e+00
1.589587355299186155e+00
1.579817333822120196e+00
1.564559876351343970e+00
1.544008209300520740e+00
1.518753268866746442e+00
1.489646266946645259e+00
1.457670222298596441e+00
1.423834152045557522e+00
1.389094890631558110e+00
1.354305746187976833e+00
1.320188087262299081e+00
1.287320769036043311e+00
1.256142331375902144e+00
1.226961552620068785e+00
1.199972830720526629e+00
1.175273756799493530e+00
1.152883031310602435e+00
1.132757508974611582e+00
1.114807645002913183e+00
1.098910970116177444e+00
1.084923469933020801e+00
1.072688909491442910e+00
1.062046246855199438e+00
1.052835337900874801e+00
1.044901160702938592e+00
1.038096792490971643e+00
1.032285362463919665e+00
1.027341185346675401e+00
1.023150257477902780e+00
1.019610272271603391e+00
1.016630287055636517e+00
1.014130149840626549e+00
1.012039773287995548e+00
1.010298324426696537e+00
1.008853382647694641e+00
1.007660105129954298e+00
1.006680427949298462e+00
1.005882322448476529e+00
1.005239119726875741e+00
1.004728911057254148e+00
1.004334028381377308e+00
1.004040606523410872e+00
1.003838227163455166e+00
1.003719643734680478e+00
1.003680586075526238e+00
1.003719643734680478e+00
1.003838227163454722e+00
1.004040606523410650e+00
1.004334028381376642e+00
1.004728911057253482e+00
1.005239119726874852e+00
1.005882322448475863e+00
1.006680427949296686e+00
1.007660105129952965e+00
1.008853382647692420e+00
1.010298324426693428e+00
1.012039773287991773e+00
1.014130149840621664e+00
1.016630287055630966e+00
1.019610272271596063e+00
1.023150257477893676e+00
1.027341185346663632e+00
1.032285362463905676e+00
1.038096792490953435e+00
1.044901160702916387e+00
1.052835337900847712e+00
1.062046246855165688e+00
1.072688909491400944e+00
1.084923469932968620e+00
1.098910970116111940e+00
1.114807645002833025e+00
1.132757508974512328e+00
1.152883031310480089e+00
1.175273756799339653e+00
1.199972830720335226e+00
1.226961552619830975e+00
1.256142331375603938e+00
1.287320769035675827e+00
1.320188087261839005e+00
1.354305746187402404e+00
1.389094890630842238e+00
1.423834152044659351e+00
1.457670222297474227e+00
1.489646266945239717e+00
1.518753268864989181e+00
1.544008209298325163e+00
1.564559876348607492e+00
1.579817333818720249e+00
1.589587355294979076e+00
1.594196029084400834e+00
1.594558406821128926e+00
1.592152472635875560e+00
1.588855102816604026e+00
1.586612861897598314e+00
1.586951292217575027e+00
1.590370075876594402e+00
1.595721963534154630e+00
1.599725186213974970e+00
1.596809824523238941e+00
1.579542246845895059e+00
1.539879092113137338e+00
1.471403042710279330e+00
1.372394154791290344e+00
1.249062139488291256e+00
1.117642474949409603e+00
1.003623842950829070e+00
9.363143030802142386e-01
9.371198368609886531e-01
1.000000000000000000e+00
