1.000000000000000000e+00
1.010834093761654451e+00
1.021512768389690295e+00
1.031822437705163242e+00
1.041496098429479211e+00
1.050237591837658302e+00
1.057757135699964435e+00
1.063808963536204466e+00
1.068222782548189143e+00
1.070923255322244305e+00
1.071935097910428736e+00
1.071374702579446003e+00
1.069431633970622020e+00
1.066344519668758872e+00
1.062375809178224717e+00
1.057788963736015608e+00
1.052830325432904779e+00
1.047716602010680509e+00
1.042627853243042857e+00
1.037705181134530585e+00
1.033051996847521581e+00
1.028737684379007034e+00
1.024802606408991679e+00
1.021263612337666826e+00
1.018119445792823541e+00
1.015355667096926817e+00
1.012948884504933478e+00
1.010870220455631463e+00
1.009088028587369568e+00
1.007569931208389669e+00
1.006284273935902362e+00
1.005201102479992947e+00
1.004292762846611176e+00
1.003534215764313675e+00
1.002903142588919216e+00
1.002379905736470844e+00
1.001947413298426959e+00
1.001590925671519638e+00
1.001297832090089379e+00
1.001057416892666252e+00
1.000860629034334703e+00
1.000699863540935430e+00
1.000568760035442040e+00
1.000462020904823612e+00
1.000375249896881424e+00
1.000304810753137374e+00
1.000247704742214916e+00
1.000201465535525358e+00
1.000164069668800337e+00
1.000133860786895479e+00
1.000109485922096919e+00
1.000089842169129550e+00
1.000074032265967805e+00
1.000061327749394158e+00
1.000051138515803961e+00
1.000042987772919556e+00
1.000036491512537928e+00
1.000031341765640569e+00
1.000027293018642682e+00
1.000024151273339656e+00
1.000021765324274670e+00
1.000020019906957325e+00
1.000018830440237760e+00
1.000018139147603513e+00
1.000017912396913733e+00
1.000018139147603513e+00
1.000018830440237760e+00
1.000020019906957325e+00
1.000021765324274670e+00
1.000024151273339656e+00
1.000027293018642682e+00
1.000031341765640569e+00
1.000036491512537928e+00
1.000042987772919556e+00
1.000051138515803961e+00
1.000061327749394158e+00
1.000074032265967805e+00
1.000089842169129550e+00
1.000109485922096919e+00
1.000133860786895479e+00
1.000164069668800337e+00
1.000201465535525358e+00
1.000247704742214916e+00
1.000304810753137374e+00
1.000375249896881424e+00
1.000462020904823612e+00
1.000568760035442040e+00
1.000699863540935430e+00
1.000860629034334703e+00
1.001057416892666252e+00
1.001297832090089379e+00
1.001590925671519638e+00
1.001947413298426959e+00
1.002379905736470844e+00
1.002903142588918994e+00
1.003534215764313675e+00
1.004292762846611176e+00
1.005201102479992947e+00
1.006284273935902362e+00
1.007569931208389447e+00
1.009088028587369568e+00
1.010870220455631241e+00
1.012948884504933478e+00
1.015355667096926373e+00
1.018119445792823541e+00
1.021263612337666382e+00
1.024802606408991235e+00
1.028737684379006811e+00
1.033051996847521137e+00
1.037705181134529919e+00
1.042627853243042413e+00
1.047716602010679843e+00
1.052830325432904113e+00
1.057788963736014498e+00
1.062375809178223385e+00
1.066344519668757762e+00
1.069431633970620465e+00
1.071374702579444893e+00
1.071935097910427848e+00
1.070923255322242973e+00
1.068222782548187810e+00
1.063808963536202246e+00
1.057757135699963102e+00
1.050237591837657636e+00
1.041496098429478323e+00
1.031822437705162576e+00
1.021512768389690073e+00
1.010834093761654007e+00
1.000000000000000000e+00
