1.000000000000000000e+00
9.011151327299741221e-01
8.910963132203567616e-01
9.712725816650840116e-01
1.106323462902524257e+00
1.255674144605300802e+00
1.388992156683934942e+00
1.490516758305254541e+00
1.556883348900460984e+00
1.592468265079640233e+00
1.605005028204827600e+00
1.602667252337053982e+00
1.592607824911371983e+00
1.580419506590617473e+00
1.570008855075257781e+00
1.563620853678735934e+00
1.561958689906519204e+00
1.564422168905765798e+00
1.569468709877099855e+00
1.575049803872354826e+00
1.579043615587029326e+00
1.579607882618883075e+00
1.575407274554769588e+00
1.565707041584065484e+00
1.550354561950982424e+00
1.529685525502287202e+00
1.504392979260567698e+00
1.475390269027175183e+00
1.443688393012336313e+00
1.410298263802090668e+00
1.376160748241432419e+00
1.342102530136514815e+00
1.308813402804936299e+00
1.276839843902606964e+00
1.246589977989564391e+00
1.218345776976289319e+00
1.192279247791953711e+00
1.168470220103447144e+00
1.146924086289167644e+00
1.127588434623127966e+00
1.110367961076759169e+00
1.095137365937456586e+00
1.081752163031360459e+00
1.070057474794009700e+00
1.059894975369325198e+00
1.051108192069354352e+00
1.043546395082871392e+00
1.037067305508461379e+00
1.031538839481866088e+00
1.026840086412912800e+00
1.022861695783568781e+00
1.019505822149692431e+00
1.016685753680025117e+00
1.014325326880468170e+00
1.012358209750417126e+00
1.010727117819356646e+00
1.009383012393528789e+00
1.008284317815260733e+00
1.007396184408167361e+00
1.006689815795644316e+00
1.006141873157496036e+00
1.005733964445076012e+00
1.005452223335477013e+00
1.005286980514755735e+00
1.005232528508022360e+00
1.005286980510109673e+00
1.005452223325950634e+00
1.005733964430187255e+00
1.006141873136491283e+00
1.006689815767468854e+00
1.007396184371409431e+00
1.008284317768086691e+00
1.009383012333594065e+00
1.010727117743702719e+00
1.012358209655324748e+00
1.014325326761286838e+00
1.016685753530959690e+00
1.019505821963525127e+00
1.022861695551327443e+00
1.026840086123453455e+00
1.031538839121350248e+00
1.037067305059708566e+00
1.043546394524557774e+00
1.051108191374998446e+00
1.059894974506034870e+00
1.070057473720906760e+00
1.081752161697597137e+00
1.095137364279729075e+00
1.110367959016162365e+00
1.127588432061173318e+00
1.146924083102739189e+00
1.168470216138381756e+00
1.192279242854861421e+00
1.218345770824125429e+00
1.246589970316319684e+00
1.276839834322343492e+00
1.308813390830182444e+00
1.342102515150912945e+00
1.376160729465232713e+00
1.410298240249126867e+00
1.443688363436947730e+00
1.475390231859909251e+00
1.504392932532144123e+00
1.529685466756568690e+00
1.550354488149996879e+00
1.565706949011442584e+00
1.575407158728680201e+00
1.579607738231384007e+00
1.579043436493158925e+00
1.575049583158230071e+00
1.569468440039973434e+00
1.564421842178860711e+00
1.561958298755897978e+00
1.563620391487745120e+00
1.570008317013654953e+00
1.580418890638993767e+00
1.592607132973917539e+00
1.602666491323682996e+00
1.605004210898390404e+00
1.592467410540548745e+00
1.556882482135957035e+00
1.490515908997604111e+00
1.388991356975256775e+00
1.255673426255643710e+00
1.106322854442447712e+00
9.712721062492095658e-01
8.910959876287022352e-01
9.011149674671705689e-01
1.000000000000000000e+00
