1.000000000000000000e+00
7.460101611917483444e-01
7.857189080958785210e-01
9.765019862235819748e-01
1.171397014705220174e+00
1.316150059450458043e+00
1.414919127233629226e+00
1.484914252123419987e+00
1.536478788086699021e+00
1.572754731640696901e+00
1.594930605952711300e+00
1.605384356472922880e+00
1.607699437457130509e+00
1.605252351537027833e+00
1.600023834574660020e+00
1.592379129292431195e+00
1.581748194691660059e+00
1.567680098370836772e+00
1.550674959155764476e+00
1.532424098709562088e+00
1.515433893774522423e+00
1.502282101414629478e+00
1.494854199637412728e+00
1.493839694729293788e+00
1.498611871939341089e+00
1.507456892260546910e+00
1.518017767042353139e+00
1.527792360585924936e+00
1.534556143847026322e+00
1.536639198444879506e+00
1.533044508715531773e+00
1.523434211775847258e+00
1.508028268023729357e+00
1.487460456895195238e+00
1.462627197274828594e+00
1.434552124465601430e+00
1.404277897867702851e+00
1.372788249319771836e+00
1.340958053218259671e+00
1.309526618902071116e+00
1.279088644256317631e+00
1.250097574525800503e+00
1.222876924596466131e+00
1.197636089801715764e+00
1.174488091708231430e+00
1.153467491100920617e+00
1.134547324771403742e+00
1.117654393743831465e+00
1.102682570753669378e+00
1.089504030286351899e+00
1.077978459772345410e+00
1.067960406356325054e+00
1.059304966597061304e+00
1.051872049324869884e+00
1.045529444361813498e+00
1.040154919081600404e+00
1.035637546105107942e+00
1.031878442567273124e+00
1.028791076994071796e+00
1.026301275674766478e+00
1.024347037630262136e+00
1.022878246493876375e+00
1.021856349098118288e+00
1.021254054290422708e+00
1.021055091278483262e+00
1.021254054290784197e+00
1.021856349098861028e+00
1.022878246495047216e+00
1.024347037631934576e+00
1.026301275677041325e+00
1.028791076997088272e+00
1.031878442571219967e+00
1.035637546110224072e+00
1.040154919088206009e+00
1.045529444370309591e+00
1.051872049335784709e+00
1.059304966611070986e+00
1.067960406374287130e+00
1.077978459795360777e+00
1.089504030315817884e+00
1.102682570791373884e+00
1.117654393792041789e+00
1.134547324833008464e+00
1.153467491179573701e+00
1.174488091808578494e+00
1.197636089929632996e+00
1.222876924759402462e+00
1.250097574733201267e+00
1.279088644520141926e+00
1.309526619237483702e+00
1.340958053644482062e+00
1.372788249861220056e+00
1.404277898555414072e+00
1.434552125339086714e+00
1.462627198384467420e+00
1.487460458305340349e+00
1.508028269816706679e+00
1.523434214057096225e+00
1.533044511620166306e+00
1.536639202145918093e+00
1.534556148565564770e+00
1.527792366603247576e+00
1.518017774713859014e+00
1.507456902030780643e+00
1.498611884356982893e+00
1.493839710460244774e+00
1.494854219473764179e+00
1.502282126277129093e+00
1.515433924706461655e+00
1.532424136860424779e+00
1.550675005752820912e+00
1.567680154675272775e+00
1.581748261932524935e+00
1.592379208568102555e+00
1.600023926711446220e+00
1.605252456902369840e+00
1.607699555742384989e+00
1.605384486482696271e+00
1.594930745453077225e+00
1.572754877316957067e+00
1.536478935643081023e+00
1.484914396531282987e+00
1.414919263108544545e+00
1.316150181505250316e+00
1.171397118185689923e+00
9.765020672212034736e-01
7.857189636895123286e-01
7.460101894625218444e-01
1.000000000000000000e+00
