1.000000000000000000e+00
1.074493411573179680e+00
1.148512165305913824e+00
1.220771375650167023e+00
1.289277048396803238e+00
1.351603690022275206e+00
1.405280973154895419e+00
1.448196933638278061e+00
1.478924005562697097e+00
1.496901642962090051e+00
1.502454548564385206e+00
1.496670053535805289e+00
1.481186532094900699e+00
1.457951454303140881e+00
1.428997115985177091e+00
1.396263298995132018e+00
1.361477483800158872e+00
1.326089589947807790e+00
1.291250754017041036e+00
1.257823291124550602e+00
1.226409854863655280e+00
1.197392202426544427e+00
1.170972711774299180e+00
1.147214249033713607e+00
1.126075899784287682e+00
1.107443437475499559e+00
1.091154290032416485e+00
1.077017295797979557e+00
1.064827819238654216e+00
1.054378911270087871e+00
1.045469211853685909e+00
1.037908247395657346e+00
1.031519701265185995e+00
1.026143150610160149e+00
1.021634677487531340e+00
1.017866683238401349e+00
1.014727165035850698e+00
1.012118653699418225e+00
1.009956962130376557e+00
1.008169853347209433e+00
1.006695705034382105e+00
1.005482222580338814e+00
1.004485233599818672e+00
1.003667582817802773e+00
1.002998135964005666e+00
1.002450894147380867e+00
1.002004215345662530e+00
1.001640136576797291e+00
1.001343788552984782e+00
1.001102893787781278e+00
1.000907338948542336e+00
1.000748812505232399e+00
1.000620499261887453e+00
1.000516824051706388e+00
1.000433237647986973e+00
1.000366038733464302e+00
1.000312226542660499e+00
1.000269379522031876e+00
1.000235556028319817e+00
1.000209213701087840e+00
1.000189144700656119e+00
1.000174424500646309e+00
1.000164372370812016e+00
1.000158522087072122e+00
1.000156601769897735e+00
1.000158522087072122e+00
1.000164372370812016e+00
1.000174424500646309e+00
1.000189144700656119e+00
1.000209213701087840e+00
1.000235556028319817e+00
1.000269379522031876e+00
1.000312226542660499e+00
1.000366038733464302e+00
1.000433237647986973e+00
1.000516824051706388e+00
1.000620499261887453e+00
1.000748812505232399e+00
1.000907338948542336e+00
1.001102893787781278e+00
1.001343788552984782e+00
1.001640136576797291e+00
1.002004215345662530e+00
1.002450894147380867e+00
1.002998135964005666e+00
1.003667582817802773e+00
1.004485233599818672e+00
1.005482222580338814e+00
1.006695705034382105e+00
1.008169853347209433e+00
1.009956962130376557e+00
1.012118653699418225e+00
1.014727165035850698e+00
1.017866683238401349e+00
1.021634677487531118e+00
1.026143150610160149e+00
1.031519701265185551e+00
1.037908247395657346e+00
1.045469211853685909e+00
1.054378911270087649e+00
1.064827819238654438e+00
1.077017295797979335e+00
1.091154290032416929e+00
1.107443437475499337e+00
1.126075899784287682e+00
1.147214249033713607e+00
1.170972711774299180e+00
1.197392202426544872e+00
1.226409854863655058e+00
1.257823291124550158e+00
1.291250754017042146e+00
1.326089589947808012e+00
1.361477483800158428e+00
1.396263298995131352e+00
1.428997115985175759e+00
1.457951454303141769e+00
1.481186532094900032e+00
1.496670053535803957e+00
1.502454548564384762e+00
1.496901642962090717e+00
1.478924005562696209e+00
1.448196933638277173e+00
1.405280973154895197e+00
1.351603690022276316e+00
1.289277048396803682e+00
1.220771375650166357e+00
1.148512165305913824e+00
1.074493411573179680e+00
1.000000000000000000e+00
