1.000000000000000000e+00
8.827352803716334018e-01
8.715534372790787465e-01
9.621629517887060334e-01
1.108991944925493911e+00
1.265066790735790869e+00
1.399101158927489541e+00
1.497852387546397157e+00
1.561160936805958466e+00
1.595380078647855804e+00
1.608453580731528998e+00
1.607499282118902251e+00
1.598244761025789940e+00
1.585250235559057197e+00
1.572157920319648294e+00
1.561699494213649952e+00
1.555540455186428694e+00
1.554155937051615588e+00
1.556881120384940864e+00
1.562165460890678537e+00
1.567964287604888041e+00
1.572159903062836817e+00
1.572915030241903045e+00
1.568901918374269178e+00
1.559395694275871325e+00
1.544254000711446029e+00
1.523820989649625757e+00
1.498794845802225328e+00
1.470090183967520669e+00
1.438715695990369081e+00
1.405677220220926227e+00
1.371908783040537205e+00
1.338229425583452148e+00
1.305321292984824133e+00
1.273723790606505091e+00
1.243838917286500978e+00
1.215943657540492939e+00
1.190206223429743915e+00
1.166703799568229005e+00
1.145440178421608612e+00
1.126362254480940406e+00
1.109374783200008485e+00
1.094353125211558808e+00
1.081153912977521392e+00
1.069623718705623894e+00
1.059605888530525508e+00
1.050945754157881273e+00
1.043494451414977764e+00
1.037111574519786306e+00
1.031666882122142637e+00
1.027041251232533314e+00
1.023127051596694814e+00
1.019828088401836030e+00
1.017059237109713576e+00
1.014745871792462895e+00
1.012823168231959059e+00
1.011235345533420427e+00
1.009934895162120316e+00
1.008881834041397640e+00
1.008043008450086209e+00
1.007391467669828566e+00
1.006905920371733654e+00
1.006570282307710062e+00
1.006373320702629082e+00
1.006308398565472828e+00
1.006373320703862984e+00
1.006570282310242037e+00
1.006905920375696484e+00
1.007391467675422758e+00
1.008043008457600864e+00
1.008881834051218229e+00
1.009934895174748437e+00
1.011235345549495346e+00
1.012823168252297901e+00
1.014745871818091283e+00
1.017059237141920480e+00
1.019828088442242597e+00
1.023127051647323649e+00
1.027041251295919277e+00
1.031666882201455415e+00
1.037111574618995835e+00
1.043494451539056955e+00
1.050945754313060920e+00
1.059605888724629352e+00
1.069623718948487623e+00
1.081153913281529988e+00
1.094353125592340659e+00
1.109374783677325338e+00
1.126362255079845331e+00
1.145440179173934814e+00
1.166703800514532929e+00
1.190206224621834341e+00
1.215943659044720349e+00
1.243838919188033465e+00
1.273723793014893468e+00
1.305321296041215051e+00
1.338229429469855791e+00
1.371908787991720002e+00
1.405677226539408853e+00
1.438715704065185230e+00
1.470090194297146047e+00
1.498794859021947534e+00
1.523821006563134128e+00
1.544254022325622921e+00
1.559395721836702720e+00
1.568901953400300364e+00
1.572915074550031322e+00
1.572159958779655753e+00
1.567964357155534172e+00
1.562165546956651330e+00
1.556881225822257742e+00
1.554156064761003764e+00
1.555540607927181629e+00
1.561699674353146827e+00
1.572158129513528513e+00
1.585250474367090101e+00
1.598245028489437392e+00
1.607499575357539401e+00
1.608453894645249571e+00
1.595380405828411341e+00
1.561161267738345959e+00
1.497852711130007952e+00
1.399101463272557355e+00
1.265067064117104456e+00
1.108992176718920364e+00
9.621631332018972804e-01
8.715535617496680265e-01
8.827353436409575149e-01
1.000000000000000000e+00
