1.000000000000000000e+00
7.898045621266791549e-01
8.010604371870675422e-01
9.598289007712177412e-01
1.151364982566903450e+00
1.309722849102305631e+00
1.419429369928595364e+00
1.490299117383798055e+00
1.536577039076737483e+00
1.568125223226165321e+00
1.589836052490712470e+00
1.603677509920675481e+00
1.610352007298750054e+00
1.610104947546914023e+00
1.603191008728785283e+00
1.590329461802945099e+00
1.573065369559009774e+00
1.553809432796211754e+00
1.535470456937109152e+00
1.520814709631216788e+00
1.511811000602242272e+00
1.509199250979271545e+00
1.512400861528885976e+00
1.519750338625194264e+00
1.528930620128461149e+00
1.537463143942444210e+00
1.543128297610913746e+00
1.544245502428251759e+00
1.539797434671081655e+00
1.529422447339046531e+00
1.513318018758830652e+00
1.492099578023726947e+00
1.466650393064646174e+00
1.437985970408311331e+00
1.407144991934132561e+00
1.375110234560739109e+00
1.342757535604284458e+00
1.310828151231948624e+00
1.279918998957186416e+00
1.250485523656790887e+00
1.222852713240168754e+00
1.197230747729039591e+00
1.173732687888430659e+00
1.152392400911161463e+00
1.133181552004018044e+00
1.116024968426269526e+00
1.100814028410559642e+00
1.087417967440909461e+00
1.075693153136573432e+00
1.065490478389183648e+00
1.056661077185699460e+00
1.049060591694190636e+00
1.042552222505229942e+00
1.037008783705470005e+00
1.032313966061744415e+00
1.028362988869557126e+00
1.025062796686969646e+00
1.022331933085123712e+00
1.020100200895412312e+00
1.018308197922440872e+00
1.016906799058814315e+00
1.015856640253423260e+00
1.015127646733937183e+00
1.014698637022237060e+00
1.014557025282158964e+00
1.014698637022212413e+00
1.015127646733888556e+00
1.015856640253352206e+00
1.016906799058719946e+00
1.018308197922328961e+00
1.020100200895286857e+00
1.022331933084994260e+00
1.025062796686847300e+00
1.028362988869467864e+00
1.032313966061710442e+00
1.037008783705535286e+00
1.042552222505456649e+00
1.049060591694654709e+00
1.056661077186505260e+00
1.065490478390460183e+00
1.075693153138491232e+00
1.087417967443673472e+00
1.100814028414420553e+00
1.116024968431506448e+00
1.133181552010947835e+00
1.152392400920103421e+00
1.173732687899678773e+00
1.197230747742800583e+00
1.222852713256461499e+00
1.250485523675298527e+00
1.279918998977026545e+00
1.310828151251371754e+00
1.342757535620224596e+00
1.375110234568208689e+00
1.407144991925434185e+00
1.437985970372040345e+00
1.466650392984452544e+00
1.492099577876922156e+00
1.513318018514881569e+00
1.529422446958190518e+00
1.539797434103336471e+00
1.544245501613138449e+00
1.543128296478305073e+00
1.537463142414654316e+00
1.528930618123347962e+00
1.519750336059309648e+00
1.512400858318981189e+00
1.509199247040065250e+00
1.511810995838976268e+00
1.520814703927576339e+00
1.535470450142427223e+00
1.553809424719177379e+00
1.573065359976028699e+00
1.590329450485792107e+00
1.603190995488384063e+00
1.610104932281771761e+00
1.610351990033688008e+00
1.603677490827598584e+00
1.589836031894045654e+00
1.568125201601342056e+00
1.536577017045590354e+00
1.490299095701574927e+00
1.419429349452397737e+00
1.309722830728016207e+00
1.151364967123426730e+00
9.598288888886683523e-01
8.010604292096609180e-01
7.898045581472620258e-01
1.000000000000000000e+00
