1.000000000000000000e+00
1.023690451605805629e+00
1.047050469140506257e+00
1.069610048425097881e+00
1.090771599268486991e+00
1.109867528929975311e+00
1.126244336505865862e+00
1.139351337201457648e+00
1.148813950589120170e+00
1.154477609866676024e+00
1.156416882289109660e+00
1.154912712543795683e+00
1.150406631808983393e+00
1.143443315753430944e+00
1.134612279023763159e+00
1.124496831742737735e+00
1.113634977741969623e+00
1.102493735769017213e+00
1.091455993807530778e+00
1.080817618789768231e+00
1.070792013435037493e+00
1.061519387746432397e+00
1.053078434255580120e+00
1.045498654461520571e+00
1.038772140004264211e+00
1.032864090040547245e+00
1.027721716593750001e+00
1.023281451906051132e+00
1.019474540687563602e+00
1.016231195895942241e+00
1.013483539560253055e+00
1.011167557694554464e+00
1.009224284306390107e+00
1.007600403975303482e+00
1.006248432358686440e+00
1.005126603672709118e+00
1.004198566240985580e+00
1.003432962863355593e+00
1.002802952449757923e+00
1.002285712994695155e+00
1.001861953160863683e+00
1.001515449994193840e+00
1.001232623076293127e+00
1.001002150231400156e+00
1.000814626297387155e+00
1.000662264066229268e+00
1.000538634989285747e+00
1.000438446380417901e+00
1.000357351444190135e+00
1.000291788361691525e+00
1.000238844774904434e+00
1.000196144243155949e+00
1.000161751546456701e+00
1.000134094041522870e+00
1.000111896611513451e+00
1.000094128073479416e+00
1.000079957208738213e+00
1.000068716855808448e+00
1.000059874751621170e+00
1.000053010024765543e+00
1.000047794436428994e+00
1.000043977632939507e+00
1.000041375821528744e+00
1.000039863411241514e+00
1.000039367277130831e+00
1.000039863411241514e+00
1.000041375821528744e+00
1.000043977632939507e+00
1.000047794436428994e+00
1.000053010024765543e+00
1.000059874751621170e+00
1.000068716855808448e+00
1.000079957208738213e+00
1.000094128073479416e+00
1.000111896611513451e+00
1.000134094041522870e+00
1.000161751546456701e+00
1.000196144243155949e+00
1.000238844774904434e+00
1.000291788361691525e+00
1.000357351444190135e+00
1.000438446380417901e+00
1.000538634989285747e+00
1.000662264066229268e+00
1.000814626297387155e+00
1.001002150231400156e+00
1.001232623076293127e+00
1.001515449994193840e+00
1.001861953160863683e+00
1.002285712994695155e+00
1.002802952449757923e+00
1.003432962863355593e+00
1.004198566240985580e+00
1.005126603672709118e+00
1.006248432358686218e+00
1.007600403975303482e+00
1.009224284306390107e+00
1.011167557694554464e+00
1.013483539560253055e+00
1.016231195895942019e+00
1.019474540687563602e+00
1.023281451906050910e+00
1.027721716593750223e+00
1.032864090040546801e+00
1.038772140004264211e+00
1.045498654461520127e+00
1.053078434255579676e+00
1.061519387746432619e+00
1.070792013435037049e+00
1.080817618789767787e+00
1.091455993807530334e+00
1.102493735769016991e+00
1.113634977741968957e+00
1.124496831742736846e+00
1.134612279023762049e+00
1.143443315753430722e+00
1.150406631808982283e+00
1.154912712543794573e+00
1.156416882289109216e+00
1.154477609866674914e+00
1.148813950589119059e+00
1.139351337201456094e+00
1.126244336505865196e+00
1.109867528929975089e+00
1.090771599268486103e+00
1.069610048425097215e+00
1.047050469140506479e+00
1.023690451605805185e+00
1.000000000000000000e+00
