1.000000000000000000e+00
1.053137155440645678e+00
1.105645366644512739e+00
1.156488062619864143e+00
1.204262360797002440e+00
1.247357803761076633e+00
1.284184672307432162e+00
1.313412605105664266e+00
1.334163179650458275e+00
1.346117738095478300e+00
1.349527802480856353e+00
1.345140529512733218e+00
1.334068149235733358e+00
1.317635312073992315e+00
1.297233582118175299e+00
1.274202383053814946e+00
1.249744987002165741e+00
1.224879572730383614e+00
1.200420074119419311e+00
1.176979261652261854e+00
1.154986387069212528e+00
1.134712827638607591e+00
1.116300744142643575e+00
1.099791341773579401e+00
1.085150657077065706e+00
1.072291808559700854e+00
1.061093355608330402e+00
1.051413862140003763e+00
1.043103020225242483e+00
1.036009812117173912e+00
1.029988223176332651e+00
1.024900997968196226e+00
1.020621881956820465e+00
1.017036728230385378e+00
1.014043783034149770e+00
1.011553401723645162e+00
1.009487391332571038e+00
1.007778128612202950e+00
1.006367563292646095e+00
1.005206184905738320e+00
1.004252006910796746e+00
1.003469603060912929e+00
1.002829216923263100e+00
1.002305955282278838e+00
1.001879068983686505e+00
1.001531319920378360e+00
1.001248429742787938e+00
1.001018604034556114e+00
1.000832124766320774e+00
1.000681003547287284e+00
1.000558688325197121e+00
1.000459816584662098e+00
1.000380008649240482e+00
1.000315695324388354e+00
1.000263974772566566e+00
1.000222494152584130e+00
1.000189352160943956e+00
1.000163019171287582e+00
1.000142272173811131e+00
1.000126142168983989e+00
1.000113872071599852e+00
1.000104883536267586e+00
1.000098751429690846e+00
1.000095184954212124e+00
1.000094014677805676e+00
1.000095184954212124e+00
1.000098751429690846e+00
1.000104883536267586e+00
1.000113872071599852e+00
1.000126142168983989e+00
1.000142272173811131e+00
1.000163019171287582e+00
1.000189352160943956e+00
1.000222494152584130e+00
1.000263974772566566e+00
1.000315695324388354e+00
1.000380008649240482e+00
1.000459816584662098e+00
1.000558688325197121e+00
1.000681003547287284e+00
1.000832124766320774e+00
1.001018604034556114e+00
1.001248429742787938e+00
1.001531319920378360e+00
1.001879068983686505e+00
1.002305955282278838e+00
1.002829216923263100e+00
1.003469603060912929e+00
1.004252006910796746e+00
1.005206184905738320e+00
1.006367563292646095e+00
1.007778128612202950e+00
1.009487391332571038e+00
1.011553401723645162e+00
1.014043783034149548e+00
1.017036728230385378e+00
1.020621881956820465e+00
1.024900997968196226e+00
1.029988223176332651e+00
1.036009812117173912e+00
1.043103020225242705e+00
1.051413862140003541e+00
1.061093355608330624e+00
1.072291808559700632e+00
1.085150657077065706e+00
1.099791341773579179e+00
1.116300744142643575e+00
1.134712827638608035e+00
1.154986387069212084e+00
1.176979261652261410e+00
1.200420074119419311e+00
1.224879572730383614e+00
1.249744987002165075e+00
1.274202383053814280e+00
1.297233582118174633e+00
1.317635312073992093e+00
1.334068149235732248e+00
1.345140529512732108e+00
1.349527802480856131e+00
1.346117738095477856e+00
1.334163179650456943e+00
1.313412605105663156e+00
1.284184672307431274e+00
1.247357803761077077e+00
1.204262360797001996e+00
1.156488062619863477e+00
1.105645366644513183e+00
1.053137155440645456e+00
1.000000000000000000e+00
