1.000000000000000000e+00
1.039567895911641893e+00
1.086986231567759642e+00
1.145203616986872230e+00
1.213559214005784037e+00
1.288899505376709165e+00
1.366613454395525951e+00
1.441602605427420025e+00
1.509118115917611025e+00
1.565373690376138605e+00
1.607880921875386449e+00
1.635516298516584088e+00
1.648380984859135534e+00
1.647537429701533940e+00
1.634702186885528929e+00
1.611953590205706277e+00
1.581488221063924726e+00
1.545439205750361866e+00
1.505755202303273421e+00
1.464131222821625000e+00
1.421979548415357009e+00
1.380429103472444519e+00
1.340343288124596244e+00
1.302348430120426892e+00
1.266867138787520108e+00
1.234152655055290371e+00
1.204321710280593871e+00
1.177384450604690214e+00
1.153270713582214446e+00
1.131852430851709723e+00
1.112962239579944335e+00
1.096408569036213088e+00
1.081987566796393851e+00
1.069492270480359553e+00
1.058719435680222976e+00
1.049474412626035580e+00
1.041574432534587258e+00
1.034850625854471851e+00
1.029149053065045338e+00
1.024330987206777621e+00
1.020272647826062196e+00
1.016864549706661291e+00
1.014010597308683259e+00
1.011627027535369594e+00
1.009641279309562822e+00
1.007990848279597174e+00
1.006622168475082457e+00
1.005489549505960589e+00
1.004554187520738662e+00
1.003783260186443149e+00
1.003149110017800272e+00
1.002628516094862698e+00
1.002202051237137015e+00
1.001853519762975875e+00
1.001569469815930535e+00
1.001338773686496042e+00
1.001152269438688514e+00
1.001002457339417395e+00
1.000883244987146981e+00
1.000789735570754013e+00
1.000718054305661742e+00
1.000665208753735547e+00
1.000628979410352892e+00
1.000607837619783558e+00
1.000600888550331469e+00
1.000607837619783558e+00
1.000628979410352892e+00
1.000665208753735547e+00
1.000718054305661742e+00
1.000789735570754013e+00
1.000883244987146981e+00
1.001002457339417395e+00
1.001152269438688514e+00
1.001338773686496042e+00
1.001569469815930535e+00
1.001853519762975875e+00
1.002202051237137015e+00
1.002628516094862698e+00
1.003149110017800272e+00
1.003783260186443149e+00
1.004554187520738662e+00
1.005489549505960589e+00
1.006622168475082457e+00
1.007990848279597174e+00
1.009641279309562822e+00
1.011627027535369594e+00
1.014010597308683259e+00
1.016864549706661069e+00
1.020272647826062196e+00
1.024330987206777843e+00
1.029149053065045338e+00
1.034850625854471851e+00
1.041574432534587036e+00
1.049474412626035358e+00
1.058719435680222754e+00
1.069492270480359553e+00
1.081987566796393185e+00
1.096408569036213088e+00
1.112962239579943891e+00
1.131852430851709723e+00
1.153270713582214890e+00
1.177384450604689325e+00
1.204321710280594315e+00
1.234152655055290593e+00
1.266867138787520553e+00
1.302348430120426670e+00
1.340343288124596244e+00
1.380429103472445185e+00
1.421979548415357009e+00
1.464131222821624112e+00
1.505755202303273865e+00
1.545439205750362088e+00
1.581488221063924282e+00
1.611953590205705389e+00
1.634702186885527819e+00
1.647537429701535050e+00
1.648380984859137088e+00
1.635516298516582978e+00
1.607880921875385116e+00
1.565373690376137716e+00
1.509118115917611247e+00
1.441602605427418249e+00
1.366613454395525062e+00
1.288899505376710053e+00
1.213559214005785369e+00
1.145203616986871120e+00
1.086986231567758754e+00
1.039567895911640560e+00
1.000000000000000000e+00
