1.000000000000000000e+00
1.056970422592493408e+00
1.113296184334447991e+00
1.167875600022398874e+00
1.219197620151746264e+00
1.265517392530328467e+00
1.305107911241055074e+00
1.336522762752161197e+00
1.358807777563008301e+00
1.371618835880939580e+00
1.375232119029697442e+00
1.370461065569686943e+00
1.358512486929468466e+00
1.340819505438634263e+00
1.318883411537803196e+00
1.294145279727060727e+00
1.267896262143053621e+00
1.241226119861720489e+00
1.215003890033250711e+00
1.189882276092552038e+00
1.166317378752977918e+00
1.144596692821559181e+00
1.124870061458706605e+00
1.107180001736684627e+00
1.091489250119703769e+00
1.077704452876509622e+00
1.065695667209069608e+00
1.055311806082305903e+00
1.046392423147005646e+00
1.038776356102798282e+00
1.032307776945515787e+00
1.026840172401659368e+00
1.022238723015874706e+00
1.018381481758897644e+00
1.015159683288230363e+00
1.012477449325028811e+00
1.010251097228704875e+00
1.008408209042430004e+00
1.006886577142477535e+00
1.005633109561089533e+00
1.004602752129502896e+00
1.003757464739147842e+00
1.003065274184219202e+00
1.002499415247850356e+00
1.002037564065338504e+00
1.001661162609967626e+00
1.001354829798065671e+00
1.001105852714994748e+00
1.000903750441637818e+00
1.000739902617167054e+00
1.000607234985710026e+00
1.000499954576679951e+00
1.000413327741356939e+00
1.000343494926623444e+00
1.000287316752524136e+00
1.000242246634936993e+00
1.000206225834377793e+00
1.000177597403203222e+00
1.000155036040293766e+00
1.000137491343490836e+00
1.000124142377999403e+00
1.000114361857910028e+00
1.000107688573817821e+00
1.000103806998270395e+00
1.000102533269402461e+00
1.000103806998270395e+00
1.000107688573817821e+00
1.000114361857910028e+00
1.000124142377999403e+00
1.000137491343490836e+00
1.000155036040293766e+00
1.000177597403203222e+00
1.000206225834377793e+00
1.000242246634936993e+00
1.000287316752524136e+00
1.000343494926623444e+00
1.000413327741356939e+00
1.000499954576679951e+00
1.000607234985710026e+00
1.000739902617167054e+00
1.000903750441637818e+00
1.001105852714994748e+00
1.001354829798065671e+00
1.001661162609967626e+00
1.002037564065338504e+00
1.002499415247850356e+00
1.003065274184219202e+00
1.003757464739147842e+00
1.004602752129502896e+00
1.005633109561089533e+00
1.006886577142477535e+00
1.008408209042430004e+00
1.010251097228704875e+00
1.012477449325028811e+00
1.015159683288230141e+00
1.018381481758897644e+00
1.022238723015874706e+00
1.026840172401659368e+00
1.032307776945515787e+00
1.038776356102798282e+00
1.046392423147005868e+00
1.055311806082305681e+00
1.065695667209070052e+00
1.077704452876509400e+00
1.091489250119703769e+00
1.107180001736684405e+00
1.124870061458706605e+00
1.144596692821559847e+00
1.166317378752977474e+00
1.189882276092551594e+00
1.215003890033250711e+00
1.241226119861720489e+00
1.267896262143052954e+00
1.294145279727059838e+00
1.318883411537802530e+00
1.340819505438634041e+00
1.358512486929467356e+00
1.370461065569685832e+00
1.375232119029697442e+00
1.371618835880939358e+00
1.358807777563006969e+00
1.336522762752159643e+00
1.305107911241054630e+00
1.265517392530328911e+00
1.219197620151745820e+00
1.167875600022398430e+00
1.113296184334448435e+00
1.056970422592493186e+00
1.000000000000000000e+00
