1.000000000000000000e+00
1.057660394133157267e+00
1.114674354321107730e+00
1.169928938035717181e+00
1.221893605360491408e+00
1.268798939528077430e+00
1.308892650969924576e+00
1.340706826195974255e+00
1.363273145139326736e+00
1.376242561913706863e+00
1.379895543482316578e+00
1.375057464089146197e+00
1.362952266834284387e+00
1.345032751895053780e+00
1.322820117450065114e+00
1.297773873109888676e+00
1.271201100899395531e+00
1.244204533998258144e+00
1.217663197585789669e+00
1.192237041171007927e+00
1.168387049962462010e+00
1.146403667801443538e+00
1.126438165587408280e+00
1.108533338139880531e+00
1.092651365344870174e+00
1.078697760808507322e+00
1.066541077898328638e+00
1.056028512868477209e+00
1.046997808880919756e+00
1.039285986397554540e+00
1.032735454770643324e+00
1.027198033824270551e+00
1.022537358495463344e+00
1.018630071192567543e+00
1.015366136079244974e+00
1.012648543210736829e+00
1.010392611548804886e+00
1.008525049640310423e+00
1.006982891246158252e+00
1.005712389851667554e+00
1.004667929830643791e+00
1.003810991999548818e+00
1.003109196317125695e+00
1.002535433571790202e+00
1.002067090186400611e+00
1.001685365020873242e+00
1.001374673661049597e+00
1.001122133658208568e+00
1.000917123143178822e+00
1.000750904884980752e+00
1.000616307971374797e+00
1.000507459690596512e+00
1.000419560768928573e+00
1.000348697781419105e+00
1.000291687244183159e+00
1.000245946577216216e+00
1.000209387772342806e+00
1.000180330198011447e+00
1.000157429514996865e+00
1.000139620163411180e+00
1.000126069314111632e+00
1.000116140560829869e+00
1.000109365969110931e+00
1.000105425400470427e+00
1.000104132302076954e+00
1.000105425400470427e+00
1.000109365969110931e+00
1.000116140560829869e+00
1.000126069314111632e+00
1.000139620163411180e+00
1.000157429514996865e+00
1.000180330198011447e+00
1.000209387772342806e+00
1.000245946577216216e+00
1.000291687244183159e+00
1.000348697781419105e+00
1.000419560768928573e+00
1.000507459690596512e+00
1.000616307971374797e+00
1.000750904884980752e+00
1.000917123143178822e+00
1.001122133658208568e+00
1.001374673661049597e+00
1.001685365020873242e+00
1.002067090186400611e+00
1.002535433571790202e+00
1.003109196317125695e+00
1.003810991999548818e+00
1.004667929830643791e+00
1.005712389851667554e+00
1.006982891246158252e+00
1.008525049640310423e+00
1.010392611548804886e+00
1.012648543210736829e+00
1.015366136079244752e+00
1.018630071192567543e+00
1.022537358495463344e+00
1.027198033824270551e+00
1.032735454770643324e+00
1.039285986397554540e+00
1.046997808880919978e+00
1.056028512868476987e+00
1.066541077898329082e+00
1.078697760808507100e+00
1.092651365344870174e+00
1.108533338139880309e+00
1.126438165587408280e+00
1.146403667801444204e+00
1.168387049962461566e+00
1.192237041171007483e+00
1.217663197585789669e+00
1.244204533998258144e+00
1.271201100899394865e+00
1.297773873109887788e+00
1.322820117450064448e+00
1.345032751895053558e+00
1.362952266834283277e+00
1.375057464089145087e+00
1.379895543482316578e+00
1.376242561913706641e+00
1.363273145139325404e+00
1.340706826195972701e+00
1.308892650969924132e+00
1.268798939528077874e+00
1.221893605360490964e+00
1.169928938035716737e+00
1.114674354321108174e+00
1.057660394133157045e+00
1.000000000000000000e+00
