1.000000000000000000e+00
1.066362101738256518e+00
1.132095793894981606e+00
1.195964810532976319e+00
1.256193820800264982e+00
1.310691454202439932e+00
1.357366369433702369e+00
1.394456699997391524e+00
1.420794964979557928e+00
1.435954524940026955e+00
1.440260825605276462e+00
1.434686593955378786e+00
1.420673077156767272e+00
1.399925200346703535e+00
1.374220446291701148e+00
1.345256315327957530e+00
1.314546028308411607e+00
1.283360681344920096e+00
1.252709516476377960e+00
1.223347640491298183e+00
1.195800977216849414e+00
1.170400094603880836e+00
1.147316810342440485e+00
1.126599576067093933e+00
1.108205323496275430e+00
1.092026679645034859e+00
1.077914275896068252e+00
1.065694375622446177e+00
1.055182316134252396e+00
1.046192377678238250e+00
1.038544711919273889e+00
1.032069925286183132e+00
1.026611846182812426e+00
1.022028927038158619e+00
1.018194653327828325e+00
1.014997258212475106e+00
1.012338976410154467e+00
1.010135015502480860e+00
1.008312377039602303e+00
1.006808622854394653e+00
1.005570652885886318e+00
1.004553538388894163e+00
1.003719437526163105e+00
1.003036607942024316e+00
1.002478522068477762e+00
1.002023084817969867e+00
1.001651949311122669e+00
1.001349923835578082e+00
1.001104461908556509e+00
1.000905226789363667e+00
1.000743721805570585e+00
1.000612978228412997e+00
1.000507293019988309e+00
1.000422009477100582e+00
1.000353334544812789e+00
1.000298187319936805e+00
1.000254073981259539e+00
1.000218985051509746e+00
1.000191311507287795e+00
1.000169776804700872e+00
1.000153382381709477e+00
1.000141364637321839e+00
1.000133161778769653e+00
1.000128389277151753e+00
1.000126822987403408e+00
1.000128389277151753e+00
1.000133161778769653e+00
1.000141364637321839e+00
1.000153382381709477e+00
1.000169776804700872e+00
1.000191311507287795e+00
1.000218985051509746e+00
1.000254073981259539e+00
1.000298187319936805e+00
1.000353334544812789e+00
1.000422009477100582e+00
1.000507293019988309e+00
1.000612978228412997e+00
1.000743721805570585e+00
1.000905226789363667e+00
1.001104461908556509e+00
1.001349923835578082e+00
1.001651949311122669e+00
1.002023084817969867e+00
1.002478522068477762e+00
1.003036607942024316e+00
1.003719437526163105e+00
1.004553538388894163e+00
1.005570652885886318e+00
1.006808622854394653e+00
1.008312377039602303e+00
1.010135015502480860e+00
1.012338976410154467e+00
1.014997258212475106e+00
1.018194653327828103e+00
1.022028927038158619e+00
1.026611846182812204e+00
1.032069925286183132e+00
1.038544711919273889e+00
1.046192377678238250e+00
1.055182316134252618e+00
1.065694375622445955e+00
1.077914275896068697e+00
1.092026679645034637e+00
1.108205323496275430e+00
1.126599576067093711e+00
1.147316810342440485e+00
1.170400094603881502e+00
1.195800977216849192e+00
1.223347640491297739e+00
1.252709516476378182e+00
1.283360681344920318e+00
1.314546028308411163e+00
1.345256315327956864e+00
1.374220446291700037e+00
1.399925200346703758e+00
1.420673077156767050e+00
1.434686593955377676e+00
1.440260825605276240e+00
1.435954524940027399e+00
1.420794964979557040e+00
1.394456699997390636e+00
1.357366369433701925e+00
1.310691454202440598e+00
1.256193820800264982e+00
1.195964810532976097e+00
1.132095793894981828e+00
1.066362101738256296e+00
1.000000000000000000e+00
