1.000000000000000000e+00
8.191865510698773667e-01
8.194314956824010343e-01
9.565605426483293483e-01
1.138450786392171343e+00
1.300546858723175880e+00
1.418734118097024544e+00
1.495743436975518259e+00
1.544061674146472329e+00
1.575122229417977859e+00
1.595606208854189800e+00
1.608006033124618206e+00
1.612604957127226069e+00
1.609305515669314346e+00
1.598779628769665839e+00
1.582890608671053467e+00
1.564501914143433536e+00
1.546873862357585283e+00
1.532910630350787340e+00
1.524519771264176704e+00
1.522268260981942012e+00
1.525393857733185810e+00
1.532111300702297285e+00
1.540080817873253904e+00
1.546894229233220841e+00
1.550468232981488725e+00
1.549289342923376944e+00
1.542506358320137938e+00
1.529900357995786386e+00
1.511776296583370094e+00
1.488818898720767558e+00
1.461945707224707958e+00
1.432177924196374796e+00
1.400538876670518462e+00
1.367982126565852941e+00
1.335346532888834759e+00
1.303333342926624949e+00
1.272499830514184582e+00
1.243264400243528689e+00
1.215918918049906372e+00
1.190644984571392673e+00
1.167531760735563973e+00
1.146593707440603405e+00
1.127787193873500238e+00
1.111025372894814733e+00
1.096191040303829745e+00
1.083147413531585723e+00
1.071746908126244957e+00
1.061838077176011863e+00
1.053270925358469112e+00
1.045900827768973862e+00
1.039591283222357054e+00
1.034215719133584122e+00
1.029658545326328278e+00
1.025815630759322028e+00
1.022594352697350661e+00
1.019913343977215892e+00
1.017702041806960445e+00
1.015900121610678664e+00
1.014456882076137045e+00
1.013330632823575828e+00
1.012488123868928946e+00
1.011904046072242602e+00
1.011560623741749376e+00
1.011447314169128475e+00
1.011560623744327536e+00
1.011904046077531483e+00
1.012488123877205437e+00
1.013330632835261147e+00
1.014456882091836487e+00
1.015900121631194253e+00
1.017702041833341342e+00
1.019913344010802358e+00
1.022594352739852441e+00
1.025815630812881629e+00
1.029658545393645541e+00
1.034215719218048113e+00
1.039591283328200388e+00
1.045900827901494967e+00
1.053270925524293355e+00
1.061838077383426393e+00
1.071746908385617703e+00
1.083147413855905850e+00
1.096191040709371345e+00
1.111025373402002581e+00
1.127787194508002910e+00
1.146593708234735498e+00
1.167531761730079776e+00
1.190644985817803203e+00
1.215918919613459215e+00
1.243264402207050701e+00
1.272499832983090773e+00
1.303333346035371543e+00
1.335346536809287832e+00
1.367982131518106215e+00
1.400538882936838814e+00
1.432177932139050425e+00
1.461945717308770432e+00
1.488818911542538315e+00
1.511776312905879216e+00
1.529900378791845039e+00
1.542506384823393972e+00
1.549289376686892483e+00
1.550468275941982554e+00
1.546894283777275225e+00
1.540080886899427792e+00
1.532111387670457292e+00
1.525393966689843062e+00
1.522268396548186242e+00
1.524519938571022193e+00
1.532910834904837705e+00
1.546874109817356180e+00
1.564502209983362313e+00
1.582890957708724455e+00
1.598780034538047401e+00
1.609305979638586903e+00
1.612605477826630551e+00
1.608006605280728252e+00
1.595606822728738550e+00
1.575122870562964073e+00
1.544062323764862521e+00
1.495744072969937166e+00
1.418734716724212586e+00
1.300547396590217453e+00
1.138451242394066032e+00
9.565608994330117021e-01
8.194317403953238488e-01
8.191866754275949347e-01
1.000000000000000000e+00
