1.000000000000000000e+00
1.051982441733822604e+00
1.109525645971352503e+00
1.174524812335343116e+00
1.246070072342596591e+00
1.321255634712564353e+00
1.395995551828306924e+00
1.465837784651601972e+00
1.526697042080227718e+00
1.575406970235544657e+00
1.610026542443879549e+00
1.629896236505345986e+00
1.635494147909003493e+00
1.628170792871900918e+00
1.609841657685384009e+00
1.582697939503581619e+00
1.548970764411450318e+00
1.510761704148146922e+00
1.469936906252631958e+00
1.428073917044325070e+00
1.386447602046041228e+00
1.346042280880022757e+00
1.307579490451967974e+00
1.271553486724315674e+00
1.238269058617457619e+00
1.207878205911904201e+00
1.180413693200734526e+00
1.155818502247895285e+00
1.133970865492971436e+00
1.114704970319940314e+00
1.097827656131129759e+00
1.083131543427250154e+00
1.070405077774969405e+00
1.059439970083372318e+00
1.050036486708228800e+00
1.042007000680371442e+00
1.035178166582516601e+00
1.029392031214510839e+00
1.024506343283840382e+00
1.020394279813663152e+00
1.016943765835851332e+00
1.014056527731139967e+00
1.011646989404014096e+00
1.009641094180757426e+00
1.007975113564046232e+00
1.006594486327092808e+00
1.005452717393186424e+00
1.004510355014795131e+00
1.003734056448927880e+00
1.003095746164098800e+00
1.002571866196848349e+00
1.002142715241947979e+00
1.001791871102537534e+00
1.001505689987248537e+00
1.001272875611081803e+00
1.001084110966638629e+00
1.000931745850264010e+00
1.000809533651624283e+00
1.000712411469009577e+00
1.000636318240169409e+00
1.000578046240291785e+00
1.000535121968398888e+00
1.000505713104510308e+00
1.000488558863161792e+00
1.000482921691541183e+00
1.000488558863161792e+00
1.000505713104510308e+00
1.000535121968398888e+00
1.000578046240291785e+00
1.000636318240169409e+00
1.000712411469009577e+00
1.000809533651624283e+00
1.000931745850264010e+00
1.001084110966638629e+00
1.001272875611081803e+00
1.001505689987248537e+00
1.001791871102537534e+00
1.002142715241947979e+00
1.002571866196848349e+00
1.003095746164098800e+00
1.003734056448927880e+00
1.004510355014795131e+00
1.005452717393186424e+00
1.006594486327092808e+00
1.007975113564046232e+00
1.009641094180757426e+00
1.011646989404014096e+00
1.014056527731139745e+00
1.016943765835851332e+00
1.020394279813663374e+00
1.024506343283840382e+00
1.029392031214510839e+00
1.035178166582516379e+00
1.042007000680371220e+00
1.050036486708228578e+00
1.059439970083372096e+00
1.070405077774968738e+00
1.083131543427250154e+00
1.097827656131129537e+00
1.114704970319940314e+00
1.133970865492972324e+00
1.155818502247894619e+00
1.180413693200734970e+00
1.207878205911904423e+00
1.238269058617457841e+00
1.271553486724315452e+00
1.307579490451967974e+00
1.346042280880023867e+00
1.386447602046041894e+00
1.428073917044324848e+00
1.469936906252632625e+00
1.510761704148147588e+00
1.548970764411450540e+00
1.582697939503581619e+00
1.609841657685382899e+00
1.628170792871902917e+00
1.635494147909005713e+00
1.629896236505345097e+00
1.610026542443879105e+00
1.575406970235544435e+00
1.526697042080228162e+00
1.465837784651601083e+00
1.395995551828306924e+00
1.321255634712565241e+00
1.246070072342597701e+00
1.174524812335342672e+00
1.109525645971351615e+00
1.051982441733821938e+00
1.000000000000000000e+00
