1.000000000000000000e+00
8.777734261575123043e-01
8.666879263753833884e-01
9.604687057615769463e-01
1.110410741568730986e+00
1.267812463555541891e+00
1.401375340243310896e+00
1.498817575499849175e+00
1.561024251610063196e+00
1.594928183553033785e+00
1.608474771905295642e+00
1.608387909484046530e+00
1.599885067731784405e+00
1.587131880010779206e+00
1.573611837495398014e+00
1.562142216581591025e+00
1.554648704868970110e+00
1.551937579693289937e+00
1.553647778647321065e+00
1.558437560724154292e+00
1.564348486949876937e+00
1.569234268523181486e+00
1.571144714301885292e+00
1.568593757450860160e+00
1.560688742065963863e+00
1.547136544015419890e+00
1.528162796177910066e+00
1.504384763840597161e+00
1.476672045193652805e+00
1.446018466250454937e+00
1.413437781956104144e+00
1.379887383988239291e+00
1.346218751048337214e+00
1.313150496512442977e+00
1.281258848250697469e+00
1.250980515151299599e+00
1.222623592010061877e+00
1.196383054936345225e+00
1.172358287699575730e+00
1.150570851621437019e+00
1.130981332836402453e+00
1.113504573513934170e+00
1.098022937414678823e+00
1.084397499549078603e+00
1.072477208507634172e+00
1.062106168712559029e+00
1.053129244944896126e+00
1.045396215897614223e+00
1.038764706963781981e+00
1.033102122280554314e+00
1.028286777575690092e+00
1.024208412481337760e+00
1.020768236434769438e+00
1.017878637957310817e+00
1.015462664217723132e+00
1.013453357079615813e+00
1.011793013678762065e+00
1.010432424090105252e+00
1.009330125762756714e+00
1.008451703944416522e+00
1.007769159036394857e+00
1.007260355433882815e+00
1.006908561620874609e+00
1.006702087817035185e+00
1.006634025042525415e+00
1.006702087819191016e+00
1.006908561625296628e+00
1.007260355440801058e+00
1.007769159046159491e+00
1.008451703957528922e+00
1.009330125779883902e+00
1.010432424112116534e+00
1.011793013706767441e+00
1.013453357115027709e+00
1.015462664262314796e+00
1.017878638013309134e+00
1.020768236504967064e+00
1.024208412569219906e+00
1.028286777685613940e+00
1.033102122417959512e+00
1.038764707135469312e+00
1.045396216112082000e+00
1.053129245212773402e+00
1.062106169047156490e+00
1.072477208925640024e+00
1.084397500071446752e+00
1.098022938067770182e+00
1.113504574330969055e+00
1.130981333859349514e+00
1.150570852903426644e+00
1.172358289308039980e+00
1.196383056957083912e+00
1.222623594552512127e+00
1.250980518355369941e+00
1.281258852295624306e+00
1.313150501628235212e+00
1.346218757530463161e+00
1.379887392216414099e+00
1.413437792417981065e+00
1.446018479571205440e+00
1.476672062172154742e+00
1.504384785492669963e+00
1.528162823786350044e+00
1.547136579185363070e+00
1.560688786782485016e+00
1.568593814133381059e+00
1.571144785847388370e+00
1.569234358327554091e+00
1.564348598894453879e+00
1.558437699113213393e+00
1.553647948081669616e+00
1.551937784865161207e+00
1.554648950263524787e+00
1.562142506071643400e+00
1.573612173821881788e+00
1.587132264158188200e+00
1.599885498240775750e+00
1.608388381791373334e+00
1.608475277850100582e+00
1.594928711213134953e+00
1.561024785607935117e+00
1.498818097838057417e+00
1.401375831609247946e+00
1.267812904903085069e+00
1.110411115676756433e+00
9.604689984404571890e-01
8.666881271022215394e-01
8.777735281552839774e-01
1.000000000000000000e+00
