1.000000000000000000e+00
1.043876428622393604e+00
1.087192230803320836e+00
1.129080650404323372e+00
1.168397993885741393e+00
1.203845905936999916e+00
1.234148390741511170e+00
1.258237340472688093e+00
1.275403188421264211e+00
1.285380823947780415e+00
1.288360479845186868e+00
1.284932216817769479e+00
1.275985375913725184e+00
1.262588723806625124e+00
1.245874106839901962e+00
1.226939318839864290e+00
1.206777823063224009e+00
1.186236229083502458e+00
1.165996004227086935e+00
1.146573777584452669e+00
1.128334217321023791e+00
1.111510142078912633e+00
1.096225681336560065e+00
1.082519530894708426e+00
1.070366438656676467e+00
1.059695913434309134e+00
1.050407766310509139e+00
1.042384500960460203e+00
1.035500811467732651e+00
1.029630568773733490e+00
1.024651718631911512e+00
1.020449504945013075e+00
1.016918394621026067e+00
1.013963028718380066e+00
1.011498469483823825e+00
1.009449959853043310e+00
1.007752364308899695e+00
1.006349419093901076e+00
1.005192885931106783e+00
1.004241676231377944e+00
1.003460991516500922e+00
1.002821509589665538e+00
1.002298633948551343e+00
1.001871815236345054e+00
1.001523947436183670e+00
1.001240837420335428e+00
1.001010743863470998e+00
1.000823980016738446e+00
1.000672574101516998e+00
1.000549980877719847e+00
1.000450838090785721e+00
1.000370761871099967e+00
1.000306175654618768e+00
1.000254167746872369e+00
1.000212373219558692e+00
1.000178876380177551e+00
1.000152130573136677e+00
1.000130892545845640e+00
1.000114169041874446e+00
1.000101173665117082e+00
1.000091292396779075e+00
1.000084056444666025e+00
1.000079121366880264e+00
1.000076251644703484e+00
1.000075310087831237e+00
1.000076251644703484e+00
1.000079121366880264e+00
1.000084056444666025e+00
1.000091292396779075e+00
1.000101173665117082e+00
1.000114169041874446e+00
1.000130892545845640e+00
1.000152130573136677e+00
1.000178876380177551e+00
1.000212373219558692e+00
1.000254167746872369e+00
1.000306175654618768e+00
1.000370761871099967e+00
1.000450838090785721e+00
1.000549980877719847e+00
1.000672574101516998e+00
1.000823980016738446e+00
1.001010743863470998e+00
1.001240837420335428e+00
1.001523947436183670e+00
1.001871815236345054e+00
1.002298633948551343e+00
1.002821509589665538e+00
1.003460991516500922e+00
1.004241676231377944e+00
1.005192885931106783e+00
1.006349419093901076e+00
1.007752364308899695e+00
1.009449959853043310e+00
1.011498469483823603e+00
1.013963028718380066e+00
1.016918394621026067e+00
1.020449504945013075e+00
1.024651718631911512e+00
1.029630568773733490e+00
1.035500811467732651e+00
1.042384500960459981e+00
1.050407766310509361e+00
1.059695913434308912e+00
1.070366438656676467e+00
1.082519530894708204e+00
1.096225681336560065e+00
1.111510142078913077e+00
1.128334217321023569e+00
1.146573777584452447e+00
1.165996004227086935e+00
1.186236229083502680e+00
1.206777823063223343e+00
1.226939318839863402e+00
1.245874106839901074e+00
1.262588723806624902e+00
1.275985375913724296e+00
1.284932216817768369e+00
1.288360479845186424e+00
1.285380823947779305e+00
1.275403188421262879e+00
1.258237340472687205e+00
1.234148390741510504e+00
1.203845905937000138e+00
1.168397993885740282e+00
1.129080650404322705e+00
1.087192230803321058e+00
1.043876428622393382e+00
1.000000000000000000e+00
