1.000000000000000000e+00
7.695796195244026805e-01
7.918600149013691469e-01
9.655570380805171826e-01
1.160441524254246515e+00
1.313592645784980695e+00
1.417821600501050217e+00
1.487125326584485929e+00
1.534868891624884046e+00
1.568165973392481316e+00
1.590148638112228507e+00
1.602870711754738720e+00
1.608295999646478736e+00
1.607969304650877174e+00
1.602654982853733534e+00
1.592576222129390873e+00
1.578099856341450336e+00
1.560362586121877060e+00
1.541443091399815390e+00
1.524005196219541336e+00
1.510617346512711512e+00
1.503063985250854717e+00
1.501907781039286238e+00
1.506415239600032763e+00
1.514809137315672016e+00
1.524716796979761702e+00
1.533659810734777640e+00
1.539462707946906761e+00
1.540515420760937948e+00
1.535879825498832174e+00
1.525268293536854891e+00
1.508938578942078612e+00
1.487549076820190663e+00
1.462008874429423511e+00
1.433344564805359100e+00
1.402594586851269032e+00
1.370733657336572708e+00
1.338624849063591471e+00
1.306994440271087354e+00
1.276423989732784259e+00
1.247354442406621633e+00
1.220097900259910384e+00
1.194853658064964019e+00
1.171726015467668081e+00
1.150742149734403474e+00
1.131868945532462423e+00
1.115028138304503535e+00
1.100109459199596129e+00
1.086981698222579729e+00
1.075501752478082773e+00
1.065521818519991726e+00
1.056894938145969798e+00
1.049479128051083787e+00
1.043140325041534533e+00
1.037754367036192393e+00
1.033208210987203612e+00
1.029400565822725433e+00
1.026242094142149730e+00
1.023655312425181707e+00
1.021574297061473180e+00
1.019944283200224788e+00
1.018721225536123320e+00
1.017871374707935095e+00
1.017370909823416936e+00
1.017205656447517148e+00
1.017370909823298586e+00
1.017871374707694399e+00
1.018721225535752506e+00
1.019944283199713864e+00
1.021574297060807934e+00
1.023655312424342156e+00
1.026242094141115446e+00
1.029400565821472657e+00
1.033208210985713915e+00
1.037754367034432246e+00
1.043140325039483729e+00
1.049479128048725007e+00
1.056894938143285501e+00
1.065521818516973473e+00
1.075501752474723904e+00
1.086981698218888903e+00
1.100109459195585337e+00
1.115028138300189209e+00
1.131868945527842341e+00
1.150742149729453656e+00
1.171726015462291048e+00
1.194853658058943946e+00
1.220097900252822054e+00
1.247354442397701213e+00
1.276423989720736119e+00
1.306994440253789858e+00
1.338624849037739484e+00
1.370733657297122265e+00
1.402594586790728792e+00
1.433344564712866420e+00
1.462008874289590477e+00
1.487549076611703436e+00
1.508938578636125349e+00
1.525268293095464189e+00
1.535879824873337407e+00
1.540515419890857718e+00
1.539462706759484822e+00
1.533659809145526021e+00
1.524716794893889560e+00
1.514809134629959031e+00
1.506415236203961339e+00
1.501907776813768303e+00
1.503063980062953719e+00
1.510617340205981707e+00
1.524005188602169492e+00
1.541443082236026774e+00
1.560362575134311758e+00
1.578099843231214772e+00
1.592576206614938927e+00
1.602654964721399899e+00
1.607969283803877936e+00
1.608295976141137951e+00
1.602870685822713748e+00
1.590148610176737698e+00
1.568165944083625973e+00
1.534868861784697502e+00
1.487125297242578359e+00
1.417821572810362030e+00
1.313592620922125143e+00
1.160441503292994891e+00
9.655570218569008434e-01
7.918600039268055557e-01
7.695796140136846875e-01
1.000000000000000000e+00
