1.000000000000000000e+00
7.490280570565657214e-01
7.863554249684565622e-01
9.751264043534138004e-01
1.170308776102402026e+00
1.316243235038691672e+00
1.415635587632368741e+00
1.485441782917629405e+00
1.536480196932889841e+00
1.572375713401853892e+00
1.594513283996528141e+00
1.605223704274874041e+00
1.607921221143783885e+00
1.605781515450467323e+00
1.600621769897475621e+00
1.592741712808596999e+00
1.581635679419513218e+00
1.567025763670125027e+00
1.549624454330774892e+00
1.531290964281945222e+00
1.514595097616621810e+00
1.502058720030317929e+00
1.495420172714008622e+00
1.495183027786992414e+00
1.500549896975059028e+00
1.509690072081795842e+00
1.520199412986655174e+00
1.529593700397400502e+00
1.535713607792276836e+00
1.536979314703684318e+00
1.532488433990934151e+00
1.521987522274304450e+00
1.505762488084740891e+00
1.484491879907723577e+00
1.459096874355931384e+00
1.430609191446541084e+00
1.400067058460762404e+00
1.368441337315262407e+00
1.336589109099941108e+00
1.305229726472128648e+00
1.274937768732579357e+00
1.246147736522091432e+00
1.219166174639813915e+00
1.194187880450351180e+00
1.171313761416197030e+00
1.150568669298752011e+00
1.131918140893841018e+00
1.115283426712333714e+00
1.100554513267902434e+00
1.087601067735430194e+00
1.076281379737379140e+00
1.066449464061827834e+00
1.057960536249969774e+00
1.050675092555308110e+00
1.044461826069326138e+00
1.039199598719058981e+00
1.034778669398443540e+00
1.031101355299136157e+00
1.028082279070216876e+00
1.025648330442510359e+00
1.023738448455654870e+00
1.022303310002788956e+00
1.021304992284002955e+00
1.020716660901691553e+00
1.020522321520346054e+00
1.020716660902112549e+00
1.021304992284866708e+00
1.022303310004148313e+00
1.023738448457593764e+00
1.025648330445141587e+00
1.028082279073698979e+00
1.031101355303678302e+00
1.034778669404315510e+00
1.039199598726617602e+00
1.044461826079018385e+00
1.050675092567719959e+00
1.057960536265849072e+00
1.066449464082121157e+00
1.076281379763299517e+00
1.087601067768513285e+00
1.100554513310109783e+00
1.115283426766147112e+00
1.131918140962419272e+00
1.150568669386086151e+00
1.171313761527356334e+00
1.194187880591743633e+00
1.219166174819559689e+00
1.246147736750481183e+00
1.274937769022648659e+00
1.305229726840405391e+00
1.336589109567385414e+00
1.368441337908512523e+00
1.400067059213702336e+00
1.430609192402331420e+00
1.459096875569644514e+00
1.484491881449749862e+00
1.505762490045168045e+00
1.521987524768548372e+00
1.532488437166902973e+00
1.536979318750749890e+00
1.535713612952347651e+00
1.529593706978093604e+00
1.520199421376430271e+00
1.509690082766322661e+00
1.500549910553586885e+00
1.495183044986742926e+00
1.495420194400196801e+00
1.502058747209160883e+00
1.514595131428958741e+00
1.531291005985471410e+00
1.549624505268732522e+00
1.567025825222688962e+00
1.581635752930772076e+00
1.592741799478420761e+00
1.600621870627407572e+00
1.605781630640899404e+00
1.607921350457988785e+00
1.605223846409098432e+00
1.594513436512652316e+00
1.572375872678736908e+00
1.536480358273621505e+00
1.485441940821221607e+00
1.415635736207766282e+00
1.316243368501363920e+00
1.170308889251075790e+00
9.751264929130400994e-01
7.863554857471621862e-01
7.490280879616936227e-01
1.000000000000000000e+00
