1.000000000000000000e+00
7.472913113816767039e-01
7.852656917688374261e-01
9.745592872101811466e-01
1.169296592340612451e+00
1.314442114230633063e+00
1.413355448508734957e+00
1.483118640861454951e+00
1.534344617867513749e+00
1.570437880723754898e+00
1.592683021451337000e+00
1.603416811873820569e+00
1.606114361397126267e+00
1.604027042062056596e+00
1.599031746404321996e+00
1.591445641751210172e+00
1.580725478430899278e+00
1.566511291777129111e+00
1.549419921505451603e+00
1.531237619385336313e+00
1.514509071434036125e+00
1.501784082564809220e+00
1.494868663539880238e+00
1.494350254190993432e+00
1.499507751286323520e+00
1.508562467711229926e+00
1.519131367648238307e+00
1.528722741852786449e+00
1.535149147236177125e+00
1.536791890981745512e+00
1.532707856743841912e+00
1.522607408165989495e+00
1.506748346265579519e+00
1.485790327796275179e+00
1.460644307809950915e+00
1.432338978969881271e+00
1.401914916379213727e+00
1.370348928970912539e+00
1.338506119691243779e+00
1.307114744876286760e+00
1.276758307439928464e+00
1.247879679143307996e+00
1.220792883128170914e+00
1.195699136298664644e+00
1.172704664098270344e+00
1.151838573818966927e+00
1.133069684552218792e+00
1.116321671927297698e+00
1.101486216959939313e+00
1.088434076813423745e+00
1.077024145297140079e+00
1.067110662906841645e+00
1.058548786421958043e+00
1.051198749066446947e+00
1.044928843473158286e+00
1.039617448185958137e+00
1.035154299314726911e+00
1.031441185902093771e+00
1.028392223136264327e+00
1.025933833476586843e+00
1.024004543132422951e+00
1.022554680752355338e+00
1.021546046880932757e+00
1.020951606700547076e+00
1.020755244584670374e+00
1.020951606700348568e+00
1.021546046880525305e+00
1.022554680751726064e+00
1.024004543131551870e+00
1.025933833475441981e+00
1.028392223134809047e+00
1.031441185900284774e+00
1.035154299312507353e+00
1.039617448183271176e+00
1.044928843469928648e+00
1.051198749062602023e+00
1.058548786417418119e+00
1.067110662901513463e+00
1.077024145290929047e+00
1.088434076806220396e+00
1.101486216951633734e+00
1.116321671917758218e+00
1.133069684541301303e+00
1.151838573806479138e+00
1.172704664083968451e+00
1.195699136282192043e+00
1.220792883109012017e+00
1.247879679120696972e+00
1.276758307412702464e+00
1.307114744842690968e+00
1.338506119648637416e+00
1.370348928915395836e+00
1.401914916305089243e+00
1.432338978868949120e+00
1.460644307670613706e+00
1.485790327602435346e+00
1.506748345995329919e+00
1.522607407790159240e+00
1.532707856224515774e+00
1.536791890270898797e+00
1.535149146274709331e+00
1.528722740570065852e+00
1.519131365962314018e+00
1.508562465529422747e+00
1.499507748505588545e+00
1.494350250696896198e+00
1.494868659202969186e+00
1.501784077233652148e+00
1.514509064925790849e+00
1.531237611477116456e+00
1.549419911932094607e+00
1.566511280241491777e+00
1.580725464630030830e+00
1.591445625415712994e+00
1.599031727342002496e+00
1.604027020195513131e+00
1.606114336791201191e+00
1.603416784758830760e+00
1.592682992251157392e+00
1.570437850086256804e+00
1.534344586676393840e+00
1.483118610203427945e+00
1.413355419590365702e+00
1.314442088264550224e+00
1.169296570422979187e+00
9.745592702037754185e-01
7.852656802277676595e-01
7.472913055705709962e-01
1.000000000000000000e+00
