1.000000000000000000e+00
1.077025097255980279e+00
1.153698533664818449e+00
1.228757921911491247e+00
1.300148913027844966e+00
1.365326397579589512e+00
1.421670067033670604e+00
1.466918197313760608e+00
1.499520309707105703e+00
1.518837373376288324e+00
1.525166278706263867e+00
1.519613223607209740e+00
1.503871366887964189e+00
1.479965477338743840e+00
1.450014975554118735e+00
1.416046573046688017e+00
1.379867746713282495e+00
1.342997742877631850e+00
1.306644922069096770e+00
1.271716825169127985e+00
1.238850329058164723e+00
1.208451830265826699e+00
1.180740302521004370e+00
1.155788653618357253e+00
1.133560808865930580e+00
1.113943360480931899e+00
1.096771539146458974e+00
1.081849808437991944e+00
1.068967668232065238e+00
1.057911369491623788e+00
1.048472255478984705e+00
1.040452398371757070e+00
1.033668124799426158e+00
1.027951937355002565e+00
1.023153252628948628e+00
1.019138295873441402e+00
1.015789421053920893e+00
1.013004063882486427e+00
1.010693484405138065e+00
1.008781414129849896e+00
1.007202689502692206e+00
1.005901927603319423e+00
1.004832280076586537e+00
1.003954286453337508e+00
1.003234837163157200e+00
1.002646248856128519e+00
1.002165449413846110e+00
1.001773266649943706e+00
1.001453812699407031e+00
1.001193955094298094e+00
1.000982865225453988e+00
1.000811635069036587e+00
1.000672953543967347e+00
1.000560834536307064e+00
1.000470389390416770e+00
1.000397637461698297e+00
1.000339349110638043e+00
1.000292916266085630e+00
1.000256246382424719e+00
1.000227676253402587e+00
1.000205902723484863e+00
1.000189927858205596e+00
1.000179016603269577e+00
1.000172665384346349e+00
1.000170580483760396e+00
1.000172665384346349e+00
1.000179016603269577e+00
1.000189927858205596e+00
1.000205902723484863e+00
1.000227676253402587e+00
1.000256246382424719e+00
1.000292916266085630e+00
1.000339349110638043e+00
1.000397637461698297e+00
1.000470389390416770e+00
1.000560834536307064e+00
1.000672953543967347e+00
1.000811635069036587e+00
1.000982865225453988e+00
1.001193955094298094e+00
1.001453812699407031e+00
1.001773266649943706e+00
1.002165449413846110e+00
1.002646248856128519e+00
1.003234837163157200e+00
1.003954286453337508e+00
1.004832280076586537e+00
1.005901927603319423e+00
1.007202689502692206e+00
1.008781414129849896e+00
1.010693484405138065e+00
1.013004063882486427e+00
1.015789421053920671e+00
1.019138295873441402e+00
1.023153252628948406e+00
1.027951937355002565e+00
1.033668124799425714e+00
1.040452398371757070e+00
1.048472255478984705e+00
1.057911369491623566e+00
1.068967668232065460e+00
1.081849808437991722e+00
1.096771539146459418e+00
1.113943360480931677e+00
1.133560808865930580e+00
1.155788653618357031e+00
1.180740302521004370e+00
1.208451830265827143e+00
1.238850329058164723e+00
1.271716825169127540e+00
1.306644922069097881e+00
1.342997742877632295e+00
1.379867746713282051e+00
1.416046573046687351e+00
1.450014975554117402e+00
1.479965477338744728e+00
1.503871366887963967e+00
1.519613223607208186e+00
1.525166278706263645e+00
1.518837373376288991e+00
1.499520309707104593e+00
1.466918197313759720e+00
1.421670067033670826e+00
1.365326397579590623e+00
1.300148913027845410e+00
1.228757921911490580e+00
1.153698533664818449e+00
1.077025097255980279e+00
1.000000000000000000e+00
