1.000000000000000000e+00
7.480584354016434068e-01
7.854301675146816430e-01
9.742102790486637520e-01
1.169017198809823244e+00
1.314462330388800115e+00
1.413535625736682899e+00
1.483252052264608656e+00
1.534344260871445265e+00
1.570340305259974034e+00
1.592575759069804864e+00
1.603375511002223641e+00
1.606170903864021282e+00
1.604161486703421069e+00
1.599182470267379141e+00
1.591534999732692413e+00
1.580693114311590319e+00
1.566341487987860992e+00
1.549151005472163112e+00
1.530950090042753731e+00
1.514298757485842639e+00
1.501731866217352884e+00
1.495017586569228563e+00
1.494696039715057712e+00
1.500003004770430692e+00
1.509130532022839866e+00
1.519684069076918886e+00
1.529176839459125858e+00
1.535438206328782362e+00
1.536872462072514489e+00
1.532560508771948937e+00
1.522234059000102446e+00
1.506167534798032115e+00
1.485031829417174043e+00
1.459744066240658000e+00
1.431334895675273833e+00
1.400843697976814850e+00
1.369243968591728366e+00
1.337396266730924932e+00
1.306023770920859972e+00
1.275704875999661869e+00
1.246877650857586284e+00
1.219851821304893447e+00
1.194824911237682974e+00
1.171900084267109676e+00
1.151103996021347387e+00
1.132403573706513678e+00
1.115721094619425147e+00
1.100947262458873643e+00
1.087952205635162928e+00
1.076594469457187175e+00
1.066728164348781371e+00
1.058208481247709054e+00
1.050895805500268620e+00
1.044658661248910825e+00
1.039375706463236959e+00
1.034936979455134409e+00
1.031244574579451179e+00
1.028212900388636220e+00
1.025768649483640660e+00
1.023850586750662650e+00
1.022409242181792077e+00
1.021406576279122014e+00
1.020815670106960615e+00
1.020620478169692147e+00
1.020815670106763440e+00
1.021406576278717671e+00
1.022409242181167244e+00
1.023850586749798008e+00
1.025768649482504014e+00
1.028212900387192041e+00
1.031244574577655504e+00
1.034936979452931283e+00
1.039375706460569759e+00
1.044658661245705167e+00
1.050895805496452340e+00
1.058208481243203103e+00
1.066728164343492713e+00
1.076594469451021885e+00
1.087952205628011981e+00
1.100947262450627573e+00
1.115721094609952280e+00
1.132403573695669685e+00
1.151103996008938424e+00
1.171900084252889940e+00
1.194824911221292751e+00
1.219851821285811377e+00
1.246877650835038098e+00
1.275704875972472063e+00
1.306023770887255520e+00
1.337396266688238855e+00
1.369243968536024258e+00
1.400843697902341978e+00
1.431334895573758814e+00
1.459744066100400417e+00
1.485031829221933997e+00
1.506167534525705731e+00
1.522234058621252828e+00
1.532560508248302256e+00
1.536872461355574426e+00
1.535438205358839570e+00
1.529176838164785002e+00
1.519684067375305370e+00
1.509130529820199351e+00
1.500003001962523230e+00
1.494696036186176968e+00
1.495017582188614691e+00
1.501731860832236976e+00
1.514298750911955427e+00
1.530950082055553940e+00
1.549150995804423170e+00
1.566341476339829564e+00
1.580693100377214666e+00
1.591534983239333290e+00
1.599182451020112694e+00
1.604161464623403921e+00
1.606170879016568298e+00
1.603375483620310238e+00
1.592575729582097255e+00
1.570340274321097240e+00
1.534344229373688639e+00
1.483252021304992896e+00
1.413535596533419980e+00
1.314462304166627460e+00
1.169017176676049541e+00
9.742102618747177090e-01
7.854301558600286226e-01
7.480584295333743139e-01
1.000000000000000000e+00
