1.000000000000000000e+00
1.077293402898936492e+00
1.155887206405064704e+00
1.235344455502744188e+00
1.313787825355015482e+00
1.388346140695335018e+00
1.455713629784262997e+00
1.512740042667368945e+00
1.556942461988483961e+00
1.586844104297666425e+00
1.602095230074594090e+00
1.603391395009482912e+00
1.592249094296320111e+00
1.570715610713042887e+00
1.541081072331265123e+00
1.505637789021209150e+00
1.466506937274783873e+00
1.425533256445718600e+00
1.384237063204101004e+00
1.343808550738875729e+00
1.305129617560050637e+00
1.268811049745563135e+00
1.235236124303723537e+00
1.204604701747664208e+00
1.176974262529770554e+00
1.152296060233645170e+00
1.130445706983226994e+00
1.111248210444495843e+00
1.094497877495996363e+00
1.079973691832770255e+00
1.067450837793813445e+00
1.056709032795972503e+00
1.047538280006274691e+00
1.039742582713069741e+00
1.033142085265618126e+00
1.027574030031873642e+00
1.022892849762702117e+00
1.018969652127093228e+00
1.015691298785243335e+00
1.012959235199791586e+00
1.010688188995924941e+00
1.008804823358258718e+00
1.007246406865017541e+00
1.005959541442175142e+00
1.004898974929511413e+00
1.004026513301912171e+00
1.003310039178266333e+00
1.002722637259143790e+00
1.002241823236591056e+00
1.001848870074063536e+00
1.001528224000324707e+00
1.001267001807320645e+00
1.001054560859001130e+00
1.000882133427161147e+00
1.000742517436413737e+00
1.000629816321926713e+00
1.000539221407671153e+00
1.000466830947409624e+00
1.000409500701045395e+00
1.000364721622666986e+00
1.000330520901109077e+00
1.000305383213276667e+00
1.000288189624428670e+00
1.000278172100361074e+00
1.000274882090068873e+00
1.000278172100361074e+00
1.000288189624428670e+00
1.000305383213276667e+00
1.000330520901109077e+00
1.000364721622666986e+00
1.000409500701045395e+00
1.000466830947409624e+00
1.000539221407671153e+00
1.000629816321926713e+00
1.000742517436413737e+00
1.000882133427161147e+00
1.001054560859001130e+00
1.001267001807320645e+00
1.001528224000324707e+00
1.001848870074063536e+00
1.002241823236591056e+00
1.002722637259143790e+00
1.003310039178266333e+00
1.004026513301912171e+00
1.004898974929511413e+00
1.005959541442175142e+00
1.007246406865017541e+00
1.008804823358258496e+00
1.010688188995924941e+00
1.012959235199791808e+00
1.015691298785243335e+00
1.018969652127093228e+00
1.022892849762701895e+00
1.027574030031873420e+00
1.033142085265617904e+00
1.039742582713069519e+00
1.047538280006274247e+00
1.056709032795972503e+00
1.067450837793813223e+00
1.079973691832770033e+00
1.094497877495996585e+00
1.111248210444495399e+00
1.130445706983227439e+00
1.152296060233644948e+00
1.176974262529770554e+00
1.204604701747663764e+00
1.235236124303723537e+00
1.268811049745563579e+00
1.305129617560050637e+00
1.343808550738875285e+00
1.384237063204101448e+00
1.425533256445718155e+00
1.466506937274783873e+00
1.505637789021208706e+00
1.541081072331263124e+00
1.570715610713043775e+00
1.592249094296319889e+00
1.603391395009480913e+00
1.602095230074592980e+00
1.586844104297666203e+00
1.556942461988483073e+00
1.512740042667366946e+00
1.455713629784262331e+00
1.388346140695335240e+00
1.313787825355015926e+00
1.235344455502743299e+00
1.155887206405064260e+00
1.077293402898936270e+00
1.000000000000000000e+00
