1.000000000000000000e+00
8.357801020834545458e-01
8.307449108680879934e-01
9.544358911459134287e-01
1.127964031328405170e+00
1.290027106831335590e+00
1.413108767677957234e+00
1.495447244588511193e+00
1.546959586948593479e+00
1.578614640819609338e+00
1.597699369543620351e+00
1.607519714592448246e+00
1.609101400492241485e+00
1.603066848160448643e+00
1.590809260902690259e+00
1.574783358222851204e+00
1.558111172327425908e+00
1.543850663618114627e+00
1.534273674629463402e+00
1.530401287045318082e+00
1.531900597434977973e+00
1.537310248664027990e+00
1.544472778411554614e+00
1.551024876933798646e+00
1.554821746610786315e+00
1.554224192877420307e+00
1.548231356045822737e+00
1.536481443280988124e+00
1.519162109158498364e+00
1.496874356669422479e+00
1.470485714274542888e+00
1.440996498639862011e+00
1.409431623292523472e+00
1.376761781801203455e+00
1.343852350976848298e+00
1.311435544958521549e+00
1.280100416649471606e+00
1.250295498645352943e+00
1.222339630504106101e+00
1.196437459608525877e+00
1.172697017225433180e+00
1.151147559882418347e+00
1.131756497303503028e+00
1.114444706752108827e+00
1.099099880756517100e+00
1.085587796454773324e+00
1.073761554605708213e+00
1.063468935524415793e+00
1.054558074584375449e+00
1.046881684484052499e+00
1.040300055046046834e+00
1.034683051230270046e+00
1.029911311678002761e+00
1.025876827343632280e+00
1.022483055359188819e+00
1.019644699089282014e+00
1.017287262591458408e+00
1.015346467127689944e+00
1.013767599343539327e+00
1.012504845347213855e+00
1.011520652106246754e+00
1.010785147138411499e+00
1.010275639136626324e+00
1.009976215623511919e+00
1.009877448652337195e+00
1.009976215622929274e+00
1.010275639135431502e+00
1.010785147136548767e+00
1.011520652103619300e+00
1.012504845343695337e+00
1.013767599338955883e+00
1.015346467121818863e+00
1.017287262584013252e+00
1.019644699079909733e+00
1.022483055347432446e+00
1.025876827328934482e+00
1.029911311659671647e+00
1.034683051207436311e+00
1.040300055017635117e+00
1.046881684448722760e+00
1.054558074540463908e+00
1.063468935469844778e+00
1.073761554537890239e+00
1.085587796370467206e+00
1.099099880651659422e+00
1.114444706621591008e+00
1.131756497140888884e+00
1.151147559679568833e+00
1.172697016972030770e+00
1.196437459291443961e+00
1.222339630106590969e+00
1.250295498145973072e+00
1.280100416020733212e+00
1.311435544165083122e+00
1.343852349973214233e+00
1.376761780528777734e+00
1.409431621675862001e+00
1.440996496581995023e+00
1.470485711651204896e+00
1.496874353322123374e+00
1.519162104886430109e+00
1.536481437831871855e+00
1.548231349106055976e+00
1.554224184062032776e+00
1.554821735453933096e+00
1.551024862880615585e+00
1.544472760812124479e+00
1.537310226770159272e+00
1.531900570400463124e+00
1.530401253931013006e+00
1.534273634416002396e+00
1.543850615231721290e+00
1.558111114687119159e+00
1.574783290319090812e+00
1.590809181915934234e+00
1.603066757621889993e+00
1.609101298477795705e+00
1.607519601926866937e+00
1.597699247977548032e+00
1.578614513132612363e+00
1.546959456929725585e+00
1.495447116855643799e+00
1.413108647321583478e+00
1.290026998912215062e+00
1.127963940323753134e+00
9.544358205037554166e-01
8.307448628322862128e-01
8.357800778379564921e-01
1.000000000000000000e+00
