1.000000000000000000e+00
1.022196127171913549e+00
1.044081405615985503e+00
1.065215680983460533e+00
1.085040524426661435e+00
1.102932664860054812e+00
1.118282054066461750e+00
1.130574269733621406e+00
1.139458674519641557e+00
1.144789409541880021e+00
1.146634166776051345e+00
1.145253360300742651e+00
1.141057808344851265e+00
1.134555424736935381e+00
1.126296918905933753e+00
1.116828085555490846e+00
1.106653099402883589e+00
1.096210267633151991e+00
1.085859476640798071e+00
1.075879255591319472e+00
1.066470860663393472e+00
1.057766834076949714e+00
1.049841871611169486e+00
1.042724346592613038e+00
1.036407356005695668e+00
1.030858602535307922e+00
1.026028775647221059e+00
1.021858343528087465e+00
1.018282828765284753e+00
1.015236732640130146e+00
1.012656314722572004e+00
1.010481442553282205e+00
1.008656713613809597e+00
1.007132028101458188e+00
1.005862762830816326e+00
1.004809668090468122e+00
1.003938582942055513e+00
1.003220041481730052e+00
1.002628823406169767e+00
1.002143486758982904e+00
1.001745908630142123e+00
1.001420850369823645e+00
1.001155557058454049e+00
1.000939396071972576e+00
1.000763536173557178e+00
1.000620666292836969e+00
1.000504751728288788e+00
1.000410824695039835e+00
1.000334805757920886e+00
1.000273352600766552e+00
1.000223732685647571e+00
1.000183716575441917e+00
1.000151488977477188e+00
1.000125574878157009e+00
1.000104778454545595e+00
1.000088132753239600e+00
1.000074858410620937e+00
1.000064329947022879e+00
1.000056048399004860e+00
1.000049619259146372e+00
1.000044734873321461e+00
1.000041160603672985e+00
1.000038724204386664e+00
1.000037307979888546e+00
1.000036843404285003e+00
1.000037307979888546e+00
1.000038724204386664e+00
1.000041160603672985e+00
1.000044734873321461e+00
1.000049619259146372e+00
1.000056048399004860e+00
1.000064329947022879e+00
1.000074858410620937e+00
1.000088132753239600e+00
1.000104778454545595e+00
1.000125574878157009e+00
1.000151488977477188e+00
1.000183716575441917e+00
1.000223732685647571e+00
1.000273352600766552e+00
1.000334805757920886e+00
1.000410824695039835e+00
1.000504751728288788e+00
1.000620666292836969e+00
1.000763536173557178e+00
1.000939396071972576e+00
1.001155557058454049e+00
1.001420850369823645e+00
1.001745908630142123e+00
1.002143486758982904e+00
1.002628823406169767e+00
1.003220041481730052e+00
1.003938582942055513e+00
1.004809668090468122e+00
1.005862762830816104e+00
1.007132028101458188e+00
1.008656713613809597e+00
1.010481442553282205e+00
1.012656314722572004e+00
1.015236732640129924e+00
1.018282828765284753e+00
1.021858343528087243e+00
1.026028775647221281e+00
1.030858602535307478e+00
1.036407356005695668e+00
1.042724346592612594e+00
1.049841871611169042e+00
1.057766834076949714e+00
1.066470860663393028e+00
1.075879255591319028e+00
1.085859476640797627e+00
1.096210267633151769e+00
1.106653099402882923e+00
1.116828085555489958e+00
1.126296918905932642e+00
1.134555424736935159e+00
1.141057808344850155e+00
1.145253360300741541e+00
1.146634166776050900e+00
1.144789409541878911e+00
1.139458674519640446e+00
1.130574269733619852e+00
1.118282054066460862e+00
1.102932664860054590e+00
1.085040524426660546e+00
1.065215680983459867e+00
1.044081405615985503e+00
1.022196127171913105e+00
1.000000000000000000e+00
