1.000000000000000000e+00
7.809139938749019016e-01
7.971440515034079466e-01
9.630763212657178496e-01
1.156819717517782564e+00
1.313321886510106618e+00
1.420653361314782259e+00
1.490641117225718570e+00
1.537345356687726428e+00
1.569521469953371051e+00
1.591303767909214351e+00
1.604680652456835110e+00
1.610878877018706135e+00
1.610666820559528256e+00
1.604459930739897233e+00
1.592704225562277420e+00
1.576407958464472570e+00
1.557452065456439438e+00
1.538449696053785676e+00
1.522204502858520048e+00
1.511016828961379455e+00
1.506121101567390319e+00
1.507438993022889306e+00
1.513684188385706619e+00
1.522731098459935151e+00
1.532100476657630939e+00
1.539420352260146618e+00
1.542767404473316617e+00
1.540852163304357036e+00
1.533058961961275779e+00
1.519378674369003646e+00
1.500279837448899700e+00
1.476558159370611412e+00
1.449192845568576526e+00
1.419226014782419831e+00
1.387671633634856905e+00
1.355453776676557309e+00
1.323370343333040822e+00
1.292076875498218369e+00
1.262085015901772911e+00
1.233770779728764033e+00
1.207388737120372646e+00
1.183089158605387992e+00
1.160936025931849302e+00
1.140924506523392834e+00
1.122997026410712085e+00
1.107057471565004558e+00
1.092983326413443423e+00
1.080635746519553297e+00
1.069867682455064140e+00
1.060530242168838511e+00
1.052477514082474030e+00
1.045570083696225394e+00
1.039677470891736677e+00
1.034679699429040811e+00
1.030468188751405112e+00
1.026946134261384369e+00
1.024028517876726330e+00
1.021641867343510368e+00
1.019723861349377758e+00
1.018222858402473063e+00
1.017097410877669805e+00
1.016315811519863610e+00
1.015855707820986886e+00
1.015703809738956132e+00
1.015855707822052256e+00
1.016315811522052304e+00
1.017097410881097286e+00
1.018222858407322740e+00
1.019723861355909200e+00
1.021641867352068855e+00
1.024028517887767942e+00
1.026946134275492639e+00
1.030468188769332105e+00
1.034679699451724666e+00
1.039677470920376212e+00
1.045570083732331623e+00
1.052477514127940772e+00
1.060530242226052744e+00
1.069867682527016806e+00
1.080635746610011827e+00
1.092983326527134702e+00
1.107057471707874274e+00
1.122997026590221381e+00
1.140924506748938860e+00
1.160936026215251271e+00
1.183089158961543319e+00
1.207388737568076742e+00
1.233770780291762792e+00
1.262085016610117405e+00
1.292076876389989692e+00
1.323370344456613834e+00
1.355453778093481221e+00
1.387671635423591177e+00
1.419226017043158095e+00
1.449192848429466718e+00
1.476558162995719847e+00
1.500279842048390710e+00
1.519378680211976862e+00
1.533058969391795978e+00
1.540852172761078220e+00
1.542767416512848211e+00
1.539420367583998583e+00
1.532100496141711510e+00
1.522731123184705604e+00
1.513684219663807395e+00
1.507439032419860769e+00
1.506121150910161077e+00
1.511016890328853668e+00
1.522204578548669085e+00
1.538449788521710770e+00
1.557452177216774425e+00
1.576408091948672707e+00
1.592704382917697448e+00
1.604460113557113710e+00
1.610667029523444205e+00
1.610879111502717009e+00
1.604680910115969805e+00
1.591304044364345138e+00
1.569521758674325085e+00
1.537345649163773809e+00
1.490641403457668934e+00
1.420653630585927196e+00
1.313322128307543579e+00
1.156819922407596346e+00
9.630764815246060095e-01
7.971441614118132124e-01
7.809140497300048889e-01
1.000000000000000000e+00
