1.000000000000000000e+00
7.430266237630669401e-01
7.844237554174771088e-01
9.765263753271322678e-01
1.170794384518019315e+00
1.314259248789752865e+00
1.412323018581243428e+00
1.482378202816079904e+00
1.534346710000870972e+00
1.570966705181773060e+00
1.593265992549132370e+00
1.603650156791139869e+00
1.605818741103339109e+00
1.603291679081732868e+00
1.598174698547489392e+00
1.590889715213461564e+00
1.580820546914307734e+00
1.567375671978492147e+00
1.550873249821819400e+00
1.532852619548235484e+00
1.515753485003429990e+00
1.502190243786787116e+00
1.494168232757312698e+00
1.492536504826076582e+00
1.496820285771383041e+00
1.505414679634614394e+00
1.516012408253844423e+00
1.526103810323381715e+00
1.533413809709148090e+00
1.536197978408536224e+00
1.533378743901421482e+00
1.524544984832765904e+00
1.509858486169959990e+00
1.489912806568103987e+00
1.465581454400099126e+00
1.437879785865205484e+00
1.407853305253578657e+00
1.376496193329527884e+00
1.344698302233279463e+00
1.313216006986550832e+00
1.282661371834548314e+00
1.253504303291095967e+00
1.226083138840825759e+00
1.200620082308491376e+00
1.177238830125015623e+00
1.155982536752427459e+00
1.136830910930737959e+00
1.119715722455258300e+00
1.104534353397526258e+00
1.091161274138988224e+00
1.079457488135970200e+00
1.069278091195608571e+00
1.060478148279372812e+00
1.052917116689900290e+00
1.046462048948860080e+00
1.040989799184868225e+00
1.036388438875176954e+00
1.032558065248948331e+00
1.029411161320739287e+00
1.026872642247407486e+00
1.024879699679705602e+00
1.023381534688829531e+00
1.022339050982826958e+00
1.021724563500146621e+00
1.021521562887296897e+00
1.021724563499935901e+00
1.022339050982394415e+00
1.023381534688161620e+00
1.024879699678780787e+00
1.026872642246192902e+00
1.029411161319193635e+00
1.032558065247025425e+00
1.036388438872815732e+00
1.040989799182007403e+00
1.046462048945417500e+00
1.052917116685795129e+00
1.060478148274518917e+00
1.069278091189901803e+00
1.079457488129303533e+00
1.091161274131240422e+00
1.104534353388572088e+00
1.119715722444949435e+00
1.136830910918910753e+00
1.155982536738868749e+00
1.177238830109457401e+00
1.200620082290554613e+00
1.226083138819969331e+00
1.253504303266530728e+00
1.282661371805086992e+00
1.313216006950424397e+00
1.344698302187840699e+00
1.376496193270888568e+00
1.407853305176081093e+00
1.437879785760736162e+00
1.465581454257210758e+00
1.489912806370945919e+00
1.509858485897008329e+00
1.524544984455423746e+00
1.533378743382591169e+00
1.536197977701319939e+00
1.533413808755922147e+00
1.526103809055348481e+00
1.516012406591183526e+00
1.505414677486909714e+00
1.496820283037722854e+00
1.492536501393700421e+00
1.494168228497699591e+00
1.502190238548642087e+00
1.515753478603596660e+00
1.532852611763900530e+00
1.550873240389428087e+00
1.567375660605044185e+00
1.580820533303692876e+00
1.590889699104638400e+00
1.598174679755731242e+00
1.603291657533574721e+00
1.605818716862538853e+00
1.603650130082326930e+00
1.593265963787587447e+00
1.570966675005229796e+00
1.534346679281233028e+00
1.482378172625281154e+00
1.412322990107023113e+00
1.314259223222871587e+00
1.170794362933680777e+00
9.765263585734119678e-01
7.844237440429169261e-01
7.430266180337324888e-01
1.000000000000000000e+00
