1.000000000000000000e+00
1.079911811368242658e+00
1.160442951729134142e+00
1.240775844733799982e+00
1.318882169662862980e+00
1.391922123206318807e+00
1.456763930932525319e+00
1.510530614016435180e+00
1.551063143359930452e+00
1.577210803524647265e+00
1.588911733577889285e+00
1.587084661567136790e+00
1.573393501916087178e+00
1.549959391440543177e+00
1.519083793167813168e+00
1.483023079727005200e+00
1.443830957757879840e+00
1.403267076151626158e+00
1.362760066360936273e+00
1.323409810917965501e+00
1.286014513865472608e+00
1.251110930028122681e+00
1.219019377109436642e+00
1.189888088771313690e+00
1.163733756518285034e+00
1.140476730372530279e+00
1.119970408878013357e+00
1.102024988142876749e+00
1.086426086405214653e+00
1.072948916719434598e+00
1.061368719151712270e+00
1.051468135087668232e+00
1.043042142105968573e+00
1.035901088416580906e+00
1.029872283111232800e+00
1.024800519274320587e+00
1.020547834965974232e+00
1.016992753830278762e+00
1.014029193008354479e+00
1.011565180841161427e+00
1.009521489825323748e+00
1.007830260530425237e+00
1.006433668719873165e+00
1.005282669769681503e+00
1.004335840740020469e+00
1.003558330298647716e+00
1.002920919401705468e+00
1.002399190586345856e+00
1.001972800403826191e+00
1.001624847495812931e+00
1.001341327748030752e+00
1.001110667573114066e+00
1.000923326468220909e+00
1.000771460401785884e+00
1.000648638188162520e+00
1.000549603720976455e+00
1.000470077694070037e+00
1.000406593200056315e+00
1.000356360333523931e+00
1.000317155622107101e+00
1.000287232755718181e+00
1.000265251679769429e+00
1.000250223664059135e+00
1.000241470459217075e+00
1.000238596114272349e+00
1.000241470459217075e+00
1.000250223664059135e+00
1.000265251679769429e+00
1.000287232755718181e+00
1.000317155622107101e+00
1.000356360333523931e+00
1.000406593200056315e+00
1.000470077694070037e+00
1.000549603720976455e+00
1.000648638188162520e+00
1.000771460401785884e+00
1.000923326468220909e+00
1.001110667573114066e+00
1.001341327748030752e+00
1.001624847495812931e+00
1.001972800403826191e+00
1.002399190586345856e+00
1.002920919401705468e+00
1.003558330298647716e+00
1.004335840740020469e+00
1.005282669769681503e+00
1.006433668719873165e+00
1.007830260530425237e+00
1.009521489825323748e+00
1.011565180841161427e+00
1.014029193008354479e+00
1.016992753830278762e+00
1.020547834965974010e+00
1.024800519274320587e+00
1.029872283111232578e+00
1.035901088416580684e+00
1.043042142105968129e+00
1.051468135087668232e+00
1.061368719151712048e+00
1.072948916719434376e+00
1.086426086405214875e+00
1.102024988142876527e+00
1.119970408878013801e+00
1.140476730372530056e+00
1.163733756518285034e+00
1.189888088771313246e+00
1.219019377109437086e+00
1.251110930028122903e+00
1.286014513865472830e+00
1.323409810917965057e+00
1.362760066360936939e+00
1.403267076151626380e+00
1.443830957757879396e+00
1.483023079727004534e+00
1.519083793167811614e+00
1.549959391440544287e+00
1.573393501916086956e+00
1.587084661567135235e+00
1.588911733577888619e+00
1.577210803524647487e+00
1.551063143359929786e+00
1.510530614016433626e+00
1.456763930932525097e+00
1.391922123206319695e+00
1.318882169662863424e+00
1.240775844733798872e+00
1.160442951729133698e+00
1.079911811368242436e+00
1.000000000000000000e+00
