1.000000000000000000e+00
7.549837622237232093e-01
7.871073742716934163e-01
9.711582632860060738e-01
1.166387763410399403e+00
1.314481542604216013e+00
1.415086520527015113e+00
1.484469968565165887e+00
1.534373764892846159e+00
1.569475315371862800e+00
1.591625239558427829e+00
1.603047687390674492e+00
1.606740515433448646e+00
1.605398502556624196e+00
1.600482095270561622e+00
1.592188726998879478e+00
1.580201269590285618e+00
1.564640109529930712e+00
1.546660520851116161e+00
1.528436489831080491e+00
1.512617773706759206e+00
1.501562251417057015e+00
1.496674338379611280e+00
1.498068050359724346e+00
1.504609195202877059e+00
1.514253948853431009e+00
1.524531936506789087e+00
1.533022502208526205e+00
1.537719007050236009e+00
1.537236535799320958e+00
1.530869289901025665e+00
1.518534130350728262e+00
1.500646399495630279e+00
1.477969579024686286e+00
1.451468977842807817e+00
1.422187219713462181e+00
1.391149017231317231e+00
1.359295667243120009e+00
1.327445691854011178e+00
1.296276338175019971e+00
1.266320419220430704e+00
1.237973552691308932e+00
1.211507764819036659e+00
1.187088389680550193e+00
1.164792063980763626e+00
1.144624334770116603e+00
1.126535954441445941e+00
1.110437349535651874e+00
1.096211042345691000e+00
1.083722002890985081e+00
1.072826036550098117e+00
1.063376388439595921e+00
1.055228784420807031e+00
1.048245141799442948e+00
1.042296178898304060e+00
1.037263138034498322e+00
1.033038815599746307e+00
1.029528069186812056e+00
1.026647947282619544e+00
1.024327563449452416e+00
1.022507815050924140e+00
1.021141026924744288e+00
1.020190583113613547e+00
1.019630594758434983e+00
1.019445639289219718e+00
1.019630594758248465e+00
1.020190583113232297e+00
1.021141026924154982e+00
1.022507815050109015e+00
1.024327563448381273e+00
1.026647947281256856e+00
1.029528069185116301e+00
1.033038815597664417e+00
1.037263138031977228e+00
1.042296178895270486e+00
1.048245141795825841e+00
1.055228784416530452e+00
1.063376388434566611e+00
1.072826036544221484e+00
1.083722002884149438e+00
1.096211042337778885e+00
1.110437349526521622e+00
1.126535954430931019e+00
1.144624334757990747e+00
1.164792063966737956e+00
1.187088389664200605e+00
1.211507764799747200e+00
1.237973552668173216e+00
1.266320419192088043e+00
1.296276338139441320e+00
1.327445691808172068e+00
1.359295667182595535e+00
1.391149017149679201e+00
1.422187219601513952e+00
1.451468977687579986e+00
1.477969578808213225e+00
1.500646399193463987e+00
1.518534129930277476e+00
1.530869289319806370e+00
1.537236535003297266e+00
1.537719005972542519e+00
1.533022500768729923e+00
1.524531934610914519e+00
1.514253946394538142e+00
1.504609192061604706e+00
1.498068046403640885e+00
1.496674333459963480e+00
1.501562245361919956e+00
1.512617766311118439e+00
1.528436480846976586e+00
1.546660509983748932e+00
1.564640096446808792e+00
1.580201253948224638e+00
1.592188708487494608e+00
1.600482073663535676e+00
1.605398477758804399e+00
1.606740487516661542e+00
1.603047656621575223e+00
1.591625206426934058e+00
1.569475280619409885e+00
1.534373729521371743e+00
1.484469933800960151e+00
1.415086487731756382e+00
1.314481513150224989e+00
1.166387738541437180e+00
9.711582439826885738e-01
7.871073611663570446e-01
7.549837556224998636e-01
1.000000000000000000e+00
