1.000000000000000000e+00
1.045315992639992198e+00
1.090058552420283045e+00
1.133333688969845321e+00
1.173957694425587839e+00
1.210584751006830828e+00
1.241891508806694855e+00
1.266770445685857505e+00
1.284486713129241453e+00
1.294767302473381232e+00
1.297811884192373588e+00
1.294234488168174879e+00
1.284958492390194884e+00
1.271091847522136886e+00
1.253806311102974025e+00
1.234236949871081235e+00
1.213409714659520855e+00
1.192197877311128362e+00
1.171303557737044532e+00
1.151258415777466348e+00
1.132437238554721226e+00
1.115078894583000579e+00
1.099310342616835356e+00
1.085170666817308671e+00
1.072633237025582220e+00
1.061624975628817635e+00
1.052042344217257508e+00
1.043764077871800477e+00
1.036660940244792828e+00
1.030602895681834941e+00
1.025464135393032050e+00
1.021126384041029178e+00
1.017480873502640604e+00
1.014429317357502969e+00
1.011884162805898990e+00
1.009768342207249425e+00
1.008014697497986223e+00
1.006565208803051892e+00
1.005370123859476772e+00
1.004387057010563744e+00
1.003580104742943124e+00
1.002919008125192191e+00
1.002378380155931614e+00
1.001937007096525667e+00
1.001577226605892657e+00
1.001284381283793046e+00
1.001046343549077733e+00
1.000853106218179134e+00
1.000696432384305945e+00
1.000569557982322166e+00
1.000466940572787067e+00
1.000384048254629565e+00
1.000317183121786746e+00
1.000263334245860891e+00
1.000220055748325843e+00
1.000185366091645323e+00
1.000157665250762662e+00
1.000135666914806043e+00
1.000118343309644109e+00
1.000104880624908876e+00
1.000094643376979731e+00
1.000087146346037015e+00
1.000082032995936565e+00
1.000079059525512237e+00
1.000078083914835547e+00
1.000079059525512237e+00
1.000082032995936565e+00
1.000087146346037015e+00
1.000094643376979731e+00
1.000104880624908876e+00
1.000118343309644109e+00
1.000135666914806043e+00
1.000157665250762662e+00
1.000185366091645323e+00
1.000220055748325843e+00
1.000263334245860891e+00
1.000317183121786746e+00
1.000384048254629565e+00
1.000466940572787067e+00
1.000569557982322166e+00
1.000696432384305945e+00
1.000853106218179134e+00
1.001046343549077733e+00
1.001284381283793046e+00
1.001577226605892657e+00
1.001937007096525667e+00
1.002378380155931614e+00
1.002919008125192191e+00
1.003580104742943124e+00
1.004387057010563744e+00
1.005370123859476772e+00
1.006565208803051892e+00
1.008014697497986223e+00
1.009768342207249425e+00
1.011884162805898768e+00
1.014429317357502969e+00
1.017480873502640604e+00
1.021126384041029178e+00
1.025464135393032050e+00
1.030602895681834941e+00
1.036660940244792828e+00
1.043764077871800255e+00
1.052042344217257730e+00
1.061624975628817413e+00
1.072633237025582220e+00
1.085170666817308449e+00
1.099310342616835356e+00
1.115078894583001023e+00
1.132437238554721004e+00
1.151258415777466126e+00
1.171303557737044532e+00
1.192197877311128584e+00
1.213409714659520189e+00
1.234236949871080569e+00
1.253806311102973137e+00
1.271091847522136664e+00
1.284958492390193996e+00
1.294234488168173769e+00
1.297811884192373144e+00
1.294767302473380122e+00
1.284486713129240121e+00
1.266770445685856616e+00
1.241891508806694189e+00
1.210584751006831272e+00
1.173957694425586951e+00
1.133333688969844655e+00
1.090058552420283267e+00
1.045315992639991975e+00
1.000000000000000000e+00
