1.000000000000000000e+00
7.467410178549226396e-01
7.858674093292505880e-01
9.761667067874928438e-01
1.171137768236009791e+00
1.316178211150024646e+00
1.415095203272917157e+00
1.485042039781369505e+00
1.536479136669389289e+00
1.572663923677467324e+00
1.594830480723026467e+00
1.605345125631663983e+00
1.607751764342006728e+00
1.605379727790004818e+00
1.600170320964303450e+00
1.592471686424254296e+00
1.581727591677784872e+00
1.567527759103569895e+00
1.550423643819468733e+00
1.532148221796393983e+00
1.515224768315279746e+00
1.502218925485016676e+00
1.494981370089061290e+00
1.494156667244040504e+00
1.499076238112863946e+00
1.507997071792297250e+00
1.518549852379248888e+00
1.528236055931844195e+00
1.534846503549088359e+00
1.536732946187440607e+00
1.532921363285279170e+00
1.523094556990429727e+00
1.507488740322952214e+00
1.486748815942325441e+00
1.461777441888650664e+00
1.433600400009808595e+00
1.403259407649814161e+00
1.371735159844058805e+00
1.339898260429787324e+00
1.308483193513643394e+00
1.278079771520031604e+00
1.249136825555280605e+00
1.221973727719927405e+00
1.196796302643818199e+00
1.173714603339265583e+00
1.152760806991092180e+00
1.133906105318273516e+00
1.117075930405142525e+00
1.102163193172966515e+00
1.089039444107257060e+00
1.077564018856167705e+00
1.067591325465484964e+00
1.058976481767802458e+00
1.051579533495824004e+00
1.045268485625958199e+00
1.039921368391326428e+00
1.035427540531086432e+00
1.031688409396971151e+00
1.028617723128450345e+00
1.026141565991336657e+00
1.024198165258830340e+00
1.022737597316651703e+00
1.021721462248014856e+00
1.021122579983932299e+00
1.020924746982492914e+00
1.021122579984308443e+00
1.021721462248786683e+00
1.022737597317868286e+00
1.024198165260567173e+00
1.026141565993697657e+00
1.028617723131579398e+00
1.031688409401062323e+00
1.035427540536385305e+00
1.039921368398161849e+00
1.045268485634743616e+00
1.051579533507100539e+00
1.058976481782264223e+00
1.067591325484010811e+00
1.077564018879886287e+00
1.089039444137597901e+00
1.102163193211760372e+00
1.117075930454708876e+00
1.133906105381566443e+00
1.152760807071847138e+00
1.173714603442231663e+00
1.196796302775000376e+00
1.221973727886937811e+00
1.249136825767769521e+00
1.278079771790220587e+00
1.308483193857028493e+00
1.339898260866013713e+00
1.371735160398083631e+00
1.403259408353368043e+00
1.433600400903291883e+00
1.461777443023587697e+00
1.486748817384540455e+00
1.507488742156664951e+00
1.523094559323512343e+00
1.532921366255967310e+00
1.536732949972740458e+00
1.534846508375172336e+00
1.528236062086416158e+00
1.518549860225765658e+00
1.507997081785324101e+00
1.499076250813398126e+00
1.494156683332912960e+00
1.494981390376163732e+00
1.502218950911897277e+00
1.515224799948971857e+00
1.532148260812722151e+00
1.550423691473944654e+00
1.567527816686372422e+00
1.581727660446018424e+00
1.592471767501074442e+00
1.600170415194418716e+00
1.605379835548960132e+00
1.607751885314382179e+00
1.605345258595709312e+00
1.594830623395081748e+00
1.572664072668163104e+00
1.536479287585187370e+00
1.485042187478491149e+00
1.415095342243418708e+00
1.316178335985457082e+00
1.171137874073147955e+00
9.761667896284220713e-01
7.858674661868060296e-01
7.467410467678535779e-01
1.000000000000000000e+00
