1.000000000000000000e+00
1.055853327944912490e+00
1.116608209300510302e+00
1.183826079100803286e+00
1.256483010515643706e+00
1.331706894928351703e+00
1.405542538200110991e+00
1.473726972719826112e+00
1.532391212630719535e+00
1.578587830824034199e+00
1.610578891585908279e+00
1.627879426019539277e+00
1.631106034494968826e+00
1.621708746676882917e+00
1.601664489874947472e+00
1.573191740414684903e+00
1.538520616997195889e+00
1.499730180863482198e+00
1.458649337197424734e+00
1.416809750527249667e+00
1.375436798882268219e+00
1.335465553742560596e+00
1.297571247648281245e+00
1.262206490702851402e+00
1.229640002799581522e+00
1.199993608667350609e+00
1.173275682524981933e+00
1.149410209579268205e+00
1.128261260763720353e+00
1.109653055565703816e+00
1.093385996238756652e+00
1.079249154584599912e+00
1.067029721187332303e+00
1.056519914181693220e+00
1.047521808371605356e+00
1.039850497311767041e+00
1.033335948092397816e+00
1.027823855546677434e+00
1.023175752182940323e+00
1.019268583924110905e+00
1.015993920544001394e+00
1.013256933834266071e+00
1.010975245977190351e+00
1.009077725064575493e+00
1.007503283772086977e+00
1.006199720368540662e+00
1.005122627976449579e+00
1.004234387769775472e+00
1.003503254092551700e+00
1.002902533845587030e+00
1.002409858508007234e+00
1.002006544482029859e+00
1.001677035774170665e+00
1.001408422106612628e+00
1.001190025188730237e+00
1.001013045911268939e+00
1.000870265530830361e+00
1.000755794395316034e+00
1.000664862351874129e+00
1.000593645626740358e+00
1.000539125635946602e+00
1.000498975854003270e+00
1.000471473520552657e+00
1.000455433595306198e+00
1.000450162978106849e+00
1.000455433595306198e+00
1.000471473520552657e+00
1.000498975854003270e+00
1.000539125635946602e+00
1.000593645626740358e+00
1.000664862351874129e+00
1.000755794395316034e+00
1.000870265530830361e+00
1.001013045911268939e+00
1.001190025188730237e+00
1.001408422106612628e+00
1.001677035774170665e+00
1.002006544482029859e+00
1.002409858508007234e+00
1.002902533845587030e+00
1.003503254092551700e+00
1.004234387769775472e+00
1.005122627976449579e+00
1.006199720368540662e+00
1.007503283772086977e+00
1.009077725064575493e+00
1.010975245977190351e+00
1.013256933834265849e+00
1.015993920544001394e+00
1.019268583924111127e+00
1.023175752182940323e+00
1.027823855546677434e+00
1.033335948092397594e+00
1.039850497311766819e+00
1.047521808371605134e+00
1.056519914181692998e+00
1.067029721187331637e+00
1.079249154584599912e+00
1.093385996238756430e+00
1.109653055565703816e+00
1.128261260763721241e+00
1.149410209579267539e+00
1.173275682524982377e+00
1.199993608667350831e+00
1.229640002799581522e+00
1.262206490702851402e+00
1.297571247648281245e+00
1.335465553742561706e+00
1.375436798882268885e+00
1.416809750527249223e+00
1.458649337197425178e+00
1.499730180863482421e+00
1.538520616997196111e+00
1.573191740414684681e+00
1.601664489874946140e+00
1.621708746676884472e+00
1.631106034494970380e+00
1.627879426019537945e+00
1.610578891585907169e+00
1.578587830824033533e+00
1.532391212630719313e+00
1.473726972719824779e+00
1.405542538200110325e+00
1.331706894928352147e+00
1.256483010515644150e+00
1.183826079100802842e+00
1.116608209300509413e+00
1.055853327944911824e+00
1.000000000000000000e+00
