1.000000000000000000e+00
8.670033027848813578e-01
8.562560944611070646e-01
9.567082953514145505e-01
1.112695521963130041e+00
1.271994194865091687e+00
1.403627733223724583e+00
1.497633485730241354e+00
1.557222021804927081e+00
1.590533931255965649e+00
1.605444999144956864e+00
1.607763950174241785e+00
1.601543133101246408e+00
1.590014804726675113e+00
1.576219435788745571e+00
1.563059975970540583e+00
1.552953785460107650e+00
1.547400464384806940e+00
1.546723958747679539e+00
1.550099918461685933e+00
1.555838516703575092e+00
1.561809177774766022e+00
1.565876211454669154e+00
1.566245254782647534e+00
1.561671645989727963e+00
1.551529387626258139e+00
1.535770187786832608e+00
1.514814088574780060e+00
1.489411031432068100e+00
1.460503058846728264e+00
1.429105341771673032e+00
1.396214258032490108e+00
1.362743680293936555e+00
1.329486469667870541e+00
1.297096286895752959e+00
1.266084457532515639e+00
1.236827097994493307e+00
1.209578552198725676e+00
1.184488110938511696e+00
1.161617832561598229e+00
1.140959988630233291e+00
1.122453208986602169e+00
1.105996810111698370e+00
1.091463082173154353e+00
1.078707508637519075e+00
1.067577020286853751e+00
1.057916461617609549e+00
1.049573486688448298e+00
1.042402114861344042e+00
1.036265173072689283e+00
1.031035836591960297e+00
1.026598459279748576e+00
1.022848860443191121e+00
1.019694210804845680e+00
1.017052636394653264e+00
1.014852637315109440e+00
1.013032398864499584e+00
1.011539055669089526e+00
1.010327955292191326e+00
1.009361956127757809e+00
1.008610785028721368e+00
1.008050472793225572e+00
1.007662880040529396e+00
1.007435321853305643e+00
1.007360296555010137e+00
1.007435321851737564e+00
1.007662880037313524e+00
1.008050472788204255e+00
1.008610785021637923e+00
1.009361956118262293e+00
1.010327955279809897e+00
1.011539055653211117e+00
1.013032398844341042e+00
1.014852637289688886e+00
1.017052636362731466e+00
1.019694210764878539e+00
1.022848860393260839e+00
1.026598459217464621e+00
1.031035836514361259e+00
1.036265172976097881e+00
1.042402114741207031e+00
1.049573486539120637e+00
1.057916461432095279e+00
1.067577020056483361e+00
1.078707508351539612e+00
1.091463081818225600e+00
1.105996809671259795e+00
1.122453208440071792e+00
1.140959987952008925e+00
1.161617831719784055e+00
1.184488109893314434e+00
1.209578550900429317e+00
1.236827096380872737e+00
1.266084455525559038e+00
1.297096284397488253e+00
1.329486466555085400e+00
1.362743676411457550e+00
1.396214253184743459e+00
1.429105335712065328e+00
1.460503051264492314e+00
1.489411021936122737e+00
1.514814076674268817e+00
1.535770172868246464e+00
1.551529368927362151e+00
1.561671622571222384e+00
1.566245225499409921e+00
1.565876174929754949e+00
1.561809132380994836e+00
1.555838460559295422e+00
1.550099849449031897e+00
1.546723874562723200e+00
1.547400362629237192e+00
1.552953663782941529e+00
1.563059832266104898e+00
1.576219268453395772e+00
1.590014612971220043e+00
1.601542917306530756e+00
1.607763712260972033e+00
1.605444742903109567e+00
1.590533662547289451e+00
1.557221748528260008e+00
1.497633217448456566e+00
1.403627480419507245e+00
1.271993967921796864e+00
1.112695330109854552e+00
9.567081458754966850e-01
8.562559924016743818e-01
8.670032511026318778e-01
1.000000000000000000e+00
