1.000000000000000000e+00
7.754716357682764905e-01
7.948498391717738754e-01
9.649025466771937731e-01
1.159524880405228942e+00
1.314584873363456641e+00
1.420462854007804809e+00
1.490105652971121186e+00
1.537284167720880612e+00
1.569967916388629758e+00
1.591801092117310024e+00
1.604806244179567853e+00
1.610576272121244434e+00
1.610259446608110823e+00
1.604431772356391672e+00
1.593415203740531139e+00
1.577894525916355040e+00
1.559389634616660691e+00
1.540268155435750241e+00
1.523288189064823106e+00
1.510902822840628712e+00
1.504629399552956270e+00
1.504706559850154557e+00
1.510112405428200910e+00
1.518879749465520845e+00
1.528567516584435015e+00
1.536739070269707463e+00
1.541338429825284351e+00
1.540913818030757554e+00
1.534689763110274052e+00
1.522521341353933355e+00
1.504775936244274304e+00
1.482184724190992231e+00
1.455695338948861384e+00
1.426344768504205884e+00
1.395160982966942687e+00
1.363094388805974111e+00
1.330975884013383403e+00
1.299496354931242603e+00
1.269202088467166645e+00
1.240501078695383175e+00
1.213676092652014704e+00
1.188901324212380484e+00
1.166260347580030388e+00
1.145763816551197189e+00
1.127365929497578190e+00
1.110979106883381862e+00
1.096486632474124034e+00
1.083753217150345671e+00
1.072633578798854348e+00
1.062979212514810312e+00
1.054643567635314305e+00
1.047485863686776764e+00
1.041373774988070267e+00
1.036185199936777268e+00
1.031809310671416124e+00
1.028147055248663788e+00
1.025111260068674479e+00
1.022626456605952194e+00
1.020628534545595434e+00
1.019064303728499876e+00
1.017891030088019066e+00
1.017075995991661097e+00
1.016596122893425935e+00
1.016437683651703727e+00
1.016596122894538157e+00
1.017075995993945048e+00
1.017891030091597093e+00
1.019064303733564936e+00
1.020628534552420641e+00
1.022626456614898371e+00
1.025111260080221687e+00
1.028147055263425313e+00
1.031809310690184223e+00
1.036185199960540704e+00
1.041373775018092696e+00
1.047485863724654243e+00
1.054643567683048566e+00
1.062979212574927335e+00
1.072633578874524041e+00
1.083753217245566836e+00
1.096486632593921096e+00
1.110979107034085089e+00
1.127365929687148327e+00
1.145763816789677980e+00
1.166260347880081039e+00
1.188901324589994646e+00
1.213676093127418421e+00
1.240501079294195286e+00
1.269202089221893370e+00
1.299496355883186238e+00
1.330975885215162302e+00
1.363094390324718574e+00
1.395160984888464961e+00
1.426344770938376971e+00
1.455695342036551043e+00
1.482184728112942995e+00
1.504775941232427083e+00
1.522521347705670713e+00
1.534689771206123599e+00
1.540913828355965132e+00
1.541338442995341396e+00
1.536739087059610043e+00
1.528567537960522582e+00
1.518879776617881205e+00
1.510112439800343154e+00
1.504706603161500178e+00
1.504629453808752793e+00
1.510902890323390535e+00
1.523288272301135393e+00
1.540268257131662821e+00
1.559389757553025779e+00
1.577894672792055974e+00
1.593415376948156936e+00
1.604431973675928713e+00
1.610259676816048202e+00
1.610576530539526985e+00
1.604806528227974649e+00
1.591801396969851456e+00
1.569968234849232758e+00
1.537284490411941595e+00
1.490105968870908848e+00
1.420463151291219361e+00
1.314585140409670672e+00
1.159525106762543833e+00
9.649027237709156823e-01
7.948499606444645593e-01
7.754716975048792094e-01
1.000000000000000000e+00
