1.000000000000000000e+00
1.076790254186088758e+00
1.153214119008613592e+00
1.228005445060727396e+00
1.299115113132954580e+00
1.364009762966893247e+00
1.420084382439399384e+00
1.465092930545745409e+00
1.497498199874416791e+00
1.516670106579040889e+00
1.522909394345943745e+00
1.517321309013156760e+00
1.501594262475350883e+00
1.477745800273325250e+00
1.447886923875035370e+00
1.414035764071954748e+00
1.377991770295338370e+00
1.341267129789327051e+00
1.305064292636193501e+00
1.270286057535496393e+00
1.237565650699749442e+00
1.207306783786115556e+00
1.179726567917878999e+00
1.154896727665725376e+00
1.132780551999016616e+00
1.113264425912516842e+00
1.096183700200385802e+00
1.081343199736453098e+00
1.068532955263693296e+00
1.057539859669821114e+00
1.048155962296549726e+00
1.040184068771151438e+00
1.033441238454335442e+00
1.027760685221305037e+00
1.022992500886289235e+00
1.019003540253110351e+00
1.015676735542502707e+00
1.012910046908104045e+00
1.010615204854364846e+00
1.008716358904752530e+00
1.007148713801740314e+00
1.005857208687081394e+00
1.004795274947571482e+00
1.003923693626572078e+00
1.003209562517665798e+00
1.002625375425601151e+00
1.002148210886626645e+00
1.001759024294551326e+00
1.001442035403933950e+00
1.001184202199413509e+00
1.000974771835820398e+00
1.000804899542311777e+00
1.000667326876770069e+00
1.000556111389974356e+00
1.000466400524142374e+00
1.000394243365345215e+00
1.000336434653198214e+00
1.000290386197813186e+00
1.000254021548701688e+00
1.000225690396215228e+00
1.000204099761921261e+00
1.000188259552622583e+00
1.000177440518787098e+00
1.000171143078174341e+00
1.000169075847641142e+00
1.000171143078174341e+00
1.000177440518787098e+00
1.000188259552622583e+00
1.000204099761921261e+00
1.000225690396215228e+00
1.000254021548701688e+00
1.000290386197813186e+00
1.000336434653198214e+00
1.000394243365345215e+00
1.000466400524142374e+00
1.000556111389974356e+00
1.000667326876770069e+00
1.000804899542311777e+00
1.000974771835820398e+00
1.001184202199413509e+00
1.001442035403933950e+00
1.001759024294551326e+00
1.002148210886626645e+00
1.002625375425601151e+00
1.003209562517665798e+00
1.003923693626572078e+00
1.004795274947571482e+00
1.005857208687081394e+00
1.007148713801740314e+00
1.008716358904752530e+00
1.010615204854364846e+00
1.012910046908104045e+00
1.015676735542502485e+00
1.019003540253110351e+00
1.022992500886289013e+00
1.027760685221305037e+00
1.033441238454334998e+00
1.040184068771151438e+00
1.048155962296549726e+00
1.057539859669820892e+00
1.068532955263693518e+00
1.081343199736452876e+00
1.096183700200386246e+00
1.113264425912516620e+00
1.132780551999016616e+00
1.154896727665725153e+00
1.179726567917878999e+00
1.207306783786116000e+00
1.237565650699749442e+00
1.270286057535495949e+00
1.305064292636194612e+00
1.341267129789327495e+00
1.377991770295337925e+00
1.414035764071954082e+00
1.447886923875034038e+00
1.477745800273326138e+00
1.501594262475350661e+00
1.517321309013155206e+00
1.522909394345943523e+00
1.516670106579041555e+00
1.497498199874415681e+00
1.465092930545744521e+00
1.420084382439399384e+00
1.364009762966894357e+00
1.299115113132955024e+00
1.228005445060726730e+00
1.153214119008613592e+00
1.076790254186088758e+00
1.000000000000000000e+00
