1.000000000000000000e+00
1.049604264186337899e+00
1.098601365404277441e+00
1.146017830884926259e+00
1.190550109097143094e+00
1.230708763619155377e+00
1.265026438713608536e+00
1.292275433537995566e+00
1.311643670964136588e+00
1.322833859553119495e+00
1.326074117023265941e+00
1.322050953704346998e+00
1.311790523906441353e+00
1.296518809230896796e+00
1.277527446768161656e+00
1.256063121754313450e+00
1.233248781189067778e+00
1.210037071997781322e+00
1.187191434532842260e+00
1.165288050388547658e+00
1.144731616031288812e+00
1.125778847262629112e+00
1.108565029954485803e+00
1.093130374438390007e+00
1.079444171684656117e+00
1.067425705331454866e+00
1.056961547785524980e+00
1.047919304630264392e+00
1.040158125058432415e+00
1.033536419678876106e+00
1.027917264400730613e+00
1.023171953318413374e+00
1.019182118300348883e+00
1.015840774365599497e+00
1.013052588175604507e+00
1.010733608181992427e+00
1.008810642409982306e+00
1.007220424895533650e+00
1.005908674634632183e+00
1.004829121064014785e+00
1.003942546743276543e+00
1.003215880081687050e+00
1.002621357678903591e+00
1.002135766228309244e+00
1.001739767174905982e+00
1.001417302757634520e+00
1.001155079149712135e+00
1.000942120699643390e+00
1.000769388425293061e+00
1.000629455658906819e+00
1.000516233882929429e+00
1.000424742187875582e+00
1.000350914318591355e+00
1.000291437879279988e+00
1.000243620890232110e+00
1.000205281497088983e+00
1.000174657206550632e+00
1.000150330549680389e+00
1.000131168550639771e+00
1.000116273804475764e+00
1.000104945345051455e+00
1.000096647817391382e+00
1.000090987763244232e+00
1.000087696089967171e+00
1.000086616027280773e+00
1.000087696089967171e+00
1.000090987763244232e+00
1.000096647817391382e+00
1.000104945345051455e+00
1.000116273804475764e+00
1.000131168550639771e+00
1.000150330549680389e+00
1.000174657206550632e+00
1.000205281497088983e+00
1.000243620890232110e+00
1.000291437879279988e+00
1.000350914318591355e+00
1.000424742187875582e+00
1.000516233882929429e+00
1.000629455658906819e+00
1.000769388425293061e+00
1.000942120699643390e+00
1.001155079149712135e+00
1.001417302757634520e+00
1.001739767174905982e+00
1.002135766228309244e+00
1.002621357678903591e+00
1.003215880081687050e+00
1.003942546743276543e+00
1.004829121064014785e+00
1.005908674634632183e+00
1.007220424895533650e+00
1.008810642409982306e+00
1.010733608181992427e+00
1.013052588175604285e+00
1.015840774365599497e+00
1.019182118300348883e+00
1.023171953318413374e+00
1.027917264400730613e+00
1.033536419678876106e+00
1.040158125058432637e+00
1.047919304630264170e+00
1.056961547785525202e+00
1.067425705331454644e+00
1.079444171684656117e+00
1.093130374438389785e+00
1.108565029954485803e+00
1.125778847262629556e+00
1.144731616031288368e+00
1.165288050388547214e+00
1.187191434532842038e+00
1.210037071997781322e+00
1.233248781189067111e+00
1.256063121754312562e+00
1.277527446768160990e+00
1.296518809230896352e+00
1.311790523906440242e+00
1.322050953704345888e+00
1.326074117023265497e+00
1.322833859553119051e+00
1.311643670964135477e+00
1.292275433537994456e+00
1.265026438713607648e+00
1.230708763619155821e+00
1.190550109097142428e+00
1.146017830884925592e+00
1.098601365404277885e+00
1.049604264186337677e+00
1.000000000000000000e+00
