1.000000000000000000e+00
7.812727787509708977e-01
7.966707210233782144e-01
9.616392227203210963e-01
1.154905303454129673e+00
1.311323450310373229e+00
1.418659118791425477e+00
1.488582701599936664e+00
1.535186754721007629e+00
1.567326406082546031e+00
1.589192879627751909e+00
1.602756291564643609e+00
1.609178117397963126e+00
1.609161199857754188e+00
1.603089024671227936e+00
1.591417955166168907e+00
1.575195749207563667e+00
1.556348453597724335e+00
1.537518472918728119e+00
1.521511682861025561e+00
1.510604629615081240e+00
1.505991887546130892e+00
1.507552556690954226e+00
1.513966575995866704e+00
1.523090131111114243e+00
1.532442521662682688e+00
1.539664142211971232e+00
1.542852736558213200e+00
1.540743221151608777e+00
1.532743272845033866e+00
1.518863249342026656e+00
1.499586010242291767e+00
1.475716297803879584e+00
1.448237677500793241e+00
1.418192926461308456e+00
1.386594019385159582e+00
1.354361349678978144e+00
1.322288236199414824e+00
1.291025337969543108e+00
1.261079530041049779e+00
1.232822442027664778e+00
1.206504790345088507e+00
1.182273587607597598e+00
1.160190158218151524e+00
1.140247579377657194e+00
1.122386698146496053e+00
1.106510265848368313e+00
1.092495006439999861e+00
1.080201620985044242e+00
1.069482848425238997e+00
1.060189771688777149e+00
1.052176592096710550e+00
1.045304104902510911e+00
1.039442102762952569e+00
1.034470917985171878e+00
1.030282292872909622e+00
1.026779743495703112e+00
1.023878557861767957e+00
1.021505546195217828e+00
1.019598639658731765e+00
1.018106414873015009e+00
1.016987605112429804e+00
1.016210645035940052e+00
1.015753284027449244e+00
1.015602293354398666e+00
1.015753284027081316e+00
1.016210645035187765e+00
1.016987605111257853e+00
1.018106414871368770e+00
1.019598639656536854e+00
1.021505546192372771e+00
1.023878557858146410e+00
1.026779743491142094e+00
1.030282292867214400e+00
1.034470917978085547e+00
1.039442102754170927e+00
1.045304104891659591e+00
1.052176592083317708e+00
1.060189771672265024e+00
1.069482848404880615e+00
1.080201620959938991e+00
1.092495006409007985e+00
1.106510265810051186e+00
1.122386698099003377e+00
1.140247579318619753e+00
1.160190158144487116e+00
1.182273587515283886e+00
1.206504790228835944e+00
1.232822441880474296e+00
1.261079529853618153e+00
1.291025337729442501e+00
1.322288235890031860e+00
1.354361349278060844e+00
1.386594018862920219e+00
1.418192925777957747e+00
1.448237676603397750e+00
1.475716296622404222e+00
1.499586008684799854e+00
1.518863247288984253e+00
1.532743270142870262e+00
1.540743217605768711e+00
1.542852731926048104e+00
1.539664136196002620e+00
1.532442513904552328e+00
1.523090121186329027e+00
1.513966563408844390e+00
1.507552540869386837e+00
1.505991867833675446e+00
1.510604605262693356e+00
1.521511653020214627e+00
1.537518436644452091e+00
1.556348409872738925e+00
1.575195697000991935e+00
1.591417893534192496e+00
1.603088952897097519e+00
1.609161117615747427e+00
1.609178024917892635e+00
1.602756189773638873e+00
1.589192770249874487e+00
1.567326291675980698e+00
1.535186638627059841e+00
1.488582587781077438e+00
1.418659011557896532e+00
1.311323353964102267e+00
1.154905221899374945e+00
9.616391591150273976e-01
7.966706775778794603e-01
7.812727567515853622e-01
1.000000000000000000e+00
