1.000000000000000000e+00
1.059681486247552762e+00
1.123630059310965379e+00
1.193074255301755926e+00
1.266864236276927791e+00
1.342146145380727518e+00
1.415083247088031237e+00
1.481596230476852627e+00
1.538034479140920618e+00
1.581677079659364660e+00
1.610999037149495328e+00
1.625698879867730762e+00
1.626537655174965735e+00
1.615067137271702258e+00
1.593324640657398872e+00
1.563552628909205877e+00
1.527975856255895160e+00
1.488646427121831817e+00
1.447352116051083604e+00
1.405575700344309009e+00
1.364491025366582511e+00
1.324982750554275945e+00
1.287679364007261240e+00
1.252991932828643185e+00
1.221153582283049044e+00
1.192256662288114333e+00
1.166285968041673948e+00
1.143147325967788230e+00
1.122691451139836705e+00
1.104733331364484483e+00
1.089067577644208473e+00
1.075480259899365354e+00
1.063757761259574997e+00
1.053693160808777840e+00
1.045090610685243337e+00
1.037768119805437150e+00
1.031559099963535120e+00
1.026312974769725939e+00
1.021895100249095245e+00
1.018186199251943869e+00
1.015081470732582813e+00
1.012489499567627016e+00
1.010331062724212359e+00
1.008537902869958369e+00
1.007051520438694947e+00
1.005822019168427506e+00
1.004807027638760175e+00
1.003970709797919802e+00
1.003282870369685664e+00
1.002718155903903341e+00
1.002255348675044955e+00
1.001876748295161379e+00
1.001567634501099979e+00
1.001315803863720877e+00
1.001111172959038509e+00
1.000945440687508681e+00
1.000811802812775930e+00
1.000704712327455947e+00
1.000619679877019053e+00
1.000553109137628738e+00
1.000502162718583055e+00
1.000464654824835709e+00
1.000438967558547443e+00
1.000423988355225946e+00
1.000419066639976595e+00
1.000423988355225946e+00
1.000438967558547443e+00
1.000464654824835709e+00
1.000502162718583055e+00
1.000553109137628738e+00
1.000619679877019053e+00
1.000704712327455947e+00
1.000811802812775930e+00
1.000945440687508681e+00
1.001111172959038509e+00
1.001315803863720877e+00
1.001567634501099979e+00
1.001876748295161379e+00
1.002255348675044955e+00
1.002718155903903341e+00
1.003282870369685664e+00
1.003970709797919802e+00
1.004807027638760175e+00
1.005822019168427506e+00
1.007051520438694947e+00
1.008537902869958369e+00
1.010331062724212359e+00
1.012489499567626794e+00
1.015081470732582813e+00
1.018186199251944091e+00
1.021895100249095245e+00
1.026312974769725939e+00
1.031559099963534898e+00
1.037768119805436928e+00
1.045090610685243115e+00
1.053693160808777618e+00
1.063757761259574330e+00
1.075480259899365354e+00
1.089067577644208251e+00
1.104733331364484483e+00
1.122691451139837371e+00
1.143147325967787786e+00
1.166285968041674392e+00
1.192256662288114333e+00
1.221153582283049044e+00
1.252991932828643185e+00
1.287679364007261018e+00
1.324982750554276834e+00
1.364491025366582955e+00
1.405575700344308787e+00
1.447352116051083826e+00
1.488646427121832039e+00
1.527975856255895826e+00
1.563552628909206099e+00
1.593324640657397984e+00
1.615067137271704256e+00
1.626537655174967067e+00
1.625698879867729651e+00
1.610999037149494661e+00
1.581677079659364438e+00
1.538034479140920618e+00
1.481596230476851739e+00
1.415083247088031015e+00
1.342146145380728628e+00
1.266864236276928457e+00
1.193074255301755482e+00
1.123630059310964935e+00
1.059681486247552318e+00
1.000000000000000000e+00
