1.000000000000000000e+00
1.004578154699059533e+00
1.009090031623533390e+00
1.013445800464346735e+00
1.017533963701419353e+00
1.021231215288854299e+00
1.024416889798714703e+00
1.026988295954683661e+00
1.028873605058145069e+00
1.030039960742675120e+00
1.030495810897414710e+00
1.030287769377985274e+00
1.029493290567520702e+00
1.028210931726157407e+00
1.026549997177190976e+00
1.024621031045619413e+00
1.022528123059121219e+00
1.020363471050798054e+00
1.018204210798331344e+00
1.016111228141729272e+00
1.014129513006510885e+00
1.012289574700462769e+00
1.010609476072730883e+00
1.009097125168291642e+00
1.007752558642448504e+00
1.006570042569316481e+00
1.005539893094056225e+00
1.004649977825106122e+00
1.003886899309232250e+00
1.003236886992718624e+00
1.002686437206710357e+00
1.002222745361134315e+00
1.001833973650162024e+00
1.001509393478976495e+00
1.001239436190406895e+00
1.001015679621505505e+00
1.000830792240827716e+00
1.000678451477419850e+00
1.000553248507533466e+00
1.000450588234200966e+00
1.000366590419343060e+00
1.000297995810942364e+00
1.000242079539238160e+00
1.000196572928580441e+00
1.000159594088851245e+00
1.000129587129650055e+00
1.000105269514049766e+00
1.000085586882566213e+00
1.000069674590371438e+00
1.000056825179891806e+00
1.000046461033403666e+00
1.000038111499017557e+00
1.000031393846599226e+00
1.000025997479414785e+00
1.000021670897227599e+00
1.000018210973737887e+00
1.000015454173734275e+00
1.000013269392012294e+00
1.000011552146844229e+00
1.000010219905546283e+00
1.000009208358980217e+00
1.000008468496167424e+00
1.000007964360229096e+00
1.000007671393316144e+00
1.000007575301681495e+00
1.000007671393316144e+00
1.000007964360229096e+00
1.000008468496167424e+00
1.000009208358980217e+00
1.000010219905546283e+00
1.000011552146844229e+00
1.000013269392012294e+00
1.000015454173734275e+00
1.000018210973737887e+00
1.000021670897227599e+00
1.000025997479414785e+00
1.000031393846599226e+00
1.000038111499017557e+00
1.000046461033403666e+00
1.000056825179891806e+00
1.000069674590371438e+00
1.000085586882566213e+00
1.000105269514049766e+00
1.000129587129650055e+00
1.000159594088851245e+00
1.000196572928580441e+00
1.000242079539238160e+00
1.000297995810942364e+00
1.000366590419343060e+00
1.000450588234200966e+00
1.000553248507533466e+00
1.000678451477419850e+00
1.000830792240827716e+00
1.001015679621505505e+00
1.001239436190406895e+00
1.001509393478976495e+00
1.001833973650162024e+00
1.002222745361134315e+00
1.002686437206710357e+00
1.003236886992718402e+00
1.003886899309232250e+00
1.004649977825105900e+00
1.005539893094056225e+00
1.006570042569316259e+00
1.007752558642448282e+00
1.009097125168291198e+00
1.010609476072730439e+00
1.012289574700462769e+00
1.014129513006510441e+00
1.016111228141728606e+00
1.018204210798330900e+00
1.020363471050797166e+00
1.022528123059120331e+00
1.024621031045618302e+00
1.026549997177189644e+00
1.028210931726156296e+00
1.029493290567519148e+00
1.030287769377984164e+00
1.030495810897414044e+00
1.030039960742673788e+00
1.028873605058143736e+00
1.026988295954681885e+00
1.024416889798713592e+00
1.021231215288853855e+00
1.017533963701418687e+00
1.013445800464346069e+00
1.009090031623533168e+00
1.004578154699059089e+00
1.000000000000000000e+00
