1.000000000000000000e+00
1.080378664049517878e+00
1.161076867810890700e+00
1.241118816179687334e+00
1.318428383368318579e+00
1.390204894354651222e+00
1.453420494031169685e+00
1.505342509986000277e+00
1.543970701959960445e+00
1.568303811469732745e+00
1.578402228057509848e+00
1.575269929355033627e+00
1.560617186817872204e+00
1.536576689763641701e+00
1.505434117269004668e+00
1.469411215290620243e+00
1.430516107552479932e+00
1.390458331968628558e+00
1.350616605842857254e+00
1.312044238221318215e+00
1.275498051556100298e+00
1.241479493374358256e+00
1.210279853260426197e+00
1.182024377254590863e+00
1.156712302657524782e+00
1.134251408311557130e+00
1.114486697098946877e+00
1.097223437885687325e+00
1.082245120309939024e+00
1.069327017282544867e+00
1.058246078481555941e+00
1.048787842006264404e+00
1.040750982087164989e+00
1.033950027821113782e+00
1.028216702932422955e+00
1.023400256108586426e+00
1.019367078905411894e+00
1.015999844985555178e+00
1.013196350794113743e+00
1.010868193244026436e+00
1.008939383768344467e+00
1.007344969204265750e+00
1.006029707363985670e+00
1.004946827806493470e+00
1.004056895314931364e+00
1.003326784067486654e+00
1.002728763739895612e+00
1.002239694177555096e+00
1.001840322314452525e+00
1.001514673278794954e+00
1.001249526779260490e+00
1.001033969650730659e+00
1.000859015653919881e+00
1.000717284117543349e+00
1.000602729672847246e+00
1.000510416077254439e+00
1.000436327900249278e+00
1.000377214611962717e+00
1.000330462349479976e+00
1.000293989323617572e+00
1.000266161463571501e+00
1.000245725477445946e+00
1.000231757036113667e+00
1.000223622270941748e+00
1.000220951220098575e+00
1.000223622270941748e+00
1.000231757036113667e+00
1.000245725477445946e+00
1.000266161463571501e+00
1.000293989323617572e+00
1.000330462349479976e+00
1.000377214611962717e+00
1.000436327900249278e+00
1.000510416077254439e+00
1.000602729672847246e+00
1.000717284117543349e+00
1.000859015653919881e+00
1.001033969650730659e+00
1.001249526779260490e+00
1.001514673278794954e+00
1.001840322314452525e+00
1.002239694177555096e+00
1.002728763739895612e+00
1.003326784067486654e+00
1.004056895314931364e+00
1.004946827806493470e+00
1.006029707363985670e+00
1.007344969204265750e+00
1.008939383768344467e+00
1.010868193244026436e+00
1.013196350794113743e+00
1.015999844985555178e+00
1.019367078905411672e+00
1.023400256108586426e+00
1.028216702932422733e+00
1.033950027821113560e+00
1.040750982087164545e+00
1.048787842006264404e+00
1.058246078481555719e+00
1.069327017282544645e+00
1.082245120309939246e+00
1.097223437885687103e+00
1.114486697098947321e+00
1.134251408311556908e+00
1.156712302657524782e+00
1.182024377254590641e+00
1.210279853260426641e+00
1.241479493374358700e+00
1.275498051556100521e+00
1.312044238221317993e+00
1.350616605842857920e+00
1.390458331968629002e+00
1.430516107552479710e+00
1.469411215290620021e+00
1.505434117269003558e+00
1.536576689763643255e+00
1.560617186817872648e+00
1.575269929355032517e+00
1.578402228057510071e+00
1.568303811469733633e+00
1.543970701959960667e+00
1.505342509985999389e+00
1.453420494031169907e+00
1.390204894354652332e+00
1.318428383368319690e+00
1.241118816179686668e+00
1.161076867810890700e+00
1.080378664049517878e+00
1.000000000000000000e+00
