1.000000000000000000e+00
1.061943410033556301e+00
1.127785079519472822e+00
1.198555123396097821e+00
1.273023787716217159e+00
1.348342026400580984e+00
1.420739110940968830e+00
1.486243501172322290e+00
1.541336083864446538e+00
1.583434457766285774e+00
1.611144825129576130e+00
1.624278839294423848e+00
1.623686048360958312e+00
1.610979678335040077e+00
1.588232460585230044e+00
1.557699649866256753e+00
1.521600861421002593e+00
1.481970161582297996e+00
1.440569077260491326e+00
1.398849888092478011e+00
1.357954771319964005e+00
1.318737761537255748e+00
1.281799219970233272e+00
1.247525425439169666e+00
1.216128428291683550e+00
1.187683258497032046e+00
1.162160964296957477e+00
1.139456878201877466e+00
1.119414080507670661e+00
1.101842361559111971e+00
1.086533154249220923e+00
1.073270976428465362e+00
1.061841929076129176e+00
1.052039766591299941e+00
1.043670007221179974e+00
1.036552494988590922e+00
1.030522765970681709e+00
1.025432515288429380e+00
1.021149408915200008e+00
1.017556437566813798e+00
1.014550968972853351e+00
1.012043619776231473e+00
1.009957038901087900e+00
1.008224670022021874e+00
1.006789541213370942e+00
1.005603114363399220e+00
1.004624214912438473e+00
1.003818053348657369e+00
1.003155343150537560e+00
1.002611515037235668e+00
1.002166024074205186e+00
1.001801744040448305e+00
1.001504442212113766e+00
1.001262327123763729e+00
1.001065661749557467e+00
1.000906434757151686e+00
1.000778082916910172e+00
1.000675258314632332e+00
1.000593634657059416e+00
1.000529747632830313e+00
1.000480864968376737e+00
1.000444882480294728e+00
1.000420243063016468e+00
1.000405876158670493e+00
1.000401155835848988e+00
1.000405876158670493e+00
1.000420243063016468e+00
1.000444882480294728e+00
1.000480864968376737e+00
1.000529747632830313e+00
1.000593634657059416e+00
1.000675258314632332e+00
1.000778082916910172e+00
1.000906434757151686e+00
1.001065661749557467e+00
1.001262327123763729e+00
1.001504442212113766e+00
1.001801744040448305e+00
1.002166024074205186e+00
1.002611515037235668e+00
1.003155343150537560e+00
1.003818053348657369e+00
1.004624214912438473e+00
1.005603114363399220e+00
1.006789541213370942e+00
1.008224670022021874e+00
1.009957038901087900e+00
1.012043619776231251e+00
1.014550968972853351e+00
1.017556437566814020e+00
1.021149408915200008e+00
1.025432515288429380e+00
1.030522765970681487e+00
1.036552494988590700e+00
1.043670007221179752e+00
1.052039766591299719e+00
1.061841929076128510e+00
1.073270976428465362e+00
1.086533154249220701e+00
1.101842361559111749e+00
1.119414080507671327e+00
1.139456878201877021e+00
1.162160964296957921e+00
1.187683258497032046e+00
1.216128428291683550e+00
1.247525425439169666e+00
1.281799219970233050e+00
1.318737761537256858e+00
1.357954771319964227e+00
1.398849888092477789e+00
1.440569077260491770e+00
1.481970161582297996e+00
1.521600861421003259e+00
1.557699649866256975e+00
1.588232460585229155e+00
1.610979678335042076e+00
1.623686048360959866e+00
1.624278839294422960e+00
1.611144825129575686e+00
1.583434457766285774e+00
1.541336083864446538e+00
1.486243501172321402e+00
1.420739110940968608e+00
1.348342026400582094e+00
1.273023787716217825e+00
1.198555123396097377e+00
1.127785079519472378e+00
1.061943410033555857e+00
1.000000000000000000e+00
