1.000000000000000000e+00
9.675761715644177752e-01
9.773144001349571841e-01
1.035852986079546678e+00
1.130586577482485033e+00
1.241650339768450850e+00
1.350045949693322811e+00
1.442288126948046534e+00
1.511973773942097976e+00
1.558982926503935218e+00
1.587330839497413271e+00
1.602719833899061586e+00
1.610557691467012109e+00
1.614790625541755675e+00
1.617537432565149480e+00
1.619303649550035029e+00
1.619496860659878079e+00
1.617004923375522596e+00
1.610681916618296183e+00
1.599671582979561135e+00
1.583563003001137615e+00
1.562411313466518736e+00
1.536670397331218796e+00
1.507082197875129426e+00
1.474556751217350747e+00
1.440064446329528236e+00
1.404551082712584442e+00
1.368878453289459340e+00
1.333788454053115302e+00
1.299886457250635230e+00
1.267639066918903712e+00
1.237381698262049134e+00
1.209332177630149996e+00
1.183607430717212639e+00
1.160241142158618954e+00
1.139200955602945653e+00
1.120404321436721196e+00
1.103732500007491568e+00
1.089042513278833946e+00
1.076177031484217617e+00
1.064972305567877031e+00
1.055264329404715262e+00
1.046893452558751214e+00
1.039707675872561854e+00
1.033564856907390750e+00
1.028334036416884922e+00
1.023896075188593491e+00
1.020143765979235395e+00
1.016981560165668430e+00
1.014325024642297901e+00
1.012100122358177146e+00
1.010242390222130249e+00
1.008696071125630311e+00
1.007413242539906051e+00
1.006352972394813694e+00
1.005480523514241886e+00
1.004766620494889739e+00
1.004186787285821225e+00
1.003720759575831067e+00
1.003351973164052335e+00
1.003067127543229464e+00
1.002855822761467675e+00
1.002710267074238937e+00
1.002625052808777895e+00
1.002596998118752802e+00
1.002625052808777895e+00
1.002710267074238937e+00
1.002855822761467675e+00
1.003067127543229464e+00
1.003351973164052335e+00
1.003720759575831067e+00
1.004186787285821225e+00
1.004766620494889739e+00
1.005480523514241886e+00
1.006352972394813694e+00
1.007413242539906051e+00
1.008696071125630311e+00
1.010242390222130249e+00
1.012100122358177146e+00
1.014325024642297901e+00
1.016981560165668430e+00
1.020143765979235617e+00
1.023896075188593713e+00
1.028334036416884256e+00
1.033564856907390750e+00
1.039707675872562298e+00
1.046893452558751658e+00
1.055264329404715484e+00
1.064972305567877253e+00
1.076177031484217173e+00
1.089042513278833724e+00
1.103732500007491124e+00
1.120404321436722306e+00
1.139200955602944765e+00
1.160241142158618288e+00
1.183607430717212194e+00
1.209332177630148442e+00
1.237381698262049579e+00
1.267639066918904156e+00
1.299886457250635008e+00
1.333788454053116856e+00
1.368878453289459562e+00
1.404551082712586441e+00
1.440064446329528458e+00
1.474556751217352080e+00
1.507082197875131202e+00
1.536670397331220128e+00
1.562411313466521845e+00
1.583563003001141611e+00
1.599671582979564244e+00
1.610681916618301068e+00
1.617004923375527037e+00
1.619496860659883630e+00
1.619303649550040580e+00
1.617537432565155697e+00
1.614790625541765667e+00
1.610557691467022101e+00
1.602719833899071578e+00
1.587330839497424373e+00
1.558982926503944988e+00
1.511973773942110855e+00
1.442288126948058524e+00
1.350045949693334135e+00
1.241650339768461953e+00
1.130586577482495247e+00
1.035852986079553117e+00
9.773144001349615140e-01
9.675761715644189964e-01
1.000000000000000000e+00
