1.000000000000000000e+00
1.067642678732497741e+00
1.134668535723320382e+00
1.199827413139566312e+00
1.261308433536483031e+00
1.316970458730735150e+00
1.364668024105238242e+00
1.402591032584848296e+00
1.429537973382039695e+00
1.445067029449519147e+00
1.449507804488068263e+00
1.443853538698136152e+00
1.429577343816807788e+00
1.408421871244170953e+00
1.382203376367546754e+00
1.352655640042108809e+00
1.321323520756362946e+00
1.289504146592746370e+00
1.258227084063277434e+00
1.228262489249982936e+00
1.200146763850939768e+00
1.174217175461941931e+00
1.150649235389055614e+00
1.129492776692569311e+00
1.110704393107590171e+00
1.094175143457870369e+00
1.079753254116565309e+00
1.067262056222550548e+00
1.056513666354790493e+00
1.047319035616538052e+00
1.039495010423525656e+00
1.032869009736242516e+00
1.027281855659460952e+00
1.022589215021642017e+00
1.018662029585752027e+00
1.015386238088010984e+00
1.012662027436807888e+00
1.010402794267537763e+00
1.008533951597810896e+00
1.006991677848995348e+00
1.005721675949435623e+00
1.004677987446998433e+00
1.003821889380663412e+00
1.003120889025777229e+00
1.002547822593039095e+00
1.002080057721814077e+00
1.001698795495839400e+00
1.001388465180350629e+00
1.001136203502807742e+00
1.000931409738237132e+00
1.000765367857001209e+00
1.000630927354478006e+00
1.000522234966599422e+00
1.000434510180211234e+00
1.000363858201689160e+00
1.000307114802838626e+00
1.000261718189287441e+00
1.000225603714848921e+00
1.000197117886614695e+00
1.000174948666771702e+00
1.000158069579619280e+00
1.000145695579994554e+00
1.000137249038316245e+00
1.000132334554208136e+00
1.000130721632954911e+00
1.000132334554208136e+00
1.000137249038316245e+00
1.000145695579994554e+00
1.000158069579619280e+00
1.000174948666771702e+00
1.000197117886614695e+00
1.000225603714848921e+00
1.000261718189287441e+00
1.000307114802838626e+00
1.000363858201689160e+00
1.000434510180211234e+00
1.000522234966599422e+00
1.000630927354478006e+00
1.000765367857001209e+00
1.000931409738237132e+00
1.001136203502807742e+00
1.001388465180350629e+00
1.001698795495839400e+00
1.002080057721814077e+00
1.002547822593039095e+00
1.003120889025777229e+00
1.003821889380663412e+00
1.004677987446998433e+00
1.005721675949435623e+00
1.006991677848995348e+00
1.008533951597810896e+00
1.010402794267537763e+00
1.012662027436807888e+00
1.015386238088010984e+00
1.018662029585751805e+00
1.022589215021642017e+00
1.027281855659460730e+00
1.032869009736242516e+00
1.039495010423525656e+00
1.047319035616538052e+00
1.056513666354790715e+00
1.067262056222550326e+00
1.079753254116565753e+00
1.094175143457870147e+00
1.110704393107590171e+00
1.129492776692569089e+00
1.150649235389055614e+00
1.174217175461942597e+00
1.200146763850939546e+00
1.228262489249982492e+00
1.258227084063277879e+00
1.289504146592746592e+00
1.321323520756362502e+00
1.352655640042108143e+00
1.382203376367545644e+00
1.408421871244171397e+00
1.429577343816807566e+00
1.443853538698135042e+00
1.449507804488068041e+00
1.445067029449519591e+00
1.429537973382038807e+00
1.402591032584847408e+00
1.364668024105237798e+00
1.316970458730735816e+00
1.261308433536483253e+00
1.199827413139566090e+00
1.134668535723320604e+00
1.067642678732497519e+00
1.000000000000000000e+00
