1.000000000000000000e+00
1.078889985302821763e+00
1.157592834895070144e+00
1.234900087718822537e+00
1.308721284563537424e+00
1.376408845272170778e+00
1.435201337142251843e+00
1.482686906129997650e+00
1.517182818735278271e+00
1.537954895310650105e+00
1.545250873808033942e+00
1.540172762288451125e+00
1.524446361531938132e+00
1.500154407872597240e+00
1.469487971538283810e+00
1.434549364313012276e+00
1.397218619805094431e+00
1.359080186797985590e+00
1.321398138419054291e+00
1.285125644000982170e+00
1.250935500817629276e+00
1.219261228876562075e+00
1.190341278672962133e+00
1.164261594048738635e+00
1.140993853762094057e+00
1.120428178578560585e+00
1.102400037955722611e+00
1.086711651874287643e+00
1.073148477744625184e+00
1.061491493109838036e+00
1.051525999668350586e+00
1.043047628976741636e+00
1.035866154976450737e+00
1.029807631849175786e+00
1.024715288725116746e+00
1.020449531624289641e+00
1.016887330778978527e+00
1.013921209321476891e+00
1.011457997233525363e+00
1.009417471793572441e+00
1.007730971538627784e+00
1.006340043853178878e+00
1.005195165569819249e+00
1.004254560337844548e+00
1.003483125013970190e+00
1.002851469101800452e+00
1.002335065590582275e+00
1.001913507816236004e+00
1.001569864698750978e+00
1.001290125507711570e+00
1.001062724864258957e+00
1.000878138766178260e+00
1.000728542843962954e+00
1.000607524686493832e+00
1.000509842819551132e+00
1.000431225710722183e+00
1.000368204964806829e+00
1.000317977634541444e+00
1.000278293285088438e+00
1.000247362108273252e+00
1.000223780981266630e+00
1.000206474906015108e+00
1.000194651754741315e+00
1.000187768689256629e+00
1.000185509025688146e+00
1.000187768689256629e+00
1.000194651754741315e+00
1.000206474906015108e+00
1.000223780981266630e+00
1.000247362108273252e+00
1.000278293285088438e+00
1.000317977634541444e+00
1.000368204964806829e+00
1.000431225710722183e+00
1.000509842819551132e+00
1.000607524686493832e+00
1.000728542843962954e+00
1.000878138766178260e+00
1.001062724864258957e+00
1.001290125507711570e+00
1.001569864698750978e+00
1.001913507816236004e+00
1.002335065590582275e+00
1.002851469101800452e+00
1.003483125013970190e+00
1.004254560337844548e+00
1.005195165569819249e+00
1.006340043853178878e+00
1.007730971538627784e+00
1.009417471793572441e+00
1.011457997233525363e+00
1.013921209321476891e+00
1.016887330778978304e+00
1.020449531624289641e+00
1.024715288725116524e+00
1.029807631849175786e+00
1.035866154976450293e+00
1.043047628976741636e+00
1.051525999668350586e+00
1.061491493109837814e+00
1.073148477744625406e+00
1.086711651874287421e+00
1.102400037955723056e+00
1.120428178578560363e+00
1.140993853762094057e+00
1.164261594048738413e+00
1.190341278672962355e+00
1.219261228876562519e+00
1.250935500817629498e+00
1.285125644000981726e+00
1.321398138419055179e+00
1.359080186797986034e+00
1.397218619805093986e+00
1.434549364313011832e+00
1.469487971538282478e+00
1.500154407872598128e+00
1.524446361531938132e+00
1.540172762288449348e+00
1.545250873808033498e+00
1.537954895310650771e+00
1.517182818735277161e+00
1.482686906129996540e+00
1.435201337142251843e+00
1.376408845272171888e+00
1.308721284563538090e+00
1.234900087718821649e+00
1.157592834895069922e+00
1.078889985302821763e+00
1.000000000000000000e+00
