1.000000000000000000e+00
7.750024140280659113e-01
7.940174980603522670e-01
9.637424118805066886e-01
1.158042779443847037e+00
1.312813719396980661e+00
1.418474082661926428e+00
1.487990135698924687e+00
1.535130064178900966e+00
1.567848845036312389e+00
1.589774118109844148e+00
1.602914253607698569e+00
1.608850484897857092e+00
1.608720469382172391e+00
1.603089473290373546e+00
1.592268486405955530e+00
1.576932039648371697e+00
1.558591897456424791e+00
1.539610851737565511e+00
1.522745890109827638e+00
1.510452253143748313e+00
1.504251602013100264e+00
1.504387724852398023e+00
1.509843525986773072e+00
1.518655514178495869e+00
1.528384915387992704e+00
1.536596102517797213e+00
1.541233145373033464e+00
1.540843762341439493e+00
1.534651782067069092e+00
1.522511643501803347e+00
1.504790299994198222e+00
1.482218756239084057e+00
1.455744719991359792e+00
1.426405451271588465e+00
1.395229329881738645e+00
1.363167250916138773e+00
1.331050630410004265e+00
1.299570864599239428e+00
1.269274716337593034e+00
1.240570606018905453e+00
1.213741669647683707e+00
1.188962410807345771e+00
1.166316656203648883e+00
1.145815259466594682e+00
1.127412572037526539e+00
1.111021127156034627e+00
1.096524287556159161e+00
1.083786815431323491e+00
1.072663457930603137e+00
1.063005722312867052e+00
1.054667057244513817e+00
1.047506672336384614e+00
1.041392225705854546e+00
1.036201595653330365e+00
1.031823932216657358e+00
1.028160160815335455e+00
1.025123085788378408e+00
1.022637217949035060e+00
1.020638428315277846e+00
1.019073510471214083e+00
1.017899716785691799e+00
1.017084318937752974e+00
1.016604230683237464e+00
1.016445720239198103e+00
1.016604230683102461e+00
1.017084318937477638e+00
1.017899716785266584e+00
1.019073510470625221e+00
1.020638428314507795e+00
1.022637217948055621e+00
1.025123085787162269e+00
1.028160160813845980e+00
1.031823932214862127e+00
1.036201595651176977e+00
1.041392225703297703e+00
1.047506672333376798e+00
1.054667057240996408e+00
1.063005722308780765e+00
1.072663457925874919e+00
1.083786815425879402e+00
1.096524287549902388e+00
1.111021127148845489e+00
1.127412572029227844e+00
1.145815259456939295e+00
1.166316656192252665e+00
1.188962410793628299e+00
1.213741669630753028e+00
1.240570605997397990e+00
1.269274716309444440e+00
1.299570864561340633e+00
1.331050630357778042e+00
1.363167250842899136e+00
1.395229329777872840e+00
1.426405451123483825e+00
1.455744719780062812e+00
1.482218755938648602e+00
1.504790299569802148e+00
1.522511642907685259e+00
1.534651781244510627e+00
1.540843761217080443e+00
1.541233143857791532e+00
1.536596100506787410e+00
1.528384912761422187e+00
1.518655510803184505e+00
1.509843521717209702e+00
1.504387719529677092e+00
1.504251595460024182e+00
1.510452245155484041e+00
1.522745880442031075e+00
1.539610840097373812e+00
1.558591883504472531e+00
1.576932023019676610e+00
1.592268466752529754e+00
1.603089450339896915e+00
1.608720442999850730e+00
1.608850455138419733e+00
1.602914220752661212e+00
1.589774082693987678e+00
1.567848807865852345e+00
1.535130026331452902e+00
1.487990098486660306e+00
1.418474047547444217e+00
1.312813687866207779e+00
1.158042752847584067e+00
9.637423912721652108e-01
7.940174840972433756e-01
7.750024070062202508e-01
1.000000000000000000e+00
