1.000000000000000000e+00
9.153112199538517846e-01
9.084179484984294950e-01
9.831937494596323379e-01
1.110381407675972376e+00
1.253857044295651368e+00
1.384737025267966493e+00
1.486472141333493591e+00
1.554139679868209223e+00
1.590946393818837068e+00
1.604281766563336209e+00
1.602620682405437869e+00
1.593612824421833718e+00
1.583147191935557752e+00
1.575047574254321292e+00
1.571140502350119927e+00
1.571551773254816320e+00
1.575147282832949802e+00
1.580042893205226839e+00
1.584102781829495266e+00
1.585353462073460618e+00
1.582266822417826679e+00
1.573900202009198335e+00
1.559911630320362175e+00
1.540485937956989293e+00
1.516211552989786826e+00
1.487942205153923725e+00
1.456667610956053238e+00
1.423406689990301066e+00
1.389128351723280863e+00
1.354699174726862410e+00
1.320854154694358851e+00
1.288185470834835922e+00
1.257144208119288509e+00
1.228050602056276697e+00
1.201109249536217005e+00
1.176426619888673475e+00
1.154028987311834786e+00
1.133879545953045964e+00
1.115893960093034654e+00
1.099953961529546609e+00
1.085918858385841901e+00
1.073634988105679033e+00
1.062943253239533759e+00
1.053684938813082894e+00
1.045706037924005516e+00
1.038860317894500840e+00
1.033011350417819330e+00
1.028033711287082097e+00
1.023813532555378991e+00
1.020248565242179106e+00
1.017247885968393772e+00
1.014731357484912833e+00
1.012628931756638595e+00
1.010879865497574359e+00
1.009431901969242817e+00
1.008240459413872081e+00
1.007267855529875966e+00
1.006482588672501510e+00
1.005858689702310294e+00
1.005375153324796322e+00
1.005015454089532190e+00
1.004767149689675287e+00
1.004621572588384026e+00
1.004573610090430558e+00
1.004621572589639023e+00
1.004767149692250561e+00
1.005015454093558747e+00
1.005375153330477334e+00
1.005858689709933751e+00
1.006482588682451995e+00
1.007267855542652191e+00
1.008240459430111535e+00
1.009431901989753966e+00
1.010879865523370391e+00
1.012628931788989828e+00
1.014731357525404443e+00
1.017247886019002179e+00
1.020248565305361677e+00
1.023813532634193946e+00
1.028033711385331950e+00
1.033011350540229634e+00
1.038860318046947562e+00
1.045706038113794811e+00
1.053684939049303493e+00
1.062943253533501720e+00
1.073634988471491525e+00
1.085918858841082413e+00
1.099953962096173576e+00
1.115893960798505891e+00
1.133879546831757512e+00
1.154028988406942124e+00
1.176426621254426763e+00
1.201109251240937148e+00
1.228050604186170291e+00
1.257144210783312399e+00
1.288185474170893574e+00
1.320854158877185602e+00
1.354699179977925994e+00
1.389128358323196588e+00
1.423406698294109596e+00
1.456667621411712688e+00
1.487942218324167287e+00
1.516211569577031071e+00
1.540485958830385194e+00
1.559911656543011782e+00
1.573900234862212644e+00
1.582266863416168734e+00
1.585353512966697132e+00
1.584102844578980873e+00
1.580042969928354690e+00
1.575147375705490793e+00
1.571551884364444485e+00
1.571140633498091743e+00
1.575047726708098450e+00
1.583147366143052626e+00
1.593613019708512546e+00
1.602620896689344709e+00
1.604281996139093724e+00
1.590946633275567290e+00
1.554139922208737756e+00
1.486472378340516487e+00
1.384737248108766750e+00
1.253857244277343241e+00
1.110381576991436470e+00
9.831938817484032755e-01
9.084180391149837552e-01
9.153112659592493872e-01
1.000000000000000000e+00
