1.000000000000000000e+00
1.042663107074889739e+00
1.092575243659974271e+00
1.152425033839093782e+00
1.221509437064246306e+00
1.296760667114993382e+00
1.373716920448942780e+00
1.447448096590764788e+00
1.513365988944075147e+00
1.567825087420350982e+00
1.608455821511468153e+00
1.634233991223223104e+00
1.645343178340559875e+00
1.642912268543980536e+00
1.628707691657250045e+00
1.604840248879966458e+00
1.573521603181196937e+00
1.536883972361997586e+00
1.496861750992633411e+00
1.455125709140044021e+00
1.413057454588867667e+00
1.371752068440440953e+00
1.332038637337300546e+00
1.294510736697462638e+00
1.259561162342316631e+00
1.227417089331408029e+00
1.198173284894364699e+00
1.171822048907487757e+00
1.148279273343143059e+00
1.127406481013229156e+00
1.109028993761767223e+00
1.092950546393153477e+00
1.078964745975752759e+00
1.066863805674744814e+00
1.056444977816091813e+00
1.047515085875055707e+00
1.039893518489139579e+00
1.033414006400483753e+00
1.027925459417741161e+00
1.023292097672815260e+00
1.019393071311794241e+00
1.016121726308342854e+00
1.013384641842388412e+00
1.011100536814552031e+00
1.009199119483275453e+00
1.007619934659295780e+00
1.006311247006350662e+00
1.005228986352392440e+00
1.004335771068234351e+00
1.003600018083668610e+00
1.002995142575081822e+00
1.002498846403108157e+00
1.002092491678836517e+00
1.001760554113742874e+00
1.001490149829393106e+00
1.001270628877064528e+00
1.001093228692213399e+00
1.000950780963734132e+00
1.000837465841343255e+00
1.000748607966694070e+00
1.000680509444886290e+00
1.000630315537479831e+00
1.000595909532836281e+00
1.000575833919852720e+00
1.000569235650239142e+00
1.000575833919852720e+00
1.000595909532836281e+00
1.000630315537479831e+00
1.000680509444886290e+00
1.000748607966694070e+00
1.000837465841343255e+00
1.000950780963734132e+00
1.001093228692213399e+00
1.001270628877064528e+00
1.001490149829393106e+00
1.001760554113742874e+00
1.002092491678836517e+00
1.002498846403108157e+00
1.002995142575081822e+00
1.003600018083668610e+00
1.004335771068234351e+00
1.005228986352392440e+00
1.006311247006350662e+00
1.007619934659295780e+00
1.009199119483275453e+00
1.011100536814552031e+00
1.013384641842388412e+00
1.016121726308342632e+00
1.019393071311794241e+00
1.023292097672815482e+00
1.027925459417741161e+00
1.033414006400483753e+00
1.039893518489139357e+00
1.047515085875055485e+00
1.056444977816091590e+00
1.066863805674744814e+00
1.078964745975752093e+00
1.092950546393153477e+00
1.109028993761766779e+00
1.127406481013229156e+00
1.148279273343143725e+00
1.171822048907487090e+00
1.198173284894365143e+00
1.227417089331408251e+00
1.259561162342317298e+00
1.294510736697462416e+00
1.332038637337300546e+00
1.371752068440441841e+00
1.413057454588868112e+00
1.455125709140043355e+00
1.496861750992633855e+00
1.536883972361997586e+00
1.573521603181197159e+00
1.604840248879966014e+00
1.628707691657248935e+00
1.642912268543982091e+00
1.645343178340561652e+00
1.634233991223221993e+00
1.608455821511467043e+00
1.567825087420350760e+00
1.513365988944075591e+00
1.447448096590763456e+00
1.373716920448942336e+00
1.296760667114994492e+00
1.221509437064247861e+00
1.152425033839093116e+00
1.092575243659973161e+00
1.042663107074888629e+00
1.000000000000000000e+00
