1.000000000000000000e+00
8.401378291010672683e-01
8.340367664432297712e-01
9.543848418062594874e-01
1.125650361528319987e+00
1.287589175193760926e+00
1.411985163244302566e+00
1.495899268229703871e+00
1.548432121104180714e+00
1.580288995305771493e+00
1.598876171354920661e+00
1.607783079472866694e+00
1.608350949228383620e+00
1.601491043258484126e+00
1.588821486952631590e+00
1.572919797549429788e+00
1.556901076947649676e+00
1.543688818935157414e+00
1.535330236133473747e+00
1.532591862651721870e+00
1.534918152969805494e+00
1.540701527553155703e+00
1.547732649223993562e+00
1.553683381300671629e+00
1.556507097593132327e+00
1.554695544954523445e+00
1.547383848612922774e+00
1.534330981413271511e+00
1.515818690735549090e+00
1.492511635813696058e+00
1.465312246155698217e+00
1.435231758022255777e+00
1.403287985256363779e+00
1.370432373708716733e+00
1.337503977597213733e+00
1.305205606963518949e+00
1.274096730092637131e+00
1.244598053100132384e+00
1.217003509685803397e+00
1.191496339073057076e+00
1.168166823174038083e+00
1.147030011449482911e+00
1.128042361258258852e+00
1.111116671899606612e+00
1.096135014566415045e+00
1.082959583685283222e+00
1.071441541402415876e+00
1.061428016314010847e+00
1.052767465909605127e+00
1.045313631914505104e+00
1.038928318076664192e+00
1.033483207844812624e+00
1.028860919878748170e+00
1.024955476051878422e+00
1.021672332104074155e+00
1.018928097111516884e+00
1.016650045572396133e+00
1.014775505811496670e+00
1.013251190892334508e+00
1.012032523357473179e+00
1.011082992795069524e+00
1.010373575241037658e+00
1.009882235495617397e+00
1.009593527248428879e+00
1.009498301143488597e+00
1.009593527247756750e+00
1.009882235494239389e+00
1.010373575238887822e+00
1.011082992792037505e+00
1.012032523353410873e+00
1.013251190887040298e+00
1.014775505804713207e+00
1.016650045563790794e+00
1.018928097100677999e+00
1.021672332090472368e+00
1.024955476034865143e+00
1.028860919857517375e+00
1.033483207818353788e+00
1.038928318043725874e+00
1.045313631873528770e+00
1.052767465858656992e+00
1.061428016250679951e+00
1.071441541323700619e+00
1.082959583587435048e+00
1.096135014444742817e+00
1.111116671748230145e+00
1.128042361069792499e+00
1.147030011214622336e+00
1.168166822881035349e+00
1.191496338707032754e+00
1.217003509227854829e+00
1.244598052526197707e+00
1.274096729372000691e+00
1.305205606056893952e+00
1.337503976454266441e+00
1.370432372264914545e+00
1.403287983428955998e+00
1.435231755705254741e+00
1.465312243213660937e+00
1.492511632074206451e+00
1.515818685980355296e+00
1.534330975368126460e+00
1.547383840936454646e+00
1.554695535226611636e+00
1.556507085303578286e+00
1.553683365839122255e+00
1.547732629872163868e+00
1.540701503480509160e+00
1.534918123233919074e+00
1.532591826205226715e+00
1.535330191840750258e+00
1.543688765604259716e+00
1.556901013385442845e+00
1.572919722649576135e+00
1.588821399824781988e+00
1.601490943401370215e+00
1.608350836738597245e+00
1.607782955266220837e+00
1.598876037361180336e+00
1.580288854584758429e+00
1.548431977827438688e+00
1.495899127481856494e+00
1.411985030627600501e+00
1.287589056272166355e+00
1.125650261221761816e+00
9.543847639113108849e-01
8.340367134488988476e-01
8.401378023414614038e-01
1.000000000000000000e+00
