1.000000000000000000e+00
1.028891765488024079e+00
1.057387001620760048e+00
1.084911980752533811e+00
1.110731359261068585e+00
1.134020833870621026e+00
1.153973069321997391e+00
1.169909266731561814e+00
1.181370892928363947e+00
1.188173912926703935e+00
1.190418874912331670e+00
1.188460907906814468e+00
1.182851219796730025e+00
1.174264742688964080e+00
1.163427567176650079e+00
1.151054207760332515e+00
1.137800254666299749e+00
1.124231917638306877e+00
1.110811057447452344e+00
1.097892675368486781e+00
1.085731283627733079e+00
1.074492765834635710e+00
1.064268918235755867e+00
1.055092581551379860e+00
1.046951964760766574e+00
1.039803342291006238e+00
1.033581746593390749e+00
1.028209584332515636e+00
1.023603297725010686e+00
1.019678299270699418e+00
1.016352453314163240e+00
1.013548382608346232e+00
1.011194858541608621e+00
1.009227501610566513e+00
1.007588981955566121e+00
1.006228873277033697e+00
1.005103280043233127e+00
1.004174328943455263e+00
1.003409591446342342e+00
1.002781484929477163e+00
1.002266684682861619e+00
1.001845567549369376e+00
1.001501699417445934e+00
1.001221372629969242e+00
1.000993195091594012e+00
1.000807729999354967e+00
1.000657183323014898e+00
1.000535135131866316e+00
1.000436310377595062e+00
1.000356384626238437e+00
1.000291820358346628e+00
1.000239729731364546e+00
1.000197760056036556e+00
1.000163998632681572e+00
1.000136893993127218e+00
1.000115190979968594e+00
1.000097877455256912e+00
1.000084140759516238e+00
1.000073332337200194e+00
1.000064939206574799e+00
1.000058561182744610e+00
1.000053892965085289e+00
1.000050710378289409e+00
1.000048860213445190e+00
1.000048253255831909e+00
1.000048860213445190e+00
1.000050710378289409e+00
1.000053892965085289e+00
1.000058561182744610e+00
1.000064939206574799e+00
1.000073332337200194e+00
1.000084140759516238e+00
1.000097877455256912e+00
1.000115190979968594e+00
1.000136893993127218e+00
1.000163998632681572e+00
1.000197760056036556e+00
1.000239729731364546e+00
1.000291820358346628e+00
1.000356384626238437e+00
1.000436310377595062e+00
1.000535135131866316e+00
1.000657183323014898e+00
1.000807729999354967e+00
1.000993195091594012e+00
1.001221372629969242e+00
1.001501699417445934e+00
1.001845567549369376e+00
1.002266684682861619e+00
1.002781484929477163e+00
1.003409591446342342e+00
1.004174328943455263e+00
1.005103280043233127e+00
1.006228873277033697e+00
1.007588981955565899e+00
1.009227501610566513e+00
1.011194858541608621e+00
1.013548382608346232e+00
1.016352453314163240e+00
1.019678299270699195e+00
1.023603297725010686e+00
1.028209584332515414e+00
1.033581746593390971e+00
1.039803342291005794e+00
1.046951964760766574e+00
1.055092581551379416e+00
1.064268918235755423e+00
1.074492765834636154e+00
1.085731283627732635e+00
1.097892675368486337e+00
1.110811057447452121e+00
1.124231917638306877e+00
1.137800254666299304e+00
1.151054207760331627e+00
1.163427567176648969e+00
1.174264742688964080e+00
1.182851219796728914e+00
1.188460907906813580e+00
1.190418874912331448e+00
1.188173912926702824e+00
1.181370892928362837e+00
1.169909266731560260e+00
1.153973069321996947e+00
1.134020833870620804e+00
1.110731359261067697e+00
1.084911980752533145e+00
1.057387001620760270e+00
1.028891765488023857e+00
1.000000000000000000e+00
