1.000000000000000000e+00
1.066684077882279480e+00
1.132742367768095448e+00
1.196934969141075555e+00
1.257477592873731398e+00
1.312266427211741249e+00
1.359196655863509573e+00
1.396494446688821389e+00
1.422983919866674496e+00
1.438234749655389333e+00
1.442573517004738237e+00
1.436978154397788865e+00
1.422897932331541826e+00
1.402047246103885092e+00
1.376213294344579952e+00
1.347102657320056629e+00
1.316236464979245291e+00
1.284892313487693727e+00
1.254084512626870263e+00
1.224571914611594758e+00
1.196883043963856696e+00
1.171350124262340309e+00
1.148145877883456789e+00
1.127319084457170550e+00
1.108826575726637786e+00
1.092560573353259068e+00
1.078371096435453591e+00
1.066083666482475989e+00
1.055512808890592291e+00
1.046471966744313642e+00
1.038780462119454073e+00
1.032268102634748885e+00
1.026777964251607278e+00
1.022167802967749672e+00
1.018310468924100931e+00
1.015093622711711774e+00
1.012418988424996558e+00
1.010201322408688540e+00
1.008367230655691893e+00
1.006853930726770319e+00
1.005608024842326031e+00
1.004584328282404293e+00
1.003744780276307313e+00
1.003057452106838054e+00
1.002495658259887623e+00
1.002037170318143211e+00
1.001663529265448549e+00
1.001359449397364987e+00
1.001112305696902460e+00
1.000911695999581186e+00
1.000749069284510240e+00
1.000617411797618983e+00
1.000510983299703671e+00
1.000425096435004324e+00
1.000355932965874661e+00
1.000300391368445840e+00
1.000255961003182703e+00
1.000220618744986245e+00
1.000192744571237080e+00
1.000171053160138213e+00
1.000154539047277913e+00
1.000142433329618719e+00
1.000134170299110670e+00
1.000129362739318850e+00
1.000127784935556319e+00
1.000129362739318850e+00
1.000134170299110670e+00
1.000142433329618719e+00
1.000154539047277913e+00
1.000171053160138213e+00
1.000192744571237080e+00
1.000220618744986245e+00
1.000255961003182703e+00
1.000300391368445840e+00
1.000355932965874661e+00
1.000425096435004324e+00
1.000510983299703671e+00
1.000617411797618983e+00
1.000749069284510240e+00
1.000911695999581186e+00
1.001112305696902460e+00
1.001359449397364987e+00
1.001663529265448549e+00
1.002037170318143211e+00
1.002495658259887623e+00
1.003057452106838054e+00
1.003744780276307313e+00
1.004584328282404293e+00
1.005608024842326031e+00
1.006853930726770319e+00
1.008367230655691893e+00
1.010201322408688540e+00
1.012418988424996558e+00
1.015093622711711774e+00
1.018310468924100709e+00
1.022167802967749672e+00
1.026777964251607056e+00
1.032268102634748885e+00
1.038780462119454073e+00
1.046471966744313642e+00
1.055512808890592513e+00
1.066083666482475767e+00
1.078371096435454035e+00
1.092560573353258846e+00
1.108826575726637786e+00
1.127319084457170328e+00
1.148145877883456789e+00
1.171350124262340975e+00
1.196883043963856474e+00
1.224571914611594314e+00
1.254084512626870485e+00
1.284892313487693949e+00
1.316236464979244847e+00
1.347102657320055963e+00
1.376213294344578841e+00
1.402047246103885314e+00
1.422897932331541604e+00
1.436978154397787755e+00
1.442573517004738015e+00
1.438234749655389777e+00
1.422983919866673608e+00
1.396494446688820501e+00
1.359196655863509129e+00
1.312266427211741915e+00
1.257477592873731398e+00
1.196934969141075333e+00
1.132742367768095670e+00
1.066684077882279258e+00
1.000000000000000000e+00
