1.000000000000000000e+00
7.793465535553936174e-01
7.964694630600349656e-01
9.636006680444574313e-01
1.157626397450895350e+00
1.313732333577683820e+00
1.420643825732443633e+00
1.490518249727335043e+00
1.537344599018293900e+00
1.569658905172229835e+00
1.591455704073589716e+00
1.604731840358778028e+00
1.610816884168771113e+00
1.610584898977225787e+00
1.604493265768480725e+00
1.592948871932849286e+00
1.576865908134519101e+00
1.558023472517235053e+00
1.538968354827260576e+00
1.522495961788080665e+00
1.510954355505245372e+00
1.505661042202075972e+00
1.506628355261271812e+00
1.512643884031747543e+00
1.521624706234630642e+00
1.531099766826488962e+00
1.538676386322602063e+00
1.542391885623451309e+00
1.540909765455441116e+00
1.533568693214807155e+00
1.520321165052399115e+00
1.501607455429335936e+00
1.478205526365403033e+00
1.451086201491635475e+00
1.421290664818898763e+00
1.389837290194059660e+00
1.357657962302938559e+00
1.325560193126835928e+00
1.294209726223118029e+00
1.264128145483320864e+00
1.235700603351233662e+00
1.209189698844567618e+00
1.184752493712302401e+00
1.162458515065796005e+00
1.142307299810255472e+00
1.124244583435351386e+00
1.108176639816839337e+00
1.093982564730997531e+00
1.081524489490564900e+00
1.070655835230788444e+00
1.061227791590110714e+00
1.053094240512283619e+00
1.046115357846178373e+00
1.040160120725923010e+00
1.035107933568490290e+00
1.030849564426325804e+00
1.027287559584063592e+00
1.024336279910599501e+00
1.021921679042146147e+00
1.019980921883845815e+00
1.018461922660868435e+00
1.017322864996763832e+00
1.016531752196764504e+00
1.016066023859344192e+00
1.015912264819430311e+00
1.016066023860443757e+00
1.016531752199023364e+00
1.017322865000301446e+00
1.018461922665874209e+00
1.019980921890589087e+00
1.021921679050983078e+00
1.024336279922001269e+00
1.027287559598633937e+00
1.030849564444843214e+00
1.035107933591925322e+00
1.040160120755516227e+00
1.046115357883494745e+00
1.053094240559283801e+00
1.061227791649268948e+00
1.070655835305205361e+00
1.081524489584148485e+00
1.093982564848653638e+00
1.108176639964743027e+00
1.124244583621257343e+00
1.142307300043939211e+00
1.162458515359562128e+00
1.184752494081676044e+00
1.209189699309156429e+00
1.235700603935836916e+00
1.264128146219360538e+00
1.294209727150460232e+00
1.325560194296188987e+00
1.357657963778902133e+00
1.389837292059089568e+00
1.421290667178422229e+00
1.451086204480651842e+00
1.478205530156930125e+00
1.501607460245200532e+00
1.520321171176830299e+00
1.533568701011371660e+00
1.540909775387740099e+00
1.542391898279699136e+00
1.538676402443895919e+00
1.531099787337682594e+00
1.521624732275848269e+00
1.512643916987253645e+00
1.506628396781237722e+00
1.505661094211786954e+00
1.510954420195876446e+00
1.522496041583088822e+00
1.538968452318215219e+00
1.558023590361512056e+00
1.576866048904265627e+00
1.592949037901141729e+00
1.604493458618855284e+00
1.610585119433127099e+00
1.610817131564750149e+00
1.604732112213212325e+00
1.591455995759429420e+00
1.569659209797598987e+00
1.537344907608112710e+00
1.490518551740751541e+00
1.420644109871180616e+00
1.313732588751981512e+00
1.157626613699604068e+00
9.636008372039349679e-01
7.964695790800657704e-01
7.793466125183595716e-01
1.000000000000000000e+00
