1.000000000000000000e+00
1.066332515523551239e+00
1.135854241107478346e+00
1.209204743612883437e+00
1.284988417784373338e+00
1.360355350684467224e+00
1.431657426155346968e+00
1.495133367029614524e+00
1.547526468089787111e+00
1.586534103834107423e+00
1.611028777257382361e+00
1.621051432325248953e+00
1.617629602969328229e+00
1.602498127558527941e+00
1.577797506368078917e+00
1.545804567105746763e+00
1.508724509290193971e+00
1.468551664593340744e+00
1.426992227732008178e+00
1.385435577533399298e+00
1.344959528815635963e+00
1.306356577300737065e+00
1.270171101926021340e+00
1.236740463182375960e+00
1.206235454849894362e+00
1.178697473453895750e+00
1.154071101593713733e+00
1.132231669990044987e+00
1.113007891819724593e+00
1.096199957793333013e+00
1.081593622565002244e+00
1.068970859949472496e+00
1.058117654802433805e+00
1.048829458441944196e+00
1.040914778008154462e+00
1.034197307938210519e+00
1.028516949634526334e+00
1.023730006824051575e+00
1.019708790886243444e+00
1.016340823424204620e+00
1.013527782795071941e+00
1.011184307029741936e+00
1.009236737138440310e+00
1.007621861653765549e+00
1.006285704774321221e+00
1.005182385989518368e+00
1.004273067960949950e+00
1.003525001121247540e+00
1.002910667401102351e+00
1.002407021247275987e+00
1.001994823254129585e+00
1.001658059968177916e+00
1.001383442468565033e+00
1.001159975957771398e+00
1.000978592644508947e+00
1.000831840530965966e+00
1.000713621228617622e+00
1.000618970545516628e+00
1.000543876259803344e+00
1.000485128181593630e+00
1.000440196283909344e+00
1.000407133338141685e+00
1.000384499113383896e+00
1.000371303789272970e+00
1.000366968791236211e+00
1.000371303789272970e+00
1.000384499113383896e+00
1.000407133338141685e+00
1.000440196283909344e+00
1.000485128181593630e+00
1.000543876259803344e+00
1.000618970545516628e+00
1.000713621228617622e+00
1.000831840530965966e+00
1.000978592644508947e+00
1.001159975957771398e+00
1.001383442468565033e+00
1.001658059968177916e+00
1.001994823254129585e+00
1.002407021247275987e+00
1.002910667401102351e+00
1.003525001121247540e+00
1.004273067960949950e+00
1.005182385989518368e+00
1.006285704774321221e+00
1.007621861653765549e+00
1.009236737138440310e+00
1.011184307029741714e+00
1.013527782795071941e+00
1.016340823424204842e+00
1.019708790886243444e+00
1.023730006824051575e+00
1.028516949634526112e+00
1.034197307938210297e+00
1.040914778008154240e+00
1.048829458441943974e+00
1.058117654802433139e+00
1.068970859949472496e+00
1.081593622565002022e+00
1.096199957793332791e+00
1.113007891819725037e+00
1.132231669990044542e+00
1.154071101593714177e+00
1.178697473453895750e+00
1.206235454849894362e+00
1.236740463182375960e+00
1.270171101926020896e+00
1.306356577300738175e+00
1.344959528815635741e+00
1.385435577533398854e+00
1.426992227732008622e+00
1.468551664593340078e+00
1.508724509290194193e+00
1.545804567105746319e+00
1.577797506368077363e+00
1.602498127558528829e+00
1.617629602969328451e+00
1.621051432325247399e+00
1.611028777257381250e+00
1.586534103834106535e+00
1.547526468089786666e+00
1.495133367029612748e+00
1.431657426155345858e+00
1.360355350684467668e+00
1.284988417784373560e+00
1.209204743612882327e+00
1.135854241107477680e+00
1.066332515523550573e+00
1.000000000000000000e+00
