1.000000000000000000e+00
1.078910996883620133e+00
1.158752080937578866e+00
1.238876957285950819e+00
1.317321235330290774e+00
1.391223859083625003e+00
1.457365973153024630e+00
1.512738955818035969e+00
1.555031093115216700e+00
1.582940838618984047e+00
1.596275895026397995e+00
1.595856580449837914e+00
1.583284651300993051e+00
1.560653448552643319e+00
1.530265197673762678e+00
1.494398098788863427e+00
1.455141269738288612e+00
1.414296899385170336e+00
1.373338280245170573e+00
1.333408537038562214e+00
1.295345432198139468e+00
1.259720335075881215e+00
1.226882710591449710e+00
1.197004455900642084e+00
1.170120752438344347e+00
1.146165769120776057e+00
1.125002651381709518e+00
1.106447899553170577e+00
1.090290608975007958e+00
1.076307216461052096e+00
1.064272448191382781e+00
1.053967143659049421e+00
1.045183572048249854e+00
1.037728782030763908e+00
1.031426445888069088e+00
1.026117581274613277e+00
1.021660462700493266e+00
1.017929971752610685e+00
1.014816580771841670e+00
1.012225118994747541e+00
1.010073432461141119e+00
1.008291018466273670e+00
1.006817691086957289e+00
1.005602315411581626e+00
1.004601633674538030e+00
1.003779195728627061e+00
1.003104398469783609e+00
1.002551633337214865e+00
1.002099537326330836e+00
1.001730340638522065e+00
1.001429302799020427e+00
1.001184228521170283e+00
1.000985054562904653e+00
1.000823499139667838e+00
1.000692766000542910e+00
1.000587295946586908e+00
1.000502559305486816e+00
1.000434883627259408e+00
1.000381311601341139e+00
1.000339484896546782e+00
1.000307550281818614e+00
1.000284084993425804e+00
1.000268038874134957e+00
1.000258691325103255e+00
1.000255621588517885e+00
1.000258691325103255e+00
1.000268038874134957e+00
1.000284084993425804e+00
1.000307550281818614e+00
1.000339484896546782e+00
1.000381311601341139e+00
1.000434883627259408e+00
1.000502559305486816e+00
1.000587295946586908e+00
1.000692766000542910e+00
1.000823499139667838e+00
1.000985054562904653e+00
1.001184228521170283e+00
1.001429302799020427e+00
1.001730340638522065e+00
1.002099537326330836e+00
1.002551633337214865e+00
1.003104398469783609e+00
1.003779195728627061e+00
1.004601633674538030e+00
1.005602315411581626e+00
1.006817691086957289e+00
1.008291018466273448e+00
1.010073432461141119e+00
1.012225118994747541e+00
1.014816580771841670e+00
1.017929971752610685e+00
1.021660462700493044e+00
1.026117581274613277e+00
1.031426445888068866e+00
1.037728782030763686e+00
1.045183572048249410e+00
1.053967143659049421e+00
1.064272448191382558e+00
1.076307216461051874e+00
1.090290608975008180e+00
1.106447899553170133e+00
1.125002651381709962e+00
1.146165769120775835e+00
1.170120752438344347e+00
1.197004455900641640e+00
1.226882710591449932e+00
1.259720335075881437e+00
1.295345432198139468e+00
1.333408537038561770e+00
1.373338280245171461e+00
1.414296899385170114e+00
1.455141269738288390e+00
1.494398098788862761e+00
1.530265197673760902e+00
1.560653448552644429e+00
1.583284651300992829e+00
1.595856580449836137e+00
1.596275895026397107e+00
1.582940838618984047e+00
1.555031093115215812e+00
1.512738955818034192e+00
1.457365973153024186e+00
1.391223859083625669e+00
1.317321235330291440e+00
1.238876957285949931e+00
1.158752080937578199e+00
1.078910996883619910e+00
1.000000000000000000e+00
