1.000000000000000000e+00
7.436957537641630811e-01
7.845477685657086253e-01
9.762149302879058466e-01
1.170565692055586693e+00
1.314295594167284253e+00
1.412488001089511336e+00
1.482493907636825314e+00
1.534346367122690014e+00
1.570885534758033497e+00
1.593176344780481646e+00
1.603613262038375398e+00
1.605862848222725514e+00
1.603405259905174240e+00
1.598310781552941151e+00
1.590983177945036076e+00
1.580815045956325049e+00
1.567249204413275088e+00
1.550650349595075195e+00
1.532597886359586825e+00
1.515550205240661530e+00
1.502113700101940230e+00
1.494263752769602105e+00
1.492808605098217223e+00
1.497234137118199859e+00
1.505906951870695343e+00
1.516506554790825856e+00
1.526525009831675161e+00
1.533700307749161551e+00
1.536307491609978815e+00
1.533290171324741991e+00
1.524256591864855848e+00
1.509384007350692558e+00
1.489276758143358803e+00
1.464814587931435819e+00
1.437015227137894646e+00
1.406923604895755409e+00
1.375531298915312339e+00
1.343724339160287551e+00
1.312254703709371473e+00
1.281729958651600887e+00
1.252615732021809425e+00
1.225246499014210011e+00
1.199841119259912547e+00
1.176520497211803296e+00
1.155325535988140695e+00
1.136234193463363962e+00
1.119176932978151129e+00
1.104050211558158079e+00
1.090727892098196650e+00
1.079070627338742261e+00
1.068933363727174957e+00
1.060171169356157295e+00
1.052643615224072127e+00
1.046217942990382621e+00
1.040771242579822786e+00
1.036191844824771335e+00
1.032380111710875070e+00
1.029248782433984655e+00
1.026723009230905870e+00
1.024740193985232084e+00
1.023249715597630116e+00
1.022212619333559447e+00
1.021601322826693137e+00
1.021399378929444879e+00
1.021601322826484415e+00
1.022212619333131567e+00
1.023249715596969756e+00
1.024740193984317260e+00
1.026723009229704386e+00
1.029248782432455878e+00
1.032380111708974368e+00
1.036191844822437425e+00
1.040771242576995492e+00
1.046217942986981120e+00
1.052643615220017814e+00
1.060171169351365350e+00
1.068933363721543461e+00
1.079070627332167076e+00
1.090727892090559648e+00
1.104050211549336913e+00
1.119176932968002136e+00
1.136234193451729046e+00
1.155325535974812468e+00
1.176520497196521076e+00
1.199841119242304632e+00
1.225246498993745492e+00
1.252615731997709370e+00
1.281729958622690679e+00
1.312254703673896516e+00
1.343724339115616173e+00
1.375531298857573415e+00
1.406923604819309892e+00
1.437015227034647458e+00
1.464814587789956324e+00
1.489276757947811891e+00
1.509384007079562107e+00
1.524256591489544510e+00
1.533290170808137232e+00
1.536307490905151951e+00
1.533700306798442048e+00
1.526525008566211206e+00
1.516506553130753776e+00
1.505906949725603461e+00
1.497234134387276594e+00
1.492808601668959012e+00
1.494263748513951606e+00
1.502113694869279259e+00
1.515550198848670593e+00
1.532597878586311690e+00
1.550650340177649911e+00
1.567249193059040424e+00
1.580815032369097928e+00
1.590983161863401163e+00
1.598310762791757877e+00
1.603405238390773091e+00
1.605862824018907897e+00
1.603613235369802270e+00
1.593176316062049569e+00
1.570885504626419849e+00
1.534346336448161985e+00
1.482493877489504008e+00
1.412487972655623425e+00
1.314295568636605571e+00
1.170565670502644595e+00
9.762149135598833238e-01
7.845477572097363517e-01
7.436957480446787505e-01
1.000000000000000000e+00
