1.000000000000000000e+00
7.602953790876880724e-01
7.893239675322291093e-01
9.703178561877050523e-01
1.165950572746495162e+00
1.316109432355876629e+00
1.418083125895579055e+00
1.487462507383594534e+00
1.536615630514676534e+00
1.571056150943056284e+00
1.593056619897467163e+00
1.604791762611800676e+00
1.608937432464864647e+00
1.607819704647350800e+00
1.602657541806892905e+00
1.593630355593580461e+00
1.580626468788288053e+00
1.564104407244277573e+00
1.545551913626504792e+00
1.527345804140091357e+00
1.512146980725277645e+00
1.502145780134337638e+00
1.498469320781067760e+00
1.500934316528130363e+00
1.508166631244839184e+00
1.517984965170558143e+00
1.527892958273555424e+00
1.535536580863491540e+00
1.539035059137255468e+00
1.537153307676125680e+00
1.529330544681372750e+00
1.515605118529995243e+00
1.496481514525856316e+00
1.472778892147532881e+00
1.445488539871729428e+00
1.415655511725368632e+00
1.384290108013731091e+00
1.352308524855909466e+00
1.320498560824191481e+00
1.289504947863534090e+00
1.259828868537342439e+00
1.231836901484332669e+00
1.205775576860889098e+00
1.181788674530047434e+00
1.159935236459691099e+00
1.140206946437323676e+00
1.122544053398479402e+00
1.106849398280016716e+00
1.093000373999360786e+00
1.080858829348709138e+00
1.070279042439725936e+00
1.061113955872044601e+00
1.053219898110164587e+00
1.046460024349580076e+00
1.040706703435910541e+00
1.035843061056730630e+00
1.031763867716277483e+00
1.028375935947774433e+00
1.025598166890493879e+00
1.023361363112431865e+00
1.021607903205576040e+00
1.020291354622562929e+00
1.019376084565540408e+00
1.018836914368137947e+00
1.018658850466594989e+00
1.018836914368810964e+00
1.019376084566923080e+00
1.020291354624732971e+00
1.021607903208656021e+00
1.023361363116593870e+00
1.025598166895969277e+00
1.028375935954871867e+00
1.031763867725391082e+00
1.035843061068375315e+00
1.040706703450730242e+00
1.046460024368405461e+00
1.053219898134051480e+00
1.061113955902322603e+00
1.070279042478082365e+00
1.080858829397270737e+00
1.093000374060826063e+00
1.106849398357788727e+00
1.122544053496859595e+00
1.140206946561735935e+00
1.159935236617000820e+00
1.181788674728919908e+00
1.205775577112281782e+00
1.231836901802116913e+00
1.259828868939087521e+00
1.289504948371523518e+00
1.320498561466705523e+00
1.352308525668935779e+00
1.384290109043105010e+00
1.415655513029578705e+00
1.445488541525525195e+00
1.472778894246595360e+00
1.496481517192777000e+00
1.515605121921935972e+00
1.529330548999749517e+00
1.537153313178689418e+00
1.539035066152912634e+00
1.535536589809877173e+00
1.527892969677222323e+00
1.517984979688886682e+00
1.508166649688138294e+00
1.500934339879492319e+00
1.498469350210782203e+00
1.502145817005230866e+00
1.512147026585333398e+00
1.527345860698939850e+00
1.545551982712102923e+00
1.564104490734483655e+00
1.580626568508642249e+00
1.593630473168832440e+00
1.602657678453725865e+00
1.607819860904884157e+00
1.608937607880993603e+00
1.604791955433273687e+00
1.593056826836853235e+00
1.571056367101261619e+00
1.536615849517334986e+00
1.487462721749713390e+00
1.418083327607120303e+00
1.316109613539736989e+00
1.165950726326810516e+00
9.703179763583055228e-01
7.893240499769142993e-01
7.602954209971856114e-01
1.000000000000000000e+00
