1.000000000000000000e+00
1.038074987431885088e+00
1.075647045341205921e+00
1.111961228276696190e+00
1.146033811137781244e+00
1.176754153992034757e+00
1.203032639117606495e+00
1.223956010687534457e+00
1.238914090863814321e+00
1.247673016298980420e+00
1.250386128591782553e+00
1.247549144218638828e+00
1.239916841870075004e+00
1.228402398159367914e+00
1.213978466331526285e+00
1.197593489454222837e+00
1.180110162321166500e+00
1.162267297264205634e+00
1.144662502618218669e+00
1.127751117987869645e+00
1.111856368850375976e+00
1.097186161804410753e+00
1.083852856323795910e+00
1.071893374332492987e+00
1.061287943673117740e+00
1.051976525016194097e+00
1.043872524916079403e+00
1.036873770037511022e+00
1.030870944343418749e+00
1.025753809977240749e+00
1.021415577202555269e+00
1.017755785910470889e+00
1.014682030840112104e+00
1.012110818761116970e+00
1.009967797653922528e+00
1.008187551048379094e+00
1.006713108275195223e+00
1.005495284878161533e+00
1.004491937173526583e+00
1.003667190628705130e+00
1.002990682728217342e+00
1.002436846522016589e+00
1.001984250314088332e+00
1.001615001204450017e+00
1.001314214790882229e+00
1.001069549714157736e+00
1.000870803438980383e+00
1.000709564340241053e+00
1.000578914528549523e+00
1.000473177684796600e+00
1.000387706319769254e+00
1.000318703213402438e+00
1.000263072235094919e+00
1.000218294242497752e+00
1.000182324262042455e+00
1.000153506644556600e+00
1.000130505348588050e+00
1.000112246924237613e+00
1.000097874148615062e+00
1.000086708600397056e+00
1.000078220758101821e+00
1.000072006468041508e+00
1.000067768858071471e+00
1.000065304976940794e+00
1.000064496621173360e+00
1.000065304976940794e+00
1.000067768858071471e+00
1.000072006468041508e+00
1.000078220758101821e+00
1.000086708600397056e+00
1.000097874148615062e+00
1.000112246924237613e+00
1.000130505348588050e+00
1.000153506644556600e+00
1.000182324262042455e+00
1.000218294242497752e+00
1.000263072235094919e+00
1.000318703213402438e+00
1.000387706319769254e+00
1.000473177684796600e+00
1.000578914528549523e+00
1.000709564340241053e+00
1.000870803438980383e+00
1.001069549714157736e+00
1.001314214790882229e+00
1.001615001204450017e+00
1.001984250314088332e+00
1.002436846522016589e+00
1.002990682728217342e+00
1.003667190628705130e+00
1.004491937173526583e+00
1.005495284878161533e+00
1.006713108275195223e+00
1.008187551048379094e+00
1.009967797653922306e+00
1.012110818761116970e+00
1.014682030840112104e+00
1.017755785910470889e+00
1.021415577202555269e+00
1.025753809977240527e+00
1.030870944343418749e+00
1.036873770037510800e+00
1.043872524916079625e+00
1.051976525016193875e+00
1.061287943673117740e+00
1.071893374332492765e+00
1.083852856323795466e+00
1.097186161804411197e+00
1.111856368850375532e+00
1.127751117987869423e+00
1.144662502618218447e+00
1.162267297264205856e+00
1.180110162321165834e+00
1.197593489454221949e+00
1.213978466331525397e+00
1.228402398159367692e+00
1.239916841870074116e+00
1.247549144218637718e+00
1.250386128591782109e+00
1.247673016298979309e+00
1.238914090863813211e+00
1.223956010687533347e+00
1.203032639117606051e+00
1.176754153992034979e+00
1.146033811137780134e+00
1.111961228276695524e+00
1.075647045341206143e+00
1.038074987431884866e+00
1.000000000000000000e+00
