1.000000000000000000e+00
1.027039102834056417e+00
1.053704819226562783e+00
1.079460320320622779e+00
1.103619582505983576e+00
1.125414560883732040e+00
1.144093186045602950e+00
1.159022642550797677e+00
1.169774422621819632e+00
1.176174849282113133e+00
1.178314861506643219e+00
1.176522688351788526e+00
1.171309985587900560e+00
1.163304886139411742e+00
1.153184569836855466e+00
1.141616708412558578e+00
1.129215037360013829e+00
1.116510565103534525e+00
1.103937211655513950e+00
1.091829124529571260e+00
1.080426373960200692e+00
1.069885872474569899e+00
1.060294886128722691e+00
1.051685165239292896e+00
1.044046365507782514e+00
1.037337974417781084e+00
1.031499373825021770e+00
1.026457960790681190e+00
1.022135433790820613e+00
1.018452454592773115e+00
1.015331940699095936e+00
1.012701249130100400e+00
1.010493494821290916e+00
1.008648217184413332e+00
1.007111573973253682e+00
1.005836207276847638e+00
1.004780894967854055e+00
1.003910073592772845e+00
1.003193295919882599e+00
1.002604668023579171e+00
1.002122296443586746e+00
1.001727765044803986e+00
1.001405653121614225e+00
1.001143100476310499e+00
1.000929421156187882e+00
1.000755764835730588e+00
1.000614823133632481e+00
1.000500577183894624e+00
1.000408082322157721e+00
1.000333285639952496e+00
1.000272872279742264e+00
1.000224136603953262e+00
1.000184874709298510e+00
1.000153295129706965e+00
1.000127944948457914e+00
1.000107648903890478e+00
1.000091459412698169e+00
1.000078615744445232e+00
1.000068510858854287e+00
1.000060664663805721e+00
1.000054702669011641e+00
1.000050339200747596e+00
1.000047364510254111e+00
1.000045635256123333e+00
1.000045067972706203e+00
1.000045635256123333e+00
1.000047364510254111e+00
1.000050339200747596e+00
1.000054702669011641e+00
1.000060664663805721e+00
1.000068510858854287e+00
1.000078615744445232e+00
1.000091459412698169e+00
1.000107648903890478e+00
1.000127944948457914e+00
1.000153295129706965e+00
1.000184874709298510e+00
1.000224136603953262e+00
1.000272872279742264e+00
1.000333285639952496e+00
1.000408082322157721e+00
1.000500577183894624e+00
1.000614823133632481e+00
1.000755764835730588e+00
1.000929421156187882e+00
1.001143100476310499e+00
1.001405653121614225e+00
1.001727765044803986e+00
1.002122296443586746e+00
1.002604668023579171e+00
1.003193295919882599e+00
1.003910073592772845e+00
1.004780894967854055e+00
1.005836207276847638e+00
1.007111573973253460e+00
1.008648217184413332e+00
1.010493494821290916e+00
1.012701249130100400e+00
1.015331940699095936e+00
1.018452454592772893e+00
1.022135433790820613e+00
1.026457960790680968e+00
1.031499373825021992e+00
1.037337974417780639e+00
1.044046365507782514e+00
1.051685165239292452e+00
1.060294886128722247e+00
1.069885872474570121e+00
1.080426373960200248e+00
1.091829124529570816e+00
1.103937211655513728e+00
1.116510565103534525e+00
1.129215037360013385e+00
1.141616708412557690e+00
1.153184569836854356e+00
1.163304886139411742e+00
1.171309985587899449e+00
1.176522688351787638e+00
1.178314861506642997e+00
1.176174849282112023e+00
1.169774422621818522e+00
1.159022642550796123e+00
1.144093186045602284e+00
1.125414560883731818e+00
1.103619582505982688e+00
1.079460320320622113e+00
1.053704819226563005e+00
1.027039102834056195e+00
1.000000000000000000e+00
