1.000000000000000000e+00
7.782609512973925892e-01
7.960112182948931858e-01
9.639696083298935347e-01
1.158178456067508133e+00
1.314001363076652273e+00
1.420622900083747586e+00
1.490425906990624272e+00
1.537344150229013051e+00
1.569758079512648230e+00
1.591564588584823081e+00
1.604767128909936558e+00
1.610768006688219733e+00
1.610516523236529052e+00
1.604501285093439478e+00
1.593103662023232836e+00
1.577172981718147904e+00
1.558416625254732901e+00
1.539333243807729845e+00
1.522710199979643964e+00
1.510926902428596952e+00
1.505357755891931548e+00
1.506078306935870081e+00
1.511928493968052845e+00
1.520856396792529708e+00
1.530397964997624261e+00
1.538147129834566584e+00
1.542114442018992060e+00
1.540930901130645347e+00
1.533903317650632037e+00
1.520957212546597104e+00
1.502512839417569745e+00
1.479335450904937455e+00
1.452389718991609735e+00
1.422715922009040401e+00
1.391335313792623651e+00
1.359185089439319816e+00
1.327079377199087418e+00
1.295690986387364241e+00
1.265548413708898812e+00
1.237043183905795152e+00
1.210443508495361975e+00
1.185911206462360257e+00
1.163519697285636978e+00
1.143271591445191193e+00
1.125114958190671421e+00
1.108957760766803968e+00
1.094680240401355142e+00
1.082145227945986665e+00
1.071206489056902633e+00
1.061715284093806444e+00
1.053525362354998052e+00
1.046496623205864340e+00
1.040497672607316737e+00
1.035407488794043651e+00
1.031116389958570467e+00
1.027526473024985121e+00
1.024551668206320931e+00
1.022117530533991347e+00
1.020160867854486897e+00
1.018629285407975038e+00
1.017480710219066387e+00
1.016682944098858954e+00
1.016213281876535479e+00
1.016058221238985260e+00
1.016213281877653252e+00
1.016682944101154673e+00
1.017480710222662399e+00
1.018629285413063856e+00
1.020160867861341858e+00
1.022117530542975716e+00
1.024551668217913658e+00
1.027526473039800825e+00
1.031116389977401626e+00
1.035407488817877919e+00
1.040497672637417548e+00
1.046496623243825308e+00
1.053525362402816468e+00
1.061715284154002736e+00
1.071206489132637163e+00
1.082145228041243579e+00
1.094680240521136660e+00
1.108957760917409940e+00
1.125114958380015961e+00
1.143271591683254762e+00
1.163519697584989077e+00
1.185911206838868193e+00
1.210443508969076154e+00
1.237043184502091275e+00
1.265548414459948257e+00
1.295690987334011002e+00
1.327079378393318798e+00
1.359185090947409469e+00
1.391335315699221198e+00
1.422715924422447209e+00
1.452389722050588139e+00
1.479335454787422233e+00
1.502512844351792554e+00
1.520957218825088164e+00
1.533903325647650417e+00
1.540930911323451502e+00
1.542114455013074537e+00
1.538147146392616627e+00
1.530397986071136085e+00
1.520856423554024284e+00
1.511928527840606051e+00
1.506078349615442180e+00
1.505357809357000365e+00
1.510926968931133096e+00
1.522710282011290328e+00
1.539333344034661044e+00
1.558416746413078924e+00
1.577173126458706109e+00
1.593103832690772492e+00
1.604501483426539421e+00
1.610516749984952201e+00
1.610768261171001026e+00
1.604767408576060372e+00
1.591564888675462530e+00
1.569758392939160752e+00
1.537344467759649724e+00
1.490426217781454898e+00
1.420623192508071231e+00
1.314001625716936017e+00
1.158178678662190597e+00
9.639697824646205060e-01
7.960113377319328887e-01
7.782610119980407637e-01
1.000000000000000000e+00
