1.000000000000000000e+00
9.839736803956198319e-01
9.993328844727877858e-01
1.052397379274200295e+00
1.135120388579403672e+00
1.233267341772148473e+00
1.332306057626503781e+00
1.421097356877175200e+00
1.493454661517146009e+00
1.547901213620122451e+00
1.586277547277871180e+00
1.611980555173804008e+00
1.628469649358999183e+00
1.638365241729731636e+00
1.643159415919438260e+00
1.643368270546884391e+00
1.638898888804253717e+00
1.629441040849526123e+00
1.614769769135595556e+00
1.594918399751311666e+00
1.570231939471618654e+00
1.541335130206552551e+00
1.509053839654452833e+00
1.474321691355039210e+00
1.438093157057665605e+00
1.401274240065420340e+00
1.364674334023922686e+00
1.328978151153675569e+00
1.294734267687564611e+00
1.262356090833331557e+00
1.232131241110048903e+00
1.204235975987099527e+00
1.178752045985805852e+00
1.155684103944234487e+00
1.134976406627246304e+00
1.116528034704805217e+00
1.100206219731880486e+00
1.085857624142262168e+00
1.073317594051385715e+00
1.062417514871196733e+00
1.052990463202784666e+00
1.044875378599045224e+00
1.037919985920986665e+00
1.031982690951127157e+00
1.026933654463538792e+00
1.022655227299985370e+00
1.019041904173262125e+00
1.015999928989199885e+00
1.013446660818243972e+00
1.011309788091801831e+00
1.009526459588422131e+00
1.008042384466799390e+00
1.006810939956772177e+00
1.005792314167171186e+00
1.004952702567842193e+00
1.004263569772175124e+00
1.003700982998471769e+00
1.003245019745796052e+00
1.002879249527641292e+00
1.002590287738396313e+00
1.002367418688097755e+00
1.002202284366091156e+00
1.002088635448918463e+00
1.002022141341816885e+00
1.002000256549699042e+00
1.002022141341816885e+00
1.002088635448918463e+00
1.002202284366091156e+00
1.002367418688097755e+00
1.002590287738396313e+00
1.002879249527641292e+00
1.003245019745796052e+00
1.003700982998471769e+00
1.004263569772175124e+00
1.004952702567842193e+00
1.005792314167171186e+00
1.006810939956772177e+00
1.008042384466799390e+00
1.009526459588422131e+00
1.011309788091801831e+00
1.013446660818243972e+00
1.015999928989199885e+00
1.019041904173262347e+00
1.022655227299984704e+00
1.026933654463538792e+00
1.031982690951127157e+00
1.037919985920986665e+00
1.044875378599045224e+00
1.052990463202784888e+00
1.062417514871196733e+00
1.073317594051385493e+00
1.085857624142261946e+00
1.100206219731880930e+00
1.116528034704804773e+00
1.134976406627245860e+00
1.155684103944234264e+00
1.178752045985804076e+00
1.204235975987099971e+00
1.232131241110048903e+00
1.262356090833331779e+00
1.294734267687565721e+00
1.328978151153674903e+00
1.364674334023923796e+00
1.401274240065420118e+00
1.438093157057666716e+00
1.474321691355039876e+00
1.509053839654453055e+00
1.541335130206554327e+00
1.570231939471620430e+00
1.594918399751312776e+00
1.614769769135597777e+00
1.629441040849527678e+00
1.638898888804255050e+00
1.643368270546885501e+00
1.643159415919439814e+00
1.638365241729736077e+00
1.628469649359003402e+00
1.611980555173807117e+00
1.586277547277874955e+00
1.547901213620124894e+00
1.493454661517150894e+00
1.421097356877178530e+00
1.332306057626507556e+00
1.233267341772152692e+00
1.135120388579407447e+00
1.052397379274201406e+00
9.993328844727883409e-01
9.839736803956190547e-01
1.000000000000000000e+00
