1.000000000000000000e+00
8.375256055501888452e-01
8.320542982526404341e-01
9.544050042486275087e-01
1.127035768807636673e+00
1.289058080171644027e+00
1.412666934821114051e+00
1.495629573568480586e+00
1.547542923684395388e+00
1.579276811123013768e+00
1.598167651404424072e+00
1.607631530969923173e+00
1.608814964078177256e+00
1.602451665129820180e+00
1.590023666309990480e+00
1.574036790419403697e+00
1.557614079188431200e+00
1.543763567207246723e+00
1.534669859364871769e+00
1.531253018454099779e+00
1.533090227762432978e+00
1.538659737792449134e+00
1.545781115559189622e+00
1.552103176085910086e+00
1.555519058103489893e+00
1.554441304038069793e+00
1.547923401697993251e+00
1.535652226286064570e+00
1.517853646045768778e+00
1.495154760690143858e+00
1.468437646135242858e+00
1.438707470947775624e+00
1.406986671230425978e+00
1.374238487295261102e+00
1.341317913428797359e+00
1.308945470984184123e+00
1.277698391438454983e+00
1.248014051180636574e+00
1.220201278494360109e+00
1.194456096332672690e+00
1.170879370725821822e+00
1.149494610886484525e+00
1.130264785470696642e+00
1.113107486703554416e+00
1.097908111863786118e+00
1.084530965587378493e+00
1.072828340768658739e+00
1.062647731034548126e+00
1.053837380294787573e+00
1.046250397452305636e+00
1.039747666614306620e+00
1.034199772231382930e+00
1.029488139754704212e+00
1.025505569421320873e+00
1.022156316321580993e+00
1.019355845787996317e+00
1.017030370548634544e+00
1.015116255706120185e+00
1.013559359779128366e+00
1.012314364865280369e+00
1.011344136367045010e+00
1.010619142462866327e+00
1.010116955332387656e+00
1.009821849745422107e+00
1.009724509673106230e+00
1.009821849744804600e+00
1.010116955331120892e+00
1.010619142460891018e+00
1.011344136364259017e+00
1.012314364861548688e+00
1.013559359774266033e+00
1.015116255699891168e+00
1.017030370540733974e+00
1.019355845778048053e+00
1.022156316309099866e+00
1.025505569405713580e+00
1.029488139735234231e+00
1.034199772207125001e+00
1.039747666584116104e+00
1.046250397414756561e+00
1.053837380248109579e+00
1.062647730976531868e+00
1.072828340696553973e+00
1.084530965497743749e+00
1.097908111752309512e+00
1.113107486564823390e+00
1.130264785297899532e+00
1.149494610671021544e+00
1.170879370456809454e+00
1.194456095996289990e+00
1.220201278073001605e+00
1.248014050651827356e+00
1.277698390773422066e+00
1.308945470146017476e+00
1.341317912370075360e+00
1.374238485955022293e+00
1.406986669530310152e+00
1.438707468787210120e+00
1.468437643385489100e+00
1.495154757187132422e+00
1.517853641581695889e+00
1.535652220599833084e+00
1.547923394464849167e+00
1.554441294858927902e+00
1.555519046494704405e+00
1.552103161470369086e+00
1.545781097259604442e+00
1.538659715027718589e+00
1.533090199647970664e+00
1.531252984007671181e+00
1.534669817520891932e+00
1.543763516844993910e+00
1.557614019182348652e+00
1.574036719721392696e+00
1.590023584072155938e+00
1.602451570870143893e+00
1.608814857880491500e+00
1.607631413695040923e+00
1.598167524874367418e+00
1.579276678229306174e+00
1.547542788369026701e+00
1.495629440635988905e+00
1.412666809566661019e+00
1.289057967857219378e+00
1.127035674087426997e+00
9.544049307098283474e-01
8.320542482367816461e-01
8.375255803008618827e-01
1.000000000000000000e+00
