1.000000000000000000e+00
8.322718957824009056e-01
8.281498367079305201e-01
9.545377222548664387e-01
1.129831569292193194e+00
1.291940368579653997e+00
1.413961979331657570e+00
1.495077687202043926e+00
1.545818428575377990e+00
1.577324416040279065e+00
1.596776127322572902e+00
1.607272213818973450e+00
1.609619032089864898e+00
1.604234180139241017e+00
1.592338427605515694e+00
1.576276659650940326e+00
1.559153677645057634e+00
1.544111490980903056e+00
1.533585519621038395e+00
1.528795334401874983e+00
1.529591124388087087e+00
1.534639963094316384e+00
1.541839372990841062e+00
1.548809771697971183e+00
1.553335978402703210e+00
1.553677962629138376e+00
1.548726348787866192e+00
1.538020487655481938e+00
1.521669191514169350e+00
1.500218618265138470e+00
1.474504754001779716e+00
1.445516203004905575e+00
1.414281341622988686e+00
1.381784771908145748e+00
1.348912056910590129e+00
1.316418543624456428e+00
1.284916910165044168e+00
1.254878140337540859e+00
1.226641328808707687e+00
1.200428651221815413e+00
1.176362762346934154e+00
1.154484697855569175e+00
1.134771011927921069e+00
1.117149384560007563e+00
1.101512298676216028e+00
1.087728643419016317e+00
1.075653271135630806e+00
1.065134643108857748e+00
1.056020760400233183e+00
1.048163604847952568e+00
1.041422321587323507e+00
1.035665366122530351e+00
1.030771821627909590e+00
1.026632069886046716e+00
1.023147974981438502e+00
1.020232714558217291e+00
1.017810370429604427e+00
1.015815369390812961e+00
1.014191846651270268e+00
1.012892988504937586e+00
1.011880397646360397e+00
1.011123513731628787e+00
1.010599113114911241e+00
1.010290904852239269e+00
1.010189234724534479e+00
1.010290904851724347e+00
1.010599113113854974e+00
1.011123513729983436e+00
1.011880397644039142e+00
1.012892988501830294e+00
1.014191846647224171e+00
1.015815369385632660e+00
1.017810370423037458e+00
1.020232714549955011e+00
1.023147974971079899e+00
1.026632069873103514e+00
1.030771821611777161e+00
1.035665366102447305e+00
1.041422321562348596e+00
1.048163604816913175e+00
1.056020760361672028e+00
1.065134643060952735e+00
1.075653271076111084e+00
1.087728643345032387e+00
1.101512298584185645e+00
1.117149384445418114e+00
1.134771011785067785e+00
1.154484697677215621e+00
1.176362762123870143e+00
1.200428650942276132e+00
1.226641328457612090e+00
1.254878139895510891e+00
1.284916909607107804e+00
1.316418542918371681e+00
1.348912056014671679e+00
1.381784770768493820e+00
1.414281340169959655e+00
1.445516201148717483e+00
1.474504751627110366e+00
1.500218615224680141e+00
1.521669187621166097e+00
1.538020482675388712e+00
1.548726342429526559e+00
1.553677954535985783e+00
1.553335968144676782e+00
1.548809758764837730e+00
1.541839356787435555e+00
1.534639942938048618e+00
1.529591099508972318e+00
1.528795303946046680e+00
1.533585482660350108e+00
1.544111446534122134e+00
1.559153624719188613e+00
1.576276597312924688e+00
1.592338355092662638e+00
1.604234097010100335e+00
1.609618938405957822e+00
1.607272110334416082e+00
1.596776015646414137e+00
1.577324298728911778e+00
1.545818309112494848e+00
1.495077569832685249e+00
1.413961868737548810e+00
1.291940269419716181e+00
1.129831485690515169e+00
9.545376573823974864e-01
8.281497926149400390e-01
8.322718735353363817e-01
1.000000000000000000e+00
