1.000000000000000000e+00
7.458036060752040175e-01
7.849580727500474753e-01
9.752405003631740010e-01
1.169829843258591184e+00
1.314391669780682115e+00
1.413000810030303089e+00
1.482859810473160067e+00
1.534345324641243291e+00
1.570625225255128932e+00
1.592889242008223905e+00
1.603497609714291228e+00
1.606007469589320280e+00
1.603767793682178810e+00
1.598735979446732403e+00
1.591262751817539733e+00
1.580774896163291698e+00
1.566828358480192085e+00
1.549935332136624488e+00
1.531798272391370785e+00
1.514929048199842754e+00
1.501903610015117074e+00
1.494599700062821501e+00
1.493696363623365331e+00
1.498557192369275093e+00
1.507461996374604984e+00
1.518051895106586446e+00
1.527827067133756378e+00
1.534568354002520119e+00
1.536612782965881996e+00
1.532970496876502553e+00
1.523310011760769855e+00
1.507856329207543533e+00
1.487246750596459499e+00
1.462379780893290793e+00
1.434279938603835625e+00
1.403989853619641570e+00
1.372492601245093535e+00
1.340662019613368505e+00
1.309236197523879541e+00
1.278808571062134636e+00
1.249831379192439806e+00
1.222627045446461613e+00
1.197404019849856338e+00
1.174274535617166215e+00
1.153272519437371857e+00
1.134370517049765770e+00
1.117494965500539950e+00
1.102539482553673844e+00
1.089376078363822886e+00
1.077864349163566438e+00
1.067858808067064569e+00
1.059214560695489027e+00
1.051791555967897196e+00
1.045457644725116486e+00
1.040090668028732068e+00
1.035579778240580451e+00
1.031826173102017963e+00
1.028743398629989203e+00
1.026257352502166320e+00
1.024306096836876234e+00
1.022839568512155628e+00
1.021819256671548048e+00
1.021217900820713398e+00
1.021019248723830319e+00
1.021217900820510893e+00
1.021819256671133269e+00
1.022839568511515251e+00
1.024306096835989610e+00
1.026257352501001474e+00
1.028743398628507721e+00
1.031826173100176769e+00
1.035579778238320703e+00
1.040090668025995813e+00
1.045457644721826895e+00
1.051791555963980107e+00
1.059214560690862728e+00
1.067858808061633580e+00
1.077864349157233059e+00
1.089376078356475430e+00
1.102539482545198846e+00
1.117494965490804404e+00
1.134370517038622017e+00
1.153272519424624720e+00
1.174274535602570113e+00
1.197404019833054889e+00
1.222627045426939896e+00
1.249831379169437540e+00
1.278808571034495412e+00
1.309236197489866083e+00
1.340662019570364238e+00
1.372492601189238437e+00
1.403989853545296596e+00
1.434279938502889928e+00
1.462379780754274883e+00
1.487246750403459439e+00
1.507856328938912638e+00
1.523310011387700280e+00
1.532970496361572899e+00
1.536612782261729260e+00
1.534568353050899558e+00
1.527827065865106082e+00
1.518051893440234945e+00
1.507461994219323698e+00
1.498557189623566099e+00
1.493696360174336935e+00
1.494599695782472093e+00
1.501903604753356047e+00
1.514929041775176843e+00
1.531798264582552749e+00
1.549935322680797922e+00
1.566828347083493167e+00
1.580774882527004044e+00
1.591262735676905127e+00
1.598735960613549612e+00
1.603767772081165610e+00
1.606007445284690416e+00
1.603497582932778664e+00
1.592889213167504536e+00
1.570625194994658358e+00
1.534345293834184609e+00
1.482859780193472865e+00
1.413000781469774036e+00
1.314391644136190029e+00
1.169829821611679810e+00
9.752404835655734683e-01
7.849580613496668358e-01
7.458036003345376308e-01
1.000000000000000000e+00
