1.000000000000000000e+00
9.204718713018247289e-01
9.146113708758978333e-01
9.870415937160493813e-01
1.110676963416165952e+00
1.251147470836898812e+00
1.380318926590773598e+00
1.481560939979688962e+00
1.549501306031199510e+00
1.586930153848475911e+00
1.601032662505490700e+00
1.600265258144274005e+00
1.592320950821008552e+00
1.583080210876203209e+00
1.576259666171414775e+00
1.573501722146955162e+00
1.574730913072832861e+00
1.578656770096347861e+00
1.583323253987181545e+00
1.586616057811522706e+00
1.586660140370289351e+00
1.582072482847770800e+00
1.572069841570681081e+00
1.556457739213551017e+00
1.535539941335230418e+00
1.509988126107338680e+00
1.480703817766313657e+00
1.448693890562107622e+00
1.414970720374069346e+00
1.380480232520428840e+00
1.346056094389787905e+00
1.312395732598460762e+00
1.280053016184110382e+00
1.249442656624325076e+00
1.220852104393518323e+00
1.194457621992886409e+00
1.170342086185493846e+00
1.148512823669228577e+00
1.128918385075702746e+00
1.111463616925906450e+00
1.096022720226026648e+00
1.082450212284469027e+00
1.070589858427890784e+00
1.060281732533428167e+00
1.051367615716556569e+00
1.043694963561612843e+00
1.037119673387053576e+00
1.031507871230147311e+00
1.026736918681519173e+00
1.022695816129427060e+00
1.019285154020173056e+00
1.016416739201496000e+00
1.014013000453122260e+00
1.012006256609861765e+00
1.010337912586905640e+00
1.008957633213160232e+00
1.007822531986476866e+00
1.006896401494858706e+00
1.006149004049162521e+00
1.005555434765862399e+00
1.005095564640386518e+00
1.004753567790782176e+00
1.004517534778202048e+00
1.004379172499497486e+00
1.004333590400086296e+00
1.004379172496306261e+00
1.004517534771658394e+00
1.004753567780555024e+00
1.005095564625957394e+00
1.005555434746505439e+00
1.006149004023907167e+00
1.006896401462441970e+00
1.007822531945286260e+00
1.008957633161159828e+00
1.010337912521534154e+00
1.012006256527917980e+00
1.014013000350614924e+00
1.016416739073455089e+00
1.019285153860419957e+00
1.022695815930286356e+00
1.026736918433461820e+00
1.031507870921345216e+00
1.037119673002828035e+00
1.043694963083742877e+00
1.051367615122421162e+00
1.060281731794929350e+00
1.070589857510105380e+00
1.082450211143956675e+00
1.096022718808696395e+00
1.111463615164325125e+00
1.128918382885691019e+00
1.148512820945536861e+00
1.170342082796313132e+00
1.194457617772857860e+00
1.220852099134839941e+00
1.249442650065424765e+00
1.280053007995251901e+00
1.312395722363536743e+00
1.346056081583355990e+00
1.380480216479080813e+00
1.414970700261070968e+00
1.448693865324477859e+00
1.480703786083919615e+00
1.509988086334350887e+00
1.535539891435823368e+00
1.556457676695907733e+00
1.572069763426608979e+00
1.582072385509292189e+00
1.586660019699245527e+00
1.586615909142673697e+00
1.583323072248298935e+00
1.578656550028924022e+00
1.574730649572922081e+00
1.573501410736427797e+00
1.576259303595394679e+00
1.583079795802508016e+00
1.592320484591270624e+00
1.600264745492895546e+00
1.601032112122480644e+00
1.586929578624438619e+00
1.549500722809936892e+00
1.481560368690668206e+00
1.380318388768660309e+00
1.251146987742503214e+00
1.110676554165233698e+00
9.870412738680601761e-01
9.146111517625001852e-01
9.204717600600265115e-01
1.000000000000000000e+00
