1.000000000000000000e+00
7.384965755534099729e-01
7.843992208631695995e-01
9.800156542565461315e-01
1.173896642095752174e+00
1.315668516778942143e+00
1.413041525183710290e+00
1.483619331760381854e+00
1.536474778276943454e+00
1.573634756912217547e+00
1.595904613908052383e+00
1.605790569218744412e+00
1.607222817442533591e+00
1.603998341201190003e+00
1.598488136979622443e+00
1.591276163409213629e+00
1.581720214721282325e+00
1.569005537111566762e+00
1.553115926225688614e+00
1.535282260605232318e+00
1.517780383499606423e+00
1.503256541929115508e+00
1.493918140920658333e+00
1.490908834246044590e+00
1.494049048679926495e+00
1.501956202617533487e+00
1.512434554566411737e+00
1.522973605460055335e+00
1.531209369865459191e+00
1.535256435776040984e+00
1.533879621082391953e+00
1.526520984681338566e+00
1.513223039512576085e+00
1.494494555995842244e+00
1.471158404445265022e+00
1.444208741529624307e+00
1.414692661378247340e+00
1.383621838849227847e+00
1.351913391402069564e+00
1.320355788996189883e+00
1.289594351091711166e+00
1.260130884691596842e+00
1.232332708202384941e+00
1.206447250635762636e+00
1.182619367899797158e+00
1.160909356044955487e+00
1.141310321661986427e+00
1.123764091364068962e+00
1.108175224575297602e+00
1.094422962436098157e+00
1.082371125955633895e+00
1.071876090726716191e+00
1.062793031568745272e+00
1.054980662425683002e+00
1.048304705400051384e+00
1.042640315922876537e+00
1.037873674602230567e+00
1.033902934493528880e+00
1.030638688383402890e+00
1.028004096218192220e+00
1.025934789357719756e+00
1.024378646667700732e+00
1.023295517941697819e+00
1.022656952823211229e+00
1.022445978117752841e+00
1.022656952823433274e+00
1.023295517942153010e+00
1.024378646668422599e+00
1.025934789358758925e+00
1.028004096219619967e+00
1.030638688385314250e+00
1.033902934496057746e+00
1.037873674605547247e+00
1.042640315927213734e+00
1.048304705405700421e+00
1.054980662433032679e+00
1.062793031578301850e+00
1.071876090739123599e+00
1.082371125971725023e+00
1.094422962456937931e+00
1.108175224602261366e+00
1.123764091398906872e+00
1.141310321706936914e+00
1.160909356102864054e+00
1.182619367974289570e+00
1.206447250731432330e+00
1.232332708325065473e+00
1.260130884848685850e+00
1.289594351292572050e+00
1.320355789252683376e+00
1.351913391729202996e+00
1.383621839266024667e+00
1.414692661908835358e+00
1.444208742204639906e+00
1.471158405303677474e+00
1.494494557087315822e+00
1.513223040900546268e+00
1.526520986446970429e+00
1.533879623329676978e+00
1.535256438638235021e+00
1.531209373513089167e+00
1.522973610110486042e+00
1.512434560494875013e+00
1.501956210168970518e+00
1.494049058280679798e+00
1.490908846413832256e+00
1.493918156271030639e+00
1.503256561176613770e+00
1.517780407452240077e+00
1.535282290151405160e+00
1.553115962312590304e+00
1.569005580712482972e+00
1.581720266786056150e+00
1.591276224788755966e+00
1.598488208315325121e+00
1.603998422777376920e+00
1.607222909015362466e+00
1.605790669852907415e+00
1.595904721863182329e+00
1.573634869616338028e+00
1.536474892407813986e+00
1.483619443436693830e+00
1.413041630252349856e+00
1.315668611161756374e+00
1.173896722124910141e+00
9.800157169131655799e-01
7.843992638820863617e-01
7.384965974359103402e-01
1.000000000000000000e+00
