1.000000000000000000e+00
7.981675149718843176e-01
8.062349965534856278e-01
9.593818056702604347e-01
1.149051924412962444e+00
1.309070852772631355e+00
1.421203241855225174e+00
1.493406994330104709e+00
1.539792195825689047e+00
1.570957335728638826e+00
1.592394249316100074e+00
1.606133085379356729e+00
1.612576156405003180e+00
1.611685438174453422e+00
1.603711399753238176e+00
1.589673827440002407e+00
1.571563104034533698e+00
1.552162945594409704e+00
1.534524392168444606e+00
1.521281178334328521e+00
1.514057748253234470e+00
1.513160695493386054e+00
1.517616331182122691e+00
1.525492726853026282e+00
1.534371785508990893e+00
1.541827388020925005e+00
1.545802968053490156e+00
1.544838040027589399e+00
1.538143939228467261e+00
1.525561353645129792e+00
1.507444438889902427e+00
1.484513601813132855e+00
1.457708579894458012e+00
1.428061160979106514e+00
1.396596321794039808e+00
1.364263090993497407e+00
1.331892042000993870e+00
1.300174321375799913e+00
1.269656706759288101e+00
1.240747667996096260e+00
1.213730278818100361e+00
1.188778787056498087e+00
1.165976535044524143e+00
1.145333659538631643e+00
1.126803577796580802e+00
1.110297696621296293e+00
1.095698088295956385e+00
1.082868087285944858e+00
1.071660897806641533e+00
1.061926384335527995e+00
1.053516260296557316e+00
1.046287906289912639e+00
1.040107047271773055e+00
1.034849504586307312e+00
1.030402218516093482e+00
1.026663713484796681e+00
1.023544153617740982e+00
1.020965112654021345e+00
1.018859160224787841e+00
1.017169346837076160e+00
1.015848652775413363e+00
1.014859451562244441e+00
1.014173026448412562e+00
1.013769168371069229e+00
1.013635875585506829e+00
1.013769168373028551e+00
1.014173026452433346e+00
1.014859451568538296e+00
1.015848652784304251e+00
1.017169346849029710e+00
1.018859160240421557e+00
1.020965112674143915e+00
1.023544153643387133e+00
1.026663713517289134e+00
1.030402218557089578e+00
1.034849504637903816e+00
1.040107047336604973e+00
1.046287906371276444e+00
1.053516260398588367e+00
1.061926384463402817e+00
1.071660897966851822e+00
1.082868087486623887e+00
1.095698088547313320e+00
1.110297696936136447e+00
1.126803578191007293e+00
1.145333660032905376e+00
1.165976535664187796e+00
1.188778787833806083e+00
1.213730279793863831e+00
1.240747669222059590e+00
1.269656708301192038e+00
1.300174323317374592e+00
1.331892044449100920e+00
1.364263094084787520e+00
1.396596325703570729e+00
1.428061165931434173e+00
1.457708586177820953e+00
1.484513609797503575e+00
1.507444449049633040e+00
1.525561366587014689e+00
1.538143955725810974e+00
1.544838061060478829e+00
1.545802994854850398e+00
1.541827422126776925e+00
1.534371828809909966e+00
1.525492781641958562e+00
1.517616400191789561e+00
1.513160781914752340e+00
1.514057855725111423e+00
1.521281310893046523e+00
1.534524554145043629e+00
1.552163141444207861e+00
1.571563338080171013e+00
1.589674103506215408e+00
1.603711720675215613e+00
1.611685805179534414e+00
1.612576568405660327e+00
1.606133538271340422e+00
1.592394735432355768e+00
1.570957843629075867e+00
1.539792710578852253e+00
1.493407498355771690e+00
1.421203716261264738e+00
1.309071278967816498e+00
1.149052285662879536e+00
9.593820882559150887e-01
8.062351903392948049e-01
7.981676134386678223e-01
1.000000000000000000e+00
