1.000000000000000000e+00
1.072233890055414474e+00
1.143925921216222275e+00
1.213792547709261260e+00
1.279898215272144757e+00
1.339915598462459778e+00
1.391490300503898769e+00
1.432620981481729672e+00
1.461965888406578262e+00
1.479013386529865803e+00
1.484096992260596881e+00
1.478277289396955130e+00
1.463139720249216458e+00
1.440563597252838779e+00
1.412507823152049591e+00
1.380841170930286799e+00
1.347227389513512952e+00
1.313062432592936979e+00
1.279453935875817905e+00
1.247230727278530571e+00
1.216970907990873485e+00
1.189039279724071863e+00
1.163627494227798653e+00
1.140792648252340058e+00
1.120491894007194400e+00
1.102611954224752777e+00
1.086993297390025814e+00
1.073449249120279170e+00
1.061780591747556013e+00
1.051786318567203837e+00
1.043271223342310927e+00
1.036050962294962519e+00
1.029955153385156752e+00
1.024828994210416067e+00
1.020533796229891932e+00
1.016946755336421537e+00
1.013960210095000702e+00
1.011480580327393408e+00
1.009427130076443246e+00
1.007730659596583589e+00
1.006332199827632445e+00
1.005181758635624645e+00
1.004237149775296878e+00
1.003462921955425191e+00
1.002829395604618590e+00
1.002311808111010727e+00
1.001889563751816592e+00
1.001545581670767016e+00
1.001265733650056333e+00
1.001038362702796558e+00
1.000853873407616890e+00
1.000704385211867775e+00
1.000583440490181220e+00
1.000485759849400136e+00
1.000407037940677757e+00
1.000343773820928872e+00
1.000293130664001495e+00
1.000252820335421733e+00
1.000221009002031813e+00
1.000196240544842352e+00
1.000177375080329556e+00
1.000163540375706761e+00
1.000154094373291169e+00
1.000148597424403318e+00
1.000146793182333349e+00
1.000148597424403318e+00
1.000154094373291169e+00
1.000163540375706761e+00
1.000177375080329556e+00
1.000196240544842352e+00
1.000221009002031813e+00
1.000252820335421733e+00
1.000293130664001495e+00
1.000343773820928872e+00
1.000407037940677757e+00
1.000485759849400136e+00
1.000583440490181220e+00
1.000704385211867775e+00
1.000853873407616890e+00
1.001038362702796558e+00
1.001265733650056333e+00
1.001545581670767016e+00
1.001889563751816592e+00
1.002311808111010727e+00
1.002829395604618590e+00
1.003462921955425191e+00
1.004237149775296878e+00
1.005181758635624645e+00
1.006332199827632445e+00
1.007730659596583589e+00
1.009427130076443246e+00
1.011480580327393408e+00
1.013960210095000702e+00
1.016946755336421537e+00
1.020533796229891710e+00
1.024828994210416067e+00
1.029955153385156308e+00
1.036050962294962519e+00
1.043271223342310927e+00
1.051786318567203837e+00
1.061780591747556235e+00
1.073449249120278948e+00
1.086993297390026258e+00
1.102611954224752555e+00
1.120491894007194400e+00
1.140792648252340058e+00
1.163627494227798653e+00
1.189039279724072307e+00
1.216970907990873263e+00
1.247230727278530127e+00
1.279453935875818571e+00
1.313062432592937201e+00
1.347227389513512508e+00
1.380841170930286133e+00
1.412507823152048259e+00
1.440563597252839445e+00
1.463139720249215792e+00
1.478277289396953798e+00
1.484096992260596659e+00
1.479013386529866247e+00
1.461965888406577374e+00
1.432620981481728561e+00
1.391490300503898547e+00
1.339915598462460666e+00
1.279898215272145201e+00
1.213792547709260816e+00
1.143925921216222497e+00
1.072233890055414252e+00
1.000000000000000000e+00
