1.000000000000000000e+00
8.023586410585322737e-01
8.081230268309674836e-01
9.574125821059215058e-01
1.145283959532820806e+00
1.305675114325002717e+00
1.418907810239060652e+00
1.491842183539630717e+00
1.538389875739147428e+00
1.569463778960822342e+00
1.590850233959413051e+00
1.604620583722643490e+00
1.611041575005686344e+00
1.609954554177198904e+00
1.601634032072909886e+00
1.587270782779282019e+00
1.569080456757664388e+00
1.550011719330683047e+00
1.533145235147765240e+00
1.520998888296277718e+00
1.514980923220411446e+00
1.515153009934254280e+00
1.520335473327064646e+00
1.528472699855108363e+00
1.537117951037455743e+00
1.543898767935535599e+00
1.546867247310450555e+00
1.544695895524213380e+00
1.536727311347571234e+00
1.522914085684538232e+00
1.503694059736851996e+00
1.479841332069613102e+00
1.452322223097722631e+00
1.422173276185145996e+00
1.390408368985112775e+00
1.357955169029150921e+00
1.325617296763907049e+00
1.294056929420366320e+00
1.263792387646314408e+00
1.235205833934541753e+00
1.208557120142435215e+00
1.184000775303208020e+00
1.161603982781405309e+00
1.141364101783613139e+00
1.123224835041820358e+00
1.107090548454185974e+00
1.092838534529229078e+00
1.080329205249016100e+00
1.069414324160240515e+00
1.059943460782464486e+00
1.051768887451353995e+00
1.044749150688765393e+00
1.038751544502209967e+00
1.033653697856424136e+00
1.029344467433950250e+00
1.025724302921950271e+00
1.022705227658847971e+00
1.020210554030391847e+00
1.018174431441432493e+00
1.016541305508248838e+00
1.015265350511766140e+00
1.014309923099570687e+00
1.013647073549575950e+00
1.013257141335110800e+00
1.013128453924549977e+00
1.013257141335005995e+00
1.013647073549362343e+00
1.014309923099241839e+00
1.015265350511305398e+00
1.016541305507643322e+00
1.018174431440658889e+00
1.020210554029422845e+00
1.022705227657650040e+00
1.025724302920489217e+00
1.029344467432174337e+00
1.033653697854282072e+00
1.038751544499645130e+00
1.044749150685702288e+00
1.051768887447706691e+00
1.059943460778124180e+00
1.069414324155076423e+00
1.080329205242856583e+00
1.092838534521854532e+00
1.107090548445285538e+00
1.123224835030971036e+00
1.141364101770210304e+00
1.161603982764589649e+00
1.184000775281740969e+00
1.208557120114531758e+00
1.235205833897628613e+00
1.263792387596686106e+00
1.294056929352736196e+00
1.325617296670772216e+00
1.357955168899944942e+00
1.390408368805104100e+00
1.422173275934031755e+00
1.452322222747852054e+00
1.479841331583892083e+00
1.503694059066311262e+00
1.522914084765762954e+00
1.536727310100206800e+00
1.544695893848883061e+00
1.546867245087529152e+00
1.543898765025082609e+00
1.537117947280375763e+00
1.528472695075002052e+00
1.520335467331511925e+00
1.515153002513743852e+00
1.514980914143328139e+00
1.520998877299969188e+00
1.533145221928782886e+00
1.550011703540974839e+00
1.569080438015780343e+00
1.587270760704136308e+00
1.601634006341387417e+00
1.609954524598002035e+00
1.611041541594967930e+00
1.604620546766709843e+00
1.590850194055434930e+00
1.569463737032143591e+00
1.538389833022377085e+00
1.491842141537095046e+00
1.418907770627161558e+00
1.305675078808740341e+00
1.145283929649517196e+00
9.574125590238403705e-01
8.081230112409264477e-01
8.023586332368140006e-01
1.000000000000000000e+00
