1.000000000000000000e+00
1.071047663936645744e+00
1.141527813965307336e+00
1.210162418240244842e+00
1.275047566922543840e+00
1.333905441357331911e+00
1.384438381442818278e+00
1.424697892832611723e+00
1.453381916991357548e+00
1.469999822624440400e+00
1.474886272219577021e+00
1.469085705863625302e+00
1.454154974361471675e+00
1.431937860657122030e+00
1.404355740647832196e+00
1.373241571833197616e+00
1.340227327573133564e+00
1.306682354582887395e+00
1.273693097556311882e+00
1.242072299306990368e+00
1.212386476753314568e+00
1.184992631088060078e+00
1.160077680535711142e+00
1.137696398705269951e+00
1.117805454128731668e+00
1.100292445593430424e+00
1.084999683964793293e+00
1.071742987136598879e+00
1.060326029556198923e+00
1.050550902491812488e+00
1.042225556284463339e+00
1.035168753589227997e+00
1.029213091271515834e+00
1.024206566149803210e+00
1.020013077034226390e+00
1.016512178621972851e+00
1.013598334814739488e+00
1.011179861020704118e+00
1.009177696924688172e+00
1.007524112324366783e+00
1.006161417877588615e+00
1.005040728806537054e+00
1.004120811589752638e+00
1.003367030358741641e+00
1.002750400141362963e+00
1.002246747434958563e+00
1.001835974161624065e+00
1.001501418295074330e+00
1.001229302905934038e+00
1.001008264699350558e+00
1.000828953045624914e+00
1.000683690827863348e+00
1.000566188999959305e+00
1.000471307454610548e+00
1.000394855568211394e+00
1.000333426564971928e+00
1.000284260592960051e+00
1.000245132109285340e+00
1.000214257819726393e+00
1.000190222005659324e+00
1.000171916598891375e+00
1.000158493836554863e+00
1.000149329749526084e+00
1.000143997115397365e+00
1.000142246848793270e+00
1.000143997115397365e+00
1.000149329749526084e+00
1.000158493836554863e+00
1.000171916598891375e+00
1.000190222005659324e+00
1.000214257819726393e+00
1.000245132109285340e+00
1.000284260592960051e+00
1.000333426564971928e+00
1.000394855568211394e+00
1.000471307454610548e+00
1.000566188999959305e+00
1.000683690827863348e+00
1.000828953045624914e+00
1.001008264699350558e+00
1.001229302905934038e+00
1.001501418295074330e+00
1.001835974161624065e+00
1.002246747434958563e+00
1.002750400141362963e+00
1.003367030358741641e+00
1.004120811589752638e+00
1.005040728806537054e+00
1.006161417877588615e+00
1.007524112324366783e+00
1.009177696924688172e+00
1.011179861020704118e+00
1.013598334814739488e+00
1.016512178621972851e+00
1.020013077034226168e+00
1.024206566149803210e+00
1.029213091271515612e+00
1.035168753589227997e+00
1.042225556284463339e+00
1.050550902491812488e+00
1.060326029556199146e+00
1.071742987136598657e+00
1.084999683964793737e+00
1.100292445593430202e+00
1.117805454128731668e+00
1.137696398705269951e+00
1.160077680535711142e+00
1.184992631088060522e+00
1.212386476753314346e+00
1.242072299306989924e+00
1.273693097556312548e+00
1.306682354582887617e+00
1.340227327573133120e+00
1.373241571833197172e+00
1.404355740647830864e+00
1.431937860657122696e+00
1.454154974361471009e+00
1.469085705863624414e+00
1.474886272219576799e+00
1.469999822624441066e+00
1.453381916991356659e+00
1.424697892832610835e+00
1.384438381442818056e+00
1.333905441357332800e+00
1.275047566922544284e+00
1.210162418240244397e+00
1.141527813965307558e+00
1.071047663936645522e+00
1.000000000000000000e+00
