1.000000000000000000e+00
9.781886903684229306e-01
9.916219136339017304e-01
1.046763320489019655e+00
1.133927788631347022e+00
1.236811487745896887e+00
1.339210237111963409e+00
1.429093797291790091e+00
1.500199207990215999e+00
1.551593261045834060e+00
1.585988551155552262e+00
1.607702977764889907e+00
1.620961330044180748e+00
1.628883188475461097e+00
1.633167235104997728e+00
1.634278542508114107e+00
1.631885792889344211e+00
1.625334863110946992e+00
1.614026713491372611e+00
1.597647997897394756e+00
1.576260299405835674e+00
1.550283746633610349e+00
1.520418390170267253e+00
1.487540932375759795e+00
1.452603155323376916e+00
1.416546975756774795e+00
1.380242068979306458e+00
1.344446108300003440e+00
1.309784478215313408e+00
1.276745076776313770e+00
1.245683773939140870e+00
1.216836656798111704e+00
1.190335985233708982e+00
1.166227581856426498e+00
1.144488081286375580e+00
1.125041028602044690e+00
1.107771245574676655e+00
1.092537193411334817e+00
1.079181274766938703e+00
1.067538157758891382e+00
1.057441289601872336e+00
1.048727812609807630e+00
1.041242112613793847e+00
1.034838228370625668e+00
1.029381337034836807e+00
1.024748510187892148e+00
1.020828910826360403e+00
1.017523576606747193e+00
1.014744910218850160e+00
1.012415975087617603e+00
1.010469674303028587e+00
1.008847873031135656e+00
1.007500509714090775e+00
1.006384729009525802e+00
1.005464059439521884e+00
1.004707650850770406e+00
1.004089580745076260e+00
1.003588234039088922e+00
1.003185757587735649e+00
1.002867588616609851e+00
1.002622054844109822e+00
1.002440043355001142e+00
1.002314735063752016e+00
1.002241401755090910e+00
1.002217263111846446e+00
1.002241401755090910e+00
1.002314735063752016e+00
1.002440043355001142e+00
1.002622054844109822e+00
1.002867588616609851e+00
1.003185757587735649e+00
1.003588234039088922e+00
1.004089580745076260e+00
1.004707650850770406e+00
1.005464059439521884e+00
1.006384729009525802e+00
1.007500509714090775e+00
1.008847873031135656e+00
1.010469674303028587e+00
1.012415975087617603e+00
1.014744910218850160e+00
1.017523576606747193e+00
1.020828910826360625e+00
1.024748510187891481e+00
1.029381337034836807e+00
1.034838228370625890e+00
1.041242112613793847e+00
1.048727812609807630e+00
1.057441289601872558e+00
1.067538157758890938e+00
1.079181274766938259e+00
1.092537193411334817e+00
1.107771245574676877e+00
1.125041028602044246e+00
1.144488081286375136e+00
1.166227581856425832e+00
1.190335985233706984e+00
1.216836656798111926e+00
1.245683773939140870e+00
1.276745076776313770e+00
1.309784478215314518e+00
1.344446108300002551e+00
1.380242068979307568e+00
1.416546975756774351e+00
1.452603155323377360e+00
1.487540932375760017e+00
1.520418390170266809e+00
1.550283746633611459e+00
1.576260299405836784e+00
1.597647997897394978e+00
1.614026713491373277e+00
1.625334863110946548e+00
1.631885792889343545e+00
1.634278542508112553e+00
1.633167235104996173e+00
1.628883188475462429e+00
1.620961330044180748e+00
1.607702977764888574e+00
1.585988551155551374e+00
1.551593261045831618e+00
1.500199207990216443e+00
1.429093797291788981e+00
1.339210237111963187e+00
1.236811487745897109e+00
1.133927788631347688e+00
1.046763320489018545e+00
9.916219136339007312e-01
9.781886903684215984e-01
1.000000000000000000e+00
