1.000000000000000000e+00
1.041114535029760368e+00
1.089776025506825619e+00
1.148803423745060837e+00
1.217516727671738686e+00
1.292807579977264476e+00
1.370141292097194263e+00
1.444504237915102074e+00
1.511227386466626577e+00
1.566593461550741972e+00
1.608171728260696431e+00
1.634886708316328763e+00
1.646879622271708365e+00
1.645245589869925640e+00
1.631726113071396700e+00
1.608416171215252488e+00
1.577520513597208129e+00
1.541172492371224001e+00
1.501314254055250652e+00
1.459629188739173467e+00
1.417514598598862419e+00
1.376082709865971143e+00
1.336179876578794223e+00
1.298416074616746130e+00
1.263198970316750547e+00
1.230768697141464862e+00
1.201230909174312744e+00
1.174586726578501494e+00
1.150758912684111346e+00
1.129614100512501329e+00
1.110981185940854710e+00
1.094666179495664693e+00
1.080463899392019478e+00
1.068166923775672572e+00
1.057572220171183019e+00
1.048485848493229566e+00
1.040726099811965177e+00
1.034125392545997002e+00
1.028531205030464024e+00
1.023806281229825199e+00
1.019828306527527761e+00
1.016489214128080798e+00
1.013694250248152962e+00
1.011360898180172052e+00
1.009417737447235508e+00
1.007803294409373773e+00
1.006464924488607693e+00
1.005357753245305963e+00
1.004443693427439888e+00
1.003690547396014709e+00
1.003071198596327429e+00
1.002562891624668273e+00
1.002146597606193845e+00
1.001806459769912117e+00
1.001529313044937641e+00
1.001304271013699898e+00
1.001122373486594386e+00
1.000976288185064789e+00
1.000860060441642441e+00
1.000768905374243900e+00
1.000699037615982778e+00
1.000647534343903189e+00
1.000612228026040551e+00
1.000591625980292942e+00
1.000584854503363985e+00
1.000591625980292942e+00
1.000612228026040551e+00
1.000647534343903189e+00
1.000699037615982778e+00
1.000768905374243900e+00
1.000860060441642441e+00
1.000976288185064789e+00
1.001122373486594386e+00
1.001304271013699898e+00
1.001529313044937641e+00
1.001806459769912117e+00
1.002146597606193845e+00
1.002562891624668273e+00
1.003071198596327429e+00
1.003690547396014709e+00
1.004443693427439888e+00
1.005357753245305963e+00
1.006464924488607693e+00
1.007803294409373773e+00
1.009417737447235508e+00
1.011360898180172052e+00
1.013694250248152962e+00
1.016489214128080576e+00
1.019828306527527761e+00
1.023806281229825421e+00
1.028531205030464024e+00
1.034125392545997002e+00
1.040726099811964955e+00
1.048485848493229344e+00
1.057572220171182797e+00
1.068166923775672572e+00
1.080463899392018812e+00
1.094666179495664693e+00
1.110981185940854266e+00
1.129614100512501329e+00
1.150758912684112012e+00
1.174586726578500828e+00
1.201230909174313188e+00
1.230768697141465084e+00
1.263198970316751213e+00
1.298416074616745908e+00
1.336179876578794223e+00
1.376082709865972031e+00
1.417514598598862641e+00
1.459629188739172800e+00
1.501314254055251096e+00
1.541172492371224223e+00
1.577520513597208129e+00
1.608416171215251822e+00
1.631726113071395812e+00
1.645245589869926972e+00
1.646879622271710142e+00
1.634886708316327875e+00
1.608171728260695543e+00
1.566593461550741528e+00
1.511227386466627243e+00
1.444504237915100520e+00
1.370141292097193819e+00
1.292807579977265586e+00
1.217516727671740240e+00
1.148803423745059948e+00
1.089776025506824730e+00
1.041114535029759036e+00
1.000000000000000000e+00
