1.000000000000000000e+00
1.031111466512752317e+00
1.071859216861754005e+00
1.125889662191051910e+00
1.192564520128345684e+00
1.268384331700492806e+00
1.348244766292283181e+00
1.426553443268221644e+00
1.498144557093647578e+00
1.558911250690620420e+00
1.606123010539728391e+00
1.638462063081841835e+00
1.655859139849116479e+00
1.659220895197953016e+00
1.650126508925502833e+00
1.630545187034711629e+00
1.602601607634697389e+00
1.568398292224384427e+00
1.529892877203802293e+00
1.488822671126085906e+00
1.446666815535356809e+00
1.404636358462258316e+00
1.363683621196284390e+00
1.324523770653683874e+00
1.287663122688034401e+00
1.253430181545319488e+00
1.222006665758649913e+00
1.193456753656641389e+00
1.167753518477792074e+00
1.144802050937455240e+00
1.124459129008330782e+00
1.106549531070145198e+00
1.090879233456792052e+00
1.077245813477387903e+00
1.065446414257693597e+00
1.055283632876621080e+00
1.046569678778863866e+00
1.039129122837720409e+00
1.032800524067311265e+00
1.027437184629571787e+00
1.022907247104512640e+00
1.019093312804636886e+00
1.015891727391170507e+00
1.013211650880177617e+00
1.010974003632703733e+00
1.009110358154225784e+00
1.007561828342989907e+00
1.006277992952892886e+00
1.005215878128831619e+00
1.004339014550035714e+00
1.003616577594273807e+00
1.003022613644479533e+00
1.002535351861297830e+00
1.002136598139608203e+00
1.001811206295678325e+00
1.001546620575493707e+00
1.001332483154780073e+00
1.001160300272091019e+00
1.001023160884317198e+00
1.000915502170695470e+00
1.000832916771068781e+00
1.000771997278254499e+00
1.000730214179540667e+00
1.000705824135393218e+00
1.000697806181488181e+00
1.000705824135393218e+00
1.000730214179540667e+00
1.000771997278254499e+00
1.000832916771068781e+00
1.000915502170695470e+00
1.001023160884317198e+00
1.001160300272091019e+00
1.001332483154780073e+00
1.001546620575493707e+00
1.001811206295678325e+00
1.002136598139608203e+00
1.002535351861297830e+00
1.003022613644479533e+00
1.003616577594273807e+00
1.004339014550035714e+00
1.005215878128831619e+00
1.006277992952892886e+00
1.007561828342989907e+00
1.009110358154225784e+00
1.010974003632703733e+00
1.013211650880177617e+00
1.015891727391170507e+00
1.019093312804636664e+00
1.022907247104512640e+00
1.027437184629571787e+00
1.032800524067311487e+00
1.039129122837720409e+00
1.046569678778863643e+00
1.055283632876620858e+00
1.065446414257693375e+00
1.077245813477387681e+00
1.090879233456791386e+00
1.106549531070144754e+00
1.124459129008330338e+00
1.144802050937455240e+00
1.167753518477792740e+00
1.193456753656640279e+00
1.222006665758650357e+00
1.253430181545319932e+00
1.287663122688034623e+00
1.324523770653683652e+00
1.363683621196284390e+00
1.404636358462259871e+00
1.446666815535357253e+00
1.488822671126085240e+00
1.529892877203803625e+00
1.568398292224385315e+00
1.602601607634697833e+00
1.630545187034712074e+00
1.650126508925502833e+00
1.659220895197955681e+00
1.655859139849119366e+00
1.638462063081842723e+00
1.606123010539728613e+00
1.558911250690621308e+00
1.498144557093649576e+00
1.426553443268221644e+00
1.348244766292283625e+00
1.268384331700494805e+00
1.192564520128347683e+00
1.125889662191051688e+00
1.071859216861753561e+00
1.031111466512750985e+00
1.000000000000000000e+00
