1.000000000000000000e+00
1.079228491863099659e+00
1.158315670953800058e+00
1.236070936924601682e+00
1.310399109757129921e+00
1.378630959210831675e+00
1.437972869266710862e+00
1.485977164141382811e+00
1.520928083561844613e+00
1.542066062741958676e+00
1.549623650293813659e+00
1.544698105958856260e+00
1.529019422534905637e+00
1.504681039198048964e+00
1.473888632958883838e+00
1.438760748164775727e+00
1.401193560713191788e+00
1.362786443931277125e+00
1.324816549849380687e+00
1.288248023411321386e+00
1.253762522720895278e+00
1.221800449508461561e+00
1.192605369370655977e+00
1.166266818039491060e+00
1.142758789432748223e+00
1.121972676536749480e+00
1.103744391019639615e+00
1.087875953495478054e+00
1.074152143380874280e+00
1.062352919605415114e+00
1.052262339127203461e+00
1.043674655560853370e+00
1.036398205298890041e+00
1.030257602004393425e+00
1.025094673391813149e+00
1.020768492998116006e+00
1.017154787273630401e+00
1.014144935967258521e+00
1.011644731470619618e+00
1.009573019888329037e+00
1.007860312144687187e+00
1.006447426305720150e+00
1.005284201358992657e+00
1.004328306879605615e+00
1.003544161348379316e+00
1.002901963525858031e+00
1.002376835499106722e+00
1.001948072202244466e+00
1.001598489873730236e+00
1.001313864658650354e+00
1.001082452082171281e+00
1.000894578171293237e+00
1.000742293404681460e+00
1.000619081289507273e+00
1.000519614102427068e+00
1.000439549119614302e+00
1.000375359451528334e+00
1.000324194360930896e+00
1.000283764659677166e+00
1.000252249441481389e+00
1.000228221011148166e+00
1.000210585417117493e+00
1.000198536487970635e+00
1.000191521720678489e+00
1.000189218776839306e+00
1.000191521720678489e+00
1.000198536487970635e+00
1.000210585417117493e+00
1.000228221011148166e+00
1.000252249441481389e+00
1.000283764659677166e+00
1.000324194360930896e+00
1.000375359451528334e+00
1.000439549119614302e+00
1.000519614102427068e+00
1.000619081289507273e+00
1.000742293404681460e+00
1.000894578171293237e+00
1.001082452082171281e+00
1.001313864658650354e+00
1.001598489873730236e+00
1.001948072202244466e+00
1.002376835499106722e+00
1.002901963525858031e+00
1.003544161348379316e+00
1.004328306879605615e+00
1.005284201358992657e+00
1.006447426305720150e+00
1.007860312144687187e+00
1.009573019888329037e+00
1.011644731470619618e+00
1.014144935967258521e+00
1.017154787273630179e+00
1.020768492998116006e+00
1.025094673391812927e+00
1.030257602004393425e+00
1.036398205298889597e+00
1.043674655560853370e+00
1.052262339127203461e+00
1.062352919605414892e+00
1.074152143380874502e+00
1.087875953495477832e+00
1.103744391019640059e+00
1.121972676536749258e+00
1.142758789432748223e+00
1.166266818039490838e+00
1.192605369370656199e+00
1.221800449508462005e+00
1.253762522720895500e+00
1.288248023411320942e+00
1.324816549849381575e+00
1.362786443931277569e+00
1.401193560713191344e+00
1.438760748164775283e+00
1.473888632958882505e+00
1.504681039198049852e+00
1.529019422534905637e+00
1.544698105958854484e+00
1.549623650293813215e+00
1.542066062741959342e+00
1.520928083561843502e+00
1.485977164141381701e+00
1.437972869266710640e+00
1.378630959210832785e+00
1.310399109757130587e+00
1.236070936924600794e+00
1.158315670953799836e+00
1.079228491863099659e+00
1.000000000000000000e+00
