1.000000000000000000e+00
7.678449897885328834e-01
7.918658777084094380e-01
9.674821797452297645e-01
1.162855288688132704e+00
1.315593855295957626e+00
1.419467435003262779e+00
1.488847854779984603e+00
1.536908571893140563e+00
1.570422716534999097e+00
1.592337571496472037e+00
1.604742475724621364e+00
1.609771201920616290e+00
1.609150398363264012e+00
1.603746079042551287e+00
1.593767447784966818e+00
1.579472371685070708e+00
1.561850767742364754e+00
1.542860772884914411e+00
1.525116332017754983e+00
1.511218378360784653e+00
1.503047723443361461e+00
1.501291638157297159e+00
1.505332290159952624e+00
1.513472299908540597e+00
1.523371510862977063e+00
1.532539377998132668e+00
1.538755513254298712e+00
1.540347419581454158e+00
1.536311081928695588e+00
1.526299791116885851e+00
1.510524867158096418e+00
1.489612904010216843e+00
1.464455095030120280e+00
1.436071783580613159e+00
1.405503944515984038e+00
1.373734790736279354e+00
1.341639405270175001e+00
1.309957661952820374e+00
1.279284896251610570e+00
1.250075069059163990e+00
1.222651968902847219e+00
1.197224960897917523e+00
1.173906712480117021e+00
1.152731113948059383e+00
1.133670239031228544e+00
1.116649664421597965e+00
1.101561809690615901e+00
1.088277196348093723e+00
1.076653681503623838e+00
1.066543818462439397e+00
1.057800550281924545e+00
1.050281465710503959e+00
1.043851849757744255e+00
1.038386750636031364e+00
1.033772266264852302e+00
1.029906230749787932e+00
1.026698456917923608e+00
1.024070666926118589e+00
1.021956220319888642e+00
1.020299728378911031e+00
1.019056625443434339e+00
1.018192752210620222e+00
1.017683992566382756e+00
1.017515994090681497e+00
1.017683992567282036e+00
1.018192752212466745e+00
1.019056625446329578e+00
1.020299728383013527e+00
1.021956220325421771e+00
1.024070666933381668e+00
1.026698456927311875e+00
1.029906230761809649e+00
1.033772266280166052e+00
1.038386750655457824e+00
1.043851849782338359e+00
1.050281465741599529e+00
1.057800550321197797e+00
1.066543818512010411e+00
1.076653681566158705e+00
1.088277196426960636e+00
1.101561809790057689e+00
1.116649664546963461e+00
1.133670239189253914e+00
1.152731114147253377e+00
1.173906712731213275e+00
1.197224961214482519e+00
1.222651969302044783e+00
1.250075069562737839e+00
1.279284896887148193e+00
1.309957662755363517e+00
1.341639406284348857e+00
1.373734792018985962e+00
1.405503946139913918e+00
1.436071785638776133e+00
1.464455097641691461e+00
1.489612907328015989e+00
1.510524871378143175e+00
1.526299796490434568e+00
1.536311088777205791e+00
1.540347428314869926e+00
1.538755524392679819e+00
1.532539392196453854e+00
1.523371528938061825e+00
1.513472322866361353e+00
1.505332319220424209e+00
1.501291674772758489e+00
1.503047769306247838e+00
1.511218435395741855e+00
1.525116402353416278e+00
1.542860858800099821e+00
1.561850871579652411e+00
1.579472495721225611e+00
1.593767594044032787e+00
1.603746249037831584e+00
1.609150592764881926e+00
1.609771420169802791e+00
1.604742715650737894e+00
1.592337829024422113e+00
1.570422985581254816e+00
1.536908844527756557e+00
1.488848121682823766e+00
1.419467686176050680e+00
1.315594080916271835e+00
1.162855479926938607e+00
9.674823293630918641e-01
7.918659803372537498e-01
7.678450419498400459e-01
1.000000000000000000e+00
