1.000000000000000000e+00
9.930559138797168117e-01
1.011351374643171042e+00
1.060926971228391302e+00
1.136373502768788235e+00
1.226872500648904740e+00
1.320700867079695140e+00
1.408219658305068345e+00
1.483320067242126061e+00
1.543492733674788342e+00
1.588958086112598922e+00
1.621433102229315804e+00
1.643030405703499897e+00
1.655560568581595726e+00
1.660271555914704100e+00
1.657906379097941363e+00
1.648913254961169805e+00
1.633671232317743360e+00
1.612653010990990898e+00
1.586501396591887936e+00
1.556031063277739435e+00
1.522182122459593723e+00
1.485952520582309866e+00
1.448329726883051727e+00
1.410233904907782332e+00
1.372477716827159133e+00
1.335743095980484574e+00
1.300572645847013931e+00
1.267372242065143650e+00
1.236421332424450181e+00
1.207887869242397327e+00
1.181845447194379117e+00
1.158290870540223061e+00
1.137160945420783387e+00
1.118347753039415471e+00
1.101712007506955304e+00
1.087094351839735351e+00
1.074324615609042910e+00
1.063229166256258962e+00
1.053636548905286352e+00
1.045381639459848744e+00
1.038308542906560161e+00
1.032272460709789952e+00
1.027140733706263687e+00
1.022793244187022887e+00
1.019122335904002030e+00
1.016032385651665981e+00
1.013439136236624405e+00
1.011268878911284474e+00
1.009457554163783799e+00
1.007949823289423286e+00
1.006698149382743823e+00
1.005661915117544325e+00
1.004806595679753611e+00
1.004102998203770358e+00
1.003526573745084916e+00
1.003056803920348905e+00
1.002676661601790808e+00
1.002372143236945679e+00
1.002131869279264009e+00
1.001946748694410694e+00
1.001809703414580088e+00
1.001715448839510136e+00
1.001660326940857715e+00
1.001642189149547058e+00
1.001660326940857715e+00
1.001715448839510136e+00
1.001809703414580088e+00
1.001946748694410694e+00
1.002131869279264009e+00
1.002372143236945679e+00
1.002676661601790808e+00
1.003056803920348905e+00
1.003526573745084916e+00
1.004102998203770358e+00
1.004806595679753611e+00
1.005661915117544325e+00
1.006698149382743823e+00
1.007949823289423286e+00
1.009457554163783799e+00
1.011268878911284474e+00
1.013439136236624405e+00
1.016032385651666203e+00
1.019122335904001586e+00
1.022793244187022887e+00
1.027140733706263687e+00
1.032272460709789952e+00
1.038308542906560161e+00
1.045381639459849188e+00
1.053636548905286574e+00
1.063229166256258962e+00
1.074324615609042688e+00
1.087094351839735795e+00
1.101712007506954860e+00
1.118347753039415249e+00
1.137160945420783165e+00
1.158290870540221285e+00
1.181845447194379339e+00
1.207887869242397327e+00
1.236421332424449959e+00
1.267372242065144761e+00
1.300572645847012598e+00
1.335743095980485462e+00
1.372477716827158467e+00
1.410233904907782776e+00
1.448329726883051283e+00
1.485952520582309200e+00
1.522182122459594833e+00
1.556031063277740323e+00
1.586501396591887048e+00
1.612653010990991342e+00
1.633671232317742472e+00
1.648913254961168473e+00
1.657906379097939809e+00
1.660271555914701880e+00
1.655560568581595948e+00
1.643030405703499675e+00
1.621433102229313805e+00
1.588958086112597146e+00
1.543492733674785677e+00
1.483320067242125173e+00
1.408219658305065680e+00
1.320700867079693364e+00
1.226872500648903852e+00
1.136373502768787347e+00
1.060926971228389304e+00
1.011351374643169487e+00
9.930559138797145913e-01
1.000000000000000000e+00
