1.000000000000000000e+00
1.007017694926165108e+00
1.031190755468458065e+00
1.077921933186193559e+00
1.145053772375717482e+00
1.226210178783201821e+00
1.313434359620901049e+00
1.399142250572816382e+00
1.477328848308626430e+00
1.544034386840309470e+00
1.597224562622310051e+00
1.636343390065463144e+00
1.661794915663037608e+00
1.674521374054774414e+00
1.675734668038398878e+00
1.666778674835104779e+00
1.649068826583947489e+00
1.624060662082430051e+00
1.593219375345561462e+00
1.557981752764796779e+00
1.519713518378917883e+00
1.479669030213757841e+00
1.438959362653275731e+00
1.398532015222257119e+00
1.359162711601354934e+00
1.321457819740692763e+00
1.285864951173075310e+00
1.252689073942008235e+00
1.222111711443966797e+00
1.194211255525557291e+00
1.168982931957073923e+00
1.146357427560146913e+00
1.126217579935799629e+00
1.108412833320474578e+00
1.092771384166247639e+00
1.079110090791737475e+00
1.067242317402675500e+00
1.056983937271477991e+00
1.048157744126529733e+00
1.040596523845831456e+00
1.034145027390589444e+00
1.028661065891379511e+00
1.024015923893528690e+00
1.020094259876281217e+00
1.016793636321620120e+00
1.014023796189618132e+00
1.011705779505732705e+00
1.009770953333716692e+00
1.008160010859463940e+00
1.006821980605346001e+00
1.005713274754628683e+00
1.004796795933984299e+00
1.004041114280955993e+00
1.003419720903409917e+00
1.002910359621414171e+00
1.002494435892546498e+00
1.002156499814579105e+00
1.001883798862826636e+00
1.001665895375447146e+00
1.001494343602162163e+00
1.001362421263018998e+00
1.001264910931543684e+00
1.001197927090664797e+00
1.001158785356444536e+00
1.001145911086265938e+00
1.001158785356444536e+00
1.001197927090664797e+00
1.001264910931543684e+00
1.001362421263018998e+00
1.001494343602162163e+00
1.001665895375447146e+00
1.001883798862826636e+00
1.002156499814579105e+00
1.002494435892546498e+00
1.002910359621414171e+00
1.003419720903409917e+00
1.004041114280955993e+00
1.004796795933984299e+00
1.005713274754628683e+00
1.006821980605346001e+00
1.008160010859463940e+00
1.009770953333716692e+00
1.011705779505732927e+00
1.014023796189617910e+00
1.016793636321620120e+00
1.020094259876281217e+00
1.024015923893528690e+00
1.028661065891379289e+00
1.034145027390589444e+00
1.040596523845831678e+00
1.048157744126529733e+00
1.056983937271477991e+00
1.067242317402675500e+00
1.079110090791737253e+00
1.092771384166247417e+00
1.108412833320474578e+00
1.126217579935798296e+00
1.146357427560146469e+00
1.168982931957073701e+00
1.194211255525557069e+00
1.222111711443967241e+00
1.252689073942007347e+00
1.285864951173075754e+00
1.321457819740691875e+00
1.359162711601354712e+00
1.398532015222256897e+00
1.438959362653275953e+00
1.479669030213759617e+00
1.519713518378918771e+00
1.557981752764795669e+00
1.593219375345563016e+00
1.624060662082430051e+00
1.649068826583946823e+00
1.666778674835104113e+00
1.675734668038397102e+00
1.674521374054776190e+00
1.661794915663039163e+00
1.636343390065463366e+00
1.597224562622309829e+00
1.544034386840309026e+00
1.477328848308627096e+00
1.399142250572815716e+00
1.313434359620900604e+00
1.226210178783202709e+00
1.145053772375718371e+00
1.077921933186192893e+00
1.031190755468456732e+00
1.007017694926163331e+00
1.000000000000000000e+00
