1.000000000000000000e+00
8.576458366039437786e-01
8.480956501609473452e-01
9.552574940367917211e-01
1.116780079159715777e+00
1.277410012500579839e+00
1.406821870291389942e+00
1.497393398007280219e+00
1.554482966805514010e+00
1.587263706720433820e+00
1.603496896493999957e+00
1.608157814164859589e+00
1.604253373667189342e+00
1.594148200517109482e+00
1.580410674718114139e+00
1.565923114574656383e+00
1.553462281151129609e+00
1.545115590387746707e+00
1.541845327865847715e+00
1.543361722067990716e+00
1.548308641879456937e+00
1.554658866805582518e+00
1.560177444218059817e+00
1.562830317209831898e+00
1.561064813465515400e+00
1.553941935335331426e+00
1.541140064570357904e+00
1.522869692266457742e+00
1.499741777077838956e+00
1.472624838523773683e+00
1.442514359924264244e+00
1.410426959402216074e+00
1.377323262851203545e+00
1.344057961888446506e+00
1.311352719641734277e+00
1.279786632115386125e+00
1.249799124614384471e+00
1.221700895578658130e+00
1.195689442664744417e+00
1.171866606401743338e+00
1.150256344929528884e+00
1.130821576935296280e+00
1.113479403155498870e+00
1.098114360175019844e+00
1.084589598907937935e+00
1.072756038161607250e+00
1.062459641677716338e+00
1.053547021602998734e+00
1.045869595344252945e+00
1.039286525963537544e+00
1.033666665939368068e+00
1.028889705596017334e+00
1.024846704641734885e+00
1.021440160781761808e+00
1.018583745147636721e+00
1.016201811522507326e+00
1.014228765767821283e+00
1.012608363834722081e+00
1.011292991381799400e+00
1.010242965248626223e+00
1.009425886665517247e+00
1.008816067857094323e+00
1.008394047328099896e+00
1.008146204297664994e+00
1.008064479169776595e+00
1.008146204296523685e+00
1.008394047325760656e+00
1.008816067853442355e+00
1.009425886660364702e+00
1.010242965241720858e+00
1.011292991372796157e+00
1.012608363823178648e+00
1.014228765753169226e+00
1.016201811504034991e+00
1.018583745124443718e+00
1.021440160752729920e+00
1.024846704605475001e+00
1.028889705550796396e+00
1.033666665883038904e+00
1.039286525893432511e+00
1.045869595257068685e+00
1.053547021494633418e+00
1.062459641543084032e+00
1.072756037994393674e+00
1.084589598700298252e+00
1.098114359917201188e+00
1.113479402835364507e+00
1.130821576537720752e+00
1.150256344435637512e+00
1.171866605787938997e+00
1.195689441901473637e+00
1.221700894628847900e+00
1.249799123431431846e+00
1.279786630640606937e+00
1.311352717801096190e+00
1.344057959588434770e+00
1.377323259973560532e+00
1.410426955797341009e+00
1.442514355402939819e+00
1.472624832846991305e+00
1.499741769944437086e+00
1.522869683298403665e+00
1.541140053295745549e+00
1.553941921169403662e+00
1.561064795690558560e+00
1.562830294955380950e+00
1.560177416443659704e+00
1.554658832289294912e+00
1.548308599216254411e+00
1.543361669683242177e+00
1.541845264049984232e+00
1.545115513359043957e+00
1.553462189153868911e+00
1.565923006019711794e+00
1.580410548371159907e+00
1.594148055735362890e+00
1.604253210676668262e+00
1.608157634354952625e+00
1.603496702684065633e+00
1.587263503328163239e+00
1.554482759829905136e+00
1.497393194747055789e+00
1.406821678770607154e+00
1.277409840669950336e+00
1.116779934056789880e+00
9.552573811528801695e-01
8.480955732061022934e-01
8.576457976813309791e-01
1.000000000000000000e+00
