1.000000000000000000e+00
7.372718984154086330e-01
7.842195205718984763e-01
9.805978469397221842e-01
1.174274390341941254e+00
1.315559026250733510e+00
1.412727963120746777e+00
1.483414493231203446e+00
1.536474033275000872e+00
1.573766379747550737e+00
1.596050647622542007e+00
1.605855666765296341e+00
1.607156918021186653e+00
1.603807331701622818e+00
1.598237583587541755e+00
1.591074134799941087e+00
1.581675510752535763e+00
1.569178153454439117e+00
1.553484927198155452e+00
1.535746900470112308e+00
1.518192646237410903e+00
1.503469419453966838e+00
1.493830138079748515e+00
1.490490378425579188e+00
1.493345849221044297e+00
1.501073207971948209e+00
1.511509065676532426e+00
1.522146802984573277e+00
1.530603193540412521e+00
1.534959235287340240e+00
1.533940810810407562e+00
1.526952884453973258e+00
1.514007274141773385e+00
1.495590500336577255e+00
1.472511760815096382e+00
1.445759060506056848e+00
1.416379247747777015e+00
1.385387935231842338e+00
1.353708801172164966e+00
1.322138225883578988e+00
1.291329832922346821e+00
1.261793464395198683e+00
1.233903786170088335e+00
1.207914657300000361e+00
1.183976354035483736e+00
1.162153585100592190e+00
1.142442924450429498e+00
1.124788818013758851e+00
1.109097710413210480e+00
1.095250111955253125e+00
1.083110610849794542e+00
1.072535953012840437e+00
1.063381380158258116e+00
1.055505450452535854e+00
1.048773575642565348e+00
1.043060502379181687e+00
1.038251949411778119e+00
1.034245590735556997e+00
1.030951550683525397e+00
1.028292552458013098e+00
1.026203838044952299e+00
1.024632955645691457e+00
1.023539491075266650e+00
1.022894802081687260e+00
1.022681799083061671e+00
1.022894802081887100e+00
1.023539491075678098e+00
1.024632955646345378e+00
1.026203838045895766e+00
1.028292552459312947e+00
1.030951550685270002e+00
1.034245590737872034e+00
1.038251949414823683e+00
1.043060502383176935e+00
1.048773575647785172e+00
1.055505450459348182e+00
1.063381380167143009e+00
1.072535953024409405e+00
1.083110610864841838e+00
1.095250111974791718e+00
1.109097710438553763e+00
1.124788818046578820e+00
1.142442924492866885e+00
1.162153585155370150e+00
1.183976354106073936e+00
1.207914657390802393e+00
1.233903786286691062e+00
1.261793464544690657e+00
1.291329833113697978e+00
1.322138226128150906e+00
1.353708801484326596e+00
1.385387935629800893e+00
1.416379248254613588e+00
1.445759061151065561e+00
1.472511761635518113e+00
1.495590501379853832e+00
1.514007275468482128e+00
1.526952886141606847e+00
1.533940812958254130e+00
1.534959238022644668e+00
1.530603197026064066e+00
1.522146807428285342e+00
1.511509071341438304e+00
1.501073215187960663e+00
1.493345858396055714e+00
1.490490390054968417e+00
1.493830152752463558e+00
1.503469437853491852e+00
1.518192669136336104e+00
1.535746928717552251e+00
1.553484961699148847e+00
1.569178195138914989e+00
1.581675560528218449e+00
1.591074193480290111e+00
1.598237651785797686e+00
1.603807409689212538e+00
1.607157005563672358e+00
1.605855762966332589e+00
1.596050750816118136e+00
1.573766487473832631e+00
1.536474142358891459e+00
1.483414599964911318e+00
1.412728063537440626e+00
1.315559116455148558e+00
1.174274466830446784e+00
9.805979068276862165e-01
7.842195616929116264e-01
7.372719193338407306e-01
1.000000000000000000e+00
