1.000000000000000000e+00
7.620546620470564081e-01
7.892030005721268893e-01
9.682937089540234465e-01
1.163570209968771474e+00
1.314223273447088447e+00
1.416530059469090164e+00
1.485761009315253123e+00
1.534537282608144926e+00
1.568733050721637046e+00
1.590799657645320719e+00
1.602870995976859891e+00
1.607453023300316586e+00
1.606684453459367612e+00
1.601664652677412315e+00
1.592562931040920837e+00
1.579359885612967362e+00
1.562661456680217054e+00
1.544094065392105586e+00
1.526111765690931543e+00
1.511368398572149552e+00
1.501972883389884661e+00
1.498929063613171797e+00
1.501927726554708409e+00
1.509498148041823695e+00
1.519408938187704949e+00
1.529161778502678315e+00
1.536439072322054677e+00
1.539419732720315626e+00
1.536936380841088967e+00
1.528491974249959418e+00
1.514177154834321692e+00
1.494534020532609198e+00
1.470404620271044127e+00
1.442790324545982328e+00
1.412736274038729256e+00
1.381245817425383215e+00
1.349223819575765093e+00
1.317444525474903205e+00
1.286538503240869158e+00
1.256993274049611031e+00
1.229162956526137496e+00
1.203283202192400481e+00
1.179488642256161235e+00
1.157830890432260285e+00
1.138295812322188683e+00
1.120819280509157689e+00
1.105301005937662229e+00
1.091616296185621504e+00
1.079625765092822265e+00
1.069183127654588672e+00
1.060141276755316664e+00
1.052356867929500783e+00
1.045693645318272802e+00
1.040024734109817217e+00
1.035234107722076358e+00
1.031217415932971893e+00
1.027882336004469543e+00
1.025148584579059552e+00
1.022947705046689526e+00
1.021222723955664824e+00
1.019927751245724323e+00
1.019027582699281842e+00
1.018497348912581923e+00
1.018322243012062867e+00
1.018497348912423162e+00
1.019027582698958101e+00
1.019927751245223835e+00
1.021222723954971823e+00
1.022947705045781142e+00
1.025148584577906030e+00
1.027882336003037800e+00
1.031217415931219517e+00
1.035234107719962937e+00
1.040024734107284798e+00
1.045693645315268760e+00
1.052356867925969830e+00
1.060141276751192851e+00
1.069183127649806719e+00
1.079625765087304901e+00
1.091616296179293677e+00
1.105301005930432234e+00
1.120819280500914061e+00
1.138295812312773769e+00
1.157830890421460257e+00
1.179488642243644358e+00
1.203283202177656053e+00
1.229162956508378812e+00
1.256993274027618179e+00
1.286538503212776741e+00
1.317444525437869274e+00
1.349223819525575685e+00
1.381245817355842398e+00
1.412736273940889964e+00
1.442790324407137170e+00
1.470404620073481716e+00
1.494534020252092699e+00
1.514177154438390183e+00
1.528491973696113337e+00
1.536936380075064612e+00
1.539419731674751102e+00
1.536439070915728511e+00
1.529161776640624026e+00
1.519408935762034174e+00
1.509498144932728492e+00
1.501927722630482798e+00
1.498929058727697106e+00
1.501972877376305249e+00
1.511368391232884134e+00
1.526111756786811879e+00
1.544094054636500069e+00
1.562661443745763767e+00
1.579359870156802348e+00
1.592562912748275217e+00
1.601664631315376175e+00
1.606684428927844799e+00
1.607452995670650253e+00
1.602870965519005431e+00
1.590799624851806593e+00
1.568733016330166041e+00
1.534537247607842048e+00
1.485760974913282961e+00
1.416530027008577886e+00
1.314223244288263093e+00
1.163570185349749986e+00
9.682936898509335588e-01
7.892029876094945884e-01
7.620546555208619344e-01
1.000000000000000000e+00
