1.000000000000000000e+00
1.003371551550132024e+00
1.006694220491781033e+00
1.009901918934919651e+00
1.012912726123474272e+00
1.015636094417781798e+00
1.017983411616778300e+00
1.019879213472616009e+00
1.021270618504688255e+00
1.022133282736664261e+00
1.022473141369770300e+00
1.022324153709052386e+00
1.021742978091046083e+00
1.020801864999130615e+00
1.019581075752342691e+00
1.018161901021826132e+00
1.016620991055919410e+00
1.015026330811631183e+00
1.013434876077556890e+00
1.011891648145815559e+00
1.010429968025629899e+00
1.009072479016075219e+00
1.007832632458133704e+00
1.006716369729416360e+00
1.005723803246310499e+00
1.004850766358670322e+00
1.004090158774215036e+00
1.003433057537639117e+00
1.002869593752931499e+00
1.002389614025099629e+00
1.001983155525374203e+00
1.001640767179894143e+00
1.001353708937414044e+00
1.001114058109412008e+00
1.000914747645547997e+00
1.000749556748053992e+00
1.000613069956225898e+00
1.000500617026451655e+00
1.000408202712673278e+00
1.000332432933350058e+00
1.000270441751557327e+00
1.000219822023513228e+00
1.000178561406438238e+00
1.000144984579744545e+00
1.000117701952439431e+00
1.000095564743009868e+00
1.000077626075707826e+00
1.000063107598859746e+00
1.000051371065698413e+00
1.000041894302583945e+00
1.000034251006017838e+00
1.000028093845915178e+00
1.000023140399308508e+00
1.000019161489892783e+00
1.000015971560560546e+00
1.000013420755775151e+00
1.000011388436836901e+00
1.000009777895041641e+00
1.000008512065231336e+00
1.000007530075355922e+00
1.000006784496691337e+00
1.000006239184769496e+00
1.000005867623250611e+00
1.000005651702537746e+00
1.000005580882267431e+00
1.000005651702537746e+00
1.000005867623250611e+00
1.000006239184769496e+00
1.000006784496691337e+00
1.000007530075355922e+00
1.000008512065231336e+00
1.000009777895041641e+00
1.000011388436836901e+00
1.000013420755775151e+00
1.000015971560560546e+00
1.000019161489892783e+00
1.000023140399308508e+00
1.000028093845915178e+00
1.000034251006017838e+00
1.000041894302583945e+00
1.000051371065698413e+00
1.000063107598859746e+00
1.000077626075707826e+00
1.000095564743009868e+00
1.000117701952439431e+00
1.000144984579744545e+00
1.000178561406438238e+00
1.000219822023513228e+00
1.000270441751557327e+00
1.000332432933350058e+00
1.000408202712673278e+00
1.000500617026451655e+00
1.000613069956225898e+00
1.000749556748053992e+00
1.000914747645547997e+00
1.001114058109412008e+00
1.001353708937414044e+00
1.001640767179894143e+00
1.001983155525374203e+00
1.002389614025099407e+00
1.002869593752931499e+00
1.003433057537638895e+00
1.004090158774215036e+00
1.004850766358670100e+00
1.005723803246310277e+00
1.006716369729415916e+00
1.007832632458133260e+00
1.009072479016075219e+00
1.010429968025629677e+00
1.011891648145814893e+00
1.013434876077556446e+00
1.015026330811630517e+00
1.016620991055918743e+00
1.018161901021825022e+00
1.019581075752341359e+00
1.020801864999129727e+00
1.021742978091044751e+00
1.022324153709051275e+00
1.022473141369769634e+00
1.022133282736662929e+00
1.021270618504687366e+00
1.019879213472614454e+00
1.017983411616777190e+00
1.015636094417781354e+00
1.012912726123473828e+00
1.009901918934918985e+00
1.006694220491780811e+00
1.003371551550131580e+00
1.000000000000000000e+00
