1.000000000000000000e+00
1.035151112605991131e+00
1.069831459975379317e+00
1.103343382693066310e+00
1.134782918570528043e+00
1.163131981388381142e+00
1.187392414392061113e+00
1.206726888293940814e+00
1.220574117278385717e+00
1.228715921425049595e+00
1.231287978308771347e+00
1.228739994787511725e+00
1.221760622479194591e+00
1.211186080994486769e+00
1.197909789885059917e+00
1.182805394923146514e+00
1.166669697562334296e+00
1.150186863706927909e+00
1.133911736665163650e+00
1.118268210781099947e+00
1.103558106465959643e+00
1.089976348723722177e+00
1.077629053399982162e+00
1.066552050424837583e+00
1.056728230372327770e+00
1.048102800017159719e+00
1.040596051458271276e+00
1.034113602218692973e+00
1.028554281119788083e+00
1.023815950688698573e+00
1.019799602249326531e+00
1.016412059729110196e+00
1.013567601438060573e+00
1.011188768957784756e+00
1.009206587659090326e+00
1.007560379714728338e+00
1.006197310845417636e+00
1.005071777853440596e+00
1.004144715631348550e+00
1.003382879531238725e+00
1.002758141157658711e+00
1.002246822079079225e+00
1.001829079892913699e+00
1.001488353829047995e+00
1.001210872021039311e+00
1.000985219191548925e+00
1.000801961362935977e+00
1.000653322974946802e+00
1.000532911204327968e+00
1.000435482133830600e+00
1.000356743559686512e+00
1.000293189546688000e+00
1.000241962260071116e+00
1.000200737068319912e+00
1.000167627384301872e+00
1.000141106170042704e+00
1.000119941459009620e+00
1.000103143641493331e+00
1.000089922611000937e+00
1.000079653182595063e+00
1.000071847470382025e+00
1.000066133154165371e+00
1.000062236778979985e+00
1.000059971420184546e+00
1.000059228215675500e+00
1.000059971420184546e+00
1.000062236778979985e+00
1.000066133154165371e+00
1.000071847470382025e+00
1.000079653182595063e+00
1.000089922611000937e+00
1.000103143641493331e+00
1.000119941459009620e+00
1.000141106170042704e+00
1.000167627384301872e+00
1.000200737068319912e+00
1.000241962260071116e+00
1.000293189546688000e+00
1.000356743559686512e+00
1.000435482133830600e+00
1.000532911204327968e+00
1.000653322974946802e+00
1.000801961362935977e+00
1.000985219191548925e+00
1.001210872021039311e+00
1.001488353829047995e+00
1.001829079892913699e+00
1.002246822079079225e+00
1.002758141157658711e+00
1.003382879531238725e+00
1.004144715631348550e+00
1.005071777853440596e+00
1.006197310845417636e+00
1.007560379714728338e+00
1.009206587659090104e+00
1.011188768957784756e+00
1.013567601438060573e+00
1.016412059729110196e+00
1.019799602249326531e+00
1.023815950688698351e+00
1.028554281119788083e+00
1.034113602218692751e+00
1.040596051458271498e+00
1.048102800017159497e+00
1.056728230372327770e+00
1.066552050424837361e+00
1.077629053399981718e+00
1.089976348723722621e+00
1.103558106465959199e+00
1.118268210781099503e+00
1.133911736665163428e+00
1.150186863706928131e+00
1.166669697562333852e+00
1.182805394923146070e+00
1.197909789885059029e+00
1.211186080994486547e+00
1.221760622479193703e+00
1.228739994787510614e+00
1.231287978308770903e+00
1.228715921425048485e+00
1.220574117278384607e+00
1.206726888293939703e+00
1.187392414392060669e+00
1.163131981388381364e+00
1.134782918570526933e+00
1.103343382693065644e+00
1.069831459975379540e+00
1.035151112605990908e+00
1.000000000000000000e+00
