1.000000000000000000e+00
1.010448923225391038e+00
1.020747857427145799e+00
1.030690863927430589e+00
1.040020617271452785e+00
1.048451747766004472e+00
1.055705029313789511e+00
1.061543598971085967e+00
1.065803238979110557e+00
1.068411148736939209e+00
1.069390887258787615e+00
1.068854350936476960e+00
1.066983997273011742e+00
1.064009655582975000e+00
1.060184226123803919e+00
1.055761698317789543e+00
1.050979658976433084e+00
1.046047200594023785e+00
1.041138128019924114e+00
1.036388701346766084e+00
1.031898832883853201e+00
1.027735602549623595e+00
1.023938074920516250e+00
1.020522606840712276e+00
1.017488062727239129e+00
1.014820565073530245e+00
1.012497579861092456e+00
1.010491264666844691e+00
1.008771093944689001e+00
1.007305828292530014e+00
1.006064920811667651e+00
1.005019461788544621e+00
1.004142759448846567e+00
1.003410644479200808e+00
1.002801572953964993e+00
1.002296588598106108e+00
1.001879192379953043e+00
1.001535156006177374e+00
1.001252306280557169e+00
1.001020299501062860e+00
1.000830398959972278e+00
1.000675263956266159e+00
1.000548755282245850e+00
1.000445759669354562e+00
1.000362033958438035e+00
1.000294068615599885e+00
1.000238969497817099e+00
1.000194356363890646e+00
1.000158276434605309e+00
1.000129131261328741e+00
1.000105615213258137e+00
1.000086664002630465e+00
1.000071411808147515e+00
1.000059155711267023e+00
1.000049326316056142e+00
1.000041463573177358e+00
1.000035196968093176e+00
1.000030229360295397e+00
1.000026323873782985e+00
1.000023293339229680e+00
1.000020991876313881e+00
1.000019308281639541e+00
1.000018160955143953e+00
1.000017494157222187e+00
1.000017275441655196e+00
1.000017494157222187e+00
1.000018160955143953e+00
1.000019308281639541e+00
1.000020991876313881e+00
1.000023293339229680e+00
1.000026323873782985e+00
1.000030229360295397e+00
1.000035196968093176e+00
1.000041463573177358e+00
1.000049326316056142e+00
1.000059155711267023e+00
1.000071411808147515e+00
1.000086664002630465e+00
1.000105615213258137e+00
1.000129131261328741e+00
1.000158276434605309e+00
1.000194356363890646e+00
1.000238969497817099e+00
1.000294068615599885e+00
1.000362033958438035e+00
1.000445759669354562e+00
1.000548755282245850e+00
1.000675263956266159e+00
1.000830398959972278e+00
1.001020299501062860e+00
1.001252306280557169e+00
1.001535156006177374e+00
1.001879192379953043e+00
1.002296588598106108e+00
1.002801572953964770e+00
1.003410644479200808e+00
1.004142759448846567e+00
1.005019461788544621e+00
1.006064920811667651e+00
1.007305828292529792e+00
1.008771093944689001e+00
1.010491264666844469e+00
1.012497579861092456e+00
1.014820565073529801e+00
1.017488062727239129e+00
1.020522606840711832e+00
1.023938074920515806e+00
1.027735602549623373e+00
1.031898832883852757e+00
1.036388701346765417e+00
1.041138128019923670e+00
1.046047200594023119e+00
1.050979658976432418e+00
1.055761698317788433e+00
1.060184226123802587e+00
1.064009655582973890e+00
1.066983997273010187e+00
1.068854350936475850e+00
1.069390887258786726e+00
1.068411148736937877e+00
1.065803238979109224e+00
1.061543598971083746e+00
1.055705029313788179e+00
1.048451747766003805e+00
1.040020617271451897e+00
1.030690863927429923e+00
1.020747857427145577e+00
1.010448923225390594e+00
1.000000000000000000e+00
