1.000000000000000000e+00
1.034171090969335127e+00
1.077304708732971017e+00
1.132797259641589616e+00
1.200020280186420596e+00
1.275621105254297616e+00
1.354690446337165177e+00
1.431821209028684816e+00
1.501994212208964452e+00
1.561206163306985806e+00
1.606798118785393914e+00
1.637507603491618502e+00
1.653316342362353364e+00
1.655182321324813799e+00
1.644734611886117026e+00
1.623985865865008371e+00
1.595092754918851830e+00
1.560175327835438219e+00
1.521193828339461929e+00
1.479874937220427400e+00
1.437676914784573601e+00
1.395783114707640049e+00
1.355114626797766508e+00
1.316354598900985717e+00
1.279978619731091616e+00
1.246287171704531405e+00
1.215437489278882621e+00
1.187473173979986418e+00
1.162350656813182948e+00
1.139962113553061984e+00
1.120154781009925271e+00
1.102746838671320395e+00
1.087540146818943176e+00
1.074330197060441083e+00
1.062913654380462480e+00
1.053093865667812601e+00
1.044684688311319665e+00
1.037512960942269746e+00
1.031419901676783990e+00
1.026261680717204472e+00
1.021909376270950354e+00
1.018248487009980163e+00
1.015178141703743098e+00
1.012610117746591376e+00
1.010467755267267176e+00
1.008684832309861390e+00
1.007204449002648161e+00
1.005977954364155824e+00
1.004963938057768624e+00
1.004127300597429606e+00
1.003438408832916906e+00
1.002872338632832649e+00
1.002408203201167414e+00
1.002028563113559034e+00
1.001718912690281682e+00
1.001467236523204463e+00
1.001263629671497180e+00
1.001099975097389905e+00
1.000969672221148077e+00
1.000867410950647018e+00
1.000788986124098612e+00
1.000731147949966537e+00
1.000691484705412693e+00
1.000668334643125323e+00
1.000660724744943497e+00
1.000668334643125323e+00
1.000691484705412693e+00
1.000731147949966537e+00
1.000788986124098612e+00
1.000867410950647018e+00
1.000969672221148077e+00
1.001099975097389905e+00
1.001263629671497180e+00
1.001467236523204463e+00
1.001718912690281682e+00
1.002028563113559034e+00
1.002408203201167414e+00
1.002872338632832649e+00
1.003438408832916906e+00
1.004127300597429606e+00
1.004963938057768624e+00
1.005977954364155824e+00
1.007204449002648161e+00
1.008684832309861390e+00
1.010467755267267176e+00
1.012610117746591376e+00
1.015178141703743098e+00
1.018248487009979941e+00
1.021909376270950354e+00
1.026261680717204694e+00
1.031419901676783990e+00
1.037512960942269746e+00
1.044684688311319443e+00
1.053093865667812379e+00
1.062913654380462258e+00
1.074330197060441083e+00
1.087540146818942510e+00
1.102746838671319951e+00
1.120154781009924827e+00
1.139962113553061984e+00
1.162350656813183392e+00
1.187473173979985530e+00
1.215437489278883065e+00
1.246287171704531627e+00
1.279978619731092060e+00
1.316354598900985717e+00
1.355114626797766286e+00
1.395783114707641159e+00
1.437676914784573823e+00
1.479874937220426734e+00
1.521193828339462817e+00
1.560175327835438441e+00
1.595092754918851607e+00
1.623985865865007927e+00
1.644734611886116138e+00
1.655182321324815353e+00
1.653316342362354918e+00
1.637507603491617836e+00
1.606798118785393026e+00
1.561206163306985140e+00
1.501994212208964896e+00
1.431821209028683706e+00
1.354690446337164733e+00
1.275621105254298504e+00
1.200020280186422150e+00
1.132797259641588727e+00
1.077304708732970129e+00
1.034171090969333573e+00
1.000000000000000000e+00
