1.000000000000000000e+00
1.027323985075822677e+00
1.065172005534575472e+00
1.117495011370550850e+00
1.183607509342262887e+00
1.259786251525217615e+00
1.340653263569143272e+00
1.420373987537932425e+00
1.493609315317460995e+00
1.556148332309049032e+00
1.605203172206996598e+00
1.639416920221635099e+00
1.658678153257873156e+00
1.663839983314259197e+00
1.656419602333165431e+00
1.638324775605590533e+00
1.611628910409909077e+00
1.578400181133029934e+00
1.540581485656982164e+00
1.499914076727644652e+00
1.457896410305816293e+00
1.415769820483085750e+00
1.374523415502922008e+00
1.334911734687933560e+00
1.297479980689098200e+00
1.262592884175483654e+00
1.230464365568571194e+00
1.201186079210267987e+00
1.174753648448929599e+00
1.151089940670847467e+00
1.130065117422983878e+00
1.111513458060062964e+00
1.095247125260735643e+00
1.081067142099312983e+00
1.068771902745783375e+00
1.058163557206403427e+00
1.049052605877027755e+00
1.041261020173581686e+00
1.034624177036512327e+00
1.028991861955609766e+00
1.024228560392636211e+00
1.020213223239652578e+00
1.016838659687363755e+00
1.014010681496079203e+00
1.011647096653518707e+00
1.009676627947565519e+00
1.008037813032161445e+00
1.006677926917528776e+00
1.005551955171857914e+00
1.004621636127858819e+00
1.003854582673375129e+00
1.003223488407426034e+00
1.002705418722166453e+00
1.002281184421039084e+00
1.001934793537249790e+00
1.001652975846755167e+00
1.001424773987724004e+00
1.001241194949894497e+00
1.001094915860632817e+00
1.000980038374378767e+00
1.000891886496743766e+00
1.000826843290311796e+00
1.000782222578703085e+00
1.000756172462285987e+00
1.000747608167504632e+00
1.000756172462285987e+00
1.000782222578703085e+00
1.000826843290311796e+00
1.000891886496743766e+00
1.000980038374378767e+00
1.001094915860632817e+00
1.001241194949894497e+00
1.001424773987724004e+00
1.001652975846755167e+00
1.001934793537249790e+00
1.002281184421039084e+00
1.002705418722166453e+00
1.003223488407426034e+00
1.003854582673375129e+00
1.004621636127858819e+00
1.005551955171857914e+00
1.006677926917528776e+00
1.008037813032161445e+00
1.009676627947565519e+00
1.011647096653518707e+00
1.014010681496079203e+00
1.016838659687363755e+00
1.020213223239652356e+00
1.024228560392636211e+00
1.028991861955609988e+00
1.034624177036512327e+00
1.041261020173581686e+00
1.049052605877027533e+00
1.058163557206403205e+00
1.068771902745783153e+00
1.081067142099312761e+00
1.095247125260734977e+00
1.111513458060062520e+00
1.130065117422983434e+00
1.151089940670847467e+00
1.174753648448930266e+00
1.201186079210266877e+00
1.230464365568571417e+00
1.262592884175483654e+00
1.297479980689098200e+00
1.334911734687933560e+00
1.374523415502922008e+00
1.415769820483087305e+00
1.457896410305816293e+00
1.499914076727643764e+00
1.540581485656983274e+00
1.578400181133030378e+00
1.611628910409909077e+00
1.638324775605590533e+00
1.656419602333164987e+00
1.663839983314260751e+00
1.658678153257875376e+00
1.639416920221635543e+00
1.605203172206996154e+00
1.556148332309049254e+00
1.493609315317462327e+00
1.420373987537931981e+00
1.340653263569142828e+00
1.259786251525218947e+00
1.183607509342264441e+00
1.117495011370550184e+00
1.065172005534574806e+00
1.027323985075820900e+00
1.000000000000000000e+00
