1.000000000000000000e+00
9.170706671335856486e-01
9.103407579039769493e-01
9.839969956316533262e-01
1.109641695553873264e+00
1.251835897812857645e+00
1.381981024730511098e+00
1.483486426309142736e+00
1.551246079202192929e+00
1.588299818446364586e+00
1.601956218634577489e+00
1.600683445509491598e+00
1.592148610714914980e+00
1.582236713715135634e+00
1.574727251369668402e+00
1.571370651513820160e+00
1.572208690259513819e+00
1.576040381070249685e+00
1.580948164385124866e+00
1.584800432942142567e+00
1.585659468237498704e+00
1.582052671723407800e+00
1.573099782360450671e+00
1.558517500139086298e+00
1.538538717474526418e+00
1.513786205870467194e+00
1.485134172642174288e+00
1.453580681610053604e+00
1.420143505993651356e+00
1.385783731544451003e+00
1.351355992381999105e+00
1.317581306234551386e+00
1.285037405894830398e+00
1.254161542323377843e+00
1.225261406053348878e+00
1.198530701499214812e+00
1.174066793545789800e+00
1.151888619499755739e+00
1.131953684413349537e+00
1.114173434770373561e+00
1.098426653166727496e+00
1.084570759196211487e+00
1.072451062994780102e+00
1.061908118342301366e+00
1.052783378521624513e+00
1.044923383271373574e+00
1.038182709014172200e+00
1.032425904473632583e+00
1.027528615245846044e+00
1.023378077801418540e+00
1.019873138553722525e+00
1.016923928955331347e+00
1.014451304331770443e+00
1.012386133084772988e+00
1.010668504385058952e+00
1.009246906651027675e+00
1.008077415918166686e+00
1.007122922469183335e+00
1.006352415573692038e+00
1.005740339601846278e+00
1.005266029845134801e+00
1.004913232824997671e+00
1.004669713441621592e+00
1.004526949780409684e+00
1.004479915548553759e+00
1.004526949777066136e+00
1.004669713434766187e+00
1.004913232814283131e+00
1.005266029830018448e+00
1.005740339581568055e+00
1.006352415547234980e+00
1.007122922435225831e+00
1.008077415875020089e+00
1.009246906596559912e+00
1.010668504316589278e+00
1.012386132998950306e+00
1.014451304224415873e+00
1.016923928821243939e+00
1.019873138386434563e+00
1.023378077592897339e+00
1.027528614986118916e+00
1.032425904150321205e+00
1.038182708611915306e+00
1.044923382771103526e+00
1.052783377899668027e+00
1.061908117569253962e+00
1.072451062034092351e+00
1.084570758002417978e+00
1.098426651683211741e+00
1.114173432926544471e+00
1.131953682121076277e+00
1.151888616648829577e+00
1.174066789998167604e+00
1.198530697081682472e+00
1.225261400548184554e+00
1.254161535456459253e+00
1.285037397320516028e+00
1.317581295516552453e+00
1.351355978969251304e+00
1.385783714741025907e+00
1.420143484921598809e+00
1.453580655164295576e+00
1.485134139437013667e+00
1.513786164178082982e+00
1.538538665157434204e+00
1.558517434580837691e+00
1.573099700402226908e+00
1.582052569618413562e+00
1.585659341639910291e+00
1.584800276951988884e+00
1.580947973673596296e+00
1.576040150110086691e+00
1.572208413680952432e+00
1.571370324597173518e+00
1.574726870670826395e+00
1.582236277799738522e+00
1.592148120949649304e+00
1.600682906823372775e+00
1.601955640119865132e+00
1.588299213627489825e+00
1.551245465785956679e+00
1.483485825277746750e+00
1.381980458781600918e+00
1.251835389371553031e+00
1.109641264788185477e+00
9.839966589540423136e-01
9.103405272593788622e-01
9.170705500382094755e-01
1.000000000000000000e+00
