1.000000000000000000e+00
1.014952909566965156e+00
1.043948626469657581e+00
1.091873692039425192e+00
1.157484062782267564e+00
1.235842214444951903e+00
1.320306603621124841e+00
1.404103149465051104e+00
1.481417871705676959e+00
1.547973848387217188e+00
1.601152822760976369e+00
1.639807697616748605e+00
1.663934156629948591e+00
1.674331004714752380e+00
1.672316140310024180e+00
1.659513118193370662e+00
1.637696305265831986e+00
1.608676828439124185e+00
1.574216190106328073e+00
1.535960840058762100e+00
1.495395110423738405e+00
1.453811296528298991e+00
1.412295375027098121e+00
1.371726053676544321e+00
1.332784245831761805e+00
1.295969892861815076e+00
1.261623275212335082e+00
1.229948409772060991e+00
1.201036680378830601e+00
1.174889385055253754e+00
1.151438350005314026e+00
1.130564134403040377e+00
1.112111631514227206e+00
1.095903071738693280e+00
1.081748566677666501e+00
1.069454415221115617e+00
1.058829436010187308e+00
1.049689606223801475e+00
1.041861282974804404e+00
1.035183267243340310e+00
1.029507946196148493e+00
1.024701721639430074e+00
1.020644902918378172e+00
1.017231213696969450e+00
1.014367034986336513e+00
1.011970482307016361e+00
1.009970393365413388e+00
1.008305284215588182e+00
1.006922316487588454e+00
1.005776305686655325e+00
1.004828790520158277e+00
1.004047175370855083e+00
1.003403952078279371e+00
1.002876002798821498e+00
1.002443982600080830e+00
1.002091778348416895e+00
1.001806039149050420e+00
1.001575772908776640e+00
1.001392003359817151e+00
1.001247481986438093e+00
1.001136449637816561e+00
1.001054443117091575e+00
1.000998142653272138e+00
1.000965256849039475e+00
1.000954442426862157e+00
1.000965256849039475e+00
1.000998142653272138e+00
1.001054443117091575e+00
1.001136449637816561e+00
1.001247481986438093e+00
1.001392003359817151e+00
1.001575772908776640e+00
1.001806039149050420e+00
1.002091778348416895e+00
1.002443982600080830e+00
1.002876002798821498e+00
1.003403952078279371e+00
1.004047175370855083e+00
1.004828790520158277e+00
1.005776305686655325e+00
1.006922316487588454e+00
1.008305284215588182e+00
1.009970393365413610e+00
1.011970482307016361e+00
1.014367034986336513e+00
1.017231213696969450e+00
1.020644902918378172e+00
1.024701721639429852e+00
1.029507946196148493e+00
1.035183267243340532e+00
1.041861282974804404e+00
1.049689606223801475e+00
1.058829436010187086e+00
1.069454415221115395e+00
1.081748566677666279e+00
1.095903071738693058e+00
1.112111631514226096e+00
1.130564134403039933e+00
1.151438350005313582e+00
1.174889385055253754e+00
1.201036680378830823e+00
1.229948409772060103e+00
1.261623275212335304e+00
1.295969892861814632e+00
1.332784245831762027e+00
1.371726053676543877e+00
1.412295375027097899e+00
1.453811296528300545e+00
1.495395110423738405e+00
1.535960840058760324e+00
1.574216190106329183e+00
1.608676828439123740e+00
1.637696305265831542e+00
1.659513118193369774e+00
1.672316140310022403e+00
1.674331004714753268e+00
1.663934156629949479e+00
1.639807697616748383e+00
1.601152822760975480e+00
1.547973848387216522e+00
1.481417871705677403e+00
1.404103149465050215e+00
1.320306603621123731e+00
1.235842214444952791e+00
1.157484062782267786e+00
1.091873692039424526e+00
1.043948626469656693e+00
1.014952909566963601e+00
1.000000000000000000e+00
