1.000000000000000000e+00
8.593759792261662644e-01
8.495663162517576028e-01
9.554629354376930062e-01
1.115975659905253714e+00
1.276396656966073850e+00
1.406254300071912544e+00
1.497479948818092987e+00
1.555036662654661672e+00
1.587914293233060992e+00
1.603899275299376370e+00
1.608119108218410975e+00
1.603770120824187018e+00
1.593376404392594647e+00
1.579597729257813610e+00
1.565327988678569815e+00
1.553285559000668226e+00
1.545454381665269716e+00
1.542679492774181371e+00
1.544568907339042951e+00
1.549698846796501384e+00
1.556016428091004045e+00
1.561299520694771958e+00
1.563554779546860729e+00
1.561284971365012986e+00
1.553609211727634554e+00
1.540257830358684465e+00
1.521482052469994573e+00
1.497920628748119043e+00
1.470457564884226631e+00
1.440093516605189805e+00
1.407842487477203308e+00
1.374657207947513893e+00
1.341381368788217898e+00
1.308724245751212045e+00
1.277252414167983519e+00
1.247393486543159735e+00
1.219447564133958606e+00
1.193603018628173862e+00
1.169954111753321202e+00
1.148518725694221088e+00
1.129255087256042955e+00
1.112076829895364494e+00
1.096866071194252168e+00
1.083484414270861063e+00
1.071781933820115995e+00
1.061604301219872371e+00
1.052798254673862566e+00
1.045215642276418055e+00
1.038716267696164541e+00
1.033169756972497133e+00
1.028456645896230981e+00
1.024468864353208941e+00
1.021109769489035868e+00
1.018293855406933401e+00
1.015946244504587703e+00
1.014002045180136147e+00
1.012405642832193253e+00
1.011109975934677552e+00
1.010075836401922000e+00
1.009271223280027385e+00
1.008670770746295187e+00
1.008255265176665638e+00
1.008011261345752807e+00
1.007930804354603804e+00
1.008011261344543996e+00
1.008255265174187620e+00
1.008670770742426726e+00
1.009271223274569529e+00
1.010075836394606741e+00
1.011109975925139626e+00
1.012405642819963925e+00
1.014002045164613008e+00
1.015946244485016026e+00
1.018293855382359725e+00
1.021109769458274474e+00
1.024468864314787453e+00
1.028456645848311535e+00
1.033169756912805326e+00
1.038716267621872857e+00
1.045215642184026406e+00
1.052798254559025759e+00
1.061604301077204271e+00
1.071781933642931950e+00
1.083484414050860822e+00
1.096866070921119984e+00
1.112076829556272406e+00
1.129255086835013966e+00
1.148518725171333354e+00
1.169954111103689742e+00
1.193603017820660694e+00
1.219447563129540724e+00
1.247393485292833670e+00
1.277252412610107912e+00
1.308724243808106369e+00
1.341381366361861227e+00
1.374657204914072617e+00
1.407842483680161294e+00
1.440093511846732621e+00
1.470457558914628704e+00
1.497920621252821549e+00
1.521482043054178002e+00
1.540257818529376266e+00
1.553609196873645626e+00
1.561284952735558340e+00
1.563554756230365994e+00
1.561299491600258493e+00
1.556016391935511889e+00
1.549698802103079753e+00
1.544568852451005725e+00
1.542679425892218070e+00
1.545454300914722578e+00
1.553285462536350137e+00
1.565327874833965183e+00
1.579597596743390397e+00
1.593376252543590388e+00
1.603769949889332969e+00
1.608118919665772362e+00
1.603899072092799694e+00
1.587914080006467943e+00
1.555036445693177560e+00
1.497479735762965891e+00
1.406254099319914186e+00
1.276396476836316740e+00
1.115975507765842201e+00
9.554628170491886729e-01
8.495662355221463846e-01
8.593759383855913425e-01
1.000000000000000000e+00
