1.000000000000000000e+00
7.428203938308576282e-01
7.851127669652219199e-01
9.779798649451064696e-01
1.172495602770542655e+00
1.315987199904337546e+00
1.414134784804070177e+00
1.484358700402599096e+00
1.536477191762241956e+00
1.573141651287432552e+00
1.595358125651693770e+00
1.605556978368915644e+00
1.607482711297145705e+00
1.604705502899674396e+00
1.599375839946778122e+00
1.591942531000541283e+00
1.581789087971636976e+00
1.568297438842014335e+00
1.551745294139625253e+00
1.533635264351451255e+00
1.516388464088797905e+00
1.502624474774752139e+00
1.494373838057719617e+00
1.492521004259905082e+00
1.496625608773686222e+00
1.505107543099281298e+00
1.515670524856752577e+00
1.525802314617180633e+00
1.533214923866089929e+00
1.536145184177017953e+00
1.533495264967490224e+00
1.524835523284205019e+00
1.510312886049197001e+00
1.490510453153433890e+00
1.466295545754152663e+00
1.438680969686819688e+00
1.408712468340596269e+00
1.377386392404209126e+00
1.345595939322587808e+00
1.314101401294771820e+00
1.283518886550934823e+00
1.254322169316854030e+00
1.226853091374948468e+00
1.201336898680624321e+00
1.177899832384293077e+00
1.156587101984030141e+00
1.137380016321558607e+00
1.120211540314507648e+00
1.104979902945853354e+00
1.091560131173151760e+00
1.079813549998171807e+00
1.069595392285814128e+00
1.060760720219224851e+00
1.053168886852440478e+00
1.046686771165012741e+00
1.041191010845097464e+00
1.036569439231546541e+00
1.032721910394964304e+00
1.029560672017916012e+00
1.027010421433898424e+00
1.025008157108602713e+00
1.023502916684480013e+00
1.022455473763344447e+00
1.021838048889288197e+00
1.021634075528388585e+00
1.021838048889589068e+00
1.022455473763961065e+00
1.023502916685454345e+00
1.025008157109998042e+00
1.027010421435802678e+00
1.029560672020449541e+00
1.032721910398290976e+00
1.036569439235875967e+00
1.041191010850711640e+00
1.046686771172264718e+00
1.053168886861796327e+00
1.060760720231288090e+00
1.069595392301348369e+00
1.079813550018160706e+00
1.091560131198848094e+00
1.104979902978864725e+00
1.120211540356874647e+00
1.137380016375887148e+00
1.156587102053621585e+00
1.177899832473346953e+00
1.201336898794458374e+00
1.226853091520306860e+00
1.254322169502290363e+00
1.283518886787276436e+00
1.314101401595744845e+00
1.345595939705578115e+00
1.377386392891283950e+00
1.408712468959785635e+00
1.438680970473771303e+00
1.466295546754277979e+00
1.490510454424693654e+00
1.510312887665691939e+00
1.524835525340806797e+00
1.533495267585760269e+00
1.536145187512654608e+00
1.533214928118157516e+00
1.525802320039106652e+00
1.515670531768986917e+00
1.505107551902932217e+00
1.496625619964068177e+00
1.492521018438257352e+00
1.494373855939074458e+00
1.502624497189827490e+00
1.516388491978142294e+00
1.533635298750535947e+00
1.551745336153431465e+00
1.568297489606089057e+00
1.581789148593306660e+00
1.591942602470481027e+00
1.599375923011067568e+00
1.604705597890057511e+00
1.607482817933800323e+00
1.605557095570294690e+00
1.595358251399284555e+00
1.573141782590314897e+00
1.536477324748791284e+00
1.484358830543870411e+00
1.414134907251803241e+00
1.315987309897836965e+00
1.172495696028851953e+00
9.779799379475332399e-01
7.851128170769029468e-01
7.428204193165124369e-01
1.000000000000000000e+00
