1.000000000000000000e+00
7.499016508339834131e-01
7.858417054654460721e-01
9.733783244926524914e-01
1.168333732444186923e+00
1.314494308347666784e+00
1.413960198636752930e+00
1.483571828405957582e+00
1.534343418354164212e+00
1.570103668504682970e+00
1.592316057737405366e+00
1.603277500974129577e+00
1.606310337459798454e+00
1.604485770895426322e+00
1.599538642248981013e+00
1.591735223636530971e+00
1.580596065221124613e+00
1.565916402092283333e+00
1.548496978004956670e+00
1.530264534489113704e+00
1.513811504788786122e+00
1.501632874394543737e+00
1.495403674249447201e+00
1.495550233871998147e+00
1.501206353777038371e+00
1.510496297371434204e+00
1.521000421404232972e+00
1.530245830475301938e+00
1.536103467045091930e+00
1.537033226317143120e+00
1.532173457743420286e+00
1.521306517455864427e+00
1.504745951412908678e+00
1.483188850067536313e+00
1.457566470124987301e+00
1.428913637122079638e+00
1.398266495281697663e+00
1.366590358767743707e+00
1.334734766104749948e+00
1.303410677930507688e+00
1.273184256910944390e+00
1.244482108892122962e+00
1.217603729837308135e+00
1.192737871942869843e+00
1.169980441430921614e+00
1.149352295169001170e+00
1.130815896280334520e+00
1.114290232309103512e+00
1.099663717136792229e+00
1.086805015818760101e+00
1.075571873667399592e+00
1.065818117165287182e+00
1.057399040452292827e+00
1.050175409341030930e+00
1.044016314215764130e+00
1.038801090528626681e+00
1.034420505857868378e+00
1.030777389166307900e+00
1.027786853453008353e+00
1.025376239069851314e+00
1.023484882600820933e+00
1.022063795932022234e+00
1.021075322185034384e+00
1.020492819501242154e+00
1.020300410026302895e+00
1.020492819501047421e+00
1.021075322184635370e+00
1.022063795931405172e+00
1.023484882599967616e+00
1.025376239068730211e+00
1.027786853451582161e+00
1.030777389164534430e+00
1.034420505855691452e+00
1.038801090525991455e+00
1.044016314212595553e+00
1.050175409337256838e+00
1.057399040447834837e+00
1.065818117160051370e+00
1.075571873661291145e+00
1.086805015811668662e+00
1.099663717128605445e+00
1.114290232299685268e+00
1.130815896269533383e+00
1.149352295156613524e+00
1.169980441416687444e+00
1.192737871926409454e+00
1.217603729818072411e+00
1.244482108869296999e+00
1.273184256883298726e+00
1.303410677896194247e+00
1.334734766060996281e+00
1.366590358710471742e+00
1.398266495204962601e+00
1.428913637017341420e+00
1.457566469980182022e+00
1.483188849865933134e+00
1.504745951131737369e+00
1.521306517064797692e+00
1.532173457203001021e+00
1.537033225577324469e+00
1.536103466044171251e+00
1.530245829139381675e+00
1.521000419647376978e+00
1.510496295096267261e+00
1.501206350875178286e+00
1.495550230223160693e+00
1.495403669717933370e+00
1.501632868822291522e+00
1.513811497985740884e+00
1.530264526224145882e+00
1.548496968003051810e+00
1.565916390044468809e+00
1.580596050810957998e+00
1.591735206580898732e+00
1.599538622344308658e+00
1.604485748058376293e+00
1.606310311757385367e+00
1.603277472648390933e+00
1.592316027233656506e+00
1.570103636501470001e+00
1.534343385774432633e+00
1.483571796383250652e+00
1.413960168429939213e+00
1.314494281223144379e+00
1.168333709547468402e+00
9.733783067253994892e-01
7.858416934069999416e-01
7.499016447618461756e-01
1.000000000000000000e+00
