1.000000000000000000e+00
1.039531384993188867e+00
1.078544531661115080e+00
1.116256163271451829e+00
1.151642601955463974e+00
1.183546603245958950e+00
1.210832396767023811e+00
1.232548406932752583e+00
1.248059833022632681e+00
1.257125011041681173e+00
1.259906335982571735e+00
1.256922843555965175e+00
1.248962684478363228e+00
1.236977738268991933e+00
1.221980374874330755e+00
1.204956408863735895e+00
1.186801352531722475e+00
1.168281148426037142e+00
1.150014569637908934e+00
1.132472467910414560e+00
1.115988589639949957e+00
1.100777190715592324e+00
1.086953653811235876e+00
1.074555388092643060e+00
1.063561264792950434e+00
1.053908622133590711e+00
1.045507442743567550e+00
1.038251688224847591e+00
1.032028006530306241e+00
1.026722147953978093e+00
1.022223469600659351e+00
1.018427903891390596e+00
1.015239734472076716e+00
1.012572477115338154e+00
1.010349113223369732e+00
1.008501875088236410e+00
1.006971738306966957e+00
1.005707739112921884e+00
1.004666203202466246e+00
1.003809947586504325e+00
1.003107497416626526e+00
1.002532344821498000e+00
1.002062265720502054e+00
1.001678702594140047e+00
1.001366215610987931e+00
1.001112000769724508e+00
1.000905471345540310e+00
1.000737897560614265e+00
1.000602098737858103e+00
1.000492182023813070e+00
1.000403321914435262e+00
1.000331575164600473e+00
1.000273726121754914e+00
1.000227158035061459e+00
1.000189746413054692e+00
1.000159771008597653e+00
1.000135843484204701e+00
1.000116848244974044e+00
1.000101894317445339e+00
1.000090276500592346e+00
1.000081444322594715e+00
1.000074977607553484e+00
1.000070567694643531e+00
1.000068003563167274e+00
1.000067162305714685e+00
1.000068003563167274e+00
1.000070567694643531e+00
1.000074977607553484e+00
1.000081444322594715e+00
1.000090276500592346e+00
1.000101894317445339e+00
1.000116848244974044e+00
1.000135843484204701e+00
1.000159771008597653e+00
1.000189746413054692e+00
1.000227158035061459e+00
1.000273726121754914e+00
1.000331575164600473e+00
1.000403321914435262e+00
1.000492182023813070e+00
1.000602098737858103e+00
1.000737897560614265e+00
1.000905471345540310e+00
1.001112000769724508e+00
1.001366215610987931e+00
1.001678702594140047e+00
1.002062265720502054e+00
1.002532344821498000e+00
1.003107497416626526e+00
1.003809947586504325e+00
1.004666203202466246e+00
1.005707739112921884e+00
1.006971738306966957e+00
1.008501875088236410e+00
1.010349113223369510e+00
1.012572477115338154e+00
1.015239734472076716e+00
1.018427903891390596e+00
1.022223469600659351e+00
1.026722147953977871e+00
1.032028006530306241e+00
1.038251688224847369e+00
1.045507442743567772e+00
1.053908622133590489e+00
1.063561264792950434e+00
1.074555388092642838e+00
1.086953653811235432e+00
1.100777190715592768e+00
1.115988589639949513e+00
1.132472467910414338e+00
1.150014569637908712e+00
1.168281148426037364e+00
1.186801352531721809e+00
1.204956408863734785e+00
1.221980374874329867e+00
1.236977738268991711e+00
1.248962684478362339e+00
1.256922843555964064e+00
1.259906335982571290e+00
1.257125011041680063e+00
1.248059833022631571e+00
1.232548406932751472e+00
1.210832396767023367e+00
1.183546603245959172e+00
1.151642601955462863e+00
1.116256163271451163e+00
1.078544531661115302e+00
1.039531384993188645e+00
1.000000000000000000e+00
