1.000000000000000000e+00
1.048536795998218141e+00
1.096474148119639169e+00
1.142858108481738633e+00
1.186415041049677432e+00
1.225691583333493595e+00
1.259256661980851622e+00
1.285912909725311248e+00
1.304867773901503325e+00
1.315830142290114857e+00
1.319021027641902322e+00
1.315108762848552493e+00
1.305093733540685585e+00
1.290172359920133793e+00
1.271606296742779030e+00
1.250614355583669290e+00
1.228295298368478505e+00
1.205582009297690327e+00
1.183222681109106000e+00
1.161782437002000234e+00
1.141658550692942642e+00
1.123103310811565336e+00
1.106249937076914991e+00
1.091138357875859999e+00
1.077738871398556952e+00
1.065972650407780664e+00
1.055728714584403205e+00
1.046877425324521660e+00
1.039280809494493862e+00
1.032800142264244325e+00
1.027301257407527979e+00
1.022658038985496454e+00
1.018754504509921333e+00
1.015485832401732846e+00
1.012758626008360086e+00
1.010490648703608274e+00
1.008610212919166083e+00
1.007055361732700494e+00
1.005772945080418923e+00
1.004717663307872266e+00
1.003851127807346977e+00
1.003140970962399070e+00
1.002560024574157715e+00
1.002085576494169183e+00
1.001698708556122863e+00
1.001383714424628701e+00
1.001127593122521198e+00
1.000919612325317454e+00
1.000750934683265259e+00
1.000614300187364192e+00
1.000503757739974242e+00
1.000414439478745310e+00
1.000342371930849295e+00
1.000284318669593553e+00
1.000237649758119796e+00
1.000200233862495125e+00
1.000170349479560628e+00
1.000146612242547306e+00
1.000127915735314454e+00
1.000113383663708611e+00
1.000102331602684691e+00
1.000094236864392139e+00
1.000088715321018729e+00
1.000085504272136827e+00
1.000084450675857939e+00
1.000085504272136827e+00
1.000088715321018729e+00
1.000094236864392139e+00
1.000102331602684691e+00
1.000113383663708611e+00
1.000127915735314454e+00
1.000146612242547306e+00
1.000170349479560628e+00
1.000200233862495125e+00
1.000237649758119796e+00
1.000284318669593553e+00
1.000342371930849295e+00
1.000414439478745310e+00
1.000503757739974242e+00
1.000614300187364192e+00
1.000750934683265259e+00
1.000919612325317454e+00
1.001127593122521198e+00
1.001383714424628701e+00
1.001698708556122863e+00
1.002085576494169183e+00
1.002560024574157715e+00
1.003140970962399070e+00
1.003851127807346977e+00
1.004717663307872266e+00
1.005772945080418923e+00
1.007055361732700494e+00
1.008610212919166083e+00
1.010490648703608274e+00
1.012758626008359863e+00
1.015485832401732846e+00
1.018754504509921333e+00
1.022658038985496454e+00
1.027301257407527979e+00
1.032800142264244325e+00
1.039280809494494084e+00
1.046877425324521438e+00
1.055728714584403427e+00
1.065972650407780442e+00
1.077738871398556952e+00
1.091138357875859777e+00
1.106249937076914991e+00
1.123103310811565780e+00
1.141658550692942198e+00
1.161782437002000012e+00
1.183222681109105778e+00
1.205582009297690327e+00
1.228295298368477839e+00
1.250614355583668402e+00
1.271606296742778364e+00
1.290172359920133349e+00
1.305093733540684697e+00
1.315108762848551383e+00
1.319021027641901878e+00
1.315830142290114191e+00
1.304867773901502215e+00
1.285912909725310360e+00
1.259256661980850733e+00
1.225691583333494039e+00
1.186415041049676766e+00
1.142858108481737966e+00
1.096474148119639613e+00
1.048536795998217919e+00
1.000000000000000000e+00
