1.000000000000000000e+00
7.485778544422295733e-01
7.855438011641076024e-01
9.739748707306554731e-01
1.168826326968178009e+00
1.314473735100832208e+00
1.413656502946936566e+00
1.483342305246112325e+00
1.534344021520753998e+00
1.570273910056498412e+00
1.592502830692700933e+00
1.603347707250133425e+00
1.606209703460806715e+00
1.604252732306296947e+00
1.599283740139485266e+00
1.591593524522649128e+00
1.580668527839518278e+00
1.566224119293330386e+00
1.548967788104748111e+00
1.530756099192917663e+00
1.514158834016281485e+00
1.501700175495220169e+00
1.495122357290832538e+00
1.494933441808196983e+00
1.500340235124664856e+00
1.509515323702647294e+00
1.520056717153500880e+00
1.529481263320107587e+00
1.535629873944477364e+00
1.536922458940565450e+00
1.532456148104361038e+00
1.521977019311544499e+00
1.505770635872896612e+00
1.484515387603004166e+00
1.459132478413455170e+00
1.430653810284886251e+00
1.400117903231749228e+00
1.368495978213653208e+00
1.336645503254496603e+00
1.305286216122129472e+00
1.274993058600295104e+00
1.246200858211843121e+00
1.219216444314249248e+00
1.194234854414418789e+00
1.171357192807472636e+00
1.150608467923096567e+00
1.131954337362104823e+00
1.115316141394089300e+00
1.100583930136677768e+00
1.087627412891669199e+00
1.076304904221234926e+00
1.066470430476170295e+00
1.057979208679948879e+00
1.050691729275765152e+00
1.044476674561354290e+00
1.039212892561885537e+00
1.034790626655187395e+00
1.031112178069665930e+00
1.028092153937750330e+00
1.025657429590372649e+00
1.023746931275335115e+00
1.022311325053280484e+00
1.021312679495054443e+00
1.020724153939973400e+00
1.020529750257766155e+00
1.020724153939777112e+00
1.021312679494651876e+00
1.022311325052658315e+00
1.023746931274474248e+00
1.025657429589241332e+00
1.028092153936312592e+00
1.031112178067877805e+00
1.034790626652993595e+00
1.039212892559230106e+00
1.044476674558161955e+00
1.050691729271964858e+00
1.057979208675461358e+00
1.066470430470902730e+00
1.076304904215093394e+00
1.087627412884544897e+00
1.100583930128460786e+00
1.115316141384647519e+00
1.131954337351292583e+00
1.150608467910718247e+00
1.171357192793279989e+00
1.194234854398048107e+00
1.219216444295173618e+00
1.246200858189279392e+00
1.274993058573056448e+00
1.305286216088426654e+00
1.336645503211638664e+00
1.368495978157671544e+00
1.400117903156849142e+00
1.430653810182731744e+00
1.459132478272260558e+00
1.484515387406413423e+00
1.505770635598646878e+00
1.521977018929985270e+00
1.532456147576933159e+00
1.536922458218396903e+00
1.535629872967375631e+00
1.529481262016072707e+00
1.520056715438920181e+00
1.509515321482900685e+00
1.500340232294534504e+00
1.494933438250913627e+00
1.495122352874512339e+00
1.501700170065914275e+00
1.514158827388442097e+00
1.530756091140538233e+00
1.548967778358828928e+00
1.566224107551963174e+00
1.580668513794159402e+00
1.591593507898106719e+00
1.599283720738706283e+00
1.604252710049320241e+00
1.606209678413336173e+00
1.603347679647295188e+00
1.592502800967084520e+00
1.570273878868323258e+00
1.534343989769460848e+00
1.483342274037268371e+00
1.413656473508332345e+00
1.314473708667081686e+00
1.168826304655658843e+00
9.739748534179092365e-01
7.855437894151533484e-01
7.485778485264167337e-01
1.000000000000000000e+00
