1.000000000000000000e+00
8.017129548378614246e-01
8.083014825999399466e-01
9.587631709630627386e-01
1.147313643066904643e+00
1.307839185763260081e+00
1.420973823350367926e+00
1.493825709099074972e+00
1.540359174361677796e+00
1.571426239958306770e+00
1.592756617282398812e+00
1.606421417768960636e+00
1.612726214054675866e+00
1.611546957902372235e+00
1.603159427989042207e+00
1.588722111603982245e+00
1.570405880613489513e+00
1.551127786490282157e+00
1.533966465827430792e+00
1.521469099046989237e+00
1.515094038273339550e+00
1.514957743327490558e+00
1.519925115822502892e+00
1.527965689773002511e+00
1.536636157071902486e+00
1.543549113654529181e+00
1.546729776919014032e+00
1.544818863475933890e+00
1.537128123415224534e+00
1.523584119228634792e+00
1.504605361316104783e+00
1.480953604252202682e+00
1.453589072269543481e+00
1.423547206813022825e+00
1.391844390819116262e+00
1.359413119822677540e+00
1.327063099876334196e+00
1.295463040184008818e+00
1.265137668517512193e+00
1.236475061424141986e+00
1.209740282523826815e+00
1.185092278133679899e+00
1.162601843462526263e+00
1.142269185911205520e+00
1.124040165798020352e+00
1.107820704753000207e+00
1.093489142854760621e+00
1.080906523008962061e+00
1.069924907973682560e+00
1.060393910676263207e+00
1.052165656870988064e+00
1.045098412097128282e+00
1.039059100816596581e+00
1.033924930820067090e+00
1.029584315061187194e+00
1.025937259273469460e+00
1.022895359312065988e+00
1.020381528655436743e+00
1.018329554842631435e+00
1.016683564327302447e+00
1.015397458505869155e+00
1.014434369506861833e+00
1.013766172541221033e+00
1.013373081935954101e+00
1.013243350071075577e+00
1.013373081938026221e+00
1.013766172545473410e+00
1.014434369513517398e+00
1.015397458515269635e+00
1.016683564339939450e+00
1.018329554859156438e+00
1.020381528676701732e+00
1.022895359339162313e+00
1.025937259307790006e+00
1.029584315104478343e+00
1.033924930874536408e+00
1.039059100885017628e+00
1.045098412182969838e+00
1.052165656978598873e+00
1.060393910811086027e+00
1.069924908142539932e+00
1.080906523220399373e+00
1.093489143119501072e+00
1.107820705084489710e+00
1.124040166213162939e+00
1.142269186431264183e+00
1.162601844114303118e+00
1.185092278951011213e+00
1.209740283549519679e+00
1.236475062712463879e+00
1.265137670137403969e+00
1.295463042223268690e+00
1.327063102447010978e+00
1.359413123068054619e+00
1.391844394922745698e+00
1.423547212010362273e+00
1.453589078862833173e+00
1.480953612629403171e+00
1.504605371974653050e+00
1.523584132804890467e+00
1.537128140720216640e+00
1.544818885537636133e+00
1.546729805030707672e+00
1.543549149427617229e+00
1.536636202490049063e+00
1.527965747242530314e+00
1.519925188211937117e+00
1.514957833987261804e+00
1.515094151025097480e+00
1.521469238130726653e+00
1.533966635793040822e+00
1.551127992017528712e+00
1.570406126240668554e+00
1.588722401342913093e+00
1.603159764808098409e+00
1.611547343078083783e+00
1.612726646432076638e+00
1.606421893028745052e+00
1.592757127371764447e+00
1.571426772873062871e+00
1.540359714442353090e+00
1.493826237912995403e+00
1.420974321089915282e+00
1.307839632932495055e+00
1.147314022109976017e+00
9.587634674799045964e-01
8.083016859462758275e-01
8.017130581647775589e-01
1.000000000000000000e+00
