1.000000000000000000e+00
7.628458263454640509e-01
7.894618637060818456e-01
9.679907588984558720e-01
1.163247810159249163e+00
1.314175539160317596e+00
1.416679744431444732e+00
1.485906513455057754e+00
1.534564911928168351e+00
1.568662097210929751e+00
1.590719678678990112e+00
1.602862297797341018e+00
1.607539172632193036e+00
1.606825941127319579e+00
1.601783960323729383e+00
1.592584233800603322e+00
1.579245052670949612e+00
1.562428012983037462e+00
1.543809837327981827e+00
1.525871008293774533e+00
1.511260586624189717e+00
1.502055977358818017e+00
1.499215070606950029e+00
1.502382575098867079e+00
1.510052956588940232e+00
1.519977170440788283e+00
1.529656680245825795e+00
1.536787377218295614e+00
1.539569808985856714e+00
1.536860883243516884e+00
1.528186231674985462e+00
1.513654939436383184e+00
1.493822222372372499e+00
1.469537959598287813e+00
1.441806786365761761e+00
1.411673570194238447e+00
1.380138915978758263e+00
1.348103426562001550e+00
1.316336334890685356e+00
1.285463017940087216e+00
1.255966018188121591e+00
1.228194931762034869e+00
1.202381474215649781e+00
1.178656975694108322e+00
1.157070376378455778e+00
1.137605453204435513e+00
1.120196512243988085e+00
1.104742148180479333e+00
1.091116928902954752e+00
1.079181034489275381e+00
1.068787987373541970e+00
1.059790671785501015e+00
1.052045869207677953e+00
1.045417542935713540e+00
1.039779096539464875e+00
1.035014813753623031e+00
1.031020665156002103e+00
1.027704642800410850e+00
1.024986759728585106e+00
1.022798828267612370e+00
1.021084109979450538e+00
1.019796911429955655e+00
1.018902183662933503e+00
1.018375169270372194e+00
1.018201128970559255e+00
1.018375169270217651e+00
1.018902183662618199e+00
1.019796911429468489e+00
1.021084109978776411e+00
1.022798828266729076e+00
1.024986759727463781e+00
1.027704642799019741e+00
1.031020665154300797e+00
1.035014813751573559e+00
1.039779096537011505e+00
1.045417542932806754e+00
1.052045869204266237e+00
1.059790671781523530e+00
1.068787987368938541e+00
1.079181034483976287e+00
1.091116928896893157e+00
1.104742148173573080e+00
1.120196512236137920e+00
1.137605453195499106e+00
1.157070376368237064e+00
1.178656975682296881e+00
1.202381474201762446e+00
1.228194931745317797e+00
1.255966018167396392e+00
1.285463017913539119e+00
1.316336334855535251e+00
1.348103426514113856e+00
1.380138915912035413e+00
1.411673570099854391e+00
1.441806786231160542e+00
1.469537959405945449e+00
1.493822222098282415e+00
1.513654939048365566e+00
1.528186231130882478e+00
1.536860882489477387e+00
1.539569807955015968e+00
1.536787375830034996e+00
1.529656678405920678e+00
1.519977168042284443e+00
1.510052953513232543e+00
1.502382571215824969e+00
1.499215065772514954e+00
1.502055971408769786e+00
1.511260579364172907e+00
1.525870999488329494e+00
1.543809826694405363e+00
1.562428000197730427e+00
1.579245037394237494e+00
1.592584215720028284e+00
1.601783939207698237e+00
1.606825916876051252e+00
1.607539145316223994e+00
1.602862267684224795e+00
1.590719646256427700e+00
1.568662063208549284e+00
1.534564877323555177e+00
1.485906479441175598e+00
1.416679712336232022e+00
1.314175510329630425e+00
1.163247785818753544e+00
9.679907400140103091e-01
7.894618508940914881e-01
7.628458198961203252e-01
1.000000000000000000e+00
