1.000000000000000000e+00
9.384706271998178861e-01
9.381009421206705223e-01
1.005006359081950906e+00
1.118209251466870890e+00
1.248814273218352033e+00
1.371578258230446989e+00
1.470336982507309598e+00
1.538840314334125603e+00
1.578726974669105942e+00
1.596336918433613139e+00
1.599653126041292284e+00
1.596060317726862188e+00
1.591082710621167573e+00
1.587957613223615061e+00
1.587793978684449936e+00
1.590067514015151451e+00
1.593247101809937227e+00
1.595400259173522350e+00
1.594679873242016876e+00
1.589646710298069809e+00
1.579426333500235202e+00
1.563729326767172356e+00
1.542777984238825395e+00
1.517183209902541741e+00
1.487807288557649876e+00
1.455636690677810874e+00
1.421678026856105559e+00
1.386881692712946590e+00
1.352092156194703909e+00
1.318020860425402008e+00
1.285236625896940321e+00
1.254168513342607927e+00
1.225116784837655848e+00
1.198268494177363364e+00
1.173715126556999833e+00
1.151470483803456624e+00
1.131487637472785801e+00
1.113674249305836028e+00
1.097905905823992834e+00
1.084037355806900971e+00
1.071911699931519690e+00
1.061367681608886837e+00
1.052245283734126957e+00
1.044389860668272663e+00
1.037655038172245581e+00
1.031904603587957547e+00
1.027013589733057009e+00
1.022868732671713188e+00
1.019368458524817500e+00
1.016422529695837129e+00
1.013951457557409341e+00
1.011885767515547041e+00
1.010165183822565815e+00
1.008737785664752362e+00
1.007559172843013329e+00
1.006591668615665736e+00
1.005803578735222414e+00
1.005168519107981107e+00
1.004664819552311794e+00
1.004275007556644228e+00
1.003985373489962418e+00
1.003785617172290534e+00
1.003668574873414876e+00
1.003630025506559775e+00
1.003668574873415098e+00
1.003785617172290312e+00
1.003985373489962640e+00
1.004275007556644228e+00
1.004664819552312238e+00
1.005168519107981551e+00
1.005803578735223525e+00
1.006591668615666402e+00
1.007559172843014883e+00
1.008737785664753694e+00
1.010165183822567148e+00
1.011885767515548817e+00
1.013951457557411562e+00
1.016422529695840460e+00
1.019368458524821053e+00
1.022868732671717851e+00
1.027013589733062338e+00
1.031904603587964875e+00
1.037655038172254018e+00
1.044389860668283321e+00
1.052245283734140724e+00
1.061367681608903935e+00
1.071911699931540785e+00
1.084037355806926950e+00
1.097905905824024364e+00
1.113674249305876218e+00
1.131487637472836205e+00
1.151470483803520350e+00
1.173715126557076882e+00
1.198268494177459065e+00
1.225116784837775530e+00
1.254168513342754920e+00
1.285236625897127727e+00
1.318020860425634266e+00
1.352092156194994121e+00
1.386881692713311187e+00
1.421678026856558974e+00
1.455636690678379530e+00
1.487807288558359975e+00
1.517183209903430141e+00
1.542777984239934730e+00
1.563729326768555916e+00
1.579426333501955382e+00
1.589646710300198107e+00
1.594679873244633450e+00
1.595400259176718016e+00
1.593247101813803468e+00
1.590067514019780637e+00
1.587793978689920671e+00
1.587957613229986631e+00
1.591082710628467067e+00
1.596060317735064737e+00
1.599653126050311958e+00
1.596336918443298725e+00
1.578726974679227402e+00
1.538840314344391169e+00
1.470336982517363333e+00
1.371578258239910753e+00
1.248814273226853011e+00
1.118209251474073351e+00
1.005006359087578627e+00
9.381009421245255497e-01
9.384706272017738771e-01
1.000000000000000000e+00
