1.000000000000000000e+00
1.002122150473257589e+00
1.023857252624495118e+00
1.070872735864641712e+00
1.140104302511878220e+00
1.223884311056373964e+00
1.313135758862893798e+00
1.399643572921093870e+00
1.477342953771142442e+00
1.542673444074371902e+00
1.594236345538937893e+00
1.632111487400906835e+00
1.657165108130328246e+00
1.670549287740427324e+00
1.673442010864250706e+00
1.666973915318263222e+00
1.652252326469377364e+00
1.630406901088873539e+00
1.602614465488387818e+00
1.570091280387022392e+00
1.534059612647072912e+00
1.495702234120730889e+00
1.456117489298762280e+00
1.416283291659537591e+00
1.377033809401789322e+00
1.339049096729037602e+00
1.302855838446872028e+00
1.268836477864662582e+00
1.237243899320360718e+00
1.208219176780734427e+00
1.181810418883695535e+00
1.157991280135338252e+00
1.136678186903154586e+00
1.117745714519063904e+00
1.101039845414700347e+00
1.086389048259435830e+00
1.073613259700878508e+00
1.062530938812691117e+00
1.052964413228074214e+00
1.044743756280910096e+00
1.037709435061298313e+00
1.031713956864245718e+00
1.026622721150233453e+00
1.022314259591148522e+00
1.018680020736634884e+00
1.015623830168976394e+00
1.013061132944102827e+00
1.010918103375624488e+00
1.009130688176678836e+00
1.007643632734717354e+00
1.006409526777708452e+00
1.005387894700062512e+00
1.004544347088369705e+00
1.003849803225281834e+00
1.003279789256284582e+00
1.002813812993297971e+00
1.002434813741891029e+00
1.002128683846040147e+00
1.001883857650456067e+00
1.001690963121567357e+00
1.001542531311295781e+00
1.001432759086071433e+00
1.001357320994511912e+00
1.001313226746648688e+00
1.001298721478917075e+00
1.001313226746648688e+00
1.001357320994511912e+00
1.001432759086071433e+00
1.001542531311295781e+00
1.001690963121567357e+00
1.001883857650456067e+00
1.002128683846040147e+00
1.002434813741891029e+00
1.002813812993297971e+00
1.003279789256284582e+00
1.003849803225281834e+00
1.004544347088369705e+00
1.005387894700062512e+00
1.006409526777708452e+00
1.007643632734717354e+00
1.009130688176678836e+00
1.010918103375624488e+00
1.013061132944103049e+00
1.015623830168975950e+00
1.018680020736634884e+00
1.022314259591148522e+00
1.026622721150233453e+00
1.031713956864245496e+00
1.037709435061298313e+00
1.044743756280910318e+00
1.052964413228074214e+00
1.062530938812691117e+00
1.073613259700878508e+00
1.086389048259435608e+00
1.101039845414700125e+00
1.117745714519063904e+00
1.136678186903153254e+00
1.157991280135338030e+00
1.181810418883695313e+00
1.208219176780733983e+00
1.237243899320361384e+00
1.268836477864662138e+00
1.302855838446872694e+00
1.339049096729036936e+00
1.377033809401789322e+00
1.416283291659537369e+00
1.456117489298762058e+00
1.495702234120732221e+00
1.534059612647074022e+00
1.570091280387021060e+00
1.602614465488389373e+00
1.630406901088873983e+00
1.652252326469377142e+00
1.666973915318262778e+00
1.673442010864249152e+00
1.670549287740429545e+00
1.657165108130330466e+00
1.632111487400907501e+00
1.594236345538938782e+00
1.542673444074372346e+00
1.477342953771143774e+00
1.399643572921094092e+00
1.313135758862894686e+00
1.223884311056375518e+00
1.140104302511879331e+00
1.070872735864641490e+00
1.023857252624494452e+00
1.002122150473255591e+00
1.000000000000000000e+00
