1.000000000000000000e+00
8.260397729921795662e-01
8.236599881431425629e-01
9.548416371089710752e-01
1.133138882366719669e+00
1.295208934789228827e+00
1.415354932852789904e+00
1.494417032802502376e+00
1.543912953037193114e+00
1.575191449214611517e+00
1.595218449009010886e+00
1.606771339138751697e+00
1.610346612078633610e+00
1.606064318851658790e+00
1.594863381702948502e+00
1.578873266020913491e+00
1.561119078239626257e+00
1.544837191661841747e+00
1.532712064444857303e+00
1.526297634141063009e+00
1.525774467487862829e+00
1.530059442457776253e+00
1.537176467999218143e+00
1.544744340187438558e+00
1.550443278617895437e+00
1.552365693591279960e+00
1.549212793781553188e+00
1.540345571180869122e+00
1.525726426560156224e+00
1.505796310230429702e+00
1.481327529519282260e+00
1.453281282017882203e+00
1.422686931255931597e+00
1.390550096450081208e+00
1.357789821718825118e+00
1.325201232918623129e+00
1.293438462131406563e+00
1.263012424042017079e+00
1.234298608815114218e+00
1.207550957216769305e+00
1.182918831083742406e+00
1.160464944522024977e+00
1.140182822656247819e+00
1.122012898022921368e+00
1.105856755978163131e+00
1.091589324550341411e+00
1.079068996477481113e+00
1.068145794313100971e+00
1.058667762020721437e+00
1.050485802984301609e+00
1.043457195973950924e+00
1.037448015666935897e+00
1.032334668994432159e+00
1.028004737343892527e+00
1.024357290693317379e+00
1.021302815306800005e+00
1.018762873160192317e+00
1.016669589712426047e+00
1.014965047498365580e+00
1.013600646495912860e+00
1.012536478303419640e+00
1.011740749696028452e+00
1.011189281861740952e+00
1.010865104242802071e+00
1.010758156091428939e+00
1.010865104242397283e+00
1.011189281860911393e+00
1.011740749694738151e+00
1.012536478301598208e+00
1.013600646493477031e+00
1.014965047495196782e+00
1.016669589708373733e+00
1.018762873155061310e+00
1.021302815300354272e+00
1.024357290685247834e+00
1.028004737333824359e+00
1.032334668981904402e+00
1.037448015651365907e+00
1.043457195954619721e+00
1.050485802960312798e+00
1.058667761990960354e+00
1.068145794276171179e+00
1.079068996431637562e+00
1.091589324493385416e+00
1.105856755907318023e+00
1.122012897934668851e+00
1.140182822546110142e+00
1.160464944384277164e+00
1.182918830911038999e+00
1.207550956999642544e+00
1.234298608541309905e+00
1.263012423695641040e+00
1.293438461691779784e+00
1.325201232358793613e+00
1.357789821003642317e+00
1.390550095533729547e+00
1.422686930078792766e+00
1.453281280502653594e+00
1.481327527566233648e+00
1.505796307711825266e+00
1.525726423313914060e+00
1.540345567003659655e+00
1.549212788421766573e+00
1.552365686742374518e+00
1.550443269912698430e+00
1.544744329193858068e+00
1.537176454217457522e+00
1.530059425318804012e+00
1.525774446352770042e+00
1.526297608301727893e+00
1.532712033128326823e+00
1.544837154044098160e+00
1.561119033477636808e+00
1.578873213313294110e+00
1.594863320386934458e+00
1.606064248536689831e+00
1.610346532805735142e+00
1.606771251543438472e+00
1.595218354456843901e+00
1.575191349874943469e+00
1.543912851862756508e+00
1.494416933389859814e+00
1.415354839172802137e+00
1.295208850802198164e+00
1.133138811583616734e+00
9.548415822216415050e-01
8.236599508698596583e-01
8.260397542002502203e-01
1.000000000000000000e+00
