1.000000000000000000e+00
7.684480920340319710e-01
7.914333064501757331e-01
9.659486910719625730e-01
1.160922158238469448e+00
1.313714994801884695e+00
1.417649247022462644e+00
1.486925632320095669e+00
1.534810842706137324e+00
1.568236688513894972e+00
1.590231732910025508e+00
1.602860642016148862e+00
1.608168500585920091e+00
1.607787897403678334e+00
1.602529455382891710e+00
1.592602999719172852e+00
1.578313767930654921e+00
1.560718932867363407e+00
1.541833213860309026e+00
1.524294881786856903e+00
1.510690760037969316e+00
1.502857347906055852e+00
1.501423985130775796e+00
1.505718815471517535e+00
1.514007140999622303e+00
1.523933769019549578e+00
1.533014253491993495e+00
1.539049882375081113e+00
1.540398195757311184e+00
1.536086901754663447e+00
1.525797797967138214e+00
1.509764694484901471e+00
1.488629691129989441e+00
1.463292832248877406e+00
1.434777725672118809e+00
1.404124382310788510e+00
1.372312169459388276e+00
1.340210611642989491e+00
1.308553234948997446e+00
1.277928912053128307e+00
1.248785479727447578e+00
1.221441216459298928e+00
1.196100731964437003e+00
1.172872737335398430e+00
1.151787945522407153e+00
1.132815971794771226e+00
1.115880571118776476e+00
1.100872886588542876e+00
1.087662616259416071e+00
1.076107159337315267e+00
1.066058897283854723e+00
1.057370817480659975e+00
1.049900709379677943e+00
1.043514165154186601e+00
1.038086605892436065e+00
1.033504535561900584e+00
1.029666202071058967e+00
1.026481820402196821e+00
1.023873488766902096e+00
1.021774906182882692e+00
1.020130979439018981e+00
1.018897389395691189e+00
1.018040170987408954e+00
1.017535347994655393e+00
1.017368652343060065e+00
1.017535347994532158e+00
1.018040170987157822e+00
1.018897389395304387e+00
1.020130979438485630e+00
1.021774906182187248e+00
1.023873488766023687e+00
1.026481820401113687e+00
1.029666202069744463e+00
1.033504535560334281e+00
1.038086605890581327e+00
1.043514165152019446e+00
1.049900709377176833e+00
1.057370817477800928e+00
1.066058897280623086e+00
1.076107159333695940e+00
1.087662616255407944e+00
1.100872886584146171e+00
1.115880571113992525e+00
1.132815971789579601e+00
1.151787945516761891e+00
1.172872737329175186e+00
1.196100731957384644e+00
1.221441216450950495e+00
1.248785479716984614e+00
1.277928912039187681e+00
1.308553234929371811e+00
1.340210611614262914e+00
1.372312169416376681e+00
1.404124382245821367e+00
1.434777725574104323e+00
1.463292832102136787e+00
1.488629690912840475e+00
1.509764694168069132e+00
1.525797797512073783e+00
1.536086901111983760e+00
1.540398194865650883e+00
1.539049881160593714e+00
1.533014251868834998e+00
1.523933766891223396e+00
1.514007138260726970e+00
1.505718812008710161e+00
1.501423980821308568e+00
1.502857342612326175e+00
1.510690753597789371e+00
1.524294874001729916e+00
1.541833204487242925e+00
1.560718921621933264e+00
1.578313754507896016e+00
1.592602983833242059e+00
1.602529436818117992e+00
1.607787876063769827e+00
1.608168476530299040e+00
1.602860615482526674e+00
1.590231704331360740e+00
1.568236658534499783e+00
1.534810812186856888e+00
1.486925602312868300e+00
1.417649218703980640e+00
1.313714969371842622e+00
1.160922136791907811e+00
9.659486744640451983e-01
7.914332952087963502e-01
7.684480863864848743e-01
1.000000000000000000e+00
