1.000000000000000000e+00
1.047318841743746898e+00
1.101022894510420125e+00
1.163406227235802781e+00
1.233675835245248598e+00
1.308860935780724821e+00
1.384699740934653978e+00
1.456505728827683921e+00
1.519938637593975850e+00
1.571583033752402381e+00
1.609271590837850763e+00
1.632151331447569298e+00
1.640545249740885669e+00
1.635689368833084911e+00
1.619424778874102966e+00
1.593905337316720017e+00
1.561356746601201495e+00
1.523900557488935270e+00
1.483441283248051468e+00
1.441606498488549493e+00
1.399726896058091086e+00
1.358843719593636479e+00
1.319733054814524964e+00
1.282938999911362954e+00
1.248810112304892694e+00
1.217535477577965874e+00
1.189178212946250257e+00
1.163705253279438967e+00
1.141012960410451527e+00
1.120948535628988108e+00
1.103327476417210740e+00
1.087947459582145449e+00
1.074599095705775609e+00
1.063074013103826099e+00
1.053170712629575734e+00
1.044698600473488614e+00
1.037480562964138375e+00
1.031354400720132292e+00
1.026173392859666134e+00
1.021806217579087850e+00
1.018136414621734431e+00
1.015061538715643641e+00
1.012492121270334611e+00
1.010350530486730625e+00
1.008569797336065221e+00
1.007092456249098600e+00
1.005869434393446893e+00
1.004859011634072985e+00
1.004025864199515450e+00
1.003340198264649930e+00
1.002776974697239476e+00
1.002315222733841882e+00
1.001937438033733807e+00
1.001629059139030442e+00
1.001378015623802353e+00
1.001174340964832377e+00
1.001009843269486277e+00
1.000877827340874493e+00
1.000772862063144197e+00
1.000690587687782518e+00
1.000627558250581473e+00
1.000581115017674216e+00
1.000549287528136322e+00
1.000530719458147866e+00
1.000524617173083941e+00
1.000530719458147866e+00
1.000549287528136322e+00
1.000581115017674216e+00
1.000627558250581473e+00
1.000690587687782518e+00
1.000772862063144197e+00
1.000877827340874493e+00
1.001009843269486277e+00
1.001174340964832377e+00
1.001378015623802353e+00
1.001629059139030442e+00
1.001937438033733807e+00
1.002315222733841882e+00
1.002776974697239476e+00
1.003340198264649930e+00
1.004025864199515450e+00
1.004859011634072985e+00
1.005869434393446893e+00
1.007092456249098600e+00
1.008569797336065221e+00
1.010350530486730625e+00
1.012492121270334611e+00
1.015061538715643419e+00
1.018136414621734431e+00
1.021806217579088072e+00
1.026173392859666134e+00
1.031354400720132292e+00
1.037480562964138153e+00
1.044698600473488392e+00
1.053170712629575512e+00
1.063074013103825877e+00
1.074599095705774943e+00
1.087947459582145449e+00
1.103327476417210296e+00
1.120948535628988108e+00
1.141012960410452193e+00
1.163705253279438301e+00
1.189178212946250701e+00
1.217535477577966097e+00
1.248810112304893138e+00
1.282938999911362510e+00
1.319733054814525186e+00
1.358843719593637145e+00
1.399726896058091308e+00
1.441606498488548826e+00
1.483441283248051690e+00
1.523900557488934826e+00
1.561356746601201273e+00
1.593905337316719129e+00
1.619424778874100967e+00
1.635689368833086021e+00
1.640545249740887002e+00
1.632151331447567300e+00
1.609271590837848986e+00
1.571583033752401493e+00
1.519938637593975406e+00
1.456505728827681923e+00
1.384699740934652867e+00
1.308860935780725043e+00
1.233675835245249486e+00
1.163406227235801671e+00
1.101022894510419015e+00
1.047318841743745788e+00
1.000000000000000000e+00
