1.000000000000000000e+00
9.997386460893301630e-01
1.020453151588532892e+00
1.067922599457742816e+00
1.138536831722950948e+00
1.223878372595367470e+00
1.314232813783933196e+00
1.401037440582554972e+00
1.478211823446328399e+00
1.542444757271881794e+00
1.592723181947320210e+00
1.629513758509263610e+00
1.653970702769039791e+00
1.667388489680216468e+00
1.670944471051476921e+00
1.665660433907496740e+00
1.652473970423711913e+00
1.632328527898877946e+00
1.606231152424927089e+00
1.575263820343921983e+00
1.540556967998812032e+00
1.503242368592465628e+00
1.464401677440535510e+00
1.425021964794924489e+00
1.385963974259661002e+00
1.347944451595783910e+00
1.311531146204026221e+00
1.277147780149337830e+00
1.245085966070750949e+00
1.215521312251839348e+00
1.188531466029916661e+00
1.164114418324293743e+00
1.142205917210442179e+00
1.122695272976925507e+00
1.105439171975042933e+00
1.090273360262764557e+00
1.077022225772996888e+00
1.065506415778530114e+00
1.055548689506716098e+00
1.046978236149875174e+00
1.039633695989334417e+00
1.033365114447762245e+00
1.028035041310460196e+00
1.023518964338408388e+00
1.019705241093190384e+00
1.016494667150704467e+00
1.013799794433421608e+00
1.011544091031625792e+00
1.009661014097793741e+00
1.008093050372022015e+00
1.006790764607863764e+00
1.005711884457279881e+00
1.004820440997565845e+00
1.004085976756647236e+00
1.003482827519840859e+00
1.002989480092393304e+00
1.002588005282056161e+00
1.002263563416994741e+00
1.002003978521925909e+00
1.001799376666714814e+00
1.001641883835199920e+00
1.001525378823476142e+00
1.001445297076942520e+00
1.001398481944138164e+00
1.001383080511232926e+00
1.001398481944138164e+00
1.001445297076942520e+00
1.001525378823476142e+00
1.001641883835199920e+00
1.001799376666714814e+00
1.002003978521925909e+00
1.002263563416994741e+00
1.002588005282056161e+00
1.002989480092393304e+00
1.003482827519840859e+00
1.004085976756647236e+00
1.004820440997565845e+00
1.005711884457279881e+00
1.006790764607863764e+00
1.008093050372022015e+00
1.009661014097793741e+00
1.011544091031625792e+00
1.013799794433421830e+00
1.016494667150704023e+00
1.019705241093190384e+00
1.023518964338408388e+00
1.028035041310460196e+00
1.033365114447762023e+00
1.039633695989334417e+00
1.046978236149875396e+00
1.055548689506716098e+00
1.065506415778529892e+00
1.077022225772996888e+00
1.090273360262764335e+00
1.105439171975042711e+00
1.122695272976925285e+00
1.142205917210440402e+00
1.164114418324293521e+00
1.188531466029916439e+00
1.215521312251839126e+00
1.245085966070751615e+00
1.277147780149337164e+00
1.311531146204026665e+00
1.347944451595783244e+00
1.385963974259661002e+00
1.425021964794923601e+00
1.464401677440534844e+00
1.503242368592466294e+00
1.540556967998812254e+00
1.575263820343919763e+00
1.606231152424927311e+00
1.632328527898876835e+00
1.652473970423710137e+00
1.665660433907494298e+00
1.670944471051473146e+00
1.667388489680215580e+00
1.653970702769038681e+00
1.629513758509260724e+00
1.592723181947316879e+00
1.542444757271877576e+00
1.478211823446325290e+00
1.401037440582550753e+00
1.314232813783930087e+00
1.223878372595365249e+00
1.138536831722948728e+00
1.067922599457740152e+00
1.020453151588530449e+00
9.997386460893274984e-01
1.000000000000000000e+00
