1.000000000000000000e+00
7.479948414646994115e-01
7.861305693584949017e-01
9.755946678615343703e-01
1.170686597228880022e+00
1.316218250038772686e+00
1.415393560033410214e+00
1.485261297688458937e+00
1.536479722969458672e+00
1.572506609024177493e+00
1.594657231713161538e+00
1.605278275379480757e+00
1.607843640472495172e+00
1.605599512503623538e+00
1.600419253074827131e+00
1.592623497443721448e+00
1.581682372612220222e+00
1.567257236441280899e+00
1.549987785282935793e+00
1.531676990130863558e+00
1.514874825766064026e+00
1.502124021103680374e+00
1.495214291608877089e+00
1.494712955710498781e+00
1.499880394829958385e+00
1.508924843540180971e+00
1.519457194102729281e+00
1.528986208612261866e+00
1.535329705489626440e+00
1.536876840536780975e+00
1.532692929892538913e+00
1.522495900915870282e+00
1.506549429679634011e+00
1.485517081546571472e+00
1.460311854168910184e+00
1.431962929440833809e+00
1.401510211622428059e+00
1.369929065711967375e+00
1.338082710940813103e+00
1.306697341320440131e+00
1.276354407387471523e+00
1.247494863343651783e+00
1.220431023306603135e+00
1.195362638996545934e+00
1.172394722663464783e+00
1.151555410547579594e+00
1.132812772009211377e+00
1.116089927621284339e+00
1.101278169160634368e+00
1.088248001721077829e+00
1.076858177300662245e+00
1.066962880544367609e+00
1.058417277074310325e+00
1.051081655514625623e+00
1.044824395343550316e+00
1.039523981070673120e+00
1.035070264046903610e+00
1.031365150128122687e+00
1.028322866987070983e+00
1.025869940817459192e+00
1.023944989577398879e+00
1.022498419371963285e+00
1.021492092314568723e+00
1.020899018208191400e+00
1.020703108436756157e+00
1.020899018208591968e+00
1.021492092315391176e+00
1.022498419373258249e+00
1.023944989579246512e+00
1.025869940819967852e+00
1.028322866990393436e+00
1.031365150132460773e+00
1.035070264052516675e+00
1.039523981077905113e+00
1.044824395352832891e+00
1.051081655526524550e+00
1.058417277089549469e+00
1.066962880563862681e+00
1.076858177325588306e+00
1.088248001752922800e+00
1.101278169201301171e+00
1.116089927673180382e+00
1.132812772075404206e+00
1.151555410631945442e+00
1.172394722770928377e+00
1.195362639133333182e+00
1.220431023480605726e+00
1.247494863564872380e+00
1.276354407668579771e+00
1.306697341677498958e+00
1.338082711394191771e+00
1.369929066287548514e+00
1.401510212353127338e+00
1.431962930368571918e+00
1.460311855347165455e+00
1.485517083043683240e+00
1.506549431583054766e+00
1.522495903337627743e+00
1.532692932976197131e+00
1.536876844466159131e+00
1.535329710499566014e+00
1.528986215001434168e+00
1.519457202248361893e+00
1.508924853913966579e+00
1.499880408013954058e+00
1.494712972411072593e+00
1.495214312666370393e+00
1.502124047495231984e+00
1.514874858599328133e+00
1.531677030626727776e+00
1.549987834745210513e+00
1.567257296209704664e+00
1.581682443991818454e+00
1.592623581599933447e+00
1.600419350883711456e+00
1.605599624354464350e+00
1.607843766038187017e+00
1.605278413393147030e+00
1.594657379806099895e+00
1.572506763679389463e+00
1.536479879626339251e+00
1.485261451006504752e+00
1.415393704293670840e+00
1.316218379625645252e+00
1.170686707092917223e+00
9.755947538521412277e-01
7.861306283757192315e-01
7.479948714748883010e-01
1.000000000000000000e+00
