1.000000000000000000e+00
7.432538964008047477e-01
7.851911480218833894e-01
9.777777049515525842e-01
1.172349481797091864e+00
1.316013059241411876e+00
1.414242719930252079e+00
1.484433867338838198e+00
1.536477416823459174e+00
1.573090075579381075e+00
1.595301060156146145e+00
1.605533444106596264e+00
1.607510989674825641e+00
1.604778784917040513e+00
1.599464525176347962e+00
1.592004827227963881e+00
1.581788171637126927e+00
1.568218167595422541e+00
1.551602543707951476e+00
1.533470187389914363e+00
1.516254898733862211e+00
1.502571652408679181e+00
1.494431959379664887e+00
1.492693920514181150e+00
1.496891516875195949e+00
1.505425858485846646e+00
1.515991747699912962e+00
1.526077765919076068e+00
1.533404198254102901e+00
1.536220411808270514e+00
1.533442313216374808e+00
1.524652881066847598e+00
1.510009167959501575e+00
1.490101366604115407e+00
1.465800933523599081e+00
1.438122288601971555e+00
1.408110856739541061e+00
1.376761336356446597e+00
1.344964466356764810e+00
1.313477695603669115e+00
1.282914214763268390e+00
1.253745017327343447e+00
1.226309430949134471e+00
1.200830521880529522e+00
1.177432709333806615e+00
1.156159731921595268e+00
1.136991753093762769e+00
1.119860881762647198e+00
1.104664739527992046e+00
1.091277953165345149e+00
1.079561615192792923e+00
1.069370857633463068e+00
1.060560741643451710e+00
1.052990691732746065e+00
1.046527707905219540e+00
1.041048579648130135e+00
1.036441307780388232e+00
1.032605917659174422e+00
1.029454822911988643e+00
1.026912874579204882e+00
1.024917207515060324e+00
1.023416974783585287e+00
1.022373041897372881e+00
1.021757696094998780e+00
1.021554411247882266e+00
1.021757696095307644e+00
1.022373041898006596e+00
1.023416974784585598e+00
1.024917207516492734e+00
1.026912874581158874e+00
1.029454822914586787e+00
1.032605917662584138e+00
1.036441307784822907e+00
1.041048579653877315e+00
1.046527707912638050e+00
1.052990691742310858e+00
1.060560741655776074e+00
1.069370857649322604e+00
1.079561615213187276e+00
1.091277953191546857e+00
1.104664739561632913e+00
1.119860881805797792e+00
1.136991753149067419e+00
1.156159731992401962e+00
1.177432709424375057e+00
1.200830521996252953e+00
1.226309431096851643e+00
1.253745017515727866e+00
1.282914215003299274e+00
1.313477695909266219e+00
1.344964466745560916e+00
1.376761336850825579e+00
1.408110857367937063e+00
1.438122289400552534e+00
1.465800934538445288e+00
1.490101367894048234e+00
1.510009169599728862e+00
1.524652883153664096e+00
1.533442315873166040e+00
1.536220415193066291e+00
1.533404202568932062e+00
1.526077771421114004e+00
1.515991754714310025e+00
1.505425867419551311e+00
1.496891528230696267e+00
1.492693934901406116e+00
1.494431977523998922e+00
1.502571675152934105e+00
1.516254927032386179e+00
1.533470222293493057e+00
1.551602586337995637e+00
1.568218219104366318e+00
1.581788233148669676e+00
1.592004899747286650e+00
1.599464609460357956e+00
1.604778881302334037e+00
1.607511097877757589e+00
1.605533563030351996e+00
1.595301187753266348e+00
1.573090208815401514e+00
1.536477551769690031e+00
1.484433999399087822e+00
1.414242844184094183e+00
1.316013170857288639e+00
1.172349576430363305e+00
9.777777790293571414e-01
7.851911988708746293e-01
7.432539222610405893e-01
1.000000000000000000e+00
