1.000000000000000000e+00
9.398127879793177764e-01
9.398808168009958885e-01
1.006388505185645599e+00
1.118778873472611401e+00
1.248566363636344212e+00
1.370755628959767547e+00
1.469258477531043550e+00
1.537788339274934524e+00
1.577903917519020149e+00
1.595866090127298076e+00
1.599594022167204477e+00
1.596419982767022683e+00
1.591820098748488510e+00
1.588986522634749710e+00
1.588990766049715786e+00
1.591285761415524913e+00
1.594336947469742860e+00
1.596227782917977400e+00
1.595142179744610145e+00
1.589680234213209253e+00
1.579008116236674253e+00
1.562872669006908799e+00
1.541524631680524005e+00
1.515594204301398573e+00
1.485954131926419786e+00
1.453593840450654984e+00
1.419517172087943591e+00
1.384667849144310736e+00
1.349881372051221273e+00
1.315859213646772830e+00
1.283160173392068781e+00
1.252203884502270714e+00
1.223282166084744160e+00
1.196574810679669643e+00
1.172167281634025393e+00
1.150068561901615327e+00
1.130228012027066686e+00
1.112550563177306495e+00
1.096909910785974995e+00
1.083159610340496348e+00
1.071142132824919102e+00
1.060696033734020549e+00
1.051661442849360473e+00
1.043884104898416432e+00
1.037218203498849523e+00
1.031528189653702965e+00
1.026689816824266410e+00
1.022590561108374319e+00
1.019129580009166869e+00
1.016217338550129856e+00
1.013775008283198220e+00
1.011733723766778947e+00
1.010033762718740569e+00
1.008623700379524202e+00
1.007459575579445987e+00
1.006504095407371846e+00
1.005725896975108391e+00
1.005098878284343522e+00
1.004601605346962190e+00
1.004216799214107780e+00
1.003930904184967998e+00
1.003733736971167856e+00
1.003618215792322133e+00
1.003580168106556147e+00
1.003618215792322133e+00
1.003733736971167412e+00
1.003930904184967998e+00
1.004216799214107336e+00
1.004601605346961968e+00
1.005098878284343300e+00
1.005725896975108391e+00
1.006504095407371180e+00
1.007459575579445987e+00
1.008623700379523758e+00
1.010033762718739458e+00
1.011733723766777837e+00
1.013775008283196888e+00
1.016217338550128524e+00
1.019129580009164870e+00
1.022590561108371876e+00
1.026689816824263080e+00
1.031528189653699412e+00
1.037218203498844415e+00
1.043884104898410214e+00
1.051661442849353145e+00
1.060696033734011667e+00
1.071142132824908000e+00
1.083159610340482359e+00
1.096909910785956788e+00
1.112550563177284957e+00
1.130228012027040485e+00
1.150068561901583575e+00
1.172167281633984093e+00
1.196574810679618128e+00
1.223282166084680656e+00
1.252203884502189668e+00
1.283160173391971970e+00
1.315859213646650483e+00
1.349881372051068951e+00
1.384667849144122220e+00
1.419517172087705559e+00
1.453593840450358554e+00
1.485954131926047861e+00
1.515594204300934278e+00
1.541524631679944024e+00
1.562872669006186710e+00
1.579008116235778081e+00
1.589680234212100807e+00
1.595142179743245459e+00
1.596227782916311400e+00
1.594336947467725363e+00
1.591285761413110622e+00
1.588990766046861403e+00
1.588986522631425258e+00
1.591820098744683332e+00
1.596419982762746548e+00
1.599594022162498463e+00
1.595866090122244341e+00
1.577903917513735488e+00
1.537788339269579918e+00
1.469258477525797746e+00
1.370755628954829275e+00
1.248566363631909759e+00
1.118778873468856183e+00
1.006388505182709503e+00
9.398808167989842755e-01
9.398127879782953720e-01
1.000000000000000000e+00
