1.000000000000000000e+00
1.016175857372849878e+00
1.032121961602210813e+00
1.047518383506008677e+00
1.061962525594400741e+00
1.075006589572636173e+00
1.086212396185116225e+00
1.095209362078659154e+00
1.101742719193368414e+00
1.105702969495008459e+00
1.107132934356852560e+00
1.106214004533407458e+00
1.103237008937891783e+00
1.098564870918034675e+00
1.092594019392221893e+00
1.085719977203594588e+00
1.078310425519821258e+00
1.070686987430237158e+00
1.063115379917940029e+00
1.055802589338489250e+00
1.048899285868379883e+00
1.042505667785399215e+00
1.036679156617758890e+00
1.031442711349114472e+00
1.026792895955759066e+00
1.022707161402814924e+00
1.019150064297038361e+00
1.016078334432335639e+00
1.013444829352790233e+00
1.011201488077475563e+00
1.009301431659721970e+00
1.007700367413924436e+00
1.006357446290777835e+00
1.005235706410536167e+00
1.004302215340567628e+00
1.003528002683488518e+00
1.002887854912916987e+00
1.002360027175470236e+00
1.001925912346709246e+00
1.001569695965190743e+00
1.001278016530734893e+00
1.001039643695322168e+00
1.000845181724284716e+00
1.000686801904145273e+00
1.000558005002784245e+00
1.000453413176744188e+00
1.000368589647690820e+00
1.000299883858645211e+00
1.000244299533877612e+00
1.000199383000205611e+00
1.000163129204870716e+00
1.000133903030139937e+00
1.000110373717759682e+00
1.000091460449882508e+00
1.000076287369188188e+00
1.000064146547909205e+00
1.000054467626935173e+00
1.000046793038445347e+00
1.000040757897722843e+00
1.000036073802166303e+00
1.000032515909407227e+00
1.000029912783670927e+00
1.000028138602314876e+00
1.000027107405018878e+00
1.000026769148796735e+00
1.000027107405018878e+00
1.000028138602314876e+00
1.000029912783670927e+00
1.000032515909407227e+00
1.000036073802166303e+00
1.000040757897722843e+00
1.000046793038445347e+00
1.000054467626935173e+00
1.000064146547909205e+00
1.000076287369188188e+00
1.000091460449882508e+00
1.000110373717759682e+00
1.000133903030139937e+00
1.000163129204870716e+00
1.000199383000205611e+00
1.000244299533877612e+00
1.000299883858645211e+00
1.000368589647690820e+00
1.000453413176744188e+00
1.000558005002784245e+00
1.000686801904145273e+00
1.000845181724284716e+00
1.001039643695322168e+00
1.001278016530734893e+00
1.001569695965190743e+00
1.001925912346709246e+00
1.002360027175470236e+00
1.002887854912916987e+00
1.003528002683488518e+00
1.004302215340567406e+00
1.005235706410536167e+00
1.006357446290777835e+00
1.007700367413924436e+00
1.009301431659721970e+00
1.011201488077475341e+00
1.013444829352790233e+00
1.016078334432335417e+00
1.019150064297038583e+00
1.022707161402814480e+00
1.026792895955759066e+00
1.031442711349114028e+00
1.036679156617758446e+00
1.042505667785398993e+00
1.048899285868379438e+00
1.055802589338488806e+00
1.063115379917939585e+00
1.070686987430236936e+00
1.078310425519820592e+00
1.085719977203593478e+00
1.092594019392220561e+00
1.098564870918034009e+00
1.103237008937890673e+00
1.106214004533406348e+00
1.107132934356851672e+00
1.105702969495007126e+00
1.101742719193367304e+00
1.095209362078656934e+00
1.086212396185114892e+00
1.075006589572635507e+00
1.061962525594399853e+00
1.047518383506008011e+00
1.032121961602210591e+00
1.016175857372849434e+00
1.000000000000000000e+00
