1.000000000000000000e+00
9.038598961304692425e-01
8.947031585380541552e-01
9.743336312243081609e-01
1.108468557152229694e+00
1.257248054830177209e+00
1.390518784797907248e+00
1.492325034602689726e+00
1.559004301490692468e+00
1.594734770218987574e+00
1.607219390195743891e+00
1.604726309973676601e+00
1.594539786136477844e+00
1.582344311277833482e+00
1.572062519168914152e+00
1.565884916788434555e+00
1.564420436162785366e+00
1.566972178538812210e+00
1.571927738819945297e+00
1.577210164341634524e+00
1.580710467097261596e+00
1.580630408669563502e+00
1.575695541567530000e+00
1.565235164945446344e+00
1.549153637069522915e+00
1.527830664904100910e+00
1.501988335904087979e+00
1.472554830572115003e+00
1.440544146102969103e+00
1.406961354193333236e+00
1.372735602971942859e+00
1.338678540727691768e+00
1.305463620551591930e+00
1.273621129890676995e+00
1.243544116338524130e+00
1.215501155093288599e+00
1.189652805382913625e+00
1.166069455783545816e+00
1.144748981758177742e+00
1.125633211116575660e+00
1.108622623009743347e+00
1.093589014942031090e+00
1.080386084583192963e+00
1.068858011639649996e+00
1.058846208888582607e+00
1.050194456015014710e+00
1.042752646958353235e+00
1.036379380016119400e+00
1.030943606622749309e+00
1.026325534395126082e+00
1.022416956223307194e+00
1.019121152349709458e+00
1.016352488192730386e+00
1.014035808198273880e+00
1.012105705863581839e+00
1.010505732560248893e+00
1.009187592943575185e+00
1.008110362470559407e+00
1.007239752657189236e+00
1.006547441928788089e+00
1.006010483973645897e+00
1.005610801115895958e+00
1.005334767107663785e+00
1.005172881650922667e+00
1.005119537669289631e+00
1.005172881652962591e+00
1.005334767111849326e+00
1.005610801122440723e+00
1.006010483982880510e+00
1.006547441941183285e+00
1.007239752673371846e+00
1.008110362491344558e+00
1.009187592970002489e+00
1.010505732593639516e+00
1.012105705905592679e+00
1.014035808250982162e+00
1.016352488258734033e+00
1.019121152432245658e+00
1.022416956326409831e+00
1.026325534523820249e+00
1.030943606783290889e+00
1.036379380216296608e+00
1.042752647207868533e+00
1.050194456325954429e+00
1.058846209276018913e+00
1.068858012122394729e+00
1.080386085184747547e+00
1.093589015691800892e+00
1.108622623944574892e+00
1.125633212282715068e+00
1.144748983213783600e+00
1.166069457601903281e+00
1.189652807656558009e+00
1.215501157939307131e+00
1.243544119905364509e+00
1.273621134366886842e+00
1.305463626176979641e+00
1.338678547807564012e+00
1.372735611895045338e+00
1.406961365454338253e+00
1.440544160330152312e+00
1.472554848560801766e+00
1.501988358656016320e+00
1.527830693672021622e+00
1.549153673405179843e+00
1.565235210747179639e+00
1.575695599121372581e+00
1.580630480674819927e+00
1.580710556664678634e+00
1.577210274949957913e+00
1.571927874215571563e+00
1.566972342564109555e+00
1.564420632501698050e+00
1.565885148623408885e+00
1.572062788751527718e+00
1.582344619428213139e+00
1.594540131705913355e+00
1.604726689332083511e+00
1.607219796837429993e+00
1.594735194606038409e+00
1.559004731255285048e+00
1.492325455187792471e+00
1.390519180519940390e+00
1.257248410210931588e+00
1.108468858243510047e+00
9.743338666169614193e-01
8.947033198606845206e-01
9.038599780601945799e-01
1.000000000000000000e+00
