1.000000000000000000e+00
1.069831622326208764e+00
1.139074500916219979e+00
1.206458774021593516e+00
1.270113445161820787e+00
1.327810335004061093e+00
1.377307739121821806e+00
1.416708571592164345e+00
1.444748666015870153e+00
1.460956509770731993e+00
1.465666171984243649e+00
1.459904501697114831e+00
1.445198668742655013e+00
1.423356197511129517e+00
1.396260531058194587e+00
1.365708671682962949e+00
1.333300881728838538e+00
1.300380110890715812e+00
1.268011916682417084e+00
1.236993311938186180e+00
1.207879602237648564e+00
1.181020354017696006e+00
1.156598093094577173e+00
1.134665575264957038e+00
1.115179248908310772e+00
1.098027808543847961e+00
1.083055584127307513e+00
1.070081022470442900e+00
1.058910790870067009e+00
1.049350148215026923e+00
1.041210245006447987e+00
1.034312972737248870e+00
1.028493912937884947e+00
1.023603854803432744e+00
1.019509268531929580e+00
1.016092045459000115e+00
1.013248748823668333e+00
1.010889561656604929e+00
1.008937070783672452e+00
1.007324987558313012e+00
1.005996875619899589e+00
1.004904932545922724e+00
1.004008854559521158e+00
1.003274800391559252e+00
1.002674461023601138e+00
1.002184235536727419e+00
1.001784508981015342e+00
1.001459025506851841e+00
1.001194348520541011e+00
1.000979398997399850e+00
1.000805063040250964e+00
1.000663860110420966e+00
1.000549663934689582e+00
1.000457468798673588e+00
1.000383194700501965e+00
1.000323525607500041e+00
1.000275775800586464e+00
1.000237779986306030e+00
1.000207803494926440e+00
1.000184469461068870e+00
1.000166700401919018e+00
1.000153672070918542e+00
1.000144777877962632e+00
1.000139602537056138e+00
1.000137903936948236e+00
1.000139602537056138e+00
1.000144777877962632e+00
1.000153672070918542e+00
1.000166700401919018e+00
1.000184469461068870e+00
1.000207803494926440e+00
1.000237779986306030e+00
1.000275775800586464e+00
1.000323525607500041e+00
1.000383194700501965e+00
1.000457468798673588e+00
1.000549663934689582e+00
1.000663860110420966e+00
1.000805063040250964e+00
1.000979398997399850e+00
1.001194348520541011e+00
1.001459025506851841e+00
1.001784508981015342e+00
1.002184235536727419e+00
1.002674461023601138e+00
1.003274800391559252e+00
1.004008854559521158e+00
1.004904932545922724e+00
1.005996875619899589e+00
1.007324987558313012e+00
1.008937070783672452e+00
1.010889561656604929e+00
1.013248748823668333e+00
1.016092045459000115e+00
1.019509268531929358e+00
1.023603854803432744e+00
1.028493912937884724e+00
1.034312972737248870e+00
1.041210245006447987e+00
1.049350148215026923e+00
1.058910790870067231e+00
1.070081022470442678e+00
1.083055584127307958e+00
1.098027808543847739e+00
1.115179248908310772e+00
1.134665575264957038e+00
1.156598093094577173e+00
1.181020354017696672e+00
1.207879602237648342e+00
1.236993311938185736e+00
1.268011916682417750e+00
1.300380110890716034e+00
1.333300881728838316e+00
1.365708671682962505e+00
1.396260531058193477e+00
1.423356197511130183e+00
1.445198668742654569e+00
1.459904501697113943e+00
1.465666171984243427e+00
1.460956509770732659e+00
1.444748666015869265e+00
1.416708571592163457e+00
1.377307739121821362e+00
1.327810335004061981e+00
1.270113445161821231e+00
1.206458774021593294e+00
1.139074500916220201e+00
1.069831622326208542e+00
1.000000000000000000e+00
