1.000000000000000000e+00
1.044596797219725870e+00
1.088626475188656295e+00
1.131208619396970594e+00
1.171179527571304613e+00
1.207217139367283698e+00
1.238021821250105292e+00
1.262505796055831242e+00
1.279946881577328499e+00
1.290076026583563351e+00
1.293088176070438688e+00
1.289585359915815799e+00
1.280473920920695230e+00
1.266842205707583657e+00
1.249842011948251619e+00
1.230589773663883779e+00
1.210095207862983413e+00
1.189218268752684660e+00
1.168650764315558366e+00
1.148916852153592627e+00
1.130386270513077829e+00
1.113294870476896570e+00
1.097768200579311015e+00
1.083845152512276089e+00
1.071499784717983017e+00
1.060660310836843312e+00
1.051224864285537297e+00
1.043074061037402078e+00
1.036080626437011931e+00
1.030116474744516397e+00
1.025057671363273082e+00
1.020787697891971879e+00
1.017199401466444275e+00
1.014195957570334317e+00
1.011691119481689993e+00
1.009608973747340155e+00
1.007883372769948771e+00
1.006457174168710944e+00
1.005281382303518045e+00
1.004314259832771228e+00
1.003520455656600863e+00
1.002870179190704647e+00
1.002338438722047753e+00
1.001904352781053387e+00
1.001550537291072240e+00
1.001262567103240242e+00
1.001028507883944707e+00
1.000838512785269030e+00
1.000684477577545417e+00
1.000559747713482439e+00
1.000458870942301237e+00
1.000377389465189948e+00
1.000311666123890664e+00
1.000258739674351860e+00
1.000216204771681383e+00
1.000182112851202065e+00
1.000154890615486458e+00
1.000133273318989158e+00
1.000116250476607460e+00
1.000103022009916520e+00
1.000092963187725337e+00
1.000085597019735761e+00
1.000080573028728770e+00
1.000077651562969239e+00
1.000076693022176055e+00
1.000077651562969239e+00
1.000080573028728770e+00
1.000085597019735761e+00
1.000092963187725337e+00
1.000103022009916520e+00
1.000116250476607460e+00
1.000133273318989158e+00
1.000154890615486458e+00
1.000182112851202065e+00
1.000216204771681383e+00
1.000258739674351860e+00
1.000311666123890664e+00
1.000377389465189948e+00
1.000458870942301237e+00
1.000559747713482439e+00
1.000684477577545417e+00
1.000838512785269030e+00
1.001028507883944707e+00
1.001262567103240242e+00
1.001550537291072240e+00
1.001904352781053387e+00
1.002338438722047753e+00
1.002870179190704647e+00
1.003520455656600863e+00
1.004314259832771228e+00
1.005281382303518045e+00
1.006457174168710944e+00
1.007883372769948771e+00
1.009608973747340155e+00
1.011691119481689771e+00
1.014195957570334317e+00
1.017199401466444275e+00
1.020787697891971879e+00
1.025057671363273082e+00
1.030116474744516397e+00
1.036080626437011931e+00
1.043074061037401856e+00
1.051224864285537519e+00
1.060660310836843090e+00
1.071499784717983017e+00
1.083845152512275867e+00
1.097768200579311015e+00
1.113294870476897014e+00
1.130386270513077607e+00
1.148916852153592405e+00
1.168650764315558366e+00
1.189218268752684882e+00
1.210095207862982747e+00
1.230589773663882891e+00
1.249842011948250731e+00
1.266842205707583435e+00
1.280473920920694342e+00
1.289585359915814688e+00
1.293088176070438244e+00
1.290076026583562241e+00
1.279946881577327167e+00
1.262505796055830354e+00
1.238021821250104626e+00
1.207217139367283920e+00
1.171179527571303725e+00
1.131208619396969928e+00
1.088626475188656517e+00
1.044596797219725648e+00
1.000000000000000000e+00
