1.000000000000000000e+00
7.724773383444663022e-01
7.936361244067170473e-01
9.658940479981837912e-01
1.160873374265452229e+00
1.315060459654984193e+00
1.420144514099757727e+00
1.489652715446371678e+00
1.537148067297516851e+00
1.570142444544463167e+00
1.592006825144029136e+00
1.604787433565731281e+00
1.610286608853831014e+00
1.609874209311999982e+00
1.604231221032158317e+00
1.593626184527681566e+00
1.578571598800575737e+00
1.560381819519904401e+00
1.541272510796525941e+00
1.523956563167569556e+00
1.510954810243583912e+00
1.503932378787096624e+00
1.503303727768577014e+00
1.508200981210251479e+00
1.516756069466027146e+00
1.526560687298134988e+00
1.535151685759362561e+00
1.540405391650741862e+00
1.540782392352292751e+00
1.535418184082600224e+00
1.524090339262954341e+00
1.507107108664111239e+00
1.485160721361086900e+00
1.459178468942152973e+00
1.430192206695635404e+00
1.399235984211749440e+00
1.367273680749665710e+00
1.335153827996278686e+00
1.303586604499673118e+00
1.273137458365146024e+00
1.244232239127895046e+00
1.217169577169519457e+00
1.192137214919907651e+00
1.169229893005719223e+00
1.148467150264673498e+00
1.129809991084644638e+00
1.113175818438018272e+00
1.098451349922185072e+00
1.085503453147528052e+00
1.074187979787972536e+00
1.064356764474532202e+00
1.055863001309589100e+00
1.048565229290937539e+00
1.042330157530325874e+00
1.037034548628167796e+00
1.032566358884714042e+00
1.028825310745349775e+00
1.025723048479473265e+00
1.023183004250223238e+00
1.021140079499960551e+00
1.019540226545412320e+00
1.018339997694350574e+00
1.017506114061927480e+00
1.017015093401725023e+00
1.016852965376959572e+00
1.017015093402769743e+00
1.017506114064073541e+00
1.018339997697712995e+00
1.019540226550173623e+00
1.021140079506378306e+00
1.023183004258638951e+00
1.025723048490340572e+00
1.028825310759249545e+00
1.032566358902396786e+00
1.037034548650569876e+00
1.042330157558646775e+00
1.048565229326690718e+00
1.055863001354677699e+00
1.064356764531356081e+00
1.074187979859547504e+00
1.085503453237658844e+00
1.098451350035658081e+00
1.113175818580864673e+00
1.129809991264453473e+00
1.148467150491023991e+00
1.169229893290689715e+00
1.192137215278762374e+00
1.217169577621567633e+00
1.244232239697599107e+00
1.273137459083549805e+00
1.303586605406224397e+00
1.335153829141237036e+00
1.367273682197152063e+00
1.399235986043728230e+00
1.430192209017046023e+00
1.459178471887533579e+00
1.485160725103046531e+00
1.507107113424137168e+00
1.524090345325008311e+00
1.535418191810016264e+00
1.540782402208363155e+00
1.540405404223067931e+00
1.535151701787749179e+00
1.526560707704905262e+00
1.516756095386828873e+00
1.508201014022191755e+00
1.503303769111459909e+00
1.503932430572685996e+00
1.510954874647378432e+00
1.523956642597369182e+00
1.541272607831460473e+00
1.560381936811666925e+00
1.578571738925117041e+00
1.593626349772129247e+00
1.604231413102591652e+00
1.609874428959254367e+00
1.610286855440890674e+00
1.604787704638213297e+00
1.592007116100664144e+00
1.570142748517895814e+00
1.537148375334350892e+00
1.489653017020401871e+00
1.420144797915303680e+00
1.315060714610631232e+00
1.160873590377493159e+00
9.658942170774855729e-01
7.936362403826848766e-01
7.724773972877165829e-01
1.000000000000000000e+00
