1.000000000000000000e+00
8.846854545882736343e-01
8.731331454971051897e-01
9.619323471633051126e-01
1.106956485047472682e+00
1.262067975198278180e+00
1.396036116194698584e+00
1.495210101940366521e+00
1.558959470719432083e+00
1.593361779144615298e+00
1.606341429961207323e+00
1.605175502840552104e+00
1.595803088292169436e+00
1.582942391479426725e+00
1.570286265114254176e+00
1.560508358725593681e+00
1.555142075937579804e+00
1.554505317815509491e+00
1.557795586286321754e+00
1.563373285973584936e+00
1.569163396557018197e+00
1.573070618736266413e+00
1.573317182823870564e+00
1.568653355654894277e+00
1.558434303285403111e+00
1.542588021401628984e+00
1.521512942299794613e+00
1.495943569972802534e+00
1.466814092204079989e+00
1.435138951492134884e+00
1.401919449993061839e+00
1.368078216952184123e+00
1.334418963862068708e+00
1.301606859058379362e+00
1.270164330808125630e+00
1.240477491200467242e+00
1.212809173926632011e+00
1.187315488242863371e+00
1.164063640581054937e+00
1.143049490386523814e+00
1.124213869610922512e+00
1.107457116294326971e+00
1.092651574025680139e+00
1.079652015416401989e+00
1.068304081688733920e+00
1.058450911032321029e+00
1.049938170603980314e+00
1.042617722555037707e+00
1.036350152031804583e+00
1.031006371213764927e+00
1.026468492889286210e+00
1.022630143237914790e+00
1.019396358786301970e+00
1.016683188545914884e+00
1.014417100152137152e+00
1.012534268993284359e+00
1.010979812112203557e+00
1.009707014122745328e+00
1.008676580396420608e+00
1.007855943131626741e+00
1.007218638356455420e+00
1.006743766149643005e+00
1.006415542104444949e+00
1.006222945028218074e+00
1.006159463806671317e+00
1.006222945023857340e+00
1.006415542095502991e+00
1.006743766135669071e+00
1.007218638336740746e+00
1.007855943105181451e+00
1.008676580361919761e+00
1.009707014078468967e+00
1.010979812055950333e+00
1.012534268922278491e+00
1.014417100062888544e+00
1.016683188434058360e+00
1.019396358646400103e+00
1.022630143063191221e+00
1.026468492671320121e+00
1.031006370942090022e+00
1.036350151693426591e+00
1.042617722133819536e+00
1.049938170079878885e+00
1.058450910380440257e+00
1.068304080878133222e+00
1.079652014408602589e+00
1.092651572772788349e+00
1.107457114736665860e+00
1.124213867674041856e+00
1.143049487977401801e+00
1.164063637583279576e+00
1.187315484510493180e+00
1.212809169276363619e+00
1.240477485401626057e+00
1.270164323569883180e+00
1.301606850013448113e+00
1.334418952545910697e+00
1.368078202776691565e+00
1.401919432213350802e+00
1.435138929165158839e+00
1.466814064137643037e+00
1.495943534663904950e+00
1.521512897861918789e+00
1.542587965481844181e+00
1.558434232974381883e+00
1.568653267396155071e+00
1.573317072332975242e+00
1.573070480946126004e+00
1.569163225611192036e+00
1.563373075294679948e+00
1.557795328749543406e+00
1.554505006057109950e+00
1.555141702822981697e+00
1.560507917992078220e+00
1.570285752187484674e+00
1.582941804439724764e+00
1.595802428931366146e+00
1.605174777699239774e+00
1.606340651170661493e+00
1.593360964833165028e+00
1.558958644715977560e+00
1.495209292570135906e+00
1.396035354157139752e+00
1.262067290826503596e+00
1.106955905551456842e+00
9.619318945541261989e-01
8.731328356427604520e-01
8.846852973574137469e-01
1.000000000000000000e+00
