1.000000000000000000e+00
8.559040747068389354e-01
8.466314741778622199e-01
9.550765394259287389e-01
1.117608677568517672e+00
1.278433159683534770e+00
1.407383327269840168e+00
1.497291121242930956e+00
1.553910372478746416e+00
1.586594226080866088e+00
1.603076864593524942e+00
1.608182087923163861e+00
1.604729148055610066e+00
1.594923647408744705e+00
1.581240665612339225e+00
1.566547330014361750e+00
1.553675056929337384e+00
1.544812398648710117e+00
1.541038679979563675e+00
1.542168097034220642e+00
1.546915102569594858e+00
1.553281291486135363e+00
1.559021473238261679e+00
1.562062472337252705e+00
1.560796721213852267e+00
1.554226797606716337e+00
1.541978275153933042e+00
1.524219806494326868e+00
1.501533447280628986e+00
1.474771263362442353e+00
1.444922812674796608e+00
1.413006802649524829e+00
1.379991435209828587e+00
1.346742250723143242e+00
1.313993272404545998e+00
1.282336175201350459e+00
1.252222308413588170e+00
1.223973106613407413e+00
1.197795341914055012e+00
1.173798579300018963e+00
1.152012987902301555e+00
1.132406298347641060e+00
1.114899181811433548e+00
1.099378679885469001e+00
1.085709560945413044e+00
1.073743642694162004e+00
1.063327222923361903e+00
1.054306818212632280e+00
1.046533436447677490e+00
1.039865613681305145e+00
1.034171436442940628e+00
1.029329752604457138e+00
1.025230751299184728e+00
1.021776067974441427e+00
1.018878546363362059e+00
1.016461766248952348e+00
1.014459425122336667e+00
1.012814643598583864e+00
1.011479248873274894e+00
1.010413077522105407e+00
1.009583328385123435e+00
1.008963987883273239e+00
1.008535343596062672e+00
1.008283596977694652e+00
1.008200582399225720e+00
1.008283596976617735e+00
1.008535343593855549e+00
1.008963987879827329e+00
1.009583328380261769e+00
1.010413077515590174e+00
1.011479248864780800e+00
1.012814643587693020e+00
1.014459425108513724e+00
1.016461766231526065e+00
1.018878546341483338e+00
1.021776067947055999e+00
1.025230751264982532e+00
1.029329752561804590e+00
1.034171436389812682e+00
1.039865613615185591e+00
1.046533436365450376e+00
1.054306818110426924e+00
1.063327222796378368e+00
1.073743642536437726e+00
1.085709560749537061e+00
1.099378679642222467e+00
1.114899181509336756e+00
1.132406297972376574e+00
1.152012987435988123e+00
1.173798578720280039e+00
1.197795341192837926e+00
1.223973105715484344e+00
1.252222307294624359e+00
1.282336173805453727e+00
1.313993270661123702e+00
1.346742248542924347e+00
1.379991432479799496e+00
1.413006799226579790e+00
1.444922808377785861e+00
1.474771257962404825e+00
1.501533440488956206e+00
1.524219797948713095e+00
1.541978264402211973e+00
1.554226784088911906e+00
1.560796704243283095e+00
1.562062451082066206e+00
1.559021446705499248e+00
1.553281258511264085e+00
1.546915061815267611e+00
1.542168047003003251e+00
1.541038619046258162e+00
1.544812325118867680e+00
1.553674969131157546e+00
1.566547226431237005e+00
1.581240545061685987e+00
1.594923509268515449e+00
1.604728992530871201e+00
1.608181916330032157e+00
1.603076679616289191e+00
1.586594031934426274e+00
1.553910174893003315e+00
1.497290927193816845e+00
1.407383144429847244e+00
1.278432995656025195e+00
1.117608539079947283e+00
9.550764317149599281e-01
8.466314007694760724e-01
8.559040375858777416e-01
1.000000000000000000e+00
