1.000000000000000000e+00
9.586976673085848555e-01
9.652766527594245360e-01
1.026400317590229649e+00
1.127024848203531660e+00
1.244464714998518406e+00
1.357616423275548323e+00
1.451964181068430726e+00
1.521037075683224771e+00
1.565284852730414400e+00
1.589588835826342583e+00
1.600557499696926955e+00
1.604389043292457462e+00
1.605622868783030510e+00
1.606738696796450094e+00
1.608368151569483206e+00
1.609835522818356068e+00
1.609784949386314779e+00
1.606729416022079970e+00
1.599438635138586529e+00
1.587149005953675251e+00
1.569621540854270192e+00
1.547093248587414260e+00
1.520169383593655388e+00
1.489695475822539583e+00
1.456635657995047017e+00
1.421971925487771626e+00
1.386629780787102861e+00
1.351429736711864393e+00
1.317060946174826830e+00
1.284072011413160297e+00
1.252874036395764668e+00
1.223751626749379762e+00
1.196878415163054710e+00
1.172334566945409717e+00
1.150124488161121228e+00
1.130193578434225854e+00
1.112443342613617547e+00
1.096744518717874373e+00
1.082948118287433870e+00
1.070894433247306932e+00
1.060420161151985674e+00
1.051363854848199608e+00
1.043569926065696318e+00
1.036891435033025610e+00
1.031191887225464177e+00
1.026346239159840579e+00
1.022241291638600114e+00
1.018775623757565363e+00
1.015859196203920511e+00
1.013412729100444221e+00
1.011366938623353473e+00
1.009661698196769208e+00
1.008245174349319706e+00
1.007072974234867857e+00
1.006107331182175768e+00
1.005316346196467814e+00
1.004673296808154426e+00
1.004156019766365482e+00
1.003746370535594457e+00
1.003429760124577630e+00
1.003194768237420043e+00
1.003032830898011651e+00
1.002938000398132523e+00
1.002906775522669713e+00
1.002938000398132523e+00
1.003032830898011651e+00
1.003194768237420043e+00
1.003429760124577630e+00
1.003746370535594457e+00
1.004156019766365482e+00
1.004673296808154426e+00
1.005316346196467814e+00
1.006107331182175768e+00
1.007072974234867857e+00
1.008245174349319706e+00
1.009661698196769208e+00
1.011366938623353695e+00
1.013412729100444221e+00
1.015859196203920511e+00
1.018775623757565363e+00
1.022241291638600114e+00
1.026346239159840579e+00
1.031191887225463732e+00
1.036891435033025388e+00
1.043569926065696540e+00
1.051363854848200052e+00
1.060420161151985896e+00
1.070894433247307154e+00
1.082948118287433203e+00
1.096744518717873929e+00
1.112443342613617325e+00
1.130193578434226742e+00
1.150124488161120118e+00
1.172334566945408607e+00
1.196878415163054488e+00
1.223751626749377541e+00
1.252874036395765112e+00
1.284072011413160519e+00
1.317060946174826608e+00
1.351429736711865504e+00
1.386629780787102639e+00
1.421971925487772959e+00
1.456635657995046573e+00
1.489695475822540249e+00
1.520169383593656054e+00
1.547093248587414926e+00
1.569621540854272412e+00
1.587149005953677916e+00
1.599438635138588971e+00
1.606729416022083745e+00
1.609784949386318109e+00
1.609835522818360953e+00
1.608368151569488314e+00
1.606738696796456312e+00
1.605622868783040280e+00
1.604389043292467676e+00
1.600557499696936503e+00
1.589588835826353019e+00
1.565284852730423504e+00
1.521037075683237427e+00
1.451964181068442272e+00
1.357616423275558759e+00
1.244464714998528621e+00
1.127024848203541207e+00
1.026400317590235423e+00
9.652766527594287549e-01
9.586976673085858547e-01
1.000000000000000000e+00
