1.000000000000000000e+00
9.917703213105057980e-01
1.009644298416603858e+00
1.059706239054502230e+00
1.136175505038068856e+00
1.227746367556046270e+00
1.322291952812308935e+00
1.409957938200852690e+00
1.484628521207989715e+00
1.543951450049035001e+00
1.588390475745999009e+00
1.619912043715346028e+00
1.640824622574361236e+00
1.653050853484860472e+00
1.657864427670045382e+00
1.655964244437712951e+00
1.647709991875271340e+00
1.633373603978233835e+00
1.613322933814275162e+00
1.588111872022510251e+00
1.558488757138810854e+00
1.525351089328854215e+00
1.489675508231279366e+00
1.452445258728927602e+00
1.414588650722141017e+00
1.376934481447860792e+00
1.340185165881296658e+00
1.304905358477575605e+00
1.271522598828557671e+00
1.240336350433594248e+00
1.211532216226334002e+00
1.185198759797704726e+00
1.161345033295856144e+00
1.139917510058088723e+00
1.120815604261214515e+00
1.103905328356984628e+00
1.089030905139529048e+00
1.076024333803177413e+00
1.064713027109698285e+00
1.054925706253390771e+00
1.046496774626589632e+00
1.039269401979584284e+00
1.033097544480994223e+00
1.027847109941396164e+00
1.023396455393339455e+00
1.019636379509928581e+00
1.016469747216594000e+00
1.013810859791036911e+00
1.011584661679809427e+00
1.009725855692980678e+00
1.008177981373119092e+00
1.006892497161837596e+00
1.005827895356500745e+00
1.004948869526218980e+00
1.004225546762929300e+00
1.003632791589180062e+00
1.003149584246936010e+00
1.002758473189103494e+00
1.002445099654240446e+00
1.002197791022696016e+00
1.002007219058876686e+00
1.001866118998830490e+00
1.001769065631663569e+00
1.001712302956816236e+00
1.001693624607355115e+00
1.001712302956816236e+00
1.001769065631663569e+00
1.001866118998830490e+00
1.002007219058876686e+00
1.002197791022696016e+00
1.002445099654240446e+00
1.002758473189103494e+00
1.003149584246936010e+00
1.003632791589180062e+00
1.004225546762929300e+00
1.004948869526218980e+00
1.005827895356500745e+00
1.006892497161837596e+00
1.008177981373119092e+00
1.009725855692980678e+00
1.011584661679809427e+00
1.013810859791036911e+00
1.016469747216594222e+00
1.019636379509928137e+00
1.023396455393339455e+00
1.027847109941396164e+00
1.033097544480994223e+00
1.039269401979584284e+00
1.046496774626590076e+00
1.054925706253390993e+00
1.064713027109698285e+00
1.076024333803177191e+00
1.089030905139529493e+00
1.103905328356984183e+00
1.120815604261214293e+00
1.139917510058088501e+00
1.161345033295854368e+00
1.185198759797704948e+00
1.211532216226334002e+00
1.240336350433593804e+00
1.271522598828558781e+00
1.304905358477574051e+00
1.340185165881297547e+00
1.376934481447860126e+00
1.414588650722141461e+00
1.452445258728927158e+00
1.489675508231278700e+00
1.525351089328855103e+00
1.558488757138811520e+00
1.588111872022509363e+00
1.613322933814275384e+00
1.633373603978232946e+00
1.647709991875270008e+00
1.655964244437710953e+00
1.657864427670042939e+00
1.653050853484860250e+00
1.640824622574360347e+00
1.619912043715343364e+00
1.588390475745996344e+00
1.543951450049031227e+00
1.484628521207987939e+00
1.409957938200849359e+00
1.322291952812306048e+00
1.227746367556044271e+00
1.136175505038067080e+00
1.059706239054499788e+00
1.009644298416601860e+00
9.917703213105034665e-01
1.000000000000000000e+00
