1.000000000000000000e+00
1.010885624399920468e+00
1.037293189524130188e+00
1.084385343753272446e+00
1.150524785076985301e+00
1.230125294327529817e+00
1.315939017922830967e+00
1.400805059671041741e+00
1.478797451827596143e+00
1.545755158677367014e+00
1.599296865459269190e+00
1.638517823720463840e+00
1.663577025033192935e+00
1.675321517188814502e+00
1.675010085339862398e+00
1.664134146758188493e+00
1.644305049776374705e+00
1.617176347036104467e+00
1.584381467196518178e+00
1.547479465956658196e+00
1.507908965563500292e+00
1.466952821345997027e+00
1.425715409016285129e+00
1.385112686611907007e+00
1.345873588872511295e+00
1.308550350278072427e+00
1.273535044468535382e+00
1.241079789590937121e+00
1.211318487902318441e+00
1.184288475657930162e+00
1.159950950257948366e+00
1.138209462607724820e+00
1.118926095799412490e+00
1.101935198721178955e+00
1.087054716507447560e+00
1.074095273171761455e+00
1.062867229152619775e+00
1.053185969829470103e+00
1.044875690098405530e+00
1.037771932521631024e+00
1.031723118289980423e+00
1.026591285716012658e+00
1.022252223490540013e+00
1.018595157842707266e+00
1.015522125663873787e+00
1.012947140634234522e+00
1.010795237033801364e+00
1.009001456498359817e+00
1.007509826530278874e+00
1.006272365962659343e+00
1.005248141567586240e+00
1.004402391302457120e+00
1.003705722986838689e+00
1.003133392181836836e+00
1.002664659409743031e+00
1.002282224336289662e+00
1.001971732908050416e+00
1.001721352494153283e+00
1.001521409659671402e+00
1.001364085163480411e+00
1.001243161019836680e+00
1.001153814907697504e+00
1.001092457792886359e+00
1.001056611298922983e+00
1.001044822090808806e+00
1.001056611298922983e+00
1.001092457792886359e+00
1.001153814907697504e+00
1.001243161019836680e+00
1.001364085163480411e+00
1.001521409659671402e+00
1.001721352494153283e+00
1.001971732908050416e+00
1.002282224336289662e+00
1.002664659409743031e+00
1.003133392181836836e+00
1.003705722986838689e+00
1.004402391302457120e+00
1.005248141567586240e+00
1.006272365962659343e+00
1.007509826530278874e+00
1.009001456498359817e+00
1.010795237033801586e+00
1.012947140634234522e+00
1.015522125663873787e+00
1.018595157842707266e+00
1.022252223490540013e+00
1.026591285716012436e+00
1.031723118289980423e+00
1.037771932521631246e+00
1.044875690098405530e+00
1.053185969829470103e+00
1.062867229152619775e+00
1.074095273171761233e+00
1.087054716507447338e+00
1.101935198721178955e+00
1.118926095799411380e+00
1.138209462607724376e+00
1.159950950257948143e+00
1.184288475657930384e+00
1.211318487902318886e+00
1.241079789590936233e+00
1.273535044468535826e+00
1.308550350278071983e+00
1.345873588872511517e+00
1.385112686611906785e+00
1.425715409016285129e+00
1.466952821345999025e+00
1.507908965563500958e+00
1.547479465956657085e+00
1.584381467196519955e+00
1.617176347036104689e+00
1.644305049776374927e+00
1.664134146758188715e+00
1.675010085339861510e+00
1.675321517188817166e+00
1.663577025033195378e+00
1.638517823720465172e+00
1.599296865459270078e+00
1.545755158677367680e+00
1.478797451827598142e+00
1.400805059671042407e+00
1.315939017922831633e+00
1.230125294327532037e+00
1.150524785076987078e+00
1.084385343753272668e+00
1.037293189524129522e+00
1.010885624399919136e+00
1.000000000000000000e+00
