1.000000000000000000e+00
1.068275266935663881e+00
1.135940661568142884e+00
1.201739760456488781e+00
1.263844217780480950e+00
1.320088013993013121e+00
1.368298392757107296e+00
1.406640757162598732e+00
1.433896123828919178e+00
1.449614627892140239e+00
1.454127542961219488e+00
1.448438034290671750e+00
1.434034899610947100e+00
1.412679487420956281e+00
1.386207342536534881e+00
1.356370345532111443e+00
1.324729177174715389e+00
1.292594017865876577e+00
1.261004655769518035e+00
1.230738845631671241e+00
1.202338309531981952e+00
1.176143747914482729e+00
1.152332598969728172e+00
1.130955460333311846e+00
1.111968822281414360e+00
1.095263015616881885e+00
1.080685110496312218e+00
1.068057008721556400e+00
1.057189244481831158e+00
1.047891124450436751e+00
1.039977855831842213e+00
1.033275271676368012e+00
1.027622694273150339e+00
1.022874397504402566e+00
1.018900048543497583e+00
1.015584434356103571e+00
1.012826712193217737e+00
1.010539366776752601e+00
1.008647010123749910e+00
1.007085122217437068e+00
1.005798800963442430e+00
1.004741566899054694e+00
1.003874250795717904e+00
1.003163979539350992e+00
1.002583266543562557e+00
1.002109206638181149e+00
1.001722771208086948e+00
1.001408196788339255e+00
1.001152458916839461e+00
1.000944822466124373e+00
1.000776459661466777e+00
1.000640127348353392e+00
1.000529895655045687e+00
1.000440920901906727e+00
1.000369256366464787e+00
1.000311695272772416e+00
1.000265641104453485e+00
1.000229001024027120e+00
1.000200098807358273e+00
1.000177604268142284e+00
1.000160476654413877e+00
1.000147919951119180e+00
1.000139348425804542e+00
1.000134361114958459e+00
1.000132724274327645e+00
1.000134361114958459e+00
1.000139348425804542e+00
1.000147919951119180e+00
1.000160476654413877e+00
1.000177604268142284e+00
1.000200098807358273e+00
1.000229001024027120e+00
1.000265641104453485e+00
1.000311695272772416e+00
1.000369256366464787e+00
1.000440920901906727e+00
1.000529895655045687e+00
1.000640127348353392e+00
1.000776459661466777e+00
1.000944822466124373e+00
1.001152458916839461e+00
1.001408196788339255e+00
1.001722771208086948e+00
1.002109206638181149e+00
1.002583266543562557e+00
1.003163979539350992e+00
1.003874250795717904e+00
1.004741566899054694e+00
1.005798800963442430e+00
1.007085122217437068e+00
1.008647010123749910e+00
1.010539366776752601e+00
1.012826712193217737e+00
1.015584434356103571e+00
1.018900048543497361e+00
1.022874397504402566e+00
1.027622694273150117e+00
1.033275271676368012e+00
1.039977855831842213e+00
1.047891124450436751e+00
1.057189244481831381e+00
1.068057008721556178e+00
1.080685110496312662e+00
1.095263015616881663e+00
1.111968822281414360e+00
1.130955460333311624e+00
1.152332598969728172e+00
1.176143747914483395e+00
1.202338309531981730e+00
1.230738845631670797e+00
1.261004655769518479e+00
1.292594017865876799e+00
1.324729177174714945e+00
1.356370345532110777e+00
1.386207342536533771e+00
1.412679487420956725e+00
1.434034899610946878e+00
1.448438034290670862e+00
1.454127542961219488e+00
1.449614627892140684e+00
1.433896123828918290e+00
1.406640757162598065e+00
1.368298392757106852e+00
1.320088013993013787e+00
1.263844217780481394e+00
1.201739760456488559e+00
1.135940661568143106e+00
1.068275266935663659e+00
1.000000000000000000e+00
