1.000000000000000000e+00
7.441511139417247289e-01
7.846338783426632935e-01
9.760035503954498370e-01
1.170408702590358008e+00
1.314318736597750004e+00
1.412599707754006451e+00
1.482572797947863563e+00
1.534346137265863996e+00
1.570829870908302173e+00
1.593114899669609619e+00
1.603588192309159721e+00
1.605893373808454649e+00
1.603483003762309789e+00
1.598403127336053053e+00
1.591045515286960921e+00
1.580809315077118304e+00
1.567161158291556555e+00
1.550497499792350631e+00
1.532424739766204747e+00
1.515413514621380742e+00
1.502064309553801325e+00
1.494331828023772735e+00
1.492996477214548090e+00
1.497517502379056564e+00
1.506242371215100739e+00
1.516841880217238758e+00
1.526809504197407907e+00
1.533892276601881433e+00
1.536378549956314954e+00
1.533226333833811905e+00
1.524056988872579455e+00
1.509058210509356179e+00
1.488841588309554265e+00
1.464291031703078172e+00
1.436425825834351411e+00
1.406290465287463709e+00
1.374874729462671974e+00
1.343062033682021150e+00
1.311601360235147729e+00
1.281097217458927906e+00
1.252012329474479602e+00
1.224678553140178261e+00
1.199312483232749527e+00
1.176033135062054313e+00
1.154879889805628501e+00
1.135829522914654000e+00
1.118811616504298945e+00
1.103722004665367518e+00
1.090434142250371830e+00
1.078808447586517838e+00
1.068699768757495727e+00
1.059963178429740083e+00
1.052458326721669390e+00
1.046052585189857886e+00
1.040623204965377413e+00
1.036058693782324402e+00
1.032259593957586485e+00
1.029138819012730854e+00
1.026621682404260882e+00
1.024645728908864628e+00
1.023160458252345029e+00
1.022127011855012757e+00
1.021517877094727078e+00
1.021316649065251214e+00
1.021517877094519688e+00
1.022127011854587986e+00
1.023160458251689331e+00
1.024645728907956466e+00
1.026621682403067837e+00
1.029138819011213180e+00
1.032259593955699994e+00
1.036058693780008033e+00
1.040623204962571657e+00
1.046052585186483030e+00
1.052458326717647719e+00
1.059963178424987662e+00
1.068699768751912638e+00
1.078808447580001051e+00
1.090434142242805216e+00
1.103722004656630729e+00
1.118811616494251426e+00
1.135829522903140543e+00
1.154879889792444825e+00
1.176033135046944844e+00
1.199312483215346781e+00
1.224678553119956437e+00
1.252012329450665762e+00
1.281097217430354096e+00
1.311601360200067123e+00
1.343062033637809405e+00
1.374874729405466844e+00
1.406290465211633478e+00
1.436425825731806993e+00
1.464291031562393819e+00
1.488841588114893977e+00
1.509058210239196951e+00
1.524056988498305731e+00
1.533226333318279622e+00
1.536378549252546355e+00
1.533892275652138926e+00
1.526809502932758411e+00
1.516841878557733336e+00
1.506242369070262432e+00
1.497517499648059358e+00
1.492996473784964362e+00
1.494331823767744316e+00
1.502064304321039101e+00
1.515413508229985551e+00
1.532424731994642686e+00
1.550497490378047072e+00
1.567161146941896899e+00
1.580809301495679886e+00
1.591045499211894976e+00
1.598403108581791798e+00
1.603482982254963440e+00
1.605893349611875465e+00
1.603588165648192732e+00
1.593114870959218887e+00
1.570829840784949472e+00
1.534346106599368209e+00
1.482572767807901482e+00
1.412599679326629554e+00
1.314318711072907764e+00
1.170408681042872656e+00
9.760035336725036981e-01
7.846338669908541341e-01
7.441511082246414777e-01
1.000000000000000000e+00
