1.000000000000000000e+00
8.619487504335281436e-01
8.517843564933044176e-01
9.558187942510885104e-01
1.114817764623204255e+00
1.274897956357693651e+00
1.405391780839526872e+00
1.497577052359661653e+00
1.555826060974987657e+00
1.588848878532616027e+00
1.604466063944181231e+00
1.608033831351749710e+00
1.603034495165400974e+00
1.592230985089142292e+00
1.578416007886686678e+00
1.564494153392087306e+00
1.553089834541320213e+00
1.546028199385543589e+00
1.543978740106429548e+00
1.546399913925504466e+00
1.551772146916409856e+00
1.558009885683204976e+00
1.562914829237039616e+00
1.564557381607591724e+00
1.561524204509261882e+00
1.553020784104072627e+00
1.538853624620057703e+00
1.519332919593266107e+00
1.495137016745413217e+00
1.467171363466267087e+00
1.436443006439741321e+00
1.403961092361144081e+00
1.370665957503538035e+00
1.337384548226039360e+00
1.304807542679169652e+00
1.273482871601559818e+00
1.243820657185555234e+00
1.216105380108288614e+00
1.190512011532714576e+00
1.167123724454152800e+00
1.145949543914011493e+00
1.126940885548761928e+00
1.110006375397097900e+00
1.095024662864091392e+00
1.081855158411995754e+00
1.070346771314167666e+00
1.060344810405885241e+00
1.051696257943116164e+00
1.044253645593111957e+00
1.037877761406103883e+00
1.032439404173939757e+00
1.027820381860761856e+00
1.023913927385557976e+00
1.020624680470084922e+00
1.017868360250991033e+00
1.015571230990056195e+00
1.013669443141873350e+00
1.012108314558150202e+00
1.010841601787746402e+00
1.009830799173095039e+00
1.009044493544006382e+00
1.008457794504163729e+00
1.008051854299875982e+00
1.007813486751133691e+00
1.007734891414708400e+00
1.007813486749816523e+00
1.008051854297175920e+00
1.008457794499947768e+00
1.009044493538058695e+00
1.009830799165122972e+00
1.010841601777352050e+00
1.012108314544821308e+00
1.013669443124953995e+00
1.015571230968723260e+00
1.017868360224204682e+00
1.020624680436551301e+00
1.023913927343671482e+00
1.027820381808518313e+00
1.032439404108858039e+00
1.037877761325101122e+00
1.044253645492372318e+00
1.051696257817904323e+00
1.060344810250332559e+00
1.070346771120995744e+00
1.081855158172170039e+00
1.095024662566392859e+00
1.110006375027584813e+00
1.126940885090086386e+00
1.145949543344563226e+00
1.167123723746966713e+00
1.190512010654091402e+00
1.216105379016049204e+00
1.243820655826803900e+00
1.273482869909850823e+00
1.304807540570885882e+00
1.337384545595814656e+00
1.370665954218430294e+00
1.403961088253322442e+00
1.436443001297299737e+00
1.467171357021891831e+00
1.495137008662538181e+00
1.519332909449482294e+00
1.538853611887775363e+00
1.553020768128694717e+00
1.561524184485749700e+00
1.564557356557020329e+00
1.562914797985770488e+00
1.558009846848557478e+00
1.551772098903978270e+00
1.546399854944616070e+00
1.543978668211155814e+00
1.546028112549219902e+00
1.553089730772201804e+00
1.564494030896710353e+00
1.578415865284925612e+00
1.592230821680364672e+00
1.603034311236184672e+00
1.608033628500131318e+00
1.604465845371794375e+00
1.588848649227960097e+00
1.555825827690844099e+00
1.497576823295735160e+00
1.405391564999575182e+00
1.274897762661102218e+00
1.114817600977864531e+00
9.558186668587673740e-01
8.517842695876216563e-01
8.619487064542906696e-01
1.000000000000000000e+00
