1.000000000000000000e+00
1.065714692104484884e+00
1.130796252266981661e+00
1.194015988110487037e+00
1.253616618374181479e+00
1.307531650908706489e+00
1.353696586403250413e+00
1.390373314812065386e+00
1.416410948887690369e+00
1.431390020345625569e+00
1.435633527515816299e+00
1.430103644611805835e+00
1.416225467508591240e+00
1.395684910315993399e+00
1.370239982032149806e+00
1.341570004286995799e+00
1.311172379146978040e+00
1.280305215952485254e+00
1.249967644720364479e+00
1.220907311602134060e+00
1.193644973042488733e+00
1.168507921021648022e+00
1.145666198392779167e+00
1.125167633061466832e+00
1.106969385643451487e+00
1.090964918886443868e+00
1.077006109604377260e+00
1.064920721642720780e+00
1.054525729018118030e+00
1.045637095702584007e+00
1.038076638924334105e+00
1.031676566591368527e+00
1.026282213805533194e+00
1.021753426072632864e+00
1.017964958551798915e+00
1.014806187700217022e+00
1.012180367069776432e+00
1.010003603962766672e+00
1.008203688132049081e+00
1.006718867021164421e+00
1.005496633150513297e+00
1.004492567014877880e+00
1.003669262124505357e+00
1.002995346542226551e+00
1.002444606512606917e+00
1.001995211752312542e+00
1.001629038016603523e+00
1.001331080141877106e+00
1.001088947466084456e+00
1.000892433018876204e+00
1.000733147900355835e+00
1.000604212643561031e+00
1.000499997943600672e+00
1.000415907836878837e+00
1.000348199158632267e+00
1.000293831849748516e+00
1.000250345395462093e+00
1.000215757341583744e+00
1.000188480440072913e+00
1.000167255522367515e+00
1.000151097687558277e+00
1.000139253827306396e+00
1.000131169896439687e+00
1.000126466683816107e+00
1.000124923150003564e+00
1.000126466683816107e+00
1.000131169896439687e+00
1.000139253827306396e+00
1.000151097687558277e+00
1.000167255522367515e+00
1.000188480440072913e+00
1.000215757341583744e+00
1.000250345395462093e+00
1.000293831849748516e+00
1.000348199158632267e+00
1.000415907836878837e+00
1.000499997943600672e+00
1.000604212643561031e+00
1.000733147900355835e+00
1.000892433018876204e+00
1.001088947466084456e+00
1.001331080141877106e+00
1.001629038016603523e+00
1.001995211752312542e+00
1.002444606512606917e+00
1.002995346542226551e+00
1.003669262124505357e+00
1.004492567014877880e+00
1.005496633150513297e+00
1.006718867021164421e+00
1.008203688132049081e+00
1.010003603962766672e+00
1.012180367069776432e+00
1.014806187700217022e+00
1.017964958551798693e+00
1.021753426072632864e+00
1.026282213805532972e+00
1.031676566591368527e+00
1.038076638924334105e+00
1.045637095702584007e+00
1.054525729018118252e+00
1.064920721642720558e+00
1.077006109604377704e+00
1.090964918886443646e+00
1.106969385643451487e+00
1.125167633061466610e+00
1.145666198392779167e+00
1.168507921021648688e+00
1.193644973042488289e+00
1.220907311602133616e+00
1.249967644720364701e+00
1.280305215952485476e+00
1.311172379146977596e+00
1.341570004286995133e+00
1.370239982032148696e+00
1.395684910315993621e+00
1.416225467508591018e+00
1.430103644611804725e+00
1.435633527515816077e+00
1.431390020345625791e+00
1.416410948887689480e+00
1.390373314812064498e+00
1.353696586403250191e+00
1.307531650908707155e+00
1.253616618374181479e+00
1.194015988110486814e+00
1.130796252266981883e+00
1.065714692104484662e+00
1.000000000000000000e+00
