1.000000000000000000e+00
8.733846461757579505e-01
8.621185035877956260e-01
9.581958074886008925e-01
1.110301365057112744e+00
1.268369665519999412e+00
1.401181205261442519e+00
1.497308916443392590e+00
1.558517725980271162e+00
1.592205291428696379e+00
1.606292886729448366e+00
1.607152101402451905e+00
1.599551311565237555e+00
1.587299607393581669e+00
1.573716955552990848e+00
1.561662035780363667e+00
1.553255256536913542e+00
1.549569099808416173e+00
1.550498884903067198e+00
1.554890136853251725e+00
1.560874620227624465e+00
1.566300729894381627e+00
1.569139333793478031e+00
1.567782580135454795e+00
1.561203090169753338e+00
1.548983112038914811e+00
1.531247785662889438e+00
1.508543761179612641e+00
1.481699478388482927e+00
1.451692915913506354e+00
1.419541498457973283e+00
1.386219820704190697e+00
1.352604774783899622e+00
1.319444315803467216e+00
1.287344769623568475e+00
1.256771533987425249e+00
1.228058646004911658e+00
1.201423574398679195e+00
1.176984499867721246e+00
1.154778148977722019e+00
1.134776900555742873e+00
1.116904385826846147e+00
1.101049171872388710e+00
1.087076376727626359e+00
1.074837237884082031e+00
1.064176765403760605e+00
1.054939673652671273e+00
1.046974815406747750e+00
1.040138349129356099e+00
1.034295862315578907e+00
1.029323656658732489e+00
1.025109378566066098e+00
1.021552154183281713e+00
1.018562363616463795e+00
1.016061165809350797e+00
1.013979864365531336e+00
1.012259185937352202e+00
1.010848526795319335e+00
1.009705209810561000e+00
1.008793783166894276e+00
1.008085383429905280e+00
1.007557178858560443e+00
1.007191903756339268e+00
1.006977490930877073e+00
1.006906806684629174e+00
1.006977490928721686e+00
1.007191903751919471e+00
1.007557178851657076e+00
1.008085383420166625e+00
1.008793783153836277e+00
1.009705209793531289e+00
1.010848526773474365e+00
1.012259185909611725e+00
1.013979864330536440e+00
1.016061165765391072e+00
1.018562363561405171e+00
1.021552154114468758e+00
1.025109378480192124e+00
1.029323656551694777e+00
1.034295862182284420e+00
1.040138348963491888e+00
1.046974815200485853e+00
1.054939673396305899e+00
1.064176765085258047e+00
1.074837237488515118e+00
1.087076376236469244e+00
1.101049171262636905e+00
1.116904385069902750e+00
1.134776899616030565e+00
1.154778147810908040e+00
1.176984498418492064e+00
1.201423572597914768e+00
1.228058643766086755e+00
1.256771531202040215e+00
1.287344766155331222e+00
1.319444311480908238e+00
1.352604769390971740e+00
1.386219813968426973e+00
1.419541490035555631e+00
1.451692905370701059e+00
1.481699465178771824e+00
1.508543744616009041e+00
1.531247764885212748e+00
1.548983085976293861e+00
1.561203057499625402e+00
1.567782539241696194e+00
1.569139282728323259e+00
1.566300666351279514e+00
1.560874541534919446e+00
1.554890040001135398e+00
1.550498766617781632e+00
1.549568956687674914e+00
1.553255085258226975e+00
1.561661833389631049e+00
1.573716719834251210e+00
1.587299337311891989e+00
1.599551007760973587e+00
1.607151766693327932e+00
1.606292526543569910e+00
1.592204914052672837e+00
1.558517342479372125e+00
1.497308540128048371e+00
1.401180850668577893e+00
1.268369347046576223e+00
1.110301095561309515e+00
9.581955972425434398e-01
8.621183598400031789e-01
8.733845733074429019e-01
1.000000000000000000e+00
