1.000000000000000000e+00
1.049248804720914530e+00
1.097892962965239416e+00
1.144965482356022246e+00
1.189172778627676452e+00
1.229037452260734131e+00
1.263104262963275826e+00
1.290155643619392167e+00
1.309386042912141557e+00
1.320500238946625604e+00
1.323723983388167103e+00
1.319737724762386932e+00
1.309559023584834003e+00
1.294404004606597214e+00
1.275554310425447424e+00
1.254247337534431850e+00
1.231597975866038697e+00
1.208552290438627441e+00
1.185868644700771357e+00
1.164119538906995155e+00
1.143707198762969890e+00
1.124886866391441753e+00
1.107793139641955138e+00
1.092466134445038151e+00
1.078875476271556444e+00
1.066941076703823432e+00
1.056550321877622656e+00
1.047571733893517099e+00
1.039865419173783279e+00
1.033290741375724853e+00
1.027711694135174936e+00
1.023000433571213064e+00
1.019039385729193503e+00
1.015722285965166893e+00
1.012954445917729096e+00
1.010652485274239343e+00
1.008743713270987996e+00
1.007165300150021370e+00
1.005863341835488756e+00
1.004791891414240634e+00
1.003912007783537730e+00
1.003190854101404961e+00
1.002600865476924064e+00
1.002118995774076149e+00
1.001726046687386074e+00
1.001406077714881215e+00
1.001145892757497657e+00
1.000934597375884527e+00
1.000763219892706113e+00
1.000624389277579462e+00
1.000512062894546972e+00
1.000421297582348990e+00
1.000348058070589907e+00
1.000289057335989273e+00
1.000241624122176098e+00
1.000203593450971429e+00
1.000173216522856512e+00
1.000149086928375564e+00
1.000130080565969415e+00
1.000115307084814553e+00
1.000104071046270970e+00
1.000095841328520807e+00
1.000090227591531988e+00
1.000086962879000119e+00
1.000085891666736337e+00
1.000086962879000119e+00
1.000090227591531988e+00
1.000095841328520807e+00
1.000104071046270970e+00
1.000115307084814553e+00
1.000130080565969415e+00
1.000149086928375564e+00
1.000173216522856512e+00
1.000203593450971429e+00
1.000241624122176098e+00
1.000289057335989273e+00
1.000348058070589907e+00
1.000421297582348990e+00
1.000512062894546972e+00
1.000624389277579462e+00
1.000763219892706113e+00
1.000934597375884527e+00
1.001145892757497657e+00
1.001406077714881215e+00
1.001726046687386074e+00
1.002118995774076149e+00
1.002600865476924064e+00
1.003190854101404961e+00
1.003912007783537730e+00
1.004791891414240634e+00
1.005863341835488756e+00
1.007165300150021370e+00
1.008743713270987996e+00
1.010652485274239343e+00
1.012954445917728874e+00
1.015722285965166893e+00
1.019039385729193503e+00
1.023000433571213064e+00
1.027711694135174936e+00
1.033290741375724853e+00
1.039865419173783501e+00
1.047571733893516877e+00
1.056550321877622878e+00
1.066941076703823210e+00
1.078875476271556444e+00
1.092466134445037929e+00
1.107793139641955138e+00
1.124886866391442197e+00
1.143707198762969446e+00
1.164119538906994711e+00
1.185868644700771135e+00
1.208552290438627441e+00
1.231597975866038031e+00
1.254247337534430962e+00
1.275554310425446758e+00
1.294404004606596770e+00
1.309559023584832893e+00
1.319737724762385822e+00
1.323723983388166658e+00
1.320500238946624938e+00
1.309386042912140447e+00
1.290155643619391057e+00
1.263104262963274937e+00
1.229037452260734575e+00
1.189172778627675786e+00
1.144965482356021580e+00
1.097892962965239860e+00
1.049248804720914308e+00
1.000000000000000000e+00
