1.000000000000000000e+00
7.812034488106234242e-01
7.972703284886210051e-01
9.629806354839205440e-01
1.156669578086353400e+00
1.313243281747076940e+00
1.420652454309187407e+00
1.490662450430508601e+00
1.537345509675897226e+00
1.569496822547007842e+00
1.591276341680164741e+00
1.604671060707431263e+00
1.610889055130122482e+00
1.610679590685514917e+00
1.604450786528928363e+00
1.592656174040755657e+00
1.576321412308711700e+00
1.557346004798130013e+00
1.538354938496410362e+00
1.522152951982591373e+00
1.511031264134538254e+00
1.506208849528394511e+00
1.507590725647138141e+00
1.513877152534228276e+00
1.522934934555226771e+00
1.532283559711792309e+00
1.539555056537036837e+00
1.542833460272974744e+00
1.540837995918856951e+00
1.532961384742870470e+00
1.519201512845694158e+00
1.500032052543085692e+00
1.476251911154580654e+00
1.448841777745639936e+00
1.418843896051984910e+00
1.387271387250622157e+00
1.355046865720082483e+00
1.322966448512874038e+00
1.291683794007731700e+00
1.261708714565035416e+00
1.233415546414287078e+00
1.207057386827806944e+00
1.182783262331464691e+00
1.160656140329881847e+00
1.140670390204530094e+00
1.122767834621362981e+00
1.106851925210473819e+00
1.092799854318600605e+00
1.080472601733998284e+00
1.069723034584089794e+00
1.060402248350699184e+00
1.052364371497443996e+00
1.045470066504552431e+00
1.039588954345554539e+00
1.034601173653172390e+00
1.030398264386969132e+00
1.026883541847414483e+00
1.023972102531287343e+00
1.021590580011776828e+00
1.019676747620678947e+00
1.018179045666042226e+00
1.017056094389441334e+00
1.016276239789906777e+00
1.015817167601703597e+00
1.015665610796179008e+00
1.015817167602760751e+00
1.016276239792078373e+00
1.017056094392842613e+00
1.018179045670854377e+00
1.019676747627159763e+00
1.021590580020269146e+00
1.023972102542243245e+00
1.026883541861412841e+00
1.030398264404756237e+00
1.034601173675678609e+00
1.039588954373968921e+00
1.045470066540373999e+00
1.052364371542550137e+00
1.060402248407457337e+00
1.069723034655465588e+00
1.080472601823726952e+00
1.092799854431367734e+00
1.106851925352173360e+00
1.122767834799388798e+00
1.140670390428193182e+00
1.160656140610891507e+00
1.182783262684576675e+00
1.207057387271633697e+00
1.233415546972337129e+00
1.261708715267052305e+00
1.291683794891397064e+00
1.322966449626041374e+00
1.355046867123620213e+00
1.387271389022101564e+00
1.418843898290437222e+00
1.448841780577694749e+00
1.476251914742323645e+00
1.500032057094104365e+00
1.519201518625751479e+00
1.532961392091735542e+00
1.540838005269695277e+00
1.542833472175451970e+00
1.539555071683976317e+00
1.532283578968377524e+00
1.522934958988868548e+00
1.513877183441935115e+00
1.507590764576036468e+00
1.506208898284103315e+00
1.511031324771779039e+00
1.522153026772519624e+00
1.538355029865269064e+00
1.557346115230789918e+00
1.576321544207863967e+00
1.592656329528841619e+00
1.604450967179276155e+00
1.610679797177959838e+00
1.610889286849811475e+00
1.604671315341878124e+00
1.591276614905740905e+00
1.569497107911929090e+00
1.537345798767765670e+00
1.490662733362711156e+00
1.420652720484001152e+00
1.313243520768092143e+00
1.156669780625030119e+00
9.629807939042918097e-01
7.972704371363695808e-01
7.812035040251771312e-01
1.000000000000000000e+00
