1.000000000000000000e+00
1.075554676900116080e+00
1.152748998157958837e+00
1.231340190373633181e+00
1.309536297906453983e+00
1.384465343893259259e+00
1.452751945424700653e+00
1.511125778125557373e+00
1.556954536401576217e+00
1.588604813329337784e+00
1.605582557679170908e+00
1.608465363645229740e+00
1.598685343737891840e+00
1.578239892315838944e+00
1.549400029422435932e+00
1.514463447266231944e+00
1.475574123192529896e+00
1.434610400802084573e+00
1.393131508936779950e+00
1.352367701782288822e+00
1.313239202690891450e+00
1.276391576329900301e+00
1.242238356625669393e+00
1.211004771038638017e+00
1.182768824313966460e+00
1.157497764673573126e+00
1.135079136225390473e+00
1.115346356935364769e+00
1.098099181906338151e+00
1.083119622510700486e+00
1.070183970684913444e+00
1.059071577771022232e+00
1.049570993686973264e+00
1.041484007043227855e+00
1.034628053618511068e+00
1.028837387342889098e+00
1.023963339099920544e+00
1.019873926569019984e+00
1.016453023964724256e+00
1.013599254051953835e+00
1.011224725896347154e+00
1.009253709833618950e+00
1.007621315354131353e+00
1.006272217185630424e+00
1.005159459011926604e+00
1.004243352224886143e+00
1.003490478178240330e+00
1.002872795979685927e+00
1.002366853393845236e+00
1.001953095486357359e+00
1.001615263849625181e+00
1.001339878314356113e+00
1.001115792729957432e+00
1.000933816504502083e+00
1.000786393988991829e+00
1.000667334363353422e+00
1.000571585354834481e+00
1.000495044836651637e+00
1.000434405077945899e+00
1.000387025119890971e+00
1.000350827422579858e+00
1.000324215555526530e+00
1.000306010289741643e+00
1.000295401992714384e+00
1.000291917734834835e+00
1.000295401992714384e+00
1.000306010289741643e+00
1.000324215555526530e+00
1.000350827422579858e+00
1.000387025119890971e+00
1.000434405077945899e+00
1.000495044836651637e+00
1.000571585354834481e+00
1.000667334363353422e+00
1.000786393988991829e+00
1.000933816504502083e+00
1.001115792729957432e+00
1.001339878314356113e+00
1.001615263849625181e+00
1.001953095486357359e+00
1.002366853393845236e+00
1.002872795979685927e+00
1.003490478178240330e+00
1.004243352224886143e+00
1.005159459011926604e+00
1.006272217185630424e+00
1.007621315354131353e+00
1.009253709833618728e+00
1.011224725896347154e+00
1.013599254051954057e+00
1.016453023964724256e+00
1.019873926569019984e+00
1.023963339099920322e+00
1.028837387342888876e+00
1.034628053618510846e+00
1.041484007043227633e+00
1.049570993686972820e+00
1.059071577771022232e+00
1.070183970684913222e+00
1.083119622510700264e+00
1.098099181906338373e+00
1.115346356935364547e+00
1.135079136225390917e+00
1.157497764673572904e+00
1.182768824313966460e+00
1.211004771038637795e+00
1.242238356625669393e+00
1.276391576329900746e+00
1.313239202690891450e+00
1.352367701782288600e+00
1.393131508936780172e+00
1.434610400802084129e+00
1.475574123192529896e+00
1.514463447266231944e+00
1.549400029422434155e+00
1.578239892315840054e+00
1.598685343737891840e+00
1.608465363645228186e+00
1.605582557679170019e+00
1.588604813329337340e+00
1.556954536401575773e+00
1.511125778125555819e+00
1.452751945424699986e+00
1.384465343893259925e+00
1.309536297906454427e+00
1.231340190373632737e+00
1.152748998157958393e+00
1.075554676900115858e+00
1.000000000000000000e+00
