1.000000000000000000e+00
7.612915447446257922e-01
7.889579593881983488e-01
9.685893534864541410e-01
1.163879855632213633e+00
1.314265562403046150e+00
1.416383133012985462e+00
1.485620655204776153e+00
1.534512427459149064e+00
1.568803986343942913e+00
1.590879352362624122e+00
1.602881511293092975e+00
1.607370940563968453e+00
1.606547166092350487e+00
1.601546748809044241e+00
1.592538276047865908e+00
1.579466742837387860e+00
1.562884561819660512e+00
1.544369105021510702e+00
1.526347978374815950e+00
1.511478660894037152e+00
1.501899823455582927e+00
1.498659472101459889e+00
1.501493121911198880e+00
1.508964183971197359e+00
1.518858928813613174e+00
1.528679785604245112e+00
1.536096499003569704e+00
1.539267260825720296e+00
1.537001241864243584e+00
1.528779391021337863e+00
1.514674367493282325e+00
1.495215414888108718e+00
1.471236850082023206e+00
1.443736752201546736e+00
1.413760423961332613e+00
1.382313796845132670e+00
1.350305814085472900e+00
1.318515545981375992e+00
1.287578575089399990e+00
1.257987242451734211e+00
1.230100052178641379e+00
1.204156477759463550e+00
1.180294359839710205e+00
1.158567914659063058e+00
1.138965043720616688e+00
1.121423148976184114e+00
1.105843033475373938e+00
1.092100730822189947e+00
1.080057283186071970e+00
1.069566598934153179e+00
1.060481584959775736e+00
1.052658779329676442e+00
1.045961717480449860e+00
1.040263257716134593e+00
1.035447074964269021e+00
1.031408509811324592e+00
1.028054935713054618e+00
1.025305782984567093e+00
1.023092335034910372e+00
1.021357391105082835e+00
1.020054870880309661e+00
1.019149419868205175e+00
1.018616060243400456e+00
1.018439919688667095e+00
1.018616060243237920e+00
1.019149419867873441e+00
1.020054870879796738e+00
1.021357391104372514e+00
1.023092335033979117e+00
1.025305782983383818e+00
1.028054935711585571e+00
1.031408509809525365e+00
1.035447074962097203e+00
1.040263257713530232e+00
1.045961717477357000e+00
1.052658779326036242e+00
1.060481584955518253e+00
1.069566598929208245e+00
1.080057283180355876e+00
1.092100730815620757e+00
1.105843033467850622e+00
1.121423148967584771e+00
1.138965043710770564e+00
1.158567914647741004e+00
1.180294359826560946e+00
1.204156477743952847e+00
1.230100052159954327e+00
1.257987242428616037e+00
1.287578575059941999e+00
1.318515545942683165e+00
1.350305814033265772e+00
1.382313796773134040e+00
1.413760423860495052e+00
1.443736752059039619e+00
1.471236849879983488e+00
1.495215414602116155e+00
1.514674367090654172e+00
1.528779390459308996e+00
1.537001241088234327e+00
1.539267259767993501e+00
1.536096497582452480e+00
1.528679783724216756e+00
1.518858926366082773e+00
1.508964180835435043e+00
1.501493117954264322e+00
1.498659467175585069e+00
1.501899817391767256e+00
1.511478653492046575e+00
1.526347969392428006e+00
1.544369094168883239e+00
1.562884548766412474e+00
1.579466727238179935e+00
1.592538257586229911e+00
1.601546727251179636e+00
1.606547141338003692e+00
1.607370912685091913e+00
1.602881480561405780e+00
1.590879319274321357e+00
1.568803951643065409e+00
1.534512392144062654e+00
1.485620620494103150e+00
1.416383100262069927e+00
1.314265532983554197e+00
1.163879830792042602e+00
9.685893342097577907e-01
7.889579463059055442e-01
7.612915381573575058e-01
1.000000000000000000e+00
