1.000000000000000000e+00
1.073385116884894463e+00
1.146259091193798874e+00
1.217335929357389768e+00
1.284649939461268264e+00
1.345824510515421846e+00
1.398447679361373375e+00
1.440463654618518108e+00
1.470488928103783843e+00
1.487988669738279146e+00
1.493293198054402193e+00
1.487477512496009346e+00
1.472154332823513601e+00
1.449237614108679795e+00
1.420723287841074933e+00
1.388515767373608156e+00
1.354310650263201410e+00
1.319530746136710730e+00
1.285305242999717157e+00
1.252479475189318681e+00
1.221643568872835761e+00
1.193170556542320959e+00
1.167257222854694909e+00
1.143963343534860178e+00
1.123246860234256905e+00
1.104993873460983655e+00
1.089043212700392393e+00
1.075205867959261097e+00
1.063279844503527638e+00
1.053061116855971147e+00
1.044351371473550616e+00
1.036963183194945071e+00
1.030723197153111892e+00
1.025473803486930180e+00
1.021073707746854797e+00
1.017397721474028405e+00
1.014336028057032157e+00
1.011793119720425072e+00
1.009686552299008389e+00
1.007945624568267196e+00
1.006510057274310643e+00
1.005328722454263524e+00
1.004358454987191784e+00
1.003562964474750796e+00
1.002911855549530440e+00
1.002379757711837183e+00
1.001945561103836591e+00
1.001591751670549924e+00
1.001303837471535063e+00
1.001069857134179619e+00
1.000879961300338072e+00
1.000726058201470314e+00
1.000601515046469103e+00
1.000500907606808099e+00
1.000419811154840133e+00
1.000354626697449678e+00
1.000302437212712947e+00
1.000260889319268598e+00
1.000228096474771622e+00
1.000202560406142416e+00
1.000183108020401113e+00
1.000168841533996877e+00
1.000159099996506651e+00
1.000153430777798613e+00
1.000151569944323304e+00
1.000153430777798613e+00
1.000159099996506651e+00
1.000168841533996877e+00
1.000183108020401113e+00
1.000202560406142416e+00
1.000228096474771622e+00
1.000260889319268598e+00
1.000302437212712947e+00
1.000354626697449678e+00
1.000419811154840133e+00
1.000500907606808099e+00
1.000601515046469103e+00
1.000726058201470314e+00
1.000879961300338072e+00
1.001069857134179619e+00
1.001303837471535063e+00
1.001591751670549924e+00
1.001945561103836591e+00
1.002379757711837183e+00
1.002911855549530440e+00
1.003562964474750796e+00
1.004358454987191784e+00
1.005328722454263524e+00
1.006510057274310643e+00
1.007945624568267196e+00
1.009686552299008389e+00
1.011793119720425072e+00
1.014336028057032157e+00
1.017397721474028405e+00
1.021073707746854575e+00
1.025473803486930180e+00
1.030723197153111448e+00
1.036963183194945071e+00
1.044351371473550616e+00
1.053061116855971147e+00
1.063279844503527860e+00
1.075205867959260875e+00
1.089043212700392838e+00
1.104993873460983433e+00
1.123246860234256905e+00
1.143963343534860178e+00
1.167257222854694909e+00
1.193170556542321403e+00
1.221643568872835539e+00
1.252479475189318237e+00
1.285305242999718045e+00
1.319530746136710952e+00
1.354310650263200966e+00
1.388515767373607490e+00
1.420723287841073601e+00
1.449237614108680461e+00
1.472154332823512934e+00
1.487477512496007792e+00
1.493293198054401971e+00
1.487988669738279812e+00
1.470488928103782955e+00
1.440463654618517220e+00
1.398447679361373153e+00
1.345824510515422956e+00
1.284649939461268708e+00
1.217335929357389324e+00
1.146259091193798874e+00
1.073385116884894463e+00
1.000000000000000000e+00
