1.000000000000000000e+00
7.943838561007875443e-01
8.041097524034825916e-01
9.601134989019114441e-01
1.150884188549841980e+00
1.310286759312825122e+00
1.421356980956225424e+00
1.492942904965770534e+00
1.539251697569186783e+00
1.570561702055091935e+00
1.592094101905167536e+00
1.605849236717046491e+00
1.612363440226722622e+00
1.611722947923371896e+00
1.604173399249771759e+00
1.590592058713135915e+00
1.572765698966078318e+00
1.553314083653592359e+00
1.535235007441043242e+00
1.521236354157994075e+00
1.513111576013107529e+00
1.511372304795728816e+00
1.515226882103678507e+00
1.522861799942865968e+00
1.531898674626366752e+00
1.539879759890344868e+00
1.544666694170232724e+00
1.544692485373658108e+00
1.539059797353339976e+00
1.527514379782616949e+00
1.510337725873816650e+00
1.488202237497250779e+00
1.462022482127623091e+00
1.432823812024879739e+00
1.401638621469589951e+00
1.369432519254822012e+00
1.337057835901484859e+00
1.305229557325414236e+00
1.274518163936105397e+00
1.245354231301013304e+00
1.218040485499291892e+00
1.192767967948651364e+00
1.169633867649897185e+00
1.148659342234998437e+00
1.129806252034820213e+00
1.112992183812615776e+00
1.098103465984613392e+00
1.085006101069550866e+00
1.073554687772474425e+00
1.063599494671403134e+00
1.054991895986471695e+00
1.047588399731747000e+00
1.041253498999415994e+00
1.035861565117519367e+00
1.031297982011189607e+00
1.027459697915086068e+00
1.024255346179076875e+00
1.021605063003345304e+00
1.019440107632546111e+00
1.017702370462808537e+00
1.016343836957546154e+00
1.015326060265067998e+00
1.014619682846158888e+00
1.014204036997127911e+00
1.014066845563083907e+00
1.014204036998963776e+00
1.014619682849927207e+00
1.015326060270967057e+00
1.016343836965880598e+00
1.017702370474015794e+00
1.019440107647207272e+00
1.021605063022220872e+00
1.024255346203140071e+00
1.027459697945582562e+00
1.031297982049679485e+00
1.035861565165978160e+00
1.041253499060327270e+00
1.047588399808218718e+00
1.054991896082405844e+00
1.063599494791683808e+00
1.073554687923231610e+00
1.085006101258465749e+00
1.098103466221331814e+00
1.112992184109239391e+00
1.129806252406573508e+00
1.148659342701040087e+00
1.169633868234385421e+00
1.192767968682100221e+00
1.218040486420314261e+00
1.245354232458572463e+00
1.274518165392412916e+00
1.305229559159708508e+00
1.337057838214896321e+00
1.369432522176670108e+00
1.401638625165534391e+00
1.432823816707410991e+00
1.462022488069475656e+00
1.488202245048474870e+00
1.510337735483195720e+00
1.527514392024203582e+00
1.539059812958674778e+00
1.544692505269842586e+00
1.544666719523457799e+00
1.539879792153353355e+00
1.531898715586993420e+00
1.522861851769046204e+00
1.515226947378527589e+00
1.511372386534668877e+00
1.513111677653776743e+00
1.521236479512670714e+00
1.535235160599941251e+00
1.553314268824863342e+00
1.572765920234539205e+00
1.590592319696706669e+00
1.604173702635665499e+00
1.611723294883026014e+00
1.612363829745012245e+00
1.605849664925074416e+00
1.592094561560267740e+00
1.570562182339634516e+00
1.539252184356541431e+00
1.492943381618968113e+00
1.421357429596185940e+00
1.310287162348768630e+00
1.150884530154668406e+00
9.601137661079279795e-01
8.041099356356000705e-01
7.943839492028312854e-01
1.000000000000000000e+00
