1.000000000000000000e+00
8.818018563374423469e-01
8.706213724345820415e-01
9.618110682837073266e-01
1.109223311821251334e+00
1.265559901804779397e+00
1.399524207362719208e+00
1.498045384666582214e+00
1.561155006218573948e+00
1.595314113642341658e+00
1.608468308465488272e+00
1.607664161568232108e+00
1.598536564009210847e+00
1.585574710982709412e+00
1.572393639036330226e+00
1.561742808757637491e+00
1.555337014688000341e+00
1.553712702524813860e+00
1.556260227813056396e+00
1.561465938804795783e+00
1.567299157405857457e+00
1.571635156346648188e+00
1.572614527394537332e+00
1.568879575469150911e+00
1.559674256697061834e+00
1.544828574000031152e+00
1.524665228103432080e+00
1.499867993505525465e+00
1.471343704113482476e+00
1.440098778790738221e+00
1.407140902836294005e+00
1.373408709876406286e+00
1.339727438571495899e+00
1.306786104354918709e+00
1.275130991835201621e+00
1.245170546709083448e+00
1.217187505453440677e+00
1.191355009135656839e+00
1.167754315587884451e+00
1.146392465171542918e+00
1.127218844187663604e+00
1.110140033825392614e+00
1.095032652503848958e+00
1.081754120251150031e+00
1.070151418554164513e+00
1.060068007547095403e+00
1.051349110217226546e+00
1.043845592660018529e+00
1.037416669517768009e+00
1.031931651435545660e+00
1.027270931687014999e+00
1.023326385679822037e+00
1.020001332393350779e+00
1.017210182661049789e+00
1.014877876699676218e+00
1.012939193060165000e+00
1.011337993543642177e+00
1.010026453663815049e+00
1.008964315852646454e+00
1.008118192602917462e+00
1.007460938862597022e+00
1.006971106956502382e+00
1.006632492820243030e+00
1.006433779106726822e+00
1.006368278501207358e+00
1.006433779108110604e+00
1.006632492823082314e+00
1.006971106960945495e+00
1.007460938868868894e+00
1.008118192611341835e+00
1.008964315863654315e+00
1.010026453677967728e+00
1.011337993561655546e+00
1.012939193082952771e+00
1.014877876728385253e+00
1.017210182697121601e+00
1.020001332438596808e+00
1.023326385736502031e+00
1.027270931757959804e+00
1.031931651524293558e+00
1.037416669628748789e+00
1.043845592798776867e+00
1.051349110390707775e+00
1.060068007764014109e+00
1.070151418825469269e+00
1.081754120590617152e+00
1.095032652928850325e+00
1.110140034357876448e+00
1.127218844855431668e+00
1.146392466009889644e+00
1.167754316641735679e+00
1.191355010462348707e+00
1.217187507126332946e+00
1.245170548822251755e+00
1.275130994509540594e+00
1.306786107746044978e+00
1.339727442879900865e+00
1.373408715360474153e+00
1.407140909828719311e+00
1.440098787719049200e+00
1.471343715525132989e+00
1.499868008097849703e+00
1.524665246758236226e+00
1.544828597821725991e+00
1.559674287052089436e+00
1.568879614022822722e+00
1.572614576139623077e+00
1.571635217616293323e+00
1.567299233862001095e+00
1.561466033392635566e+00
1.556260343671933111e+00
1.553712842846180164e+00
1.555337182511072447e+00
1.561743006693839142e+00
1.572393868917076887e+00
1.585574973436216339e+00
1.598536857994935945e+00
1.607664483931361632e+00
1.608468653607777910e+00
1.595314473421032941e+00
1.561155370165184797e+00
1.498045740559384331e+00
1.399524542105911706e+00
1.265560202484187213e+00
1.109223566741742939e+00
9.618112677770082053e-01
8.706215092957846347e-01
8.818019258994265197e-01
1.000000000000000000e+00
