1.000000000000000000e+00
7.632530886951061078e-01
7.895970250286212799e-01
9.678362294831142076e-01
1.163081303661096966e+00
1.314149396726863817e+00
1.416755705999221293e+00
1.485981378069236802e+00
1.534579868154711368e+00
1.568626617154800007e+00
1.590679573852148643e+00
1.602858688880255622e+00
1.607583902049540603e+00
1.606898387702405895e+00
1.601844165620418536e+00
1.592593483724333625e+00
1.579184337239809777e+00
1.562307023330380185e+00
1.543663931010189838e+00
1.525748751764640199e+00
1.511207688918225100e+00
1.502101666043991646e+00
1.499364858295223479e+00
1.502618375845214738e+00
1.510338997469846234e+00
1.520268849729593308e+00
1.529909502972724100e+00
1.536963933194339438e+00
1.539643882471895431e+00
1.536818748420150982e+00
1.528025776696888771e+00
1.513383466643727804e+00
1.493453704073812727e+00
1.469090325453366264e+00
1.441299588606300253e+00
1.411126179233077371e+00
1.379569264064158141e+00
1.347527238940735339e+00
1.315766753306033987e+00
1.284910515081728599e+00
1.255438511236477428e+00
1.227698019496435977e+00
1.201918739817207760e+00
1.178230313496371640e+00
1.156680314213941463e+00
1.137251452444473898e+00
1.119877235395915882e+00
1.104455689438736066e+00
1.090861006823926838e+00
1.078953148400763062e+00
1.068585540592005723e+00
1.059611065476773861e+00
1.051886571003235682e+00
1.045276134367194354e+00
1.039653303097479720e+00
1.034902520999347653e+00
1.030919923877467781e+00
1.027613665753147609e+00
1.024903912061609690e+00
1.022722613329601904e+00
1.021013151837493416e+00
1.019729935120306408e+00
1.018837993931743346e+00
1.018312628352163518e+00
1.018139133791718276e+00
1.018312628352011417e+00
1.018837993931432484e+00
1.019729935119826569e+00
1.021013151836829280e+00
1.022722613328731711e+00
1.024903912060505462e+00
1.027613665751778260e+00
1.030919923875793787e+00
1.034902520997332154e+00
1.039653303095068537e+00
1.045276134364339304e+00
1.051886570999887915e+00
1.059611065472874536e+00
1.068585540587497995e+00
1.078953148395580985e+00
1.090861006818007795e+00
1.104455689432003451e+00
1.119877235388277326e+00
1.137251452435794841e+00
1.156680314204035831e+00
1.178230313484941671e+00
1.201918739803784719e+00
1.227698019480284231e+00
1.255438511216441677e+00
1.284910515056022273e+00
1.315766753271913725e+00
1.347527238894109525e+00
1.379569263998984940e+00
1.411126179140600012e+00
1.441299588474049154e+00
1.469090325263925134e+00
1.493453703803308663e+00
1.513383466260145083e+00
1.528025776158270954e+00
1.536818747672891172e+00
1.539643881449426210e+00
1.536963931816403672e+00
1.529909501145543027e+00
1.520268847346771368e+00
1.510338994413492841e+00
1.502618371986123025e+00
1.499364853490530169e+00
1.502101660130990224e+00
1.511207681704404004e+00
1.525748743016656972e+00
1.543663920447593929e+00
1.562307010631752702e+00
1.579184322067356261e+00
1.592593465766995564e+00
1.601844144647428747e+00
1.606898363614199354e+00
1.607583874916166611e+00
1.602858658967807104e+00
1.590679541645446671e+00
1.568626583378742279e+00
1.534579833780199909e+00
1.485981344281048555e+00
1.416755674116526142e+00
1.314149368087166536e+00
1.163081279482774288e+00
9.678362107259894653e-01
7.895970123043430933e-01
7.632530822905011503e-01
1.000000000000000000e+00
