1.000000000000000000e+00
9.330304616176110510e-01
9.309368202303103246e-01
9.994969129037237776e-01
1.115975009697298237e+00
1.249810731111241857e+00
1.374796254723279043e+00
1.474513706037075655e+00
1.542899904517200493e+00
1.581925833381526703e+00
1.598229854677055917e+00
1.600014583009696123e+00
1.594837664279759704e+00
1.588390382954794955e+00
1.584082594275813216e+00
1.583180888438399103e+00
1.585270259621411215e+00
1.588854950063466331e+00
1.591957889198265086e+00
1.592621192604619873e+00
1.589254795792939268e+00
1.580822323268391338e+00
1.566885589250720301e+00
1.547547105515747035e+00
1.523333955388396888e+00
1.495060432660948457e+00
1.463696133956697842e+00
1.430255001734619169e+00
1.395711645846328119e+00
1.360945000774104185e+00
1.326705824303662240e+00
1.293603056117716754e+00
1.262103899050804223e+00
1.232543052610853618e+00
1.205137392400627894e+00
1.180003292755425592e+00
1.157174600620487936e+00
1.136619934372900431e+00
1.118258495607904024e+00
1.101973960664697216e+00
1.087626285700967088e+00
1.075061438825986482e+00
1.064119186746405488e+00
1.054639129273972298e+00
1.046465206794792824e+00
1.039448914027131243e+00
1.033451446065439816e+00
1.028344985706127757e+00
1.024013318656714189e+00
1.020351938496612432e+00
1.017267778298972081e+00
1.014678682040409896e+00
1.012512707184072047e+00
1.010707330587446329e+00
1.009208613339546590e+00
1.007970366250891425e+00
1.006953346351837864e+00
1.006124505667996605e+00
1.005456306463969662e+00
1.004926111794263388e+00
1.004515656296422588e+00
1.004210599448053909e+00
1.004000161754270870e+00
1.003876843329551960e+00
1.003836223910634651e+00
1.003876843329553070e+00
1.004000161754272868e+00
1.004210599448057462e+00
1.004515656296427251e+00
1.004926111794269827e+00
1.005456306463978322e+00
1.006124505668007929e+00
1.006953346351851408e+00
1.007970366250909633e+00
1.009208613339568794e+00
1.010707330587473418e+00
1.012512707184106686e+00
1.014678682040452973e+00
1.017267778299025816e+00
1.020351938496679267e+00
1.024013318656797678e+00
1.028344985706231007e+00
1.033451446065569046e+00
1.039448914027290893e+00
1.046465206794991998e+00
1.054639129274220100e+00
1.064119186746713241e+00
1.075061438826368843e+00
1.087626285701441375e+00
1.101973960665285635e+00
1.118258495608636105e+00
1.136619934373810148e+00
1.157174600621619476e+00
1.180003292756830691e+00
1.205137392402376051e+00
1.232543052613030543e+00
1.262103899053514944e+00
1.293603056121102046e+00
1.326705824307887527e+00
1.360945000779384628e+00
1.395711645852935279e+00
1.430255001742887000e+00
1.463696133967053115e+00
1.495060432673915418e+00
1.523333955404628792e+00
1.547547105536039469e+00
1.566885589276036272e+00
1.580822323299874377e+00
1.589254795831916089e+00
1.592621192652589279e+00
1.591957889256864656e+00
1.588854950134397148e+00
1.585270259706331952e+00
1.583180888538767928e+00
1.584082594392697052e+00
1.588390383088639668e+00
1.594837664430137192e+00
1.600014583175076055e+00
1.598229854854628318e+00
1.581925833567118467e+00
1.542899904705370639e+00
1.474513706221382003e+00
1.374796254896774261e+00
1.249810731267072761e+00
1.115975009829305531e+00
9.994969130068902530e-01
9.309368203009845688e-01
9.330304616534905726e-01
1.000000000000000000e+00
