1.000000000000000000e+00
1.073945057247776003e+00
1.147396441074013618e+00
1.219068233856415384e+00
1.286980343593242759e+00
1.348731660292158407e+00
1.401881142289096216e+00
1.444345140711250197e+00
1.474718427473471261e+00
1.492453654830803611e+00
1.497878661346221163e+00
1.492074895929867306e+00
1.476668126940428705e+00
1.453589220885696420e+00
1.424852382040380450e+00
1.392379744885077431e+00
1.357882843430058717e+00
1.322798007298658263e+00
1.288265344527764311e+00
1.255138615120882983e+00
1.224014140602660561e+00
1.195269248800029160e+00
1.169103458711392873e+00
1.145578035710119291e+00
1.124651445653233273e+00
1.106209585836664289e+00
1.090090553109094085e+00
1.076104237017303067e+00
1.064047304224685409e+00
1.053714254773321590e+00
1.044905243804362893e+00
1.037431317602842018e+00
1.031117639008047204e+00
1.025805192465753191e+00
1.021351374186768579e+00
1.017629794116680975e+00
1.014529546727338083e+00
1.011954148095035810e+00
1.009820287258544003e+00
1.008056499720387800e+00
1.006601839108322682e+00
1.005404598269997507e+00
1.004421112259064719e+00
1.003614661692938892e+00
1.002954484848888494e+00
1.002414899778030888e+00
1.001974532954785335e+00
1.001615647966506595e+00
1.001323566022950251e+00
1.001086169264322923e+00
1.000893477688528543e+00
1.000737290789754264e+00
1.000610885543015582e+00
1.000508763067103235e+00
1.000426437069778185e+00
1.000360257967556565e+00
1.000307267341256745e+00
1.000265078114664696e+00
1.000231776514839410e+00
1.000205842483559371e+00
1.000186085760063515e+00
1.000171595348791298e+00
1.000161700528026776e+00
1.000155941952563854e+00
1.000154051763885388e+00
1.000155941952563854e+00
1.000161700528026776e+00
1.000171595348791298e+00
1.000186085760063515e+00
1.000205842483559371e+00
1.000231776514839410e+00
1.000265078114664696e+00
1.000307267341256745e+00
1.000360257967556565e+00
1.000426437069778185e+00
1.000508763067103235e+00
1.000610885543015582e+00
1.000737290789754264e+00
1.000893477688528543e+00
1.001086169264322923e+00
1.001323566022950251e+00
1.001615647966506595e+00
1.001974532954785335e+00
1.002414899778030888e+00
1.002954484848888494e+00
1.003614661692938892e+00
1.004421112259064719e+00
1.005404598269997507e+00
1.006601839108322682e+00
1.008056499720387800e+00
1.009820287258544003e+00
1.011954148095035810e+00
1.014529546727338083e+00
1.017629794116680975e+00
1.021351374186768357e+00
1.025805192465753191e+00
1.031117639008046760e+00
1.037431317602842018e+00
1.044905243804362893e+00
1.053714254773321368e+00
1.064047304224685631e+00
1.076104237017302845e+00
1.090090553109094529e+00
1.106209585836664067e+00
1.124651445653233273e+00
1.145578035710119291e+00
1.169103458711392873e+00
1.195269248800029604e+00
1.224014140602660339e+00
1.255138615120882539e+00
1.288265344527765199e+00
1.322798007298658485e+00
1.357882843430058273e+00
1.392379744885076764e+00
1.424852382040379339e+00
1.453589220885697086e+00
1.476668126940428039e+00
1.492074895929865974e+00
1.497878661346220941e+00
1.492453654830804277e+00
1.474718427473470372e+00
1.444345140711249309e+00
1.401881142289095994e+00
1.348731660292159518e+00
1.286980343593243203e+00
1.219068233856414940e+00
1.147396441074013618e+00
1.073945057247776003e+00
1.000000000000000000e+00
