1.000000000000000000e+00
8.755664649297905111e-01
8.641667562747857856e-01
9.587686007468735339e-01
1.109508244699693558e+00
1.267075420337387737e+00
1.400206204369697449e+00
1.497001337664553011e+00
1.558739985074581114e+00
1.592561404752778520e+00
1.606395362546190198e+00
1.606800624741715255e+00
1.598785504510741973e+00
1.586349035748902736e+00
1.572896529738569527e+00
1.561260684063293214e+00
1.553452373945582998e+00
1.550395443451574096e+00
1.551841954094004716e+00
1.556532273684137824e+00
1.562546774146115647e+00
1.567735654741655660e+00
1.570112879819429041e+00
1.568138017596137690e+00
1.560858811809198166e+00
1.547927435107918415e+00
1.529525807366041157e+00
1.506240879516555609e+00
1.478925031579947813e+00
1.448566046890666925e+00
1.416180194448117824e+00
1.382733260018252475e+00
1.349088631286702311e+00
1.315978453190063568e+00
1.283992713640358607e+00
1.253581164689890226e+00
1.225063649373506536e+00
1.198645299270015618e+00
1.174433964142415521e+00
1.152458020829391971e+00
1.132683344331993691e+00
1.115028709986656041e+00
1.099379250324911572e+00
1.085597838198408605e+00
1.073534433033306978e+00
1.063033530513636249e+00
1.053939914491474061e+00
1.046102936671720940e+00
1.039379554651198356e+00
1.033636349700336909e+00
1.028750727778771967e+00
1.024611484670869599e+00
1.021118891649355209e+00
1.018184433673384737e+00
1.015730309080380200e+00
1.013688778812134705e+00
1.012001434827832114e+00
1.010618441634039799e+00
1.009497791754579987e+00
1.008604605299475043e+00
1.007910495328120826e+00
1.007393014155837374e+00
1.007035190831803151e+00
1.006825166429806684e+00
1.006755931265809867e+00
1.006825166427187224e+00
1.007035190826431226e+00
1.007393014147445198e+00
1.007910495316281629e+00
1.008604605283598188e+00
1.009497791733872107e+00
1.010618441607471718e+00
1.012001434794087551e+00
1.013688778769556986e+00
1.015730309026883216e+00
1.018184433606364125e+00
1.021118891565569564e+00
1.024611484566281039e+00
1.028750727648367169e+00
1.033636349537889965e+00
1.039379554448987886e+00
1.046102936420166607e+00
1.053939914178689596e+00
1.063033530124874337e+00
1.073534432550261375e+00
1.085597837598342830e+00
1.099379249579567563e+00
1.115028709060873702e+00
1.132683343181986713e+00
1.152458019400541822e+00
1.174433962366497664e+00
1.198645297061671000e+00
1.225063646625747404e+00
1.253581161268374711e+00
1.283992709376095886e+00
1.315978447870135293e+00
1.349088624642442058e+00
1.382733251710327460e+00
1.416180184047711732e+00
1.448566033856058199e+00
1.478925015227654072e+00
1.506240858986407360e+00
1.529525781579926136e+00
1.547927402722586443e+00
1.560858771164781889e+00
1.568137966663801564e+00
1.570112816154095370e+00
1.567735575448869101e+00
1.562546675875487123e+00
1.556532152664930280e+00
1.551841806230246812e+00
1.550395264494023539e+00
1.553452159755011275e+00
1.561260430974114488e+00
1.572896235023485856e+00
1.586348698173354999e+00
1.598785124947760483e+00
1.606800206789547047e+00
1.606394913050929629e+00
1.592560934093196101e+00
1.558739507038863215e+00
1.497000868775335336e+00
1.400205762629574968e+00
1.267075023566657244e+00
1.109507908843735180e+00
9.587683386053947876e-01
8.641665769533846131e-01
8.755663739924157696e-01
1.000000000000000000e+00
