1.000000000000000000e+00
7.629063134076823349e-01
7.901529384258416666e-01
9.693000215823944776e-01
1.164895091018690154e+00
1.315973689866613450e+00
1.418592121719445487e+00
1.487943805257086805e+00
1.536698260560172002e+00
1.570809765117888501e+00
1.592780083379512712e+00
1.604752491484294108e+00
1.609216920354856750e+00
1.608291637367628368e+00
1.603067329481702608e+00
1.593723936581246337e+00
1.580269877472112672e+00
1.563346350385404815e+00
1.544609939627062278e+00
1.526529948504331546e+00
1.511756932113258456e+00
1.502380881502024756e+00
1.499378242976106224e+00
1.502412161547333591e+00
1.509990554336147595e+00
1.519870357007268469e+00
1.529551487872174986e+00
1.536722449451179306e+00
1.539573019914652674e+00
1.536948372556016462e+00
1.528363301535654362e+00
1.513918081695277085e+00
1.494161602766582719e+00
1.469939861079709864e+00
1.442255712446507410e+00
1.412153877002309876e+00
1.380635958715081379e+00
1.348604273934510545e+00
1.316830135184719364e+00
1.285941105760731729e+00
1.256421842589540372e+00
1.228623872224418045e+00
1.202780595500342109e+00
1.179024758508506521e+00
1.157406449054030784e+00
1.137910340428485378e+00
1.120471410062589879e+00
1.104988729617549570e+00
1.091337181205527473e+00
1.079377126840274315e+00
1.068962166602227093e+00
1.059945182908976324e+00
1.052182897367766268e+00
1.045539173314005588e+00
1.039887289035752893e+00
1.035111389523624359e+00
1.031107302469040699e+00
1.027782880058519366e+00
1.025058003859520950e+00
1.022864367048857526e+00
1.021145127158397115e+00
1.019854503771953080e+00
1.018957379281722808e+00
1.018428946774759813e+00
1.018254437098176313e+00
1.018428946775505883e+00
1.018957379283255804e+00
1.019854503774357379e+00
1.021145127161807276e+00
1.022864367053461843e+00
1.025058003865573220e+00
1.027782880066355764e+00
1.031107302479092214e+00
1.035111389536452098e+00
1.039887289052057850e+00
1.045539173334690597e+00
1.052182897393976191e+00
1.059945182942152453e+00
1.068962166644195522e+00
1.079377126893334982e+00
1.091337181272594048e+00
1.104988729702293782e+00
1.120471410169648907e+00
1.137910340563704104e+00
1.157406449224800404e+00
1.179024758724154687e+00
1.202780595772660721e+00
1.228623872568332054e+00
1.256421843023953100e+00
1.285941106309622217e+00
1.316830135878526375e+00
1.348604274811978865e+00
1.380635959825577741e+00
1.412153878408851426e+00
1.442255714229663255e+00
1.469939863342646813e+00
1.494161605641515456e+00
1.513918085351734444e+00
1.528363306190907212e+00
1.536948378488073752e+00
1.539573027478182476e+00
1.536722459096370619e+00
1.529551500166392186e+00
1.519870372658562951e+00
1.509990574217012549e+00
1.502412186716134634e+00
1.499378274692785729e+00
1.502380921234167888e+00
1.511756981528527888e+00
1.526530009445426606e+00
1.544610014065034953e+00
1.563346440345518840e+00
1.580269984922986426e+00
1.593724063274282843e+00
1.603067476727836782e+00
1.608291805747915859e+00
1.609217109383872302e+00
1.604752699276767114e+00
1.592780306398046353e+00
1.570809998086792447e+00
1.536698496609947950e+00
1.487944036321150021e+00
1.418592339149433723e+00
1.315973885169514856e+00
1.164895256561915726e+00
9.693001511054804009e-01
7.901530272798877874e-01
7.629063585721891361e-01
1.000000000000000000e+00
