1.000000000000000000e+00
7.633058505976525465e-01
7.902844973868008438e-01
9.691477292150385559e-01
1.164732217332634878e+00
1.315949124732143982e+00
1.418667457285626599e+00
1.488017464127423528e+00
1.536712708067065059e+00
1.570774552089969855e+00
1.592740312270172875e+00
1.604748623073354086e+00
1.609260736140396331e+00
1.608363070827474317e+00
1.603127213869138146e+00
1.593734111307544943e+00
1.580211337713126607e+00
1.563228216390491809e+00
1.544466640612766284e+00
1.526409099854159956e+00
1.511703575729951732e+00
1.502424041669962351e+00
1.499523715440047367e+00
1.502642523050644163e+00
1.510270897353620079e+00
1.520156963360795199e+00
1.529800617315067779e+00
1.536897229378739516e+00
1.539647525262760164e+00
1.536908936882599441e+00
1.528207684331978067e+00
1.513653323198554057e+00
1.493801333746963111e+00
1.469501636562224656e+00
1.441758712583473656e+00
1.411617127379646952e+00
1.380077089042728300e+00
1.348038756533474158e+00
1.316270910134014871e+00
1.285398493141471032e+00
1.255903651448795122e+00
1.228135631851521969e+00
1.202325851950308389e+00
1.178605395167595438e+00
1.157023003235443159e+00
1.137562298286578955e+00
1.120157469775229453e+00
1.104707028247233547e+00
1.091085484377167347e+00
1.079152982787038972e+00
1.068763027578886859e+00
1.059768497729597803e+00
1.052026179102038661e+00
1.045400046132005434e+00
1.039763517941505899e+00
1.035000896348596822e+00
1.031008171068742651e+00
1.027693353211517557e+00
1.024976473937280197e+00
1.022789362125652746e+00
1.021075293874159851e+00
1.019788587953082803e+00
1.018894205067663261e+00
1.018367394791272140e+00
1.018193422060277742e+00
1.018367394792030201e+00
1.018894205069220016e+00
1.019788587955524628e+00
1.021075293877622858e+00
1.022789362130328117e+00
1.024976473943424837e+00
1.027693353219472305e+00
1.031008171078944713e+00
1.035000896361614409e+00
1.039763517958049333e+00
1.045400046152988649e+00
1.052026179128621397e+00
1.059768497763238893e+00
1.068763027621435047e+00
1.079152982840821950e+00
1.091085484445133424e+00
1.104707028333097751e+00
1.120157469883682699e+00
1.137562298423534290e+00
1.157023003408376383e+00
1.178605395385940779e+00
1.202325852225992309e+00
1.228135632199639060e+00
1.255903651888464090e+00
1.285398493696944033e+00
1.316270910836079056e+00
1.348038757421319511e+00
1.380077090166291098e+00
1.411617128802675758e+00
1.441758714387477491e+00
1.469501638851579361e+00
1.493801336655438572e+00
1.513653326897677953e+00
1.528207689041584549e+00
1.536908942883972395e+00
1.539647532914733219e+00
1.536897239136765236e+00
1.529800629753109042e+00
1.520156979195094626e+00
1.510270917466721929e+00
1.502642548513077880e+00
1.499523747526241069e+00
1.502424081864427885e+00
1.511703625719691857e+00
1.526409161503384571e+00
1.544466715915670862e+00
1.563228307396191674e+00
1.580211446413403387e+00
1.593734239474309478e+00
1.603127362828582037e+00
1.608363241167431346e+00
1.609260927370031569e+00
1.604748833286026244e+00
1.592740537888063912e+00
1.570774787776529013e+00
1.536712946872801133e+00
1.488017697891143243e+00
1.418667677257104964e+00
1.315949322318139103e+00
1.164732384810485355e+00
9.691478602507272999e-01
7.902845872775220437e-01
7.633058962886606347e-01
1.000000000000000000e+00
