1.000000000000000000e+00
1.006951802232353588e+00
1.013803282639610615e+00
1.020417777164545292e+00
1.026625209713478704e+00
1.032237285694430851e+00
1.037069754776805963e+00
1.040966020594787489e+00
1.043816943012395360e+00
1.045573223581760969e+00
1.046248846004975919e+00
1.045916081340646286e+00
1.044694081031585897e+00
1.042733830385315530e+00
1.040202242572716873e+00
1.037267643437167264e+00
1.034088104392727026e+00
1.030803270121772197e+00
1.027529663533993221e+00
1.024359004948660390e+00
1.021358855698495383e+00
1.018574845507093318e+00
1.016033809637070906e+00
1.013747290572857507e+00
1.011715007024349244e+00
1.009928032363066164e+00
1.008371540455906601e+00
1.007027064194489618e+00
1.005874271914556140e+00
1.004892303626387706e+00
1.004060727910345729e+00
1.003360186700873236e+00
1.002772793434626442e+00
1.002282343621554883e+00
1.001874388285844297e+00
1.001536211562633616e+00
1.001256745027827355e+00
1.001026443617073713e+00
1.000837141475358072e+00
1.000681900791224432e+00
1.000554862516657595e+00
1.000451104707334560e+00
1.000366511872597730e+00
1.000297657039180388e+00
1.000241697062607349e+00
1.000196280941825000e+00
1.000159470404783146e+00
1.000129671754595773e+00
1.000105577835216808e+00
1.000086118944761626e+00
1.000070421558684419e+00
1.000057773798546323e+00
1.000047596677137607e+00
1.000039420254910105e+00
1.000032863947896145e+00
1.000027620328359790e+00
1.000023441853460371e+00
1.000020130042556632e+00
1.000017526700177184e+00
1.000015506849103009e+00
1.000013973097240827e+00
1.000012851213702314e+00
1.000012086734828332e+00
1.000011642460768346e+00
1.000011496738688832e+00
1.000011642460768346e+00
1.000012086734828332e+00
1.000012851213702314e+00
1.000013973097240827e+00
1.000015506849103009e+00
1.000017526700177184e+00
1.000020130042556632e+00
1.000023441853460371e+00
1.000027620328359790e+00
1.000032863947896145e+00
1.000039420254910105e+00
1.000047596677137607e+00
1.000057773798546323e+00
1.000070421558684419e+00
1.000086118944761626e+00
1.000105577835216808e+00
1.000129671754595773e+00
1.000159470404783146e+00
1.000196280941825000e+00
1.000241697062607349e+00
1.000297657039180388e+00
1.000366511872597730e+00
1.000451104707334560e+00
1.000554862516657595e+00
1.000681900791224432e+00
1.000837141475358072e+00
1.001026443617073713e+00
1.001256745027827355e+00
1.001536211562633616e+00
1.001874388285844075e+00
1.002282343621554883e+00
1.002772793434626442e+00
1.003360186700873236e+00
1.004060727910345729e+00
1.004892303626387484e+00
1.005874271914556140e+00
1.007027064194489396e+00
1.008371540455906601e+00
1.009928032363065942e+00
1.011715007024349022e+00
1.013747290572857063e+00
1.016033809637070462e+00
1.018574845507093096e+00
1.021358855698494938e+00
1.024359004948659724e+00
1.027529663533992776e+00
1.030803270121771531e+00
1.034088104392726359e+00
1.037267643437166154e+00
1.040202242572715541e+00
1.042733830385314420e+00
1.044694081031584565e+00
1.045916081340645176e+00
1.046248846004975253e+00
1.045573223581759637e+00
1.043816943012393805e+00
1.040966020594785268e+00
1.037069754776804631e+00
1.032237285694429962e+00
1.026625209713477815e+00
1.020417777164544626e+00
1.013803282639610392e+00
1.006951802232353144e+00
1.000000000000000000e+00
