1.000000000000000000e+00
7.869249286924662190e-01
7.995786411872970456e-01
9.605078263011835871e-01
1.152727471728673514e+00
1.310494351867556917e+00
1.419403986794085304e+00
1.489918522062814388e+00
1.536265265093105237e+00
1.567988451018784923e+00
1.589749804832545577e+00
1.603513458668527569e+00
1.610126699651634352e+00
1.609976815158636887e+00
1.603350251418641736e+00
1.590870597767037653e+00
1.573915717914790235e+00
1.554740877029362478e+00
1.536177541926586843e+00
1.521017936592917064e+00
1.511343533169308140e+00
1.508050809828301864e+00
1.510713285584328602e+00
1.517775964073208028e+00
1.526972728464189411e+00
1.535817334537057821e+00
1.542037776956584949e+00
1.543875755369816805e+00
1.540229458234115612e+00
1.530660014847216033e+00
1.515303262163134157e+00
1.494731750806798765e+00
1.469804085855435538e+00
1.441526589672761816e+00
1.410940584139959819e+00
1.379039609718352599e+00
1.346715139121994254e+00
1.314726343435117961e+00
1.283688428978880358e+00
1.254074212327575655e+00
1.226224346141560728e+00
1.200362559777413685e+00
1.176613212779637374e+00
1.155019269679899985e+00
1.135559455852306110e+00
1.118163849854533431e+00
1.102727528430825776e+00
1.089122132049386682e+00
1.077205386414315624e+00
1.066828720232942729e+00
1.057843178898056902e+00
1.050103861070635469e+00
1.043473110587985309e+00
1.037822687248547204e+00
1.033035122400678851e+00
1.029004442906493066e+00
1.025636422804227177e+00
1.022848497798005907e+00
1.020569454827270794e+00
1.018738988162513071e+00
1.017307195113322127e+00
1.016234068615180508e+00
1.015489030583466290e+00
1.015050538751190112e+00
1.014905790417990339e+00
1.015050538751180786e+00
1.015489030583449637e+00
1.016234068615159414e+00
1.017307195113298812e+00
1.018738988162496861e+00
1.020569454827271239e+00
1.022848497798039658e+00
1.025636422804314662e+00
1.029004442906672478e+00
1.033035122400986605e+00
1.037822687249046805e+00
1.043473110588763353e+00
1.050103861071798095e+00
1.057843178899747549e+00
1.066828720235339700e+00
1.077205386417651622e+00
1.089122132053943703e+00
1.102727528436953763e+00
1.118163849862635173e+00
1.135559455862854783e+00
1.155019269693411621e+00
1.176613212796653318e+00
1.200362559798453299e+00
1.226224346167036350e+00
1.254074212357668694e+00
1.283688429013336130e+00
1.314726343472983672e+00
1.346715139161213548e+00
1.379039609755222662e+00
1.410940584168421941e+00
1.441526589683507442e+00
1.469804085834804708e+00
1.494731750735564413e+00
1.515303262015223806e+00
1.530660014588619555e+00
1.540229457822251291e+00
1.543875754753674556e+00
1.542037776078038602e+00
1.535817333333411971e+00
1.526972726871667962e+00
1.517775962030320613e+00
1.510713283033352283e+00
1.508050806712746050e+00
1.511343529425960286e+00
1.521017932139181683e+00
1.536177536647197028e+00
1.554740870769672378e+00
1.573915710488436481e+00
1.590870588981814437e+00
1.603350241116431762e+00
1.609976803257288980e+00
1.610126686174864430e+00
1.603513443757454526e+00
1.589749788744180714e+00
1.567988434122124408e+00
1.536265247867483419e+00
1.489918505092910683e+00
1.419403970751106581e+00
1.310494337463501635e+00
1.152727459630239260e+00
9.605078170139909055e-01
7.995786349745823696e-01
7.869249256039022589e-01
1.000000000000000000e+00
