1.000000000000000000e+00
7.557404879765449168e-01
7.880055979297930779e-01
9.721845712062019418e-01
1.167753723923145914e+00
1.316248567925026647e+00
1.417135438149770277e+00
1.486629900125435055e+00
1.536519832819680742e+00
1.571547172055667962e+00
1.593601841583563106e+00
1.604917796320820544e+00
1.608485208750138229e+00
1.606986888110895739e+00
1.601877392529566180e+00
1.593360715380353732e+00
1.581139408208991792e+00
1.565361211511584916e+00
1.547207318417021860e+00
1.528867646915039513e+00
1.512993431617149609e+00
1.501930381542629478e+00
1.497062004088526743e+00
1.498479239835720067e+00
1.505028474724960263e+00
1.514653673468135731e+00
1.524880390057994362e+00
1.533290869720112637e+00
1.537886031420439448e+00
1.537290634306690107e+00
1.530808543241115149e+00
1.518364846038241733e+00
1.500380963398696421e+00
1.477624162459562740e+00
1.451061469434185902e+00
1.421735569435072621e+00
1.390670045108550745e+00
1.358804305361844378e+00
1.326954586504503597e+00
1.295795726127132008e+00
1.265858196369376243e+00
1.237535465780664978e+00
1.211097671953191401e+00
1.186708549714151406e+00
1.164443427161740985e+00
1.144306816788320136e+00
1.126248683410836726e+00
1.110178880762000997e+00
1.095979539412458070e+00
1.083515386017368964e+00
1.072642100662771769e+00
1.063212894213911630e+00
1.055083525889587426e+00
1.048115994149857677e+00
1.042181129892621794e+00
1.037160306181349689e+00
1.032946457828506359e+00
1.029444580380841190e+00
1.026571853636244258e+00
1.024257511247657515e+00
1.022442556141416548e+00
1.021079401865733205e+00
1.020131502740132978e+00
1.019573020715752731e+00
1.019388563933010028e+00
1.019573020716312284e+00
1.020131502741282947e+00
1.021079401867539316e+00
1.022442556143984937e+00
1.024257511251133401e+00
1.026571853640825926e+00
1.029444580386792651e+00
1.032946457836166232e+00
1.037160306191161840e+00
1.042181129905141779e+00
1.048115994165805143e+00
1.055083525909880970e+00
1.063212894239707440e+00
1.072642100695544665e+00
1.083515386058979901e+00
1.095979539465273822e+00
1.110178880829010284e+00
1.126248683495826075e+00
1.144306816896067502e+00
1.164443427298303968e+00
1.186708549887178776e+00
1.211097672172360973e+00
1.237535466058236056e+00
1.265858196720873075e+00
1.295795726572243289e+00
1.326954587068208902e+00
1.358804306075913848e+00
1.390670046013426475e+00
1.421735570582328689e+00
1.451061470889688731e+00
1.477624164307576038e+00
1.500380965747136086e+00
1.518364849025420904e+00
1.530808547044291812e+00
1.537290639152748106e+00
1.537886037599025979e+00
1.533290877599242430e+00
1.524880400101978672e+00
1.514653686257023679e+00
1.505028490974087418e+00
1.498479260413131398e+00
1.497062030027414448e+00
1.501930414045595352e+00
1.512993472049194876e+00
1.528867696782518770e+00
1.547207379329597732e+00
1.565361285122625956e+00
1.581139496126502397e+00
1.593360819036782061e+00
1.601877512998644226e+00
1.606987025868310326e+00
1.608485363394864809e+00
1.604917966301183441e+00
1.593602023993839323e+00
1.571547362571916295e+00
1.536520025823518543e+00
1.486630089029391089e+00
1.417135615896700562e+00
1.316248727585919154e+00
1.167753859269307526e+00
9.721846771224833539e-01
7.880056706061340233e-01
7.557405249252063806e-01
1.000000000000000000e+00
