1.000000000000000000e+00
7.482507378232134965e-01
7.861855851033352494e-01
9.754784243725485027e-01
1.170593527545850332e+00
1.316225119389848652e+00
1.415453838782005036e+00
1.485306024306010553e+00
1.536479841044426253e+00
1.572474288127591713e+00
1.594621670326709761e+00
1.605264712702215046e+00
1.607862703142057148e+00
1.605644527581223002e+00
1.600469645914319061e+00
1.592653366256175484e+00
1.581671604074175175e+00
1.567200620045592130e+00
1.549898136098029955e+00
1.531581175564491915e+00
1.514804807051148616e+00
1.502106757355270217e+00
1.495264111618730185e+00
1.494828405837958396e+00
1.500045647515876768e+00
1.509114322163604971e+00
1.519641491935917132e+00
1.529137572687393476e+00
1.535425993103440634e+00
1.536903576534036420e+00
1.532643648528976277e+00
1.522371253853486595e+00
1.506355608452289774e+00
1.485264021767040310e+00
1.460011545693127299e+00
1.431628012747792056e+00
1.401152927078552102e+00
1.369560547598754674e+00
1.337712577652995005e+00
1.306333517618892381e+00
1.276003114561501617e+00
1.247160721160497365e+00
1.220117218700805140e+00
1.195071127651411658e+00
1.172126439511643303e+00
1.151310473242431742e+00
1.132590667577411780e+00
1.115889677022434023e+00
1.101098467653670587e+00
1.088087335069251704e+00
1.076714915197729994e+00
1.066835349426672908e+00
1.058303814862353143e+00
1.050980650929514981e+00
1.044734314362578687e+00
1.039443382891360290e+00
1.034997808670530484e+00
1.031299599387778709e+00
1.028263080556456988e+00
1.025814868461792262e+00
1.023893660657354765e+00
1.022449930391865935e+00
1.021445593120112516e+00
1.020853697287956274e+00
1.020658177665531463e+00
1.020853697288361950e+00
1.021445593120945183e+00
1.022449930393176887e+00
1.023893660659225047e+00
1.025814868464331120e+00
1.028263080559818965e+00
1.031299599392167421e+00
1.034997808676207720e+00
1.039443382898673107e+00
1.044734314371962736e+00
1.050980650941541139e+00
1.058303814877750826e+00
1.066835349446365822e+00
1.076714915222902524e+00
1.088087335101403541e+00
1.101098467694719307e+00
1.115889677074805464e+00
1.132590667644196136e+00
1.151310473327533890e+00
1.172126439620023497e+00
1.195071127789341547e+00
1.220117218876232590e+00
1.247160721383496984e+00
1.276003114844833863e+00
1.306333517978735648e+00
1.337712578109865547e+00
1.369560548178723192e+00
1.401152927814774518e+00
1.431628013682497924e+00
1.460011546880191524e+00
1.485264023275312262e+00
1.506355610369877640e+00
1.522371256293261199e+00
1.532643651635582582e+00
1.536903580492675392e+00
1.535425998150712124e+00
1.529137579124194346e+00
1.519641500142269397e+00
1.509114332614677867e+00
1.500045660798003500e+00
1.494828422662692669e+00
1.495264132832598403e+00
1.502106783942641410e+00
1.514804840127928154e+00
1.531581216360720310e+00
1.549898185927324645e+00
1.567200680257750944e+00
1.581671675983944203e+00
1.592653451037565171e+00
1.600469744449735776e+00
1.605644640262722245e+00
1.607862829640146485e+00
1.605264851740848764e+00
1.594621819519919326e+00
1.572474443932473376e+00
1.536479998866468577e+00
1.485306178764787655e+00
1.415453984115751185e+00
1.316225249940932374e+00
1.170593638227046762e+00
9.754785110022924366e-01
7.861856445587975806e-01
7.482507680560556151e-01
1.000000000000000000e+00
