1.000000000000000000e+00
9.288910883186237699e-01
9.255464163878677208e-01
9.954194054964417004e-01
1.114373444465431406e+00
1.250574525826526173e+00
1.377125034103298562e+00
1.477476077363762741e+00
1.545752386845030912e+00
1.584188692774824991e+00
1.599627626983828099e+00
1.600396679451512094e+00
1.594141256365669168e+00
1.586648247983971638e+00
1.581446019212488618e+00
1.579926317284786164e+00
1.581775010262607584e+00
1.585546269120491347e+00
1.589251023388008832e+00
1.590863756049398337e+00
1.588689368520983303e+00
1.581571459350780806e+00
1.568956856602735428e+00
1.550852091579088432e+00
1.527714321154419741e+00
1.500315150132388364e+00
1.469605918416334589e+00
1.436601843820690005e+00
1.402292835126223824e+00
1.367581994885938013e+00
1.333248816339569709e+00
1.299932256739533942e+00
1.268128509276203353e+00
1.238198760515437202e+00
1.210383050185226850e+00
1.184817258793273487e+00
1.161551082819582748e+00
1.140565552423491225e+00
1.121789189579385893e+00
1.105112308069286620e+00
1.090399243770579174e+00
1.077498498779265512e+00
1.066250908335955261e+00
1.056496013739242290e+00
1.048076862046345648e+00
1.040843465585900907e+00
1.034655149580450351e+00
1.029382000747828929e+00
1.024905608185604944e+00
1.021119263410366074e+00
1.017927761404248344e+00
1.015246920442681500e+00
1.013002916299927891e+00
1.011131506688935255e+00
1.009577204719469101e+00
1.008292445766336920e+00
1.007236780297751544e+00
1.006376115702959817e+00
1.005682022712296897e+00
1.005131116338299213e+00
1.004704517104274553e+00
1.004387395403745442e+00
1.004168599912197202e+00
1.004040369839218627e+00
1.003998130280103762e+00
1.004040369839205749e+00
1.004168599912170778e+00
1.004387395403704586e+00
1.004704517104216599e+00
1.005131116338221720e+00
1.005682022712195867e+00
1.006376115702830365e+00
1.007236780297586121e+00
1.008292445766129086e+00
1.009577204719207311e+00
1.011131506688606185e+00
1.013002916299517109e+00
1.015246920442168577e+00
1.017927761403608189e+00
1.021119263409568045e+00
1.024905608184611072e+00
1.029382000746591475e+00
1.034655149578911582e+00
1.040843465583986882e+00
1.048076862043966884e+00
1.056496013736286876e+00
1.066250908332283531e+00
1.077498498774704938e+00
1.090399243764913928e+00
1.105112308062249138e+00
1.121789189570643552e+00
1.140565552412626582e+00
1.161551082806075996e+00
1.184817258776470039e+00
1.210383050164309138e+00
1.238198760489377603e+00
1.268128509243706903e+00
1.299932256698977495e+00
1.333248816288895577e+00
1.367581994822561375e+00
1.402292835046889730e+00
1.436601843721302174e+00
1.469605918291772007e+00
1.500315149976266804e+00
1.527714320958850847e+00
1.550852091334414817e+00
1.568956856297297087e+00
1.581571458970737476e+00
1.588689368050261397e+00
1.590863755469847707e+00
1.589251022679861514e+00
1.585546268263209324e+00
1.581775009236215501e+00
1.579926316071717185e+00
1.581446017799942094e+00
1.586648246366669124e+00
1.594141254548801401e+00
1.600396677453554517e+00
1.599627624838731332e+00
1.584188690532931876e+00
1.545752384572088189e+00
1.477476075137486244e+00
1.377125032007603833e+00
1.250574523944207428e+00
1.114373442870903119e+00
9.954194042502702011e-01
9.255464155341782684e-01
9.288910878852137953e-01
1.000000000000000000e+00
