1.000000000000000000e+00
7.413219544054603372e-01
7.841213389227482677e-01
9.773240583468471021e-01
1.171366150871840706e+00
1.314154337478806056e+00
1.411898702733912714e+00
1.482084971000344753e+00
1.534347613331835447e+00
1.571169840606663648e+00
1.593490564257255215e+00
1.603744280886449047e+00
1.605710558930085741e+00
1.603006324950565276e+00
1.597826509782135362e+00
1.590642043413748263e+00
1.580818989339334069e+00
1.567681976749973005e+00
1.551431452903901720e+00
1.533502635625937804e+00
1.516283910197522511e+00
1.502406357539938897e+00
1.493949222996739934e+00
1.491864958897262783e+00
1.495780088283539921e+00
1.504164363924366477e+00
1.514746444619794907e+00
1.525014176383696629e+00
1.532660418032037342e+00
1.535891633476601292e+00
1.533576184158380817e+00
1.525253118792846418e+00
1.511044136641113589e+00
1.491514629471487163e+00
1.467521601037666601e+00
1.440073869480383184e+00
1.410218056570751832e+00
1.378954756665224712e+00
1.347183447960990099e+00
1.315671676149833713e+00
1.285042989772222422e+00
1.255778255176303482e+00
1.228225728605220501e+00
1.202616220298953431e+00
1.179080625862363396e+00
1.157667916113985340e+00
1.138362332723301895e+00
1.121099036467990251e+00
1.105777818666860535e+00
1.092274740276187872e+00
1.080451732336629167e+00
1.070164297462309788e+00
1.061267512257232370e+00
1.053620558432214471e+00
1.047090016215850961e+00
1.041552145029763787e+00
1.036894358922301418e+00
1.033016081955890675e+00
1.029829144457287793e+00
1.027257856693237548e+00
1.025238873360121206e+00
1.023720940984435224e+00
1.022664601238773230e+00
1.022041906312413984e+00
1.021836187655611683e+00
1.022041906312197490e+00
1.022664601238327808e+00
1.023720940983747552e+00
1.025238873359168412e+00
1.027257856691986104e+00
1.029829144455694623e+00
1.033016081953907817e+00
1.036894358919863590e+00
1.041552145026808818e+00
1.047090016212292474e+00
1.053620558427965870e+00
1.061267512252203060e+00
1.070164297456389635e+00
1.080451732329702486e+00
1.092274740268123656e+00
1.105777818657523337e+00
1.121099036457218423e+00
1.138362332710914471e+00
1.157667916099752059e+00
1.179080625845993824e+00
1.202616220280040116e+00
1.228225728583191456e+00
1.255778255150332701e+00
1.285042989741078445e+00
1.315671676111695332e+00
1.347183447913149257e+00
1.378954756603722354e+00
1.410218056489850103e+00
1.440073869371876647e+00
1.467521600890007161e+00
1.491514629268712477e+00
1.511044136361584744e+00
1.525253118407846609e+00
1.533576183630692702e+00
1.535891632759205372e+00
1.532660417067173819e+00
1.525014175102385128e+00
1.514746442941924176e+00
1.504164361759017909e+00
1.495780085528948034e+00
1.491864955439301088e+00
1.493949218704882842e+00
1.502406352260214684e+00
1.516283903743578465e+00
1.533502627771599069e+00
1.551431443382588427e+00
1.567681965266473965e+00
1.580818975596361975e+00
1.590642027149924642e+00
1.597826490812731981e+00
1.603006303202045402e+00
1.605710534466249229e+00
1.603744253933004016e+00
1.593490535232823468e+00
1.571169810155297331e+00
1.534347582334393278e+00
1.482084940539057927e+00
1.411898674006528243e+00
1.314154311684672782e+00
1.171366129093317276e+00
9.773240414386153985e-01
7.841213274399864153e-01
7.413219486201984010e-01
1.000000000000000000e+00
