1.000000000000000000e+00
1.080116043602170839e+00
1.160286381573473191e+00
1.239405391816306823e+00
1.315374219737549311e+00
1.385452546064588564e+00
1.446731446610278082e+00
1.496628890975665760e+00
1.533299884169528893e+00
1.555879850954848376e+00
1.564531721133902487e+00
1.560321264435295285e+00
1.544981109012399934e+00
1.520633505340135194e+00
1.489529960383778162e+00
1.453843466624797687e+00
1.415526637852719150e+00
1.376232667352360162e+00
1.337287109664619056e+00
1.299695699115550385e+00
1.264174456336367935e+00
1.231191131858794252e+00
1.201010201844230574e+00
1.173736430892393656e+00
1.149354180913894297e+00
1.127761165727587667e+00
1.108796335838077018e+00
1.092262162889867882e+00
1.077941902192337986e+00
1.065612541461939511e+00
1.055054164337268174e+00
1.046056415610174595e+00
1.038422682110834439e+00
1.031972517813933177e+00
1.026542755306608212e+00
1.021987664612152402e+00
1.018178447699953804e+00
1.015002294104242697e+00
1.012361170036328639e+00
1.010170469652718062e+00
1.008357621827098649e+00
1.006860717803222727e+00
1.005627203383582247e+00
1.004612662786312116e+00
1.003779709021376032e+00
1.003096986748786223e+00
1.002538287359511671e+00
1.002081771851964564e+00
1.001709294461831767e+00
1.001405818535346937e+00
1.001158915495130142e+00
1.000958337683955479e+00
1.000795656195152983e+00
1.000663955365863389e+00
1.000557576317085084e+00
1.000471902697599891e+00
1.000403182576449668e+00
1.000348381196343173e+00
1.000305060027763648e+00
1.000271278239037720e+00
1.000245513316831092e+00
1.000226598134826173e+00
1.000213672279474775e+00
1.000206145906147315e+00
1.000203674824502231e+00
1.000206145906147315e+00
1.000213672279474775e+00
1.000226598134826173e+00
1.000245513316831092e+00
1.000271278239037720e+00
1.000305060027763648e+00
1.000348381196343173e+00
1.000403182576449668e+00
1.000471902697599891e+00
1.000557576317085084e+00
1.000663955365863389e+00
1.000795656195152983e+00
1.000958337683955479e+00
1.001158915495130142e+00
1.001405818535346937e+00
1.001709294461831767e+00
1.002081771851964564e+00
1.002538287359511671e+00
1.003096986748786223e+00
1.003779709021376032e+00
1.004612662786312116e+00
1.005627203383582247e+00
1.006860717803222727e+00
1.008357621827098649e+00
1.010170469652718062e+00
1.012361170036328639e+00
1.015002294104242697e+00
1.018178447699953582e+00
1.021987664612152402e+00
1.026542755306607990e+00
1.031972517813933177e+00
1.038422682110833994e+00
1.046056415610174595e+00
1.055054164337268174e+00
1.065612541461939289e+00
1.077941902192338208e+00
1.092262162889867660e+00
1.108796335838077463e+00
1.127761165727587445e+00
1.149354180913894297e+00
1.173736430892393434e+00
1.201010201844230796e+00
1.231191131858794696e+00
1.264174456336368157e+00
1.299695699115550163e+00
1.337287109664619944e+00
1.376232667352360828e+00
1.415526637852718705e+00
1.453843466624797465e+00
1.489529960383776830e+00
1.520633505340136304e+00
1.544981109012400156e+00
1.560321264435293953e+00
1.564531721133902487e+00
1.555879850954849042e+00
1.533299884169528449e+00
1.496628890975665094e+00
1.446731446610278304e+00
1.385452546064589674e+00
1.315374219737550199e+00
1.239405391816305935e+00
1.160286381573472969e+00
1.080116043602170839e+00
1.000000000000000000e+00
