1.000000000000000000e+00
1.002556423545359010e+00
1.005075747000371278e+00
1.007507895547660848e+00
1.009790852210713075e+00
1.011856093996597039e+00
1.013636560507715112e+00
1.015075114947217028e+00
1.016131668892085838e+00
1.016787688292458025e+00
1.017047526413362490e+00
1.016936742578020691e+00
1.016498100182017250e+00
1.015786211049545473e+00
1.014861810331268099e+00
1.013786473398789578e+00
1.012618315248056566e+00
1.011408928328124457e+00
1.010201575205214919e+00
1.009030486412580085e+00
1.007921024350217687e+00
1.006890448410248995e+00
1.005949035114361179e+00
1.005101350462764165e+00
1.004347524162168881e+00
1.003684426199947799e+00
1.003106689352047498e+00
1.002607554286073732e+00
1.002179536985634778e+00
1.001814932639071509e+00
1.001506177795627339e+00
1.001246095409350279e+00
1.001028047032969548e+00
1.000846014205533763e+00
1.000694627954753280e+00
1.000569161951432084e+00
1.000465501605621199e+00
1.000380098497932302e+00
1.000309917086857681e+00
1.000252378637674244e+00
1.000205305748977702e+00
1.000166869655125801e+00
1.000135541595194910e+00
1.000110048901011739e+00
1.000089336013749719e+00
1.000072530343809607e+00
1.000058912703896796e+00
1.000047891939730649e+00
1.000038983333114917e+00
1.000031790340113913e+00
1.000025989239608171e+00
1.000021316294913643e+00
1.000017557066668061e+00
1.000014537554154703e+00
1.000012116881592972e+00
1.000010181283721433e+00
1.000008639180143932e+00
1.000007417159807899e+00
1.000006456725496040e+00
1.000005711673403574e+00
1.000005146004927958e+00
1.000004732287125719e+00
1.000004450395140410e+00
1.000004286584781354e+00
1.000004232856601893e+00
1.000004286584781354e+00
1.000004450395140410e+00
1.000004732287125719e+00
1.000005146004927958e+00
1.000005711673403574e+00
1.000006456725496040e+00
1.000007417159807899e+00
1.000008639180143932e+00
1.000010181283721433e+00
1.000012116881592972e+00
1.000014537554154703e+00
1.000017557066668061e+00
1.000021316294913643e+00
1.000025989239608171e+00
1.000031790340113913e+00
1.000038983333114917e+00
1.000047891939730649e+00
1.000058912703896796e+00
1.000072530343809607e+00
1.000089336013749719e+00
1.000110048901011739e+00
1.000135541595194910e+00
1.000166869655125801e+00
1.000205305748977702e+00
1.000252378637674244e+00
1.000309917086857681e+00
1.000380098497932302e+00
1.000465501605621199e+00
1.000569161951432084e+00
1.000694627954753280e+00
1.000846014205533763e+00
1.001028047032969548e+00
1.001246095409350279e+00
1.001506177795627339e+00
1.001814932639071287e+00
1.002179536985634778e+00
1.002607554286073510e+00
1.003106689352047498e+00
1.003684426199947799e+00
1.004347524162168659e+00
1.005101350462763721e+00
1.005949035114360735e+00
1.006890448410248995e+00
1.007921024350217465e+00
1.009030486412579419e+00
1.010201575205214475e+00
1.011408928328123791e+00
1.012618315248055900e+00
1.013786473398788690e+00
1.014861810331267211e+00
1.015786211049544585e+00
1.016498100182015918e+00
1.016936742578019803e+00
1.017047526413361824e+00
1.016787688292456915e+00
1.016131668892084949e+00
1.015075114947215917e+00
1.013636560507714002e+00
1.011856093996596595e+00
1.009790852210712631e+00
1.007507895547660182e+00
1.005075747000371056e+00
1.002556423545358566e+00
1.000000000000000000e+00
