1.000000000000000000e+00
7.749101636890762812e-01
7.946190389784750785e-01
9.650880781481770976e-01
1.159783881542099770e+00
1.314684263902090589e+00
1.420412913288032097e+00
1.490027460428197781e+00
1.537262432124106182e+00
1.570002811763833384e+00
1.591841687873848388e+00
1.604805796813411289e+00
1.610526948785647505e+00
1.610194351931547363e+00
1.604402812614811547e+00
1.593463427210158878e+00
1.578028301147154533e+00
1.559579104614623013e+00
1.540455855463451096e+00
1.523409273988690193e+00
1.510906059675892532e+00
1.504491723592838115e+00
1.504437819115624908e+00
1.509750874176045921e+00
1.518481635005773489e+00
1.528194522185521320e+00
1.536447424592647382e+00
1.541171373064884831e+00
1.540898064620158658e+00
1.534835395267457381e+00
1.522824065349127398e+00
1.505220566176063146e+00
1.482748964930769242e+00
1.456353248140412227e+00
1.427069570954893285e+00
1.395927134193995611e+00
1.363878926738953945e+00
1.331759181281799265e+00
1.300262409072612257e+00
1.269938483064393608e+00
1.241198729578960158e+00
1.214328869497436347e+00
1.189505614597495597e+00
1.166814610437605815e+00
1.146268155799090360e+00
1.127821706350566222e+00
1.111388600423317108e+00
1.096852751831888240e+00
1.084079264514091978e+00
1.072923059877050944e+00
1.063235689621772062e+00
1.054870549899297405e+00
1.047686728754985142e+00
1.041551716831920382e+00
1.036343197807185978e+00
1.031950114818423581e+00
1.028273185632107900e+00
1.025225014898456521e+00
1.022729928129762822e+00
1.020723630029062523e+00
1.019152770036753974e+00
1.017974480674012083e+00
1.017155939424730038e+00
1.016673992323509967e+00
1.016514866803452488e+00
1.016673992324613085e+00
1.017155939426995115e+00
1.017974480677561022e+00
1.019152770041777734e+00
1.020723630035832441e+00
1.022729928138637279e+00
1.025225014909911803e+00
1.028273185646753074e+00
1.031950114837045795e+00
1.036343197830766671e+00
1.041551716861715216e+00
1.047686728792579069e+00
1.054870549946679947e+00
1.063235689681452545e+00
1.072923059952179736e+00
1.084079264608643234e+00
1.096852751950856408e+00
1.111388600572995156e+00
1.127821706538868485e+00
1.146268156036003516e+00
1.166814610735718016e+00
1.189505614972712344e+00
1.214328869969873548e+00
1.241198730174098763e+00
1.269938483814567309e+00
1.300262410018907078e+00
1.331759182476560222e+00
1.363878928248966504e+00
1.395927136104634592e+00
1.427069573375473688e+00
1.456353251211094602e+00
1.482748968831390624e+00
1.505220571137406482e+00
1.522824071667092216e+00
1.534835403320672365e+00
1.540898074891441816e+00
1.541171386166630963e+00
1.536447441295922145e+00
1.528194543451710130e+00
1.518481662018783096e+00
1.509750908371779499e+00
1.504437862204315968e+00
1.504491777568894406e+00
1.510906126809411498e+00
1.523409356792538638e+00
1.540455956629182888e+00
1.559579226908606175e+00
1.578028447254850475e+00
1.593463599513089912e+00
1.604403012885766477e+00
1.610194580945412568e+00
1.610527205870242895e+00
1.604806079403731545e+00
1.591841991169913317e+00
1.570003128606838105e+00
1.537262753183900044e+00
1.490027774737861188e+00
1.420413209080402916e+00
1.314684529612619501e+00
1.159784106769397027e+00
9.650882543588402696e-01
7.946191598458367533e-01
7.749102251181236856e-01
1.000000000000000000e+00
