1.000000000000000000e+00
8.494216288856091257e-01
8.417877948946178579e-01
9.557474992816678006e-01
1.122516535475105881e+00
1.284232758886358905e+00
1.411455954360281817e+00
1.498840770701904246e+00
1.553664470680435006e+00
1.585944813476040549e+00
1.603302613902973572e+00
1.610001678357346311e+00
1.608174698274425607e+00
1.599437169423620464e+00
1.585900340364984284e+00
1.570346865284496518e+00
1.555787383730049100e+00
1.544779422205647013e+00
1.538851785651745185e+00
1.538236357264436860e+00
1.541947982885236712e+00
1.548129622585994181e+00
1.554521056364138509e+00
1.558912626032738835e+00
1.559488749063918878e+00
1.555021681902767128e+00
1.544922818633789996e+00
1.529186595678442506e+00
1.508270882965471182e+00
1.482953284673786731e+00
1.454191944293524941e+00
1.423007624687609995e+00
1.390394045901584219e+00
1.357256756402540177e+00
1.324377009654082560e+00
1.292395511505377126e+00
1.261810710140396363e+00
1.232986872210329210e+00
1.206168076950455692e+00
1.181495193690922374e+00
1.159023747854102560e+00
1.138741271353902906e+00
1.120583268111806419e+00
1.104447320181063397e+00
1.090205139187292893e+00
1.077712556576466030e+00
1.066817566786903537e+00
1.057366608230120741e+00
1.049209302253111487e+00
1.042201881043510747e+00
1.036209529960214981e+00
1.031107854103284094e+00
1.026783657499112046e+00
1.023135199223359271e+00
1.020072066304801517e+00
1.017514779805261949e+00
1.015394228961443490e+00
1.013651009201380182e+00
1.012234723412833715e+00
1.011103292034864820e+00
1.010222306219048072e+00
1.009564449226089122e+00
1.009109004100473106e+00
1.008841460189417560e+00
1.008753226928507996e+00
1.008841460192628103e+00
1.009109004107059171e+00
1.009564449236391104e+00
1.010222306233588441e+00
1.011103292054389424e+00
1.012234723438333761e+00
1.013651009234147971e+00
1.015394229003131921e+00
1.017514779857970453e+00
1.020072066371164210e+00
1.023135199306688170e+00
1.026783657603556277e+00
1.031107854234021515e+00
1.036209530123715528e+00
1.042201881247851070e+00
1.049209302508381958e+00
1.057366608548921505e+00
1.066817567184992654e+00
1.077712557073559507e+00
1.090205139808090973e+00
1.104447320956557288e+00
1.120583269080946742e+00
1.138741272565736207e+00
1.159023749370518663e+00
1.181495195590190894e+00
1.206168079331794152e+00
1.232986875199828525e+00
1.261810713898669833e+00
1.292395516237487829e+00
1.324377015622361098e+00
1.357256763943134104e+00
1.390394055445666410e+00
1.423007636788424568e+00
1.454191959660455558e+00
1.482953304214760237e+00
1.508270907838742403e+00
1.529186627354291783e+00
1.544922858965775525e+00
1.555021733206452206e+00
1.559488814198770390e+00
1.558912708479809561e+00
1.554521160288652171e+00
1.548129752870428089e+00
1.541948145115299207e+00
1.538236557648013481e+00
1.538852030849006569e+00
1.544779719046838418e+00
1.555787738795738173e+00
1.570347284323796888e+00
1.585900827536233626e+00
1.599437726368640567e+00
1.608175323088915531e+00
1.610002364593275059e+00
1.603303349812605694e+00
1.585945581744622856e+00
1.553665248860107928e+00
1.498841532440178925e+00
1.411456671333428448e+00
1.284233403144719343e+00
1.122517081746197798e+00
9.557479267433710568e-01
8.417880881034403018e-01
8.494217778911835603e-01
1.000000000000000000e+00
