1.000000000000000000e+00
8.072289779371066842e-01
8.116525434603456546e-01
9.579222923762219510e-01
1.144568248038484448e+00
1.305750561207595029e+00
1.420458864611497729e+00
1.494451769073651182e+00
1.541362233137557602e+00
1.572345878915240913e+00
1.593471885090179008e+00
1.606902719502800503e+00
1.612852710559025349e+00
1.611124462467903085e+00
1.602071810097710047e+00
1.587075250863495990e+00
1.568562753664384024e+00
1.549617563448577151e+00
1.533318489648069605e+00
1.522047152443215534e+00
1.516991277366844360e+00
1.517977610587666559e+00
1.523638797257176103e+00
1.531815097473240295e+00
1.540046362170564676e+00
1.546021797428807298e+00
1.547902677215229561e+00
1.544489070685991949e+00
1.535245798540577633e+00
1.520226981183117720e+00
1.499944192872631810e+00
1.475216769667781813e+00
1.447031130107278907e+00
1.416424088265342940e+00
1.384395705248143704e+00
1.351850985718648035e+00
1.319566338713024312e+00
1.288175419917134690e+00
1.258168970238316309e+00
1.229903940401599005e+00
1.203618123281990471e+00
1.179447458294057505e+00
1.157444003197345417e+00
1.137593243837405677e+00
1.119829930318865019e+00
1.104052007684677372e+00
1.090132475832165104e+00
1.077929192359884603e+00
1.067292745288028977e+00
1.058072588003600378e+00
1.050121660304208726e+00
1.043299727665133902e+00
1.037475663763824274e+00
1.032528884701831462e+00
1.028350121499158831e+00
1.024841693305857726e+00
1.021917419454056120e+00
1.019502285326340241e+00
1.017531955877334360e+00
1.015952211952168227e+00
1.014718368449101460e+00
1.013794719819598900e+00
1.013154047195539142e+00
1.012777212296163798e+00
1.012652855859889067e+00
1.012777212298405560e+00
1.013154047200138796e+00
1.013794719826797808e+00
1.014718368459267772e+00
1.015952211965831520e+00
1.017531955895197182e+00
1.019502285349320747e+00
1.021917419483328926e+00
1.024841693342922522e+00
1.028350121545895224e+00
1.032528884760612220e+00
1.037475663837630124e+00
1.043299727757691420e+00
1.050121660420186176e+00
1.058072588148839088e+00
1.067292745469846205e+00
1.077929192587440799e+00
1.090132476116949523e+00
1.104052008041092492e+00
1.119829930765007253e+00
1.137593244396032821e+00
1.157444003897129869e+00
1.179447459171187429e+00
1.203618124382235921e+00
1.229903941782969135e+00
1.258168971974491956e+00
1.288175422101936141e+00
1.319566341466169357e+00
1.351850989193215780e+00
1.384395709640223737e+00
1.416424093826470276e+00
1.447031137160332159e+00
1.475216778627227443e+00
1.499944204269919590e+00
1.520226995698172878e+00
1.535245817040042482e+00
1.544489094268481244e+00
1.547902707263139721e+00
1.546021835664969979e+00
1.540046410716416903e+00
1.531815158903116370e+00
1.523638874641094931e+00
1.517977707512894625e+00
1.516991397926764185e+00
1.522047301180570855e+00
1.533318671437973846e+00
1.549617783303985474e+00
1.568563016443132563e+00
1.587075560853705047e+00
1.602072170463149092e+00
1.611124874555099673e+00
1.612853173109692673e+00
1.606903227875899454e+00
1.593472430659650829e+00
1.572346448841733579e+00
1.541362810686257578e+00
1.494452334554175144e+00
1.420459396865571433e+00
1.305751039403370894e+00
1.144568653405463321e+00
9.579226095057064017e-01
8.116527609537326216e-01
8.072290884561188484e-01
1.000000000000000000e+00
