1.000000000000000000e+00
1.064735407237035858e+00
1.128831832364800336e+00
1.191072661203697036e+00
1.249727996038024980e+00
1.302768645250545365e+00
1.348170111074512345e+00
1.384229502060399630e+00
1.409820340837706132e+00
1.424533446069517151e+00
1.428687735907707923e+00
1.423229230030818471e+00
1.409558558208301449e+00
1.389332956176600797e+00
1.364281124970993186e+00
1.336055072816537459e+00
1.306128469327975328e+00
1.275739971188267319e+00
1.245873591469311092e+00
1.217265852660030623e+00
1.190429836990547496e+00
1.165688003129471628e+00
1.143207811327854984e+00
1.123036228880138987e+00
1.105130827477855071e+00
1.089386382377789397e+00
1.075656687933645550e+00
1.063771798571601312e+00
1.053551174227553178e+00
1.044813327158374605e+00
1.037382588518271032e+00
1.031093578024468771e+00
1.025793895542387313e+00
1.021345477082617359e+00
1.017624980331440998e+00
1.014523492617241285e+00
1.011945790273232504e+00
1.009809323868632314e+00
1.008043058734747088e+00
1.006586263922923719e+00
1.005387314175064217e+00
1.004402547519750000e+00
1.003595204594499579e+00
1.002934463689719280e+00
1.002394576889140465e+00
1.001954106757638296e+00
1.001595259148940542e+00
1.001303305344856565e+00
1.001066085476373102e+00
1.000873584690451956e+00
1.000717573566728191e+00
1.000591304670428450e+00
1.000489257716192348e+00
1.000406926514884054e+00
1.000340641614800408e+00
1.000287423284548671e+00
1.000244860188892915e+00
1.000211009764120806e+00
1.000184316897931858e+00
1.000163548058086604e+00
1.000147738495790195e+00
1.000136150578155858e+00
1.000128241685178443e+00
1.000123640446805018e+00
1.000122130402548715e+00
1.000123640446805018e+00
1.000128241685178443e+00
1.000136150578155858e+00
1.000147738495790195e+00
1.000163548058086604e+00
1.000184316897931858e+00
1.000211009764120806e+00
1.000244860188892915e+00
1.000287423284548671e+00
1.000340641614800408e+00
1.000406926514884054e+00
1.000489257716192348e+00
1.000591304670428450e+00
1.000717573566728191e+00
1.000873584690451956e+00
1.001066085476373102e+00
1.001303305344856565e+00
1.001595259148940542e+00
1.001954106757638296e+00
1.002394576889140465e+00
1.002934463689719280e+00
1.003595204594499579e+00
1.004402547519750000e+00
1.005387314175064217e+00
1.006586263922923719e+00
1.008043058734747088e+00
1.009809323868632314e+00
1.011945790273232504e+00
1.014523492617241285e+00
1.017624980331440776e+00
1.021345477082617359e+00
1.025793895542387313e+00
1.031093578024468771e+00
1.037382588518271032e+00
1.044813327158374605e+00
1.053551174227553400e+00
1.063771798571601090e+00
1.075656687933645994e+00
1.089386382377789175e+00
1.105130827477855071e+00
1.123036228880138765e+00
1.143207811327854984e+00
1.165688003129472294e+00
1.190429836990547052e+00
1.217265852660030179e+00
1.245873591469311092e+00
1.275739971188267541e+00
1.306128469327974884e+00
1.336055072816536571e+00
1.364281124970992298e+00
1.389332956176601019e+00
1.409558558208301005e+00
1.423229230030817360e+00
1.428687735907707701e+00
1.424533446069517373e+00
1.409820340837705244e+00
1.384229502060398742e+00
1.348170111074512123e+00
1.302768645250546031e+00
1.249727996038024758e+00
1.191072661203696592e+00
1.128831832364800558e+00
1.064735407237035636e+00
1.000000000000000000e+00
