1.000000000000000000e+00
1.052758865892745588e+00
1.110944616461766010e+00
1.176385706866093894e+00
1.248150547228873419e+00
1.323341462418951009e+00
1.397899739581861311e+00
1.467411614935139941e+00
1.527834844118782787e+00
1.576046143056229143e+00
1.610144178170832330e+00
1.629503489477824196e+00
1.634629293811480366e+00
1.626891767595423754e+00
1.608218745347936185e+00
1.580807150341778877e+00
1.546888282365328715e+00
1.508559602247922626e+00
1.467680156350728904e+00
1.425818587055880826e+00
1.384240051430672747e+00
1.343919131022500491e+00
1.305568149192480210e+00
1.269673031475238689e+00
1.236531318133907487e+00
1.206288918315338909e+00
1.178973652286690488e+00
1.154524633139189405e+00
1.132817193761285424e+00
1.113683466170869663e+00
1.096928947923256015e+00
1.082345503569683842e+00
1.069721289762292749e+00
1.058848088809909216e+00
1.049526505856771319e+00
1.041569441388857875e+00
1.034804201140336000e+00
1.029073554528898038e+00
1.024236003517490223e+00
1.020165478100993228e+00
1.016750633463586961e+00
1.013893887706676544e+00
1.011510307988871205e+00
1.009526426768658780e+00
1.007879048247675602e+00
1.006514087625133502e+00
1.005385471891567795e+00
1.004454120099289582e+00
1.003687012853551330e+00
1.003056354713309339e+00
1.002538828861781806e+00
1.002114940445542945e+00
1.001768443080727655e+00
1.001485841930716214e+00
1.001255966263590258e+00
1.001069604332768037e+00
1.000919193660240847e+00
1.000798560238091994e+00
1.000702700725558225e+00
1.000627602350767642e+00
1.000570095889860012e+00
1.000527737765708469e+00
1.000498717968007378e+00
1.000481791137208143e+00
1.000476228774270560e+00
1.000481791137208143e+00
1.000498717968007378e+00
1.000527737765708469e+00
1.000570095889860012e+00
1.000627602350767642e+00
1.000702700725558225e+00
1.000798560238091994e+00
1.000919193660240847e+00
1.001069604332768037e+00
1.001255966263590258e+00
1.001485841930716214e+00
1.001768443080727655e+00
1.002114940445542945e+00
1.002538828861781806e+00
1.003056354713309339e+00
1.003687012853551330e+00
1.004454120099289582e+00
1.005385471891567795e+00
1.006514087625133502e+00
1.007879048247675602e+00
1.009526426768658780e+00
1.011510307988871205e+00
1.013893887706676322e+00
1.016750633463586961e+00
1.020165478100993450e+00
1.024236003517490223e+00
1.029073554528898038e+00
1.034804201140335778e+00
1.041569441388857653e+00
1.049526505856771097e+00
1.058848088809908994e+00
1.069721289762292082e+00
1.082345503569683842e+00
1.096928947923255793e+00
1.113683466170869663e+00
1.132817193761286312e+00
1.154524633139188738e+00
1.178973652286690932e+00
1.206288918315339131e+00
1.236531318133907487e+00
1.269673031475238467e+00
1.305568149192480210e+00
1.343919131022501601e+00
1.384240051430673413e+00
1.425818587055880604e+00
1.467680156350729348e+00
1.508559602247923070e+00
1.546888282365328937e+00
1.580807150341778655e+00
1.608218745347934853e+00
1.626891767595425309e+00
1.634629293811482142e+00
1.629503489477823086e+00
1.610144178170831442e+00
1.576046143056228477e+00
1.527834844118782787e+00
1.467411614935138608e+00
1.397899739581860867e+00
1.323341462418951453e+00
1.248150547228874085e+00
1.176385706866093228e+00
1.110944616461764900e+00
1.052758865892744700e+00
1.000000000000000000e+00
