1.000000000000000000e+00
1.075292174367187270e+00
1.150141379609380454e+00
1.223266239885774320e+00
1.292652936540753528e+00
1.355839649613266085e+00
1.410311709796864488e+00
1.453913747531025757e+00
1.485183421372101575e+00
1.503538983080619396e+00
1.509299072392998875e+00
1.503558665427500163e+00
1.487974124551989075e+00
1.464517185746125216e+00
1.435246907662709681e+00
1.402129393595346496e+00
1.366916068908672788e+00
1.331077387700241088e+00
1.295781258446275785e+00
1.261903100370791675e+00
1.230055350437126327e+00
1.200626688413178655e+00
1.173824038736435371e+00
1.149712897942240408e+00
1.128253477684959316e+00
1.109331528413367796e+00
1.092783604933246666e+00
1.078417069159010033e+00
1.066025406167977252e+00
1.055399544399585166e+00
1.046335883384333698e+00
1.038641686812661336e+00
1.032138424034498847e+00
1.026663557444150054e+00
1.022071187565982253e+00
1.018231888111611472e+00
1.015031992837882147e+00
1.012372535781735250e+00
1.010167996313368510e+00
1.008344959708907362e+00
1.006840771546417601e+00
1.005602238998588360e+00
1.004584412860655585e+00
1.003749469819480877e+00
1.003065704063642594e+00
1.002506630011410271e+00
1.002050192985833199e+00
1.001678081511007123e+00
1.001375133072493151e+00
1.001128824307766285e+00
1.000928836382072973e+00
1.000766686542904793e+00
1.000635417369342361e+00
1.000529335921495955e+00
1.000443795765484811e+00
1.000375015642006593e+00
1.000319929323028711e+00
1.000276061937106498e+00
1.000241428725977100e+00
1.000214452817506094e+00
1.000193899162156175e+00
1.000178822284854663e+00
1.000168525957054522e+00
1.000162533301157675e+00
1.000160566209577384e+00
1.000162533301157675e+00
1.000168525957054522e+00
1.000178822284854663e+00
1.000193899162156175e+00
1.000214452817506094e+00
1.000241428725977100e+00
1.000276061937106498e+00
1.000319929323028711e+00
1.000375015642006593e+00
1.000443795765484811e+00
1.000529335921495955e+00
1.000635417369342361e+00
1.000766686542904793e+00
1.000928836382072973e+00
1.001128824307766285e+00
1.001375133072493151e+00
1.001678081511007123e+00
1.002050192985833199e+00
1.002506630011410271e+00
1.003065704063642594e+00
1.003749469819480877e+00
1.004584412860655585e+00
1.005602238998588360e+00
1.006840771546417601e+00
1.008344959708907362e+00
1.010167996313368510e+00
1.012372535781735250e+00
1.015031992837881925e+00
1.018231888111611472e+00
1.022071187565982031e+00
1.026663557444150054e+00
1.032138424034498403e+00
1.038641686812661336e+00
1.046335883384333698e+00
1.055399544399584943e+00
1.066025406167977474e+00
1.078417069159009811e+00
1.092783604933247110e+00
1.109331528413367574e+00
1.128253477684959316e+00
1.149712897942240186e+00
1.173824038736435371e+00
1.200626688413179100e+00
1.230055350437126327e+00
1.261903100370791231e+00
1.295781258446276896e+00
1.331077387700241310e+00
1.366916068908672344e+00
1.402129393595345830e+00
1.435246907662708127e+00
1.464517185746126104e+00
1.487974124551988631e+00
1.503558665427498831e+00
1.509299072392998431e+00
1.503538983080619840e+00
1.485183421372100465e+00
1.453913747531024869e+00
1.410311709796864266e+00
1.355839649613266973e+00
1.292652936540753972e+00
1.223266239885773654e+00
1.150141379609380454e+00
1.075292174367187270e+00
1.000000000000000000e+00
