1.000000000000000000e+00
8.661707110682483890e-01
8.555087971768486899e-01
9.565436121734877117e-01
1.113030193788653088e+00
1.272468334063620476e+00
1.403925336997237094e+00
1.497638405825244101e+00
1.557008969871957804e+00
1.590272879264750250e+00
1.605297932787848270e+00
1.607818372339044677e+00
1.601792366669881007e+00
1.590375243040115016e+00
1.576568079256814192e+00
1.563276147040522757e+00
1.552952789064227179e+00
1.547152227763760601e+00
1.546255160944402629e+00
1.549482657747113690e+00
1.555171225817358893e+00
1.561195963263871889e+00
1.565409483617344888e+00
1.565994317460688956e+00
1.561677746377316822e+00
1.551806185633110235e+00
1.536307874843421573e+00
1.515585333343182128e+00
1.490377283763126837e+00
1.461620243225448812e+00
1.430328440846598381e+00
1.397500641568639290e+00
1.364055258934774972e+00
1.330790866777664450e+00
1.298367258288255499e+00
1.267301779119814231e+00
1.237976108882847148e+00
1.210649500893311803e+00
1.185475413789272459e+00
1.162519320456446348e+00
1.141776191475150082e+00
1.123186707462157763e+00
1.106651669660978055e+00
1.092044374074330637e+00
1.079220916319180157e+00
1.068028524881926344e+00
1.058312098421239522e+00
1.049919163144108492e+00
1.042703480537531258e+00
1.036527532504780247e+00
1.031264096626266946e+00
1.026797103507954834e+00
1.023021944340848366e+00
1.019845372209136292e+00
1.017185116923042809e+00
1.014969311206956437e+00
1.013135806506325620e+00
1.011631439735839466e+00
1.010411298003569769e+00
1.009438016587455689e+00
1.008681135994517808e+00
1.008116536528197216e+00
1.007725963130576385e+00
1.007496649053772453e+00
1.007421043857950504e+00
1.007496649052250559e+00
1.007725963127455548e+00
1.008116536523324447e+00
1.008681135987643973e+00
1.009438016578241504e+00
1.010411297991554935e+00
1.011631439720431569e+00
1.013135806486765045e+00
1.014969311182290390e+00
1.017185116892069141e+00
1.019845372170357312e+00
1.023021944292403562e+00
1.026797103447525616e+00
1.031264096550980502e+00
1.036527532411069430e+00
1.042703480420980044e+00
1.049919162999239930e+00
1.058312098241267263e+00
1.068028524658439116e+00
1.079220916041744971e+00
1.092044373730002071e+00
1.106651669233684521e+00
1.123186706931921020e+00
1.141776190817115566e+00
1.162519319639642834e+00
1.185475412775052195e+00
1.210649499633379200e+00
1.237976107316739460e+00
1.267301777171710775e+00
1.298367255862912462e+00
1.330790863755270559e+00
1.364055255164406733e+00
1.397500636860041778e+00
1.430328434959846629e+00
1.461620235858148487e+00
1.490377274534719465e+00
1.515585321776039551e+00
1.536307860340646370e+00
1.551806167453270602e+00
1.561677723607033608e+00
1.565994288986871874e+00
1.565409448102152767e+00
1.561195919127050580e+00
1.555171171232280658e+00
1.549482590658502579e+00
1.546255079116771070e+00
1.547152128869868637e+00
1.552952670821873271e+00
1.563276007403934686e+00
1.576567916665351454e+00
1.590375056721715863e+00
1.601792156987318139e+00
1.607818141150916924e+00
1.605297683770895878e+00
1.590272618112892333e+00
1.557008704264205567e+00
1.497638145063447945e+00
1.403925091281114534e+00
1.272468113496284081e+00
1.113030007345879424e+00
9.565434669340459051e-01
8.555086980248395312e-01
8.661706608640207250e-01
1.000000000000000000e+00
