1.000000000000000000e+00
1.035883427107434418e+00
1.071287864862751293e+00
1.105501260511368100e+00
1.137599731769524336e+00
1.166542136033962951e+00
1.191307554854868833e+00
1.211039762910276041e+00
1.225165291150005276e+00
1.233462023694320786e+00
1.236069993989228344e+00
1.233450328299445786e+00
1.226308129186210349e+00
1.215498796629259193e+00
1.201935531928713274e+00
1.186510686356540667e+00
1.170037567390694200e+00
1.153214052001738210e+00
1.136605730963787142e+00
1.120644414626797980e+00
1.105637322205055728e+00
1.091782661496910167e+00
1.079188135694107320e+00
1.067889863902753644e+00
1.057870078498247546e+00
1.049072675449341352e+00
1.041416221358048011e+00
1.034804378814433878e+00
1.029133931510493927e+00
1.024300707341083028e+00
1.020203742968256444e+00
1.016748032547945879e+00
1.013846175653120296e+00
1.011419198362968785e+00
1.009396775963350645e+00
1.007717041237146560e+00
1.006326121991375722e+00
1.005177516695336726e+00
1.004231388256837443e+00
1.003453832778173016e+00
1.002816162011681778e+00
1.002294224437613401e+00
1.001867779655847057e+00
1.001519933408082430e+00
1.001236635402869668e+00
1.001006238672912385e+00
1.000819117019336568e+00
1.000667335845267347e+00
1.000544371081931505e+00
1.000444870759089167e+00
1.000364453914560192e+00
1.000299541862454067e+00
1.000247217266637012e+00
1.000205106938795829e+00
1.000171284762006119e+00
1.000144191606763266e+00
1.000122569542753359e+00
1.000105408048539868e+00
1.000091900280222657e+00
1.000081407779016329e+00
1.000073432279219299e+00
1.000067593525510334e+00
1.000063612226343768e+00
1.000061297462873977e+00
1.000060538045037806e+00
1.000061297462873977e+00
1.000063612226343768e+00
1.000067593525510334e+00
1.000073432279219299e+00
1.000081407779016329e+00
1.000091900280222657e+00
1.000105408048539868e+00
1.000122569542753359e+00
1.000144191606763266e+00
1.000171284762006119e+00
1.000205106938795829e+00
1.000247217266637012e+00
1.000299541862454067e+00
1.000364453914560192e+00
1.000444870759089167e+00
1.000544371081931505e+00
1.000667335845267347e+00
1.000819117019336568e+00
1.001006238672912385e+00
1.001236635402869668e+00
1.001519933408082430e+00
1.001867779655847057e+00
1.002294224437613401e+00
1.002816162011681778e+00
1.003453832778173016e+00
1.004231388256837443e+00
1.005177516695336726e+00
1.006326121991375722e+00
1.007717041237146560e+00
1.009396775963350423e+00
1.011419198362968785e+00
1.013846175653120296e+00
1.016748032547945879e+00
1.020203742968256444e+00
1.024300707341082806e+00
1.029133931510493927e+00
1.034804378814433656e+00
1.041416221358048233e+00
1.049072675449341130e+00
1.057870078498247546e+00
1.067889863902753422e+00
1.079188135694106876e+00
1.091782661496910611e+00
1.105637322205055284e+00
1.120644414626797536e+00
1.136605730963786920e+00
1.153214052001738432e+00
1.170037567390693756e+00
1.186510686356540223e+00
1.201935531928712386e+00
1.215498796629258971e+00
1.226308129186209461e+00
1.233450328299444676e+00
1.236069993989227900e+00
1.233462023694319676e+00
1.225165291150004165e+00
1.211039762910274931e+00
1.191307554854868389e+00
1.166542136033963173e+00
1.137599731769523226e+00
1.105501260511367434e+00
1.071287864862751515e+00
1.035883427107434196e+00
1.000000000000000000e+00
