1.000000000000000000e+00
1.025820847521055512e+00
1.062537296950536225e+00
1.114219359553793920e+00
1.180150231308721542e+00
1.256502781385998357e+00
1.337778905199356272e+00
1.418043334445793890e+00
1.491891098453755893e+00
1.555078611564550073e+00
1.604806433059501769e+00
1.639712637672131601e+00
1.659676631655967238e+00
1.665533917350547899e+00
1.658777054477939883e+00
1.641286712313497098e+00
1.615111780930026608e+00
1.582302263040161749e+00
1.544791063447805257e+00
1.504317675523808573e+00
1.462385855800763190e+00
1.420247506126777859e+00
1.378905647565666248e+00
1.339130339787398372e+00
1.301482515644894589e+00
1.266341829452965584e+00
1.233935656913934364e+00
1.204367272917149734e+00
1.177641947266581779e+00
1.153690242679317413e+00
1.132388195217757687e+00
1.113574332008415047e+00
1.097063661875133045e+00
1.082658885205254995e+00
1.070159129321633706e+00
1.059366539843516586e+00
1.050091058277591971e+00
1.042153699759097885e+00
1.035388618615890044e+00
1.029644217747068380e+00
1.024783523935921536e+00
1.020684017449406955e+00
1.017237072178323487e+00
1.014347133144061885e+00
1.011930732004827860e+00
1.009915418472005832e+00
1.008238666291996433e+00
1.006846796487261830e+00
1.005693947603004457e+00
1.004741112433150230e+00
1.003955252737462223e+00
1.003308497450408288e+00
1.002777425482401341e+00
1.002342431116957533e+00
1.001987167943525714e+00
1.001698066003696930e+00
1.001463916175979962e+00
1.001275515623658574e+00
1.001125368256320147e+00
1.001007434510115424e+00
1.000916925260340928e+00
1.000850135286902143e+00
1.000804312379433902e+00
1.000777558866470462e+00
1.000768763065422284e+00
1.000777558866470462e+00
1.000804312379433902e+00
1.000850135286902143e+00
1.000916925260340928e+00
1.001007434510115424e+00
1.001125368256320147e+00
1.001275515623658574e+00
1.001463916175979962e+00
1.001698066003696930e+00
1.001987167943525714e+00
1.002342431116957533e+00
1.002777425482401341e+00
1.003308497450408288e+00
1.003955252737462223e+00
1.004741112433150230e+00
1.005693947603004457e+00
1.006846796487261830e+00
1.008238666291996433e+00
1.009915418472005832e+00
1.011930732004827860e+00
1.014347133144061885e+00
1.017237072178323487e+00
1.020684017449406733e+00
1.024783523935921536e+00
1.029644217747068602e+00
1.035388618615890044e+00
1.042153699759097885e+00
1.050091058277591749e+00
1.059366539843516364e+00
1.070159129321633484e+00
1.082658885205254773e+00
1.097063661875132379e+00
1.113574332008414602e+00
1.132388195217757243e+00
1.153690242679317191e+00
1.177641947266582223e+00
1.204367272917148624e+00
1.233935656913934586e+00
1.266341829452965362e+00
1.301482515644894589e+00
1.339130339787398372e+00
1.378905647565666026e+00
1.420247506126779191e+00
1.462385855800763190e+00
1.504317675523807463e+00
1.544791063447805923e+00
1.582302263040161749e+00
1.615111780930025942e+00
1.641286712313496432e+00
1.658777054477938551e+00
1.665533917350548565e+00
1.659676631655968571e+00
1.639712637672130935e+00
1.604806433059500437e+00
1.555078611564549185e+00
1.491891098453756337e+00
1.418043334445792558e+00
1.337778905199354940e+00
1.256502781385999024e+00
1.180150231308722653e+00
1.114219359553792810e+00
1.062537296950535337e+00
1.025820847521053736e+00
1.000000000000000000e+00
