1.000000000000000000e+00
1.014658067826004650e+00
1.029107304631011521e+00
1.043058043611605257e+00
1.056146473913758044e+00
1.067968267197848764e+00
1.078127792576441646e+00
1.086290190217066298e+00
1.092224741203880800e+00
1.095831463739526335e+00
1.097147647845166718e+00
1.096335717801233178e+00
1.093657222724787381e+00
1.089439342729230820e+00
1.084040150590185325e+00
1.077817516952787269e+00
1.071104664596947531e+00
1.064193538958182916e+00
1.057325723669700901e+00
1.050689721735066806e+00
1.044423010876543767e+00
1.038617245304402026e+00
1.033325173816248110e+00
1.028568152020169935e+00
1.024343455338053932e+00
1.020630895472422139e+00
1.017398480983946030e+00
1.014607036825557973e+00
1.012213813735719059e+00
1.010175187117126061e+00
1.008448578433458032e+00
1.006993741249909258e+00
1.005773547831953163e+00
1.004754397494544538e+00
1.003906349428901335e+00
1.003203063634566572e+00
1.002621615700042268e+00
1.002142235461744635e+00
1.001748006387974455e+00
1.001424551873046687e+00
1.001159726270732575e+00
1.000943322132875402e+00
1.000766800408142920e+00
1.000623046970847474e+00
1.000506156499056498e+00
1.000411243156971608e+00
1.000334276555917334e+00
1.000271940909479351e+00
1.000221515036290532e+00
1.000180770803461572e+00
1.000147887674255331e+00
1.000121381174100099e+00
1.000100043283310258e+00
1.000082892977799620e+00
1.000069135354346495e+00
1.000058127983849632e+00
1.000049353328714474e+00
1.000042396235676145e+00
1.000036925672189270e+00
1.000032680013259734e+00
1.000029455307461568e+00
1.000027096057579001e+00
1.000025488144829611e+00
1.000024553607988143e+00
1.000024247062116567e+00
1.000024553607988143e+00
1.000025488144829611e+00
1.000027096057579001e+00
1.000029455307461568e+00
1.000032680013259734e+00
1.000036925672189270e+00
1.000042396235676145e+00
1.000049353328714474e+00
1.000058127983849632e+00
1.000069135354346495e+00
1.000082892977799620e+00
1.000100043283310258e+00
1.000121381174100099e+00
1.000147887674255331e+00
1.000180770803461572e+00
1.000221515036290532e+00
1.000271940909479351e+00
1.000334276555917334e+00
1.000411243156971608e+00
1.000506156499056498e+00
1.000623046970847474e+00
1.000766800408142920e+00
1.000943322132875402e+00
1.001159726270732575e+00
1.001424551873046687e+00
1.001748006387974455e+00
1.002142235461744635e+00
1.002621615700042268e+00
1.003203063634566572e+00
1.003906349428901112e+00
1.004754397494544538e+00
1.005773547831953163e+00
1.006993741249909258e+00
1.008448578433458032e+00
1.010175187117125839e+00
1.012213813735719059e+00
1.014607036825557751e+00
1.017398480983946252e+00
1.020630895472421695e+00
1.024343455338053932e+00
1.028568152020169491e+00
1.033325173816247666e+00
1.038617245304401804e+00
1.044423010876543323e+00
1.050689721735066362e+00
1.057325723669700457e+00
1.064193538958182472e+00
1.071104664596946865e+00
1.077817516952786159e+00
1.084040150590183993e+00
1.089439342729230153e+00
1.093657222724786271e+00
1.096335717801232068e+00
1.097147647845165830e+00
1.095831463739525002e+00
1.092224741203879690e+00
1.086290190217063856e+00
1.078127792576440314e+00
1.067968267197848098e+00
1.056146473913757156e+00
1.043058043611604591e+00
1.029107304631011299e+00
1.014658067826004206e+00
1.000000000000000000e+00
