1.000000000000000000e+00
1.036249252178070179e+00
1.072015447481033057e+00
1.106579353719636449e+00
1.139007123078878081e+00
1.168246064248372518e+00
1.193263852292083094e+00
1.213194792897877905e+00
1.227459315989266608e+00
1.235833342059539985e+00
1.238459098093950050e+00
1.235803441332618879e+00
1.228579720455861501e+00
1.217652940680252538e+00
1.203946201053001319e+00
1.188361204123553838e+00
1.171719502159075388e+00
1.154725815148635037e+00
1.137951093328599228e+00
1.121831091124229296e+00
1.106675715004245220e+00
1.092684804566471657e+00
1.079966849846111465e+00
1.068558110309859144e+00
1.058440487218834214e+00
1.049557220852374018e+00
1.041826016018730927e+00
1.035149559601255875e+00
1.029423614933719033e+00
1.024542994974009247e+00
1.020405761410176693e+00
1.016915995719436694e+00
1.013985460089279256e+00
1.011534424572572366e+00
1.009491890873295938e+00
1.007795398287838484e+00
1.006390556645566869e+00
1.005230416027433460e+00
1.004274753955668453e+00
1.003489337371865409e+00
1.002845198450238007e+00
1.002317949381952289e+00
1.001887150950109051e+00
1.001535742277906982e+00
1.001249533944205350e+00
1.001016763187703607e+00
1.000827707726693827e+00
1.000674353457304600e+00
1.000550110687992378e+00
1.000449573414561533e+00
1.000368316283581027e+00
1.000302724219268358e+00
1.000249850119222295e+00
1.000207296501129717e+00
1.000173117468223349e+00
1.000145737831363402e+00
1.000123886665793771e+00
1.000106542983101310e+00
1.000092891561041419e+00
1.000082287295719352e+00
1.000074226724751325e+00
1.000068325619822618e+00
1.000064301766950825e+00
1.000061962247269287e+00
1.000061194705002876e+00
1.000061962247269287e+00
1.000064301766950825e+00
1.000068325619822618e+00
1.000074226724751325e+00
1.000082287295719352e+00
1.000092891561041419e+00
1.000106542983101310e+00
1.000123886665793771e+00
1.000145737831363402e+00
1.000173117468223349e+00
1.000207296501129717e+00
1.000249850119222295e+00
1.000302724219268358e+00
1.000368316283581027e+00
1.000449573414561533e+00
1.000550110687992378e+00
1.000674353457304600e+00
1.000827707726693827e+00
1.001016763187703607e+00
1.001249533944205350e+00
1.001535742277906982e+00
1.001887150950109051e+00
1.002317949381952289e+00
1.002845198450238007e+00
1.003489337371865409e+00
1.004274753955668453e+00
1.005230416027433460e+00
1.006390556645566869e+00
1.007795398287838484e+00
1.009491890873295716e+00
1.011534424572572366e+00
1.013985460089279256e+00
1.016915995719436694e+00
1.020405761410176693e+00
1.024542994974009025e+00
1.029423614933719033e+00
1.035149559601255653e+00
1.041826016018731149e+00
1.049557220852373796e+00
1.058440487218834214e+00
1.068558110309858922e+00
1.079966849846111021e+00
1.092684804566472101e+00
1.106675715004244775e+00
1.121831091124228852e+00
1.137951093328599006e+00
1.154725815148635260e+00
1.171719502159074944e+00
1.188361204123553394e+00
1.203946201053000431e+00
1.217652940680252316e+00
1.228579720455860613e+00
1.235803441332617769e+00
1.238459098093949606e+00
1.235833342059538875e+00
1.227459315989265498e+00
1.213194792897876795e+00
1.193263852292082650e+00
1.168246064248372740e+00
1.139007123078876971e+00
1.106579353719635783e+00
1.072015447481033279e+00
1.036249252178069957e+00
1.000000000000000000e+00
