1.000000000000000000e+00
1.075807296978612548e+00
1.151195061281517606e+00
1.224885691723488934e+00
1.294852910876274299e+00
1.358610871218424831e+00
1.413615047696064275e+00
1.457680456287852921e+00
1.489320643048818171e+00
1.507938691292309841e+00
1.513848195221338511e+00
1.508148355571954591e+00
1.492506845019258899e+00
1.468911103849738886e+00
1.439437756873910290e+00
1.406070346745035948e+00
1.370576283742608314e+00
1.334439825364651888e+00
1.298840233315474491e+00
1.264661865418423847e+00
1.232523892790922115e+00
1.202819816384290030e+00
1.175759781951278393e+00
1.151411208236784001e+00
1.129735201687040114e+00
1.110617616430092269e+00
1.093894520168532614e+00
1.079372363491592157e+00
1.066843432077890341e+00
1.056097276299174492e+00
1.046928825202006808e+00
1.039143846040520014e+00
1.032562335536086895e+00
1.027020343116594292e+00
1.022370640463641900e+00
1.018482571869555819e+00
1.015241349187630648e+00
1.012546994635866504e+00
1.010313084321249333e+00
1.008465404369039087e+00
1.006940598922255514e+00
1.005684863847797317e+00
1.004652720578016245e+00
1.003805890036751247e+00
1.003112276070402542e+00
1.002545060382251441e+00
1.002081905941802908e+00
1.001704262624845798e+00
1.001396766963104756e+00
1.001146726971984480e+00
1.000943682791250344e+00
1.000779034096072273e+00
1.000645725749772952e+00
1.000537983854029811e+00
1.000451095121281941e+00
1.000381223287805321e+00
1.000325257065110218e+00
1.000280684866972969e+00
1.000245492235821931e+00
1.000218078519155451e+00
1.000197189913325957e+00
1.000181866501246075e+00
1.000171401367825563e+00
1.000165310288485099e+00
1.000163310860162635e+00
1.000165310288485099e+00
1.000171401367825563e+00
1.000181866501246075e+00
1.000197189913325957e+00
1.000218078519155451e+00
1.000245492235821931e+00
1.000280684866972969e+00
1.000325257065110218e+00
1.000381223287805321e+00
1.000451095121281941e+00
1.000537983854029811e+00
1.000645725749772952e+00
1.000779034096072273e+00
1.000943682791250344e+00
1.001146726971984480e+00
1.001396766963104756e+00
1.001704262624845798e+00
1.002081905941802908e+00
1.002545060382251441e+00
1.003112276070402542e+00
1.003805890036751247e+00
1.004652720578016245e+00
1.005684863847797317e+00
1.006940598922255514e+00
1.008465404369039087e+00
1.010313084321249333e+00
1.012546994635866504e+00
1.015241349187630426e+00
1.018482571869555819e+00
1.022370640463641678e+00
1.027020343116594292e+00
1.032562335536086451e+00
1.039143846040520014e+00
1.046928825202006808e+00
1.056097276299174270e+00
1.066843432077890563e+00
1.079372363491591935e+00
1.093894520168533058e+00
1.110617616430092047e+00
1.129735201687040114e+00
1.151411208236783779e+00
1.175759781951278393e+00
1.202819816384290474e+00
1.232523892790922115e+00
1.264661865418423403e+00
1.298840233315475601e+00
1.334439825364652110e+00
1.370576283742607870e+00
1.406070346745035504e+00
1.439437756873908736e+00
1.468911103849739774e+00
1.492506845019258455e+00
1.508148355571953259e+00
1.513848195221338067e+00
1.507938691292310285e+00
1.489320643048817061e+00
1.457680456287852255e+00
1.413615047696064053e+00
1.358610871218425720e+00
1.294852910876274743e+00
1.224885691723488268e+00
1.151195061281517606e+00
1.075807296978612548e+00
1.000000000000000000e+00
