1.000000000000000000e+00
1.038439442759232501e+00
1.076372078059548265e+00
1.113035856714571725e+00
1.147437069221810990e+00
1.178453444950867235e+00
1.204983854853735936e+00
1.226105486256037658e+00
1.241202017686349413e+00
1.250037634196561109e+00
1.252767928016516708e+00
1.249894426805635339e+00
1.242180233844226933e+00
1.230548188094556794e+00
1.215980866134756200e+00
1.199436055748373420e+00
1.181784664089120307e+00
1.163772297830480085e+00
1.146001869703511256e+00
1.128932610032605588e+00
1.112890385390123082e+00
1.098084698081882360e+00
1.084628669138355761e+00
1.072559345626657556e+00
1.061856617546750536e+00
1.052459789719718763e+00
1.044281411402375959e+00
1.037218341009306100e+00
1.031160251179822129e+00
1.025995898685791330e+00
1.021617528176156586e+00
1.017923775542442177e+00
1.014821405870000470e+00
1.012226176572526670e+00
1.010063067650119661e+00
1.008266073739669366e+00
1.006777709879810967e+00
1.005548346121823755e+00
1.004535455624416374e+00
1.003702836371053841e+00
1.003019847499380557e+00
1.002460686648539268e+00
1.002003723909641542e+00
1.001630900158925419e+00
1.001327192102959840e+00
1.001080142712944987e+00
1.000879453414173392e+00
1.000716633062380234e+00
1.000584698096890879e+00
1.000477918094035523e+00
1.000391601091018101e+00
1.000321913391163609e+00
1.000265729011540872e+00
1.000220504433715574e+00
1.000184174828220529e+00
1.000155068417371007e+00
1.000131836104086736e+00
1.000113393918085514e+00
1.000098876212324406e+00
1.000087597881823775e+00
1.000079024176729003e+00
1.000072746945105839e+00
1.000068466373174703e+00
1.000065977496195746e+00
1.000065160937000375e+00
1.000065977496195746e+00
1.000068466373174703e+00
1.000072746945105839e+00
1.000079024176729003e+00
1.000087597881823775e+00
1.000098876212324406e+00
1.000113393918085514e+00
1.000131836104086736e+00
1.000155068417371007e+00
1.000184174828220529e+00
1.000220504433715574e+00
1.000265729011540872e+00
1.000321913391163609e+00
1.000391601091018101e+00
1.000477918094035523e+00
1.000584698096890879e+00
1.000716633062380234e+00
1.000879453414173392e+00
1.001080142712944987e+00
1.001327192102959840e+00
1.001630900158925419e+00
1.002003723909641542e+00
1.002460686648539268e+00
1.003019847499380557e+00
1.003702836371053841e+00
1.004535455624416374e+00
1.005548346121823755e+00
1.006777709879810967e+00
1.008266073739669366e+00
1.010063067650119439e+00
1.012226176572526670e+00
1.014821405870000470e+00
1.017923775542442177e+00
1.021617528176156586e+00
1.025995898685791108e+00
1.031160251179822129e+00
1.037218341009305878e+00
1.044281411402376181e+00
1.052459789719718541e+00
1.061856617546750536e+00
1.072559345626657334e+00
1.084628669138355317e+00
1.098084698081882804e+00
1.112890385390122638e+00
1.128932610032605366e+00
1.146001869703511034e+00
1.163772297830480307e+00
1.181784664089119641e+00
1.199436055748372532e+00
1.215980866134755312e+00
1.230548188094556572e+00
1.242180233844226045e+00
1.249894426805634229e+00
1.252767928016516263e+00
1.250037634196559999e+00
1.241202017686348302e+00
1.226105486256036547e+00
1.204983854853735492e+00
1.178453444950867457e+00
1.147437069221809880e+00
1.113035856714571059e+00
1.076372078059548487e+00
1.038439442759232278e+00
1.000000000000000000e+00
