1.000000000000000000e+00
8.573589342728045182e-01
8.483100771791822758e-01
9.563479094080218346e-01
1.118598584467890067e+00
1.279577029565688306e+00
1.409006479663461153e+00
1.499436884264257142e+00
1.556383213428529588e+00
1.589096565428697483e+00
1.605338865731380293e+00
1.610039358766104156e+00
1.606145346833121046e+00
1.595972510320339932e+00
1.582064609166696556e+00
1.567307932997295206e+00
1.554508259846803853e+00
1.545797856875822163e+00
1.542187865570453509e+00
1.543430330545488616e+00
1.548196346663140321e+00
1.554468491800538921e+00
1.560005677340552177e+00
1.562756127076526669e+00
1.561143275605014757e+00
1.554203037319569214e+00
1.541591191260692773e+00
1.523500241433124902e+00
1.500528535938214114e+00
1.473537136778083401e+00
1.443518427028166906e+00
1.411489252718409526e+00
1.378412764790950318e+00
1.345147575008643237e+00
1.312419943489342211e+00
1.280813711572417413e+00
1.250772838984612445e+00
1.222612126233027841e+00
1.196532624119185595e+00
1.172639136077240352e+00
1.150958002448708273e+00
1.131453984889848163e+00
1.114045547274451042e+00
1.098618176879428310e+00
1.085035631473574513e+00
1.073149158347775467e+00
1.062804831076541223e+00
1.053849205615940976e+00
1.046133522216613931e+00
1.039516683415045328e+00
1.033867228406591288e+00
1.029064505795217022e+00
1.024999223957917982e+00
1.021573533813773915e+00
1.018700774538247478e+00
1.016304989943837889e+00
1.014320302597608414e+00
1.012690214639548669e+00
1.011366888818494347e+00
1.010310450408274940e+00
1.009488340222520542e+00
1.008874740656505509e+00
1.008450090256481468e+00
1.008200697443949911e+00
1.008118460400180716e+00
1.008200697447240834e+00
1.008450090263232957e+00
1.008874740667065728e+00
1.009488340237424620e+00
1.010310450428287155e+00
1.011366888844629219e+00
1.012690214673131361e+00
1.014320302640330240e+00
1.016304989997848018e+00
1.018700774606243975e+00
1.021573533899146735e+00
1.024999224064912395e+00
1.029064505929131457e+00
1.033867228574046226e+00
1.039516683624301718e+00
1.046133522477991074e+00
1.053849205942324119e+00
1.062804831484038592e+00
1.073149158856538943e+00
1.085035632108845016e+00
1.098618177672867846e+00
1.114045548265844898e+00
1.131453986129280276e+00
1.150958003999363211e+00
1.172639138019003990e+00
1.196532626553300505e+00
1.222612129288125127e+00
1.250772842824504405e+00
1.280813716406205227e+00
1.312419949584470391e+00
1.345147582707757028e+00
1.378412774533508633e+00
1.411489265068254451e+00
1.443518442708276783e+00
1.473537156713866869e+00
1.500528561310431108e+00
1.523500273741030808e+00
1.541591232395063349e+00
1.554203089643542368e+00
1.561143342038358250e+00
1.562756211175745591e+00
1.560005783363590748e+00
1.554468624741075056e+00
1.548196512236112765e+00
1.543430535103079260e+00
1.542188115926005354e+00
1.545798160011891964e+00
1.554508622482392743e+00
1.567308360990682159e+00
1.582065106739628968e+00
1.595973079116096205e+00
1.606145984872227706e+00
1.610040059436754545e+00
1.605339617025610455e+00
1.589097349673316284e+00
1.556384007725795104e+00
1.499437661738179939e+00
1.409007211423908279e+00
1.279577687096497218e+00
1.118599141978758871e+00
9.563483456505808000e-01
8.483103763997613678e-01
8.573590863286149055e-01
1.000000000000000000e+00
