1.000000000000000000e+00
8.799887070687124613e-01
8.684217706358730027e-01
9.601180884116883307e-01
1.108071762459788223e+00
1.264513849881060636e+00
1.398152426725014719e+00
1.496189683240246149e+00
1.558949144937601616e+00
1.593048408984424125e+00
1.606422992553201423e+00
1.605995444892130086e+00
1.597243234959882630e+00
1.584531625461204740e+00
1.571420066163938367e+00
1.560673415448872170e+00
1.554073032271329424e+00
1.552243608762707838e+00
1.554657512108537532e+00
1.559857723163408316e+00
1.565836960871867634e+00
1.570462717338087177e+00
1.571845007144766937e+00
1.568583444169868057e+00
1.559876999148268606e+00
1.545515581141241546e+00
1.525790768975725076e+00
1.501365560130244248e+00
1.473135813037155462e+00
1.442105140070504055e+00
1.409284535655282333e+00
1.375620032791440073e+00
1.341946610370658766e+00
1.308963990300842095e+00
1.277229134606396199e+00
1.247160475981748951e+00
1.219049655125301390e+00
1.193077444688440014e+00
1.169331415074697400e+00
1.147823649188130624e+00
1.128507413169560714e+00
1.111292143836185575e+00
1.096056441558102446e+00
1.082658984362066423e+00
1.070947428546777269e+00
1.060765452958079225e+00
1.051958154316188443e+00
1.044376022016532568e+00
1.037877722036915529e+00
1.032331907974952445e+00
1.027618257947330971e+00
1.023627912812488772e+00
1.020263466544885311e+00
1.017438635372764244e+00
1.015077709644343296e+00
1.013114871989205579e+00
1.011493447526781830e+00
1.010165136728700341e+00
1.009089268984794785e+00
1.008232104762285974e+00
1.007566206230392947e+00
1.007069890063700068e+00
1.006726771545835231e+00
1.006525405785473115e+00
1.006459029561521890e+00
1.006525405781840687e+00
1.006726771538386078e+00
1.007069890052060268e+00
1.007566206213971638e+00
1.008232104740259372e+00
1.009089268956060659e+00
1.010165136691826948e+00
1.011493447479937968e+00
1.013114871930082428e+00
1.015077709570036513e+00
1.017438635279644288e+00
1.020263466428431132e+00
1.023627912667067097e+00
1.027618257765941845e+00
1.032331907748897937e+00
1.037877721755399607e+00
1.044376021666150178e+00
1.051958153880294455e+00
1.060765452416003063e+00
1.070947427872836588e+00
1.082658983524329432e+00
1.096056440516838038e+00
1.111292142541900674e+00
1.128507411560533358e+00
1.147823647187268481e+00
1.169331412585559615e+00
1.193077441590171484e+00
1.219049651266171930e+00
1.247160471170901008e+00
1.277229128603313946e+00
1.308963982801923276e+00
1.341946600992096617e+00
1.375620021047569086e+00
1.409284520931258777e+00
1.442105121588268091e+00
1.473135789813496466e+00
1.501365530926083824e+00
1.525790732236288250e+00
1.545515534927796031e+00
1.559876941063958578e+00
1.568583371284769656e+00
1.571844915928950259e+00
1.570462603615922159e+00
1.565836819815551673e+00
1.559857549348026229e+00
1.554657299653402269e+00
1.552243351583532105e+00
1.554072724463713584e+00
1.560673051815651524e+00
1.571419642886447754e+00
1.584531140896007662e+00
1.597242690514348418e+00
1.605994845890435618e+00
1.606422348948906897e+00
1.593047735719010927e+00
1.558948461716989309e+00
1.496189013549002578e+00
1.398151796060355778e+00
1.264513283453269077e+00
1.108071282869195429e+00
9.601177139000964811e-01
8.684215143029571093e-01
8.799885770196095303e-01
1.000000000000000000e+00
