1.000000000000000000e+00
1.031844980447764737e+00
1.063257584958727131e+00
1.093605441298166836e+00
1.122074024556846350e+00
1.147748326670988694e+00
1.169731792083566591e+00
1.187271463779193015e+00
1.199860609403366807e+00
1.207298946550954710e+00
1.209703107556747925e+00
1.207472151682712047e+00
1.201221414581377545e+00
1.191701324957711305e+00
1.179716525989516374e+00
1.166056444974588935e+00
1.151443330592704983e+00
1.136499224152462295e+00
1.121730117389418524e+00
1.107523803173260823e+00
1.094157386020414791e+00
1.081810682338064433e+00
1.070582422520105048e+00
1.060506981579213859e+00
1.051570134443250870e+00
1.043722968955959951e+00
1.036893567968622643e+00
1.030996400983390293e+00
1.025939571181287979e+00
1.021630175249379935e+00
1.017978079037893169e+00
1.014898414706373542e+00
1.012313082160080757e+00
1.010151501719317890e+00
1.008350824469361973e+00
1.006855766823189224e+00
1.005618199439931804e+00
1.004596589175287713e+00
1.003755366592413711e+00
1.003064270529982815e+00
1.002497704783249732e+00
1.002034129440818377e+00
1.001655500147244249e+00
1.001346761884540193e+00
1.001095399214400272e+00
1.000891041815373805e+00
1.000725122190841754e+00
1.000590581299853898e+00
1.000481617329090245e+00
1.000393472693879682e+00
1.000322254490473517e+00
1.000264783918859868e+00
1.000218470583371433e+00
1.000181208006549305e+00
1.000151287126883615e+00
1.000127324971424425e+00
1.000108206087254148e+00
1.000093034674632175e+00
1.000081095687043620e+00
1.000071823449597774e+00
1.000064776599588923e+00
1.000059618374696813e+00
1.000056101469204650e+00
1.000054056850861350e+00
1.000053386084836182e+00
1.000054056850861350e+00
1.000056101469204650e+00
1.000059618374696813e+00
1.000064776599588923e+00
1.000071823449597774e+00
1.000081095687043620e+00
1.000093034674632175e+00
1.000108206087254148e+00
1.000127324971424425e+00
1.000151287126883615e+00
1.000181208006549305e+00
1.000218470583371433e+00
1.000264783918859868e+00
1.000322254490473517e+00
1.000393472693879682e+00
1.000481617329090245e+00
1.000590581299853898e+00
1.000725122190841754e+00
1.000891041815373805e+00
1.001095399214400272e+00
1.001346761884540193e+00
1.001655500147244249e+00
1.002034129440818377e+00
1.002497704783249732e+00
1.003064270529982815e+00
1.003755366592413711e+00
1.004596589175287713e+00
1.005618199439931804e+00
1.006855766823189224e+00
1.008350824469361751e+00
1.010151501719317890e+00
1.012313082160080757e+00
1.014898414706373542e+00
1.017978079037893169e+00
1.021630175249379713e+00
1.025939571181287979e+00
1.030996400983390071e+00
1.036893567968622865e+00
1.043722968955959729e+00
1.051570134443250870e+00
1.060506981579213415e+00
1.070582422520104604e+00
1.081810682338064877e+00
1.094157386020414346e+00
1.107523803173260379e+00
1.121730117389418302e+00
1.136499224152462295e+00
1.151443330592704539e+00
1.166056444974588269e+00
1.179716525989515485e+00
1.191701324957711305e+00
1.201221414581376434e+00
1.207472151682710937e+00
1.209703107556747703e+00
1.207298946550953600e+00
1.199860609403365697e+00
1.187271463779191905e+00
1.169731792083566146e+00
1.147748326670988694e+00
1.122074024556845240e+00
1.093605441298166170e+00
1.063257584958727353e+00
1.031844980447764515e+00
1.000000000000000000e+00
