1.000000000000000000e+00
1.080303699531011574e+00
1.161018572731220111e+00
1.241216191826220339e+00
1.318833109624765187e+00
1.391054127547776353e+00
1.454816918663942360e+00
1.507342379449942538e+00
1.546580224429319639e+00
1.571483034319797190e+00
1.582074369984170392e+00
1.579333503400971672e+00
1.564958402157056172e+00
1.541080298494807987e+00
1.509991729321026543e+00
1.473926850340749439e+00
1.434909249605258452e+00
1.394664994617853093e+00
1.354588969361340212e+00
1.315749363287768592e+00
1.278916072650260194e+00
1.244601587585912661e+00
1.213106186954457932e+00
1.184562159928139957e+00
1.158974023683445154e+00
1.136253294649892887e+00
1.116247404570494650e+00
1.098762971887187634e+00
1.083583971334279417e+00
1.070485490441372312e+00
1.059243793115271171e+00
1.049643376496052438e+00
1.041481639499714618e+00
1.034571699532082389e+00
1.028743809518304575e+00
1.023845747282389418e+00
1.019742476880986182e+00
1.016315318226607811e+00
1.013460807523149265e+00
1.011089386280423774e+00
1.009124020193328031e+00
1.007498819999333994e+00
1.006157713543096355e+00
1.005053200678716507e+00
1.004145209399137650e+00
1.003400061863685355e+00
1.002789552073887203e+00
1.002290132206341333e+00
1.001882201536722583e+00
1.001549490061984127e+00
1.001278528012984115e+00
1.001058192183240436e+00
1.000879320177819221e+00
1.000734384154717382e+00
1.000617216275295318e+00
1.000522778817053204e+00
1.000446972673334711e+00
1.000386478730492135e+00
1.000338627348881460e+00
1.000301291864833964e+00
1.000272802669667449e+00
1.000251879007375555e+00
1.000237576167487541e+00
1.000229246238251379e+00
1.000226511035155808e+00
1.000229246238251379e+00
1.000237576167487541e+00
1.000251879007375555e+00
1.000272802669667449e+00
1.000301291864833964e+00
1.000338627348881460e+00
1.000386478730492135e+00
1.000446972673334711e+00
1.000522778817053204e+00
1.000617216275295318e+00
1.000734384154717382e+00
1.000879320177819221e+00
1.001058192183240436e+00
1.001278528012984115e+00
1.001549490061984127e+00
1.001882201536722583e+00
1.002290132206341333e+00
1.002789552073887203e+00
1.003400061863685355e+00
1.004145209399137650e+00
1.005053200678716507e+00
1.006157713543096355e+00
1.007498819999333994e+00
1.009124020193328031e+00
1.011089386280423774e+00
1.013460807523149265e+00
1.016315318226607811e+00
1.019742476880985960e+00
1.023845747282389418e+00
1.028743809518304353e+00
1.034571699532082167e+00
1.041481639499714174e+00
1.049643376496052438e+00
1.059243793115270948e+00
1.070485490441372090e+00
1.083583971334279639e+00
1.098762971887187412e+00
1.116247404570495094e+00
1.136253294649892664e+00
1.158974023683445154e+00
1.184562159928139735e+00
1.213106186954458376e+00
1.244601587585913105e+00
1.278916072650260416e+00
1.315749363287768370e+00
1.354588969361340878e+00
1.394664994617853537e+00
1.434909249605258230e+00
1.473926850340749217e+00
1.509991729321025433e+00
1.541080298494809542e+00
1.564958402157056616e+00
1.579333503400970562e+00
1.582074369984170392e+00
1.571483034319798078e+00
1.546580224429319639e+00
1.507342379449941427e+00
1.454816918663942582e+00
1.391054127547777464e+00
1.318833109624766298e+00
1.241216191826219672e+00
1.161018572731220111e+00
1.080303699531011574e+00
1.000000000000000000e+00
