1.000000000000000000e+00
7.689112001339103442e-01
7.922599840719581898e-01
9.671076779631747611e-01
1.162406448280502991e+00
1.315488300851636039e+00
1.419638048118515572e+00
1.489039112024392875e+00
1.536961887123243109e+00
1.570352508462954155e+00
1.592255608616396145e+00
1.604749924907260539e+00
1.609892404265092392e+00
1.609326330552021789e+00
1.603872773138232954e+00
1.593751948369714677e+00
1.579278803528699093e+00
1.561518411004133799e+00
1.542490503890261655e+00
1.524834961627975716e+00
1.511137061182024066e+00
1.503229497984328589e+00
1.501736757566932479e+00
1.505982221612729655e+00
1.514227331686107902e+00
1.524114310538145833e+00
1.533157390307290591e+00
1.539157533302755620e+00
1.540472581564428678e+00
1.536130821269513058e+00
1.525814637100797455e+00
1.509758272397259349e+00
1.488604036154768107e+00
1.463251954323800508e+00
1.434725424517643066e+00
1.404064108215997253e+00
1.372246938380030645e+00
1.340142967793995554e+00
1.308485250482282147e+00
1.277862212947040277e+00
1.248721288222883086e+00
1.221380402265728415e+00
1.196043866436037995e+00
1.172820146583708256e+00
1.151739759872478563e+00
1.132772170094809461e+00
1.115841019215802365e+00
1.100837369839196445e+00
1.087630866310623778e+00
1.076078875634501886e+00
1.066033763884083774e+00
1.057348515795239807e+00
1.049880927468700209e+00
1.043496604161526564e+00
1.038070984156669319e+00
1.033490590875580040e+00
1.029653692494360007e+00
1.026470523971545479e+00
1.023863202377798487e+00
1.021765443870532142e+00
1.020122170231548164e+00
1.018889074873065903e+00
1.018032202644677975e+00
1.017527584480610425e+00
1.017360956624479673e+00
1.017527584481544123e+00
1.018032202646595996e+00
1.018889074876072165e+00
1.020122170235807424e+00
1.021765443876275326e+00
1.023863202385335569e+00
1.026470523981285021e+00
1.029653692506828033e+00
1.033490590891456673e+00
1.038070984176802991e+00
1.043496604187006405e+00
1.049880927500902450e+00
1.057348515835895286e+00
1.066033763935378964e+00
1.076078875699185700e+00
1.087630866392168771e+00
1.100837369941974231e+00
1.115841019345324758e+00
1.132772170258015576e+00
1.151739760078131836e+00
1.172820146842862954e+00
1.196043866762664720e+00
1.221380402677502808e+00
1.248721288742196789e+00
1.277862213602305674e+00
1.308485251309591924e+00
1.340142968839318938e+00
1.372246939701993185e+00
1.404064109889502587e+00
1.434725426638549184e+00
1.463251957014948701e+00
1.488604039573701465e+00
1.509758276746073546e+00
1.525814642638546159e+00
1.536130828327636699e+00
1.540472590565576949e+00
1.539157544783060327e+00
1.533157404941892787e+00
1.524114329168922088e+00
1.514227355349792470e+00
1.505982251566486241e+00
1.501736795307482719e+00
1.503229545255999611e+00
1.511137119968792408e+00
1.524835034124512267e+00
1.542490592446475572e+00
1.561518518035882153e+00
1.579278931383841789e+00
1.593752099135054223e+00
1.603872948373407770e+00
1.609326530947123857e+00
1.609892629243715678e+00
1.604750172232287886e+00
1.592255874088404299e+00
1.570352785812393792e+00
1.536962168176597032e+00
1.489039387173976436e+00
1.419638307056450444e+00
1.315488533450294817e+00
1.162406645435586805e+00
9.671078322093028534e-01
7.922600898744066589e-01
7.689112539075690922e-01
1.000000000000000000e+00
