1.000000000000000000e+00
7.382323979880662801e-01
7.836224415929402554e-01
9.787836997457088906e-01
1.172361869571672877e+00
1.313920875716052095e+00
1.411118321884294646e+00
1.481561546323329592e+00
1.534349373556260332e+00
1.571522605005487128e+00
1.593881109918070083e+00
1.603914076231697239e+00
1.605530767563106975e+00
1.602506849397139277e+00
1.597193869727258075e+00
1.590161289510907183e+00
1.580760216609141233e+00
1.568177535987205884e+00
1.552404445488793083e+00
1.534680595300772943e+00
1.517287869678589196e+00
1.502873642740421900e+00
1.493641697347701802e+00
1.490729205989332673e+00
1.493949768258559629e+00
1.501915759585079835e+00
1.512429354065309761e+00
1.522981062264820995e+00
1.531210364071416974e+00
1.535236757608886782e+00
1.533830393517458646e+00
1.526438282254453327e+00
1.513107009293039873e+00
1.494348329552303012e+00
1.470987018225611731e+00
1.444018198753597604e+00
1.414489195870203497e+00
1.383411389759851007e+00
1.351701267373399018e+00
1.320146486432369315e+00
1.289391488245575923e+00
1.259937216490607081e+00
1.232150192703118652e+00
1.206277144594830375e+00
1.182462335045786794e+00
1.160765576745356187e+00
1.141179596694098519e+00
1.123645935504517190e+00
1.108068947880808564e+00
1.094327738574693010e+00
1.082286047922703220e+00
1.071800214878413149e+00
1.062725411231949746e+00
1.054920372481079616e+00
1.048250859244078237e+00
1.042592076140993917e+00
1.037830258563430474e+00
1.033863615928231949e+00
1.030602795850764863e+00
1.027971009215951748e+00
1.025903932685698461e+00
1.024349483529634952e+00
1.023267542161932164e+00
1.022629680466178304e+00
1.022418938729533266e+00
1.022629680465948709e+00
1.023267542161460542e+00
1.024349483528906424e+00
1.025903932684687936e+00
1.027971009214624143e+00
1.030602795849072439e+00
1.033863615926122304e+00
1.037830258560834773e+00
1.042592076137841328e+00
1.048250859240275279e+00
1.054920372476530366e+00
1.062725411226550287e+00
1.071800214872039358e+00
1.082286047915221427e+00
1.094327738565950447e+00
1.108068947870644028e+00
1.123645935492739278e+00
1.141179596680486741e+00
1.160765576729635207e+00
1.182462335027610667e+00
1.206277144573725035e+00
1.232150192678432177e+00
1.259937216461414211e+00
1.289391488210527958e+00
1.320146486389500939e+00
1.351701267319829425e+00
1.383411389691411308e+00
1.414489195780903819e+00
1.444018198634930972e+00
1.470987018065672114e+00
1.494348329334698633e+00
1.513107008995629110e+00
1.526438281847925627e+00
1.533830392963895228e+00
1.535236756860428597e+00
1.531210363069269720e+00
1.522981060938678910e+00
1.512429352333296562e+00
1.501915757353845970e+00
1.493949765422946774e+00
1.490729202430552514e+00
1.493641692929042586e+00
1.502873637300157217e+00
1.517287863021320682e+00
1.534680587190650813e+00
1.552404435649879622e+00
1.568177524116182608e+00
1.580760202402398784e+00
1.590161272702474093e+00
1.597193850129126957e+00
1.602506826933798978e+00
1.605530742298888258e+00
1.603914048397852898e+00
1.593881079946575241e+00
1.571522573563013614e+00
1.534349341554620771e+00
1.481561514880889607e+00
1.411118292235888694e+00
1.313920849095334242e+00
1.172361847090688691e+00
9.787836822843702933e-01
7.836224297276352946e-01
7.382323920070320566e-01
1.000000000000000000e+00
