1.000000000000000000e+00
7.491032583378272047e-01
7.856606094253142381e-01
9.737375110964558989e-01
1.168631871721557802e+00
1.314483371117008303e+00
1.413777808412580272e+00
1.483433500570712882e+00
1.534343781078927105e+00
1.570206507475786051e+00
1.592428844844083757e+00
1.603319726071896323e+00
1.606249352881737646e+00
1.604345159485903283e+00
1.599385480718567232e+00
1.591651061628714947e+00
1.580641455795934069e+00
1.566103454995707356e+00
1.548781571748979680e+00
1.530560491785220023e+00
1.514019371047807150e+00
1.501671143688528609e+00
1.495231556892990810e+00
1.495176235760099948e+00
1.500682865736211902e+00
1.509904633424629772e+00
1.520432318766313573e+00
1.529786666383356142e+00
1.535820405515330833e+00
1.536969285648772887e+00
1.532346820813140331e+00
1.521713545028057002e+00
1.505366198541253864e+00
1.483990662775694691e+00
1.458512190885421722e+00
1.429963890676384963e+00
1.399383370507359059e+00
1.367739525693544067e+00
1.335886685773615357e+00
1.304541106218622959e+00
1.274274240720820517e+00
1.245517646902612574e+00
1.218575235207908003e+00
1.193639539705817931e+00
1.170809592985141423e+00
1.150108747781279028e+00
1.131501386764397488e+00
1.114907910364928867e+00
1.100217714243478806e+00
1.087300089159375371e+00
1.076013120522647748e+00
1.066210752895893732e+00
1.057748232092482477e+00
1.050486156563910756e+00
1.044293369719762499e+00
1.039048912522076318e+00
1.034643236134052513e+00
1.030978851155418541e+00
1.027970565535522907e+00
1.025545439287633753e+00
1.023642561676166185e+00
1.022212736182614323e+00
1.021218140495337989e+00
1.020632012975380309e+00
1.020438403304670505e+00
1.020632012975184688e+00
1.021218140494936755e+00
1.022212736181994597e+00
1.023642561675308649e+00
1.025545439286506877e+00
1.027970565534090497e+00
1.030978851153637299e+00
1.034643236131866484e+00
1.039048912519430212e+00
1.044293369716581488e+00
1.050486156560123341e+00
1.057748232088009610e+00
1.066210752890642599e+00
1.076013120516524202e+00
1.087300089152270166e+00
1.100217714235281585e+00
1.114907910355506182e+00
1.131501386753602123e+00
1.150108747768912476e+00
1.170809592970951662e+00
1.193639539689436369e+00
1.218575235188799732e+00
1.245517646879984230e+00
1.274274240693470395e+00
1.304541106184740951e+00
1.335886685730482748e+00
1.367739525637153397e+00
1.399383370431862561e+00
1.429963890573373364e+00
1.458512190743010084e+00
1.483990662577392206e+00
1.505366198264614264e+00
1.521713544643184646e+00
1.532346820281149880e+00
1.536969284920364665e+00
1.535820404529762984e+00
1.529786665067938589e+00
1.520432317036590320e+00
1.509904631184984636e+00
1.500682862880291069e+00
1.495176232169882491e+00
1.495231552435248412e+00
1.501671138207876455e+00
1.514019364357132025e+00
1.530560483656729476e+00
1.548781561911554361e+00
1.566103443144913898e+00
1.580641441620370236e+00
1.591651044850295404e+00
1.599385461137842634e+00
1.604345137021663037e+00
1.606249327600145715e+00
1.603319698210563304e+00
1.592428814840162854e+00
1.570206475996046125e+00
1.534343749031200632e+00
1.483433469070573496e+00
1.413777778698973364e+00
1.314483344435993351e+00
1.168631849200010286e+00
9.737374936212077614e-01
7.856605975658045304e-01
7.491032523662134457e-01
1.000000000000000000e+00
