1.000000000000000000e+00
8.219925268805723384e-01
8.213498537153346435e-01
9.563250652582421241e-01
1.136985084152170478e+00
1.299202040604167996e+00
1.418219811847042600e+00
1.496040514673489641e+00
1.544799887302911179e+00
1.575922449815319704e+00
1.596209975068054288e+00
1.608261246328639427e+00
1.612430960298186333e+00
1.608696327415690019e+00
1.597830351153247674e+00
1.581805436613914928e+00
1.563559389011568879e+00
1.546356419704024932e+00
1.533026223124276610e+00
1.525345083992357020e+00
1.523730662940840919e+00
1.527292574112156576e+00
1.534165489321215325e+00
1.541987058526392840e+00
1.548377835428952132e+00
1.551318793093756643e+00
1.549377621770499536e+00
1.541784813412399480e+00
1.528392187589163953e+00
1.509558418208344577e+00
1.486003363569344371e+00
1.458662611083653138e+00
1.428561458584819199e+00
1.396717064396334695e+00
1.364070074860492143e+00
1.331442663418132888e+00
1.299517925758108650e+00
1.268835164547457373e+00
1.239796072776762959e+00
1.212677692692090581e+00
1.187648981752376320e+00
1.164788695173663458e+00
1.144103027569059350e+00
1.125542029704163394e+00
1.109014243607667538e+00
1.094399304164874076e+00
1.081558463628121469e+00
1.070343130510203355e+00
1.060601595457278279e+00
1.052184159249889506e+00
1.044946893810955180e+00
1.038754264845258568e+00
1.033480831039521375e+00
1.029012214387197810e+00
1.025245512588344399e+00
1.022089300000789791e+00
1.019463339891527598e+00
1.017298108772677345e+00
1.015534213980521017e+00
1.014121768621186526e+00
1.013019773585889016e+00
1.012195544395661395e+00
1.011624210931669543e+00
1.011288310339066188e+00
1.011177487224121041e+00
1.011288310341716068e+00
1.011624210937106305e+00
1.012195544404168812e+00
1.013019773597899187e+00
1.014121768637321397e+00
1.015534214001603930e+00
1.017298108799785883e+00
1.019463339926036882e+00
1.022089300044454863e+00
1.025245512643362611e+00
1.029012214456339391e+00
1.033480831126262434e+00
1.038754264953939632e+00
1.044946893947008570e+00
1.052184159420106013e+00
1.060601595670152220e+00
1.070343130776358453e+00
1.081558463960864191e+00
1.094399304580874199e+00
1.109014244127841886e+00
1.125542030354794054e+00
1.144103028383227416e+00
1.164788696193083339e+00
1.187648983029762961e+00
1.212677694294205688e+00
1.239796074788345415e+00
1.268835167076340253e+00
1.299517928941815059e+00
1.331442667432431559e+00
1.364070079930454371e+00
1.396717070810591377e+00
1.428561466713809791e+00
1.458662621402859072e+00
1.486003376688489253e+00
1.509558434907628754e+00
1.528392208863349033e+00
1.541784840523084066e+00
1.549377656306133000e+00
1.551318837035503773e+00
1.548377891218628788e+00
1.541987129130276468e+00
1.534165578280804798e+00
1.527292685570333486e+00
1.523730801629602283e+00
1.525345255166421721e+00
1.533026432422956109e+00
1.546356672921212816e+00
1.563559691750495473e+00
1.581805793802012250e+00
1.597830766399046087e+00
1.608696802212987276e+00
1.612431493129377724e+00
1.608261831786117035e+00
1.596210603180236332e+00
1.575923105798845869e+00
1.544800551932388410e+00
1.496041165352344660e+00
1.418220424295771442e+00
1.299202590897765131e+00
1.136985550699649128e+00
9.563254303023250857e-01
8.213501040977054801e-01
8.219926541206908910e-01
1.000000000000000000e+00
