1.000000000000000000e+00
7.731012622547479562e-01
7.938852283309751900e-01
9.656864309192422224e-01
1.160598296210399116e+00
1.314971592501082309e+00
1.420220512265146340e+00
1.489753459156067050e+00
1.537179592517215143e+00
1.570107516172303264e+00
1.591965256539415119e+00
1.604793830623848949e+00
1.610351559119770348e+00
1.609961477289454157e+00
1.604281737538350905e+00
1.593591081721179359e+00
1.578437482359856370e+00
1.560178451470259464e+00
1.541062275809011783e+00
1.523812462241694421e+00
1.510936723918532731e+00
1.504069897868941963e+00
1.503589751107715644e+00
1.508595818669049349e+00
1.517198664451340440e+00
1.526982444803721251e+00
1.535488984595693385e+00
1.540608393475923377e+00
1.540819419498915099e+00
1.535276181426369790e+00
1.523772575939799090e+00
1.506629392543957113e+00
1.484547190250409487e+00
1.458457683911237979e+00
1.429393941040568494e+00
1.398388843985097774e+00
1.366403525807730279e+00
1.334282874070024993e+00
1.302733054657254641e+00
1.272315514573121309e+00
1.243452364524107789e+00
1.216438905903797885e+00
1.191460032512760225e+00
1.168608132970223368e+00
1.147900871147018886e+00
1.129297812142368018e+00
1.112715302444562404e+00
1.098039328776720058e+00
1.085136296776444409e+00
1.073861811850918446e+00
1.064067630120455243e+00
1.055606993046068087e+00
1.048338577220766510e+00
1.042129289987364427e+00
1.036856128767512653e+00
1.032407302164421781e+00
1.028682787559274114e+00
1.025594475519275184e+00
1.023066027526427391e+00
1.021032551360212981e+00
1.019440178505825578e+00
1.018245610452783501e+00
1.017415685691275717e+00
1.016927006424940050e+00
1.016765653200283559e+00
1.016927006426001867e+00
1.017415685693456862e+00
1.018245610456200767e+00
1.019440178510664374e+00
1.021032551366734653e+00
1.023066027534978550e+00
1.025594475530316130e+00
1.028682787573394153e+00
1.032407302182382081e+00
1.036856128790263121e+00
1.042129290016121423e+00
1.048338577257064808e+00
1.055606993091836809e+00
1.064067630178126667e+00
1.073861811923548792e+00
1.085136296867889483e+00
1.098039328891828870e+00
1.112715302589444955e+00
1.129297812324711714e+00
1.147900871376526410e+00
1.168608133259127824e+00
1.191460032876520803e+00
1.216438906361969607e+00
1.243452365101464174e+00
1.272315515301101208e+00
1.302733055575808763e+00
1.334282875230054621e+00
1.366403527274177465e+00
1.398388845840980554e+00
1.429393943392180066e+00
1.458457686894859551e+00
1.484547194040892970e+00
1.506629397365677026e+00
1.523772582080426874e+00
1.535276189253991674e+00
1.540819429482886971e+00
1.540608406211537273e+00
1.535489000832435780e+00
1.526982465475986928e+00
1.517198690709657516e+00
1.508595851908611118e+00
1.503589792989947771e+00
1.504069950330946703e+00
1.510936789164805560e+00
1.523812542712277729e+00
1.541062374117631473e+00
1.560178570304059820e+00
1.578437624328866695e+00
1.593591249142181532e+00
1.604281932138736710e+00
1.609961699828315052e+00
1.610351808950055030e+00
1.604794105257705716e+00
1.591965551314663108e+00
1.570107824131696805e+00
1.537179904590698198e+00
1.489753764680543879e+00
1.420220799798092015e+00
1.314971850796512243e+00
1.160598515154030563e+00
9.656866022142818196e-01
7.938853458268347874e-01
7.731013219704161443e-01
1.000000000000000000e+00
