1.000000000000000000e+00
7.712384346587648487e-01
7.931484431275891422e-01
9.663097592873706176e-01
1.161412658108031293e+00
1.315223528894051030e+00
1.419981336673374228e+00
1.489445670091304352e+00
1.537083431440752213e+00
1.570212367073959170e+00
1.592090074253139420e+00
1.604773546160693343e+00
1.610153046972024216e+00
1.609692360008736056e+00
1.604119304522555689e+00
1.593683675644984143e+00
1.578828284387667535e+00
1.560781343277991784e+00
1.541692257799859078e+00
1.524250943355233368e+00
1.511002683986393702e+00
1.503671922209281364e+00
1.502746041923108233e+00
1.507422654323993694e+00
1.515877251042526686e+00
1.525717631783097383e+00
1.534471654711961452e+00
1.539988795403532729e+00
1.540693738267672641e+00
1.535684882866170442e+00
1.524707100372294732e+00
1.508043388588758082e+00
1.486369086093390912e+00
1.460602400806050083e+00
1.431772549294699992e+00
1.400915738246870657e+00
1.369001202320220933e+00
1.336884662221333064e+00
1.305284254778410480e+00
1.274773388979743904e+00
1.245785370240582557e+00
1.218625479323316219e+00
1.193487158134697967e+00
1.170469859940866497e+00
1.149596885978019900e+00
1.130832133642364346e+00
1.114095133946986671e+00
1.099274081050417795e+00
1.086236780479573172e+00
1.074839589226179504e+00
1.064934510366750464e+00
1.056374653297727173e+00
1.049018290454746927e+00
1.042731741815378976e+00
1.037391306479032549e+00
1.032884441223965055e+00
1.029110362782961419e+00
1.025980226192279687e+00
1.023417007662354994e+00
1.021355198075467152e+00
1.019740393047142035e+00
1.018528847756553946e+00
1.017687049465532789e+00
1.017191347634256893e+00
1.017027670509948134e+00
1.017191347635264975e+00
1.017687049467603355e+00
1.018528847759798461e+00
1.019740393051737026e+00
1.021355198081661531e+00
1.023417007670479828e+00
1.025980226202773737e+00
1.029110362796387346e+00
1.032884441241050055e+00
1.037391306500683896e+00
1.042731741842759741e+00
1.049018290489325267e+00
1.056374653341349168e+00
1.064934510421745806e+00
1.074839589295475850e+00
1.086236780566865567e+00
1.099274081160356076e+00
1.114095134085430372e+00
1.130832133816688900e+00
1.149596886197535639e+00
1.170469860217314473e+00
1.193487158482917199e+00
1.218625479762078356e+00
1.245785370793670133e+00
1.274773389677335889e+00
1.305284255658853088e+00
1.336884663333478329e+00
1.369001203726386784e+00
1.400915740026706713e+00
1.431772551550168249e+00
1.460602403667855098e+00
1.486369089729203674e+00
1.508043393213710059e+00
1.524707106262181089e+00
1.535684890373864908e+00
1.540693747843129513e+00
1.539988807617449496e+00
1.534471670282887112e+00
1.525717651606883773e+00
1.515877276222238557e+00
1.507422686197187112e+00
1.502746082082362822e+00
1.503671972511064103e+00
1.511002746542936093e+00
1.524251020503949006e+00
1.541692352044244263e+00
1.560781457192049082e+00
1.578828420472396576e+00
1.593683836121942532e+00
1.604119491050241209e+00
1.609692573318813658e+00
1.610153286448346543e+00
1.604773809421235153e+00
1.592090356829469533e+00
1.570212662295590755e+00
1.537083730610490528e+00
1.489445962984186966e+00
1.419981612317354314e+00
1.315223776506645237e+00
1.161412867993669717e+00
9.663099234943521854e-01
7.931485557614726956e-01
7.712384919036181508e-01
1.000000000000000000e+00
