1.000000000000000000e+00
8.777102049929819128e-01
8.662084130979822438e-01
9.593818067721876508e-01
1.108768833279765165e+00
1.265806263106455942e+00
1.399206211529941735e+00
1.496622970353860937e+00
1.558866368109280254e+00
1.592821702969522413e+00
1.606423423537098438e+00
1.606409747439064395e+00
1.598019937079593555e+00
1.585434182305771378e+00
1.572135816902962668e+00
1.560927003443935757e+00
1.553708196615107395e+00
1.551257379489080046e+00
1.553188817688938794e+00
1.558144281368309292e+00
1.564158786703050419e+00
1.569088683651409966e+00
1.570993193547428168e+00
1.568399403800772030e+00
1.560428740969619810e+00
1.546800987693377927e+00
1.527752261451069904e+00
1.503907408152049152e+00
1.476140776747309369e+00
1.445448517646144904e+00
1.412844828538438291e+00
1.379286218158531030e+00
1.345622449036964818e+00
1.312569981501191529e+00
1.280702748512854150e+00
1.250455225737849618e+00
1.222133464821569593e+00
1.195930659515638483e+00
1.171944701002720413e+00
1.150195948244258970e+00
1.130644057494821331e+00
1.113203185263901496e+00
1.097755220593266356e+00
1.084160940186994049e+00
1.072269137422190433e+00
1.061923873984129241e+00
1.052970057281810812e+00
1.045257570713477246e+00
1.038644186984655882e+00
1.032997484284053913e+00
1.028195966524940053e+00
1.024129565915178341e+00
1.020699681554370741e+00
1.017818883437402455e+00
1.015410388386367879e+00
1.013407393764482300e+00
1.011752336715097123e+00
1.010396131227009331e+00
1.009297422488194318e+00
1.008421887572231279e+00
1.007741603256198326e+00
1.007234495412465680e+00
1.006883879657284542e+00
1.006678099488623523e+00
1.006610265732582610e+00
1.006678099485482036e+00
1.006883879650842140e+00
1.007234495402400176e+00
1.007741603241997908e+00
1.008421887553185403e+00
1.009297422463350191e+00
1.010396131195130387e+00
1.011752336674601738e+00
1.013407393713377624e+00
1.015410388322146140e+00
1.017818883356930604e+00
1.020699681453747898e+00
1.024129565789543950e+00
1.028195966368257164e+00
1.032997484088821194e+00
1.038644186741566777e+00
1.045257570410979220e+00
1.052970056905563112e+00
1.061923873516329442e+00
1.072269136840727555e+00
1.084160939464387186e+00
1.097755219695337958e+00
1.113203184148093605e+00
1.130644056108089934e+00
1.150195946520382817e+00
1.171944698858904177e+00
1.195930656848189777e+00
1.222133461500385598e+00
1.250455221599384048e+00
1.280702743351147088e+00
1.312569975056440796e+00
1.345622440980960954e+00
1.379286208076249798e+00
1.412844815904815921e+00
1.445448501797156338e+00
1.476140756844332991e+00
1.503907383138756826e+00
1.527752230002547451e+00
1.546800948158012945e+00
1.560428691305871363e+00
1.568399341513115886e+00
1.570993115628899650e+00
1.569088586543965436e+00
1.564158666291039168e+00
1.558144133024106148e+00
1.553188636391909627e+00
1.551257160038932437e+00
1.553707933957215959e+00
1.560926693117522301e+00
1.572135455612579058e+00
1.585433768601239191e+00
1.598019472106202876e+00
1.606409235684518100e+00
1.606422873453500877e+00
1.592821127297480821e+00
1.558865783703648811e+00
1.496622397348191802e+00
1.399205671816705188e+00
1.265805778343506161e+00
1.108768422869489401e+00
9.593814863416082472e-01
8.662081938275510984e-01
8.777100937664493729e-01
1.000000000000000000e+00
