1.000000000000000000e+00
7.522642474307332794e-01
7.871081301586366763e-01
9.736821330263636387e-01
1.169094093743733076e+00
1.316276415651578713e+00
1.416371700686559709e+00
1.486007615815045479e+00
1.536485957648703549e+00
1.571964763397044607e+00
1.594062028309409129e+00
1.605060451886680450e+00
1.608176981191862254e+00
1.606356242507170240e+00
1.601239394423346951e+00
1.593071212548354598e+00
1.581435811840623984e+00
1.566254463372274364e+00
1.548467151584412838e+00
1.530100339216506011e+00
1.513773287456189554e+00
1.501931397566516946e+00
1.496146073530447262e+00
1.496721253542331764e+00
1.502683453976130012e+00
1.512087290753634239e+00
1.522488889626490538e+00
1.531431715656255799e+00
1.536831326998273628e+00
1.537206028375191380e+00
1.531753748150312067e+00
1.520308790327663973e+00
1.503224348378744191e+00
1.481223603462152205e+00
1.455251392544501421e+00
1.426345889648030107e+00
1.395539044517212446e+00
1.363787004817072601e+00
1.331927347387220628e+00
1.300657961346062041e+00
1.270532033122771853e+00
1.241964078462380217e+00
1.215242851120986511e+00
1.190547925645195182e+00
1.167967639779960098e+00
1.147516822467440134e+00
1.129153312416529609e+00
1.112792703459132060e+00
1.098321060694400719e+00
1.085605561790371709e+00
1.074503154294636387e+00
1.064867401946517189e+00
1.056553736238984964e+00
1.049423345702496402e+00
1.043345933481563126e+00
1.038201560334071072e+00
1.033881769998402644e+00
1.030290170369231539e+00
1.027342619478524455e+00
1.024967141476547772e+00
1.023103675627960563e+00
1.021703741305091562e+00
1.020730084262363002e+00
1.020156354054061243e+00
1.019966849079935178e+00
1.020156354054545744e+00
1.020730084263357540e+00
1.021703741306655644e+00
1.023103675630187670e+00
1.024967141479566690e+00
1.027342619482510155e+00
1.030290170374420278e+00
1.033881770005093292e+00
1.038201560342661978e+00
1.043345933492550781e+00
1.049423345716527622e+00
1.056553736256886422e+00
1.064867401969330940e+00
1.074503154323695364e+00
1.085605561827361010e+00
1.098321060741466848e+00
1.112792703518988846e+00
1.129153312492624073e+00
1.147516822564123240e+00
1.167967639902753874e+00
1.190547925801075602e+00
1.215242851318788508e+00
1.241964078713294395e+00
1.270532033440975095e+00
1.300657961749530189e+00
1.331927347898754110e+00
1.363787005465661561e+00
1.395539045339745376e+00
1.426345890691522733e+00
1.455251393868971732e+00
1.481223605144347033e+00
1.503224350516920049e+00
1.520308793047731033e+00
1.531753751613629477e+00
1.537206032788325238e+00
1.536831332625020252e+00
1.531431722831931852e+00
1.522488898774356558e+00
1.512087302402679079e+00
1.502683468778907461e+00
1.496721272290753024e+00
1.496146097166909827e+00
1.501931427187480184e+00
1.513773324305481838e+00
1.530100384666022384e+00
1.548467207099672782e+00
1.566254530458742522e+00
1.581435891963318907e+00
1.593071307013621540e+00
1.601239504211452447e+00
1.606356368052741068e+00
1.608177122128311876e+00
1.605060606796086198e+00
1.594062194538685473e+00
1.571964937002337637e+00
1.536486133510442276e+00
1.486007787934376712e+00
1.416371862638458046e+00
1.316276561127567080e+00
1.169094217071996233e+00
9.736822295466194266e-01
7.871081963949407845e-01
7.522642811084011560e-01
1.000000000000000000e+00
