1.000000000000000000e+00
1.074549459392670103e+00
1.150921296876767030e+00
1.228977694282181954e+00
1.306973812587516770e+00
1.382039228874526016e+00
1.450763666097717008e+00
1.509814870847429491e+00
1.556482418692481939e+00
1.589050035737842981e+00
1.606946354524363629e+00
1.610684788152760838e+00
1.601650516821109260e+00
1.581812061881836318e+00
1.553427947692997968e+00
1.518796616282449108e+00
1.480072400738430716e+00
1.439150130627520285e+00
1.397608715379600852e+00
1.356699027897488419e+00
1.317361256421931692e+00
1.280259255373920269e+00
1.245822601467397206e+00
1.214290077319944317e+00
1.185750744271826917e+00
1.160180546894102660e+00
1.137473592375670473e+00
1.117468000330354094e+00
1.099966652221243013e+00
1.084753390479213264e+00
1.071605303632678252e+00
1.060301739301452661e+00
1.050630647226223013e+00
1.042392792100193866e+00
1.035404304643500861e+00
1.029497967306755912e+00
1.024523562859143588e+00
1.020347552355229004e+00
1.016852294666739320e+00
1.013934973155228070e+00
1.011506355886291786e+00
1.009489483485595418e+00
1.007818352593609745e+00
1.006436642105714263e+00
1.005296513200326647e+00
1.004357501809014952e+00
1.003585512982382300e+00
1.002951919941384773e+00
1.002432765946251303e+00
1.002008064015092126e+00
1.001661187608804848e+00
1.001378344364573403e+00
1.001148124564704922e+00
1.000961116080127722e+00
1.000809577882421753e+00
1.000687164763922610e+00
1.000588696561233171e+00
1.000509965884567976e+00
1.000447579073911353e+00
1.000398825806129155e+00
1.000361573449138675e+00
1.000334182891621237e+00
1.000315443167365315e+00
1.000304522743042712e+00
1.000300935852287632e+00
1.000304522743042712e+00
1.000315443167365315e+00
1.000334182891621237e+00
1.000361573449138675e+00
1.000398825806129155e+00
1.000447579073911353e+00
1.000509965884567976e+00
1.000588696561233171e+00
1.000687164763922610e+00
1.000809577882421753e+00
1.000961116080127722e+00
1.001148124564704922e+00
1.001378344364573403e+00
1.001661187608804848e+00
1.002008064015092126e+00
1.002432765946251303e+00
1.002951919941384773e+00
1.003585512982382300e+00
1.004357501809014952e+00
1.005296513200326647e+00
1.006436642105714263e+00
1.007818352593609745e+00
1.009489483485595196e+00
1.011506355886291786e+00
1.013934973155228292e+00
1.016852294666739320e+00
1.020347552355229004e+00
1.024523562859143366e+00
1.029497967306755690e+00
1.035404304643500639e+00
1.042392792100193644e+00
1.050630647226222347e+00
1.060301739301452661e+00
1.071605303632678030e+00
1.084753390479213042e+00
1.099966652221243235e+00
1.117468000330353650e+00
1.137473592375670917e+00
1.160180546894102438e+00
1.185750744271826917e+00
1.214290077319944094e+00
1.245822601467396984e+00
1.280259255373920713e+00
1.317361256421931692e+00
1.356699027897488197e+00
1.397608715379601074e+00
1.439150130627519841e+00
1.480072400738430494e+00
1.518796616282448886e+00
1.553427947692995970e+00
1.581812061881837206e+00
1.601650516821109038e+00
1.610684788152759062e+00
1.606946354524362519e+00
1.589050035737842093e+00
1.556482418692481051e+00
1.509814870847427493e+00
1.450763666097715898e+00
1.382039228874526238e+00
1.306973812587516992e+00
1.228977694282181288e+00
1.150921296876766586e+00
1.074549459392669659e+00
1.000000000000000000e+00
