1.000000000000000000e+00
7.376956840205656230e-01
7.835422050821445605e-01
9.790388830211385063e-01
1.172529402099388163e+00
1.313874844857177759e+00
1.410981677694086667e+00
1.481471971759974027e+00
1.534349696942462593e+00
1.571581610043361499e+00
1.593946472287329552e+00
1.603943295416449644e+00
1.605501776381490053e+00
1.602422776552290484e+00
1.597084252531000725e+00
1.590073991714172408e+00
1.580742802815526371e+00
1.568255623435587554e+00
1.552567967304955499e+00
1.534884696653000979e+00
1.517467439197337731e+00
1.502964522535146896e+00
1.493600049408774666e+00
1.490542852246861338e+00
1.493639434415035661e+00
1.501527890934551746e+00
1.512024277929957528e+00
1.522620540036051295e+00
1.530947539428721083e+00
1.535109963374992947e+00
1.533860892459467884e+00
1.526631131849262912e+00
1.513453896996249881e+00
1.494831281897904818e+00
1.471582152691250700e+00
1.444699004435314516e+00
1.415229103785863307e+00
1.384185589182756360e+00
1.352487840853067169e+00
1.320926990084508423e+00
1.290151116351904825e+00
1.260664678422647178e+00
1.232837408564536830e+00
1.206918841790490138e+00
1.183055605546191602e+00
1.161309435983400196e+00
1.141674570234319841e+00
1.124093688562808335e+00
1.108471964849661484e+00
1.094689054273862094e+00
1.082609028752494540e+00
1.072088385905544561e+00
1.062982324091598985e+00
1.055149508530216940e+00
1.048455562422341281e+00
1.042775510317233811e+00
1.037995384645155506e+00
1.034013184598788770e+00
1.030739352412687770e+00
1.028096907615803968e+00
1.026021356347867952e+00
1.024460471116670268e+00
1.023374016797502284e+00
1.022733481299089586e+00
1.022521853982215401e+00
1.022733481298857106e+00
1.023374016797025776e+00
1.024460471115933746e+00
1.026021356346846325e+00
1.028096907614462152e+00
1.030739352410976695e+00
1.034013184596655588e+00
1.037995384642530716e+00
1.042775510314043919e+00
1.048455562418492359e+00
1.055149508525610846e+00
1.062982324086129582e+00
1.072088385899084617e+00
1.082609028744907276e+00
1.094689054264990302e+00
1.108471964839338852e+00
1.124093688550837244e+00
1.141674570220472473e+00
1.161309435967391668e+00
1.183055605527665088e+00
1.206918841768957584e+00
1.232837408539330104e+00
1.260664678392819926e+00
1.290151116316084146e+00
1.320926990040698579e+00
1.352487840798350494e+00
1.384185589112917780e+00
1.415229103694857216e+00
1.444699004314567548e+00
1.471582152528773779e+00
1.494831281677206913e+00
1.513453896695069023e+00
1.526631131438142663e+00
1.533860891900313383e+00
1.535109962619729762e+00
1.530947538418286236e+00
1.522620538699797521e+00
1.512024276185563121e+00
1.501527888688072077e+00
1.493639431560516151e+00
1.490542848664457853e+00
1.493600044960415651e+00
1.502964517057433058e+00
1.517467432492936918e+00
1.534884688483983961e+00
1.552567957393328202e+00
1.568255611476164324e+00
1.580742788503131546e+00
1.590073974781588850e+00
1.597084232789283353e+00
1.602422753925379473e+00
1.605501750933863825e+00
1.603943267380733229e+00
1.593946442098641336e+00
1.571581578373555388e+00
1.534349664710372707e+00
1.481471940092192963e+00
1.410981647834009811e+00
1.313874818046515403e+00
1.172529379457214915e+00
9.790388654332281559e-01
7.835421931295836195e-01
7.376956779949941367e-01
1.000000000000000000e+00
