1.000000000000000000e+00
1.028078111132223027e+00
1.066498203023197311e+00
1.119151082075849457e+00
1.185364113652372930e+00
1.261462754618022375e+00
1.342126688536514179e+00
1.421570841578217781e+00
1.494489807364566492e+00
1.556691014268159812e+00
1.605394936337481759e+00
1.639249558073416102e+00
1.658149773568636576e+00
1.662958359053234636e+00
1.655204862030787760e+00
1.636810030703137464e+00
1.609858629510088068e+00
1.576426920762564077e+00
1.538461875773185161e+00
1.497704874886655713e+00
1.455651177083247427e+00
1.413536483941278288e+00
1.372342766625151311e+00
1.332816752950717332e+00
1.295495820280167409e+00
1.260737335345983423e+00
1.228748620671321179e+00
1.199615662552041773e+00
1.173329402436495528e+00
1.149808991906630551e+00
1.128921772735324014e+00
1.110500001226944811e+00
1.094354500720305046e+00
1.080285522989018698e+00
1.068091148040016591e+00
1.057573567347978027e+00
1.048543588827499873e+00
1.040823680822181130e+00
1.034249842870059277e+00
1.028672557162094492e+00
1.023957039422997761e+00
1.019982973488962052e+00
1.016643881524353477e+00
1.013846252469520870e+00
1.011508525400558245e+00
1.009560002160715397e+00
1.007939744826002793e+00
1.006595498076591877e+00
1.005482664051239095e+00
1.004563347405345475e+00
1.003805480700424635e+00
1.003182034559164437e+00
1.002670312886715598e+00
1.002251330580031352e+00
1.001909269258031143e+00
1.001631005419977072e+00
1.001405704891167980e+00
1.001224477291584591e+00
1.001080084444388341e+00
1.000966697033148334e+00
1.000879694348832505e+00
1.000815502587448780e+00
1.000771467830150030e+00
1.000745760533886974e+00
1.000737309067278202e+00
1.000745760533886974e+00
1.000771467830150030e+00
1.000815502587448780e+00
1.000879694348832505e+00
1.000966697033148334e+00
1.001080084444388341e+00
1.001224477291584591e+00
1.001405704891167980e+00
1.001631005419977072e+00
1.001909269258031143e+00
1.002251330580031352e+00
1.002670312886715598e+00
1.003182034559164437e+00
1.003805480700424635e+00
1.004563347405345475e+00
1.005482664051239095e+00
1.006595498076591877e+00
1.007939744826002793e+00
1.009560002160715397e+00
1.011508525400558245e+00
1.013846252469520870e+00
1.016643881524353477e+00
1.019982973488961830e+00
1.023957039422997761e+00
1.028672557162094714e+00
1.034249842870059277e+00
1.040823680822181130e+00
1.048543588827499651e+00
1.057573567347977805e+00
1.068091148040016369e+00
1.080285522989018476e+00
1.094354500720304380e+00
1.110500001226944367e+00
1.128921772735323570e+00
1.149808991906630551e+00
1.173329402436496194e+00
1.199615662552040662e+00
1.228748620671321401e+00
1.260737335345983423e+00
1.295495820280167409e+00
1.332816752950717110e+00
1.372342766625151311e+00
1.413536483941279842e+00
1.455651177083247427e+00
1.497704874886654824e+00
1.538461875773186271e+00
1.576426920762564521e+00
1.609858629510087846e+00
1.636810030703137464e+00
1.655204862030787094e+00
1.662958359053236190e+00
1.658149773568638574e+00
1.639249558073416546e+00
1.605394936337481093e+00
1.556691014268159812e+00
1.494489807364567602e+00
1.421570841578217115e+00
1.342126688536513512e+00
1.261462754618023485e+00
1.185364113652374263e+00
1.119151082075848791e+00
1.066498203023196645e+00
1.028078111132221251e+00
1.000000000000000000e+00
