1.000000000000000000e+00
1.060055653795361597e+00
1.119461700910979074e+00
1.177067462329198122e+00
1.231274746543118193e+00
1.280227885204168192e+00
1.322085263781992648e+00
1.355302627267258808e+00
1.378861037824576030e+00
1.392393291376109454e+00
1.396194178800873376e+00
1.391130395626462235e+00
1.378485551535829190e+00
1.359781117781653892e+00
1.336607815048344916e+00
1.310489547886168005e+00
1.282789050695932964e+00
1.254654390366176653e+00
1.226999523030939621e+00
1.200509777019189928e+00
1.175663292841491181e+00
1.152760930050428678e+00
1.131959075021546690e+00
1.113301626455319271e+00
1.096748951296134589e+00
1.082202728979012374e+00
1.069526368620572265e+00
1.058561162331610683e+00
1.049138604172331179e+00
1.041089424788135043e+00
1.034249918478626240e+00
1.028466110319855575e+00
1.023596252190052347e+00
1.019512065365390852e+00
1.016099074474467567e+00
1.013256309235581742e+00
1.010895589737770051e+00
1.008940559308169727e+00
1.007325586285101826e+00
1.005994621655672994e+00
1.004900072543947864e+00
1.004001730849968466e+00
1.003265780848539013e+00
1.002663898250407026e+00
1.002172445219323027e+00
1.001771760371614306e+00
1.001445539238080107e+00
1.001180298538637325e+00
1.000964916512337988e+00
1.000790241152562876e+00
1.000648758286822426e+00
1.000534311839577306e+00
1.000441869199154565e+00
1.000367325286354081e+00
1.000307339631281378e+00
1.000259201465186543e+00
1.000220718500151706e+00
1.000190125686584830e+00
1.000166010799949934e+00
1.000147254212376602e+00
1.000132980653965165e+00
1.000122521166890710e+00
1.000115383808922509e+00
1.000111231977825366e+00
1.000109869511523142e+00
1.000111231977825366e+00
1.000115383808922509e+00
1.000122521166890710e+00
1.000132980653965165e+00
1.000147254212376602e+00
1.000166010799949934e+00
1.000190125686584830e+00
1.000220718500151706e+00
1.000259201465186543e+00
1.000307339631281378e+00
1.000367325286354081e+00
1.000441869199154565e+00
1.000534311839577306e+00
1.000648758286822426e+00
1.000790241152562876e+00
1.000964916512337988e+00
1.001180298538637325e+00
1.001445539238080107e+00
1.001771760371614306e+00
1.002172445219323027e+00
1.002663898250407026e+00
1.003265780848539013e+00
1.004001730849968466e+00
1.004900072543947864e+00
1.005994621655672994e+00
1.007325586285101826e+00
1.008940559308169727e+00
1.010895589737770051e+00
1.013256309235581742e+00
1.016099074474467345e+00
1.019512065365390852e+00
1.023596252190052347e+00
1.028466110319855575e+00
1.034249918478626240e+00
1.041089424788135043e+00
1.049138604172331402e+00
1.058561162331610461e+00
1.069526368620572709e+00
1.082202728979012152e+00
1.096748951296134589e+00
1.113301626455319049e+00
1.131959075021546690e+00
1.152760930050429344e+00
1.175663292841490737e+00
1.200509777019189483e+00
1.226999523030939621e+00
1.254654390366176875e+00
1.282789050695932298e+00
1.310489547886167117e+00
1.336607815048344028e+00
1.359781117781653892e+00
1.378485551535828524e+00
1.391130395626461125e+00
1.396194178800873154e+00
1.392393291376109454e+00
1.378861037824574698e+00
1.355302627267257698e+00
1.322085263781992204e+00
1.280227885204168858e+00
1.231274746543117971e+00
1.177067462329197678e+00
1.119461700910979518e+00
1.060055653795361374e+00
1.000000000000000000e+00
