1.000000000000000000e+00
7.621291596547021818e-01
7.899006123030215543e-01
9.695988949227104525e-01
1.165210870326703674e+00
1.316018546397409672e+00
1.418443572060166469e+00
1.487800482709680683e+00
1.536671525173612718e+00
1.570880186497092712e+00
1.592859411914831824e+00
1.604761638348952468e+00
1.609132434067670037e+00
1.608152008395558941e+00
1.602948619490198512e+00
1.593700950157415530e+00
1.580380732133485511e+00
1.563574565510596370e+00
1.544889388737765268e+00
1.526768117390847168e+00
1.511865565655271082e+00
1.502302389108839620e+00
1.499100097807057885e+00
1.501967222737034424e+00
1.509446122858870476e+00
1.519311357905714921e+00
1.529063301432246780e+00
1.536377365691698582e+00
1.539422145127575581e+00
1.537018947836314542e+00
1.528660235635145748e+00
1.514428081981738616e+00
1.494858402111927109e+00
1.470789421300439992e+00
1.443220725060906151e+00
1.413197256464430396e+00
1.381723285930841927e+00
1.349705301401314061e+00
1.317919534171163365e+00
1.286998649541311268e+00
1.257432202405093236e+00
1.229576171727563061e+00
1.203667835659297358e+00
1.179843193945313784e+00
1.158154970958304775e+00
1.138589900988604464e+00
1.121084508315161488e+00
1.105538967882806256e+00
1.091828893941942713e+00
1.079815078994876831e+00
1.069351315672079528e+00
1.060290497425197431e+00
1.052489223953280373e+00
1.045811144539664284e+00
1.040129264777102547e+00
1.035327425235095689e+00
1.031301138623718527e+00
1.027957947865845600e+00
1.025217443213255697e+00
1.023011053436574169e+00
1.021281704959692949e+00
1.019983423974046621e+00
1.019080940143943570e+00
1.018549336377969405e+00
1.018373777024180526e+00
1.018549336378693049e+00
1.019080940145430603e+00
1.019983423976378978e+00
1.021281704963001635e+00
1.023011053441042817e+00
1.025217443219131219e+00
1.027957947873455513e+00
1.031301138633482717e+00
1.035327425247560829e+00
1.040129264792952091e+00
1.045811144559779304e+00
1.052489223978778421e+00
1.060290497457484937e+00
1.069351315712940842e+00
1.079815079046557935e+00
1.091828894007291550e+00
1.105538967965412178e+00
1.121084508419558423e+00
1.138589901120507841e+00
1.158154971124944366e+00
1.179843194155814068e+00
1.203667835925193552e+00
1.229576172063456596e+00
1.257432202829476875e+00
1.286998650077642914e+00
1.317919534849218088e+00
1.349705302258988882e+00
1.381723287016416890e+00
1.413197257839529764e+00
1.443220726804308240e+00
1.470789423513007899e+00
1.494858404922912998e+00
1.514428085556865033e+00
1.528660240186802577e+00
1.537018953636272833e+00
1.539422152522571530e+00
1.536377375121898314e+00
1.529063313452449613e+00
1.519311373208372951e+00
1.509446142297336424e+00
1.501967247346507106e+00
1.499100128819890188e+00
1.502302427960378051e+00
1.511865613976345779e+00
1.526768176983195335e+00
1.544889461528377028e+00
1.563574653479331111e+00
1.580380837204876654e+00
1.593701074043835542e+00
1.602948763473538873e+00
1.608152173043961630e+00
1.609132618905986467e+00
1.604761841532579281e+00
1.592859629983332415e+00
1.570880414290688698e+00
1.536671755975180576e+00
1.487800708632855518e+00
1.418443784650607276e+00
1.316018737352975032e+00
1.165211032186283191e+00
9.695990215658225608e-01
7.899006991833182889e-01
7.621292038168124838e-01
1.000000000000000000e+00
