1.000000000000000000e+00
8.331516365447553252e-01
8.287960221821969453e-01
9.545073407895491302e-01
1.129363285397416039e+00
1.291465159449344702e+00
1.413752501938241979e+00
1.495170635574464502e+00
1.546100360935974249e+00
1.577642461544787045e+00
1.597005036526485622e+00
1.607336936829029561e+00
1.609496544984490018e+00
1.603950388200018118e+00
1.591961645248036294e+00
1.575903593174262207e+00
1.558887250703780092e+00
1.544035617466808175e+00
1.533744613077591801e+00
1.529184653489707113e+00
1.530159755733134119e+00
1.535303925032931005e+00
1.542499793290628141e+00
1.549370833061998409e+00
1.553718760594494874e+00
1.553828418688252944e+00
1.548617539262578058e+00
1.537650383341993443e+00
1.521055784503020591e+00
1.499393952655455386e+00
1.473509073462466956e+00
1.444392936291410523e+00
1.413073241836714899e+00
1.380531241162189948e+00
1.347647522751694638e+00
1.315171680385084363e+00
1.283710485731967443e+00
1.253729289734401231e+00
1.225562091434489798e+00
1.199426646846423639e+00
1.175441915862131204e+00
1.153645951760576382e+00
1.134012988128825450e+00
1.116468973854066293e+00
1.100905168249710187e+00
1.087189660839296135e+00
1.075176848588571987e+00
1.064715008786783601e+00
1.055652165585512670e+00
1.047840475825667417e+00
1.041139365403123795e+00
1.035417638635322435e+00
1.030554765478102208e+00
1.026441529042495304e+00
1.022980191537456784e+00
1.020084312482004041e+00
1.017678330077164572e+00
1.015696995782875200e+00
1.014084733810413530e+00
1.012794981547109563e+00
1.011789553818445153e+00
1.011038063176563861e+00
1.010517419819244811e+00
1.010211427978828347e+00
1.010110490346799228e+00
1.010211427978296772e+00
1.010517419818154572e+00
1.011038063174865220e+00
1.011789553816048626e+00
1.012794981543901240e+00
1.014084733806235761e+00
1.015696995777525480e+00
1.017678330070382220e+00
1.020084312473469312e+00
1.022980191526755123e+00
1.026441529029121114e+00
1.030554765461429767e+00
1.035417638614563707e+00
1.041139365377304227e+00
1.047840475793573756e+00
1.055652165545636345e+00
1.064715008737239677e+00
1.075176848527011231e+00
1.087189660762772681e+00
1.100905168154523217e+00
1.116468973735555981e+00
1.134012987981105836e+00
1.153645951576188322e+00
1.175441915631590728e+00
1.199426646557628651e+00
1.225562091071944915e+00
1.253729289278219250e+00
1.283710485156550618e+00
1.315171679657420434e+00
1.347647521829150818e+00
1.380531239989697179e+00
1.413073240343183601e+00
1.444392934385264837e+00
1.473509071026149586e+00
1.499393949538860848e+00
1.521055780515874201e+00
1.537650378245306149e+00
1.548617532759566595e+00
1.553828410415231565e+00
1.553718750112438096e+00
1.549370819849504421e+00
1.542499776738849304e+00
1.535303904442911316e+00
1.530159730315908684e+00
1.529184622370210800e+00
1.533744575305032720e+00
1.544035572036991599e+00
1.558887196601862923e+00
1.575903529448145379e+00
1.591961571120797503e+00
1.603950303223250051e+00
1.609496449223131620e+00
1.607336831054666515e+00
1.597004922383413517e+00
1.577642341645085544e+00
1.546100238839589469e+00
1.495170515619550278e+00
1.413752388908609881e+00
1.291465058104262598e+00
1.129363199949123153e+00
9.545072744780830343e-01
8.287959771059916214e-01
8.331516137994003923e-01
1.000000000000000000e+00
