1.000000000000000000e+00
8.994989138265745421e-01
8.893277102592596073e-01
9.704097756376950379e-01
1.106582350461992270e+00
1.256694350519528269e+00
1.390268624499859662e+00
1.491700370967348421e+00
1.557865621856053151e+00
1.593305446009027015e+00
1.605788270716486998e+00
1.603425519535145005e+00
1.593279371764913410e+00
1.580882760930496289e+00
1.570141167865003240e+00
1.563353007414363116e+00
1.561305024228451188e+00
1.563481086080381832e+00
1.568399789027160818e+00
1.574039241724581650e+00
1.578269655722780218e+00
1.579214362499945734e+00
1.575488806414801157e+00
1.566305449514107107e+00
1.551463861398395538e+00
1.531261955650618622e+00
1.506366921398207159e+00
1.477677742279722262e+00
1.446200770732696039e+00
1.412949647520889362e+00
1.378872982179026874e+00
1.344808149787008356e+00
1.311456942349210841e+00
1.279377942797093715e+00
1.248990679821042393e+00
1.220587340388151310e+00
1.194348712233709087e+00
1.170361899813083584e+00
1.148638108828025750e+00
1.129129396050222001e+00
1.111743737166569490e+00
1.096358095703522606e+00
1.082829405150995239e+00
1.071003527503202823e+00
1.060722344503359116e+00
1.051829188977936980e+00
1.044172845241675640e+00
1.037610349101036888e+00
1.032008806533310175e+00
1.027246430852494896e+00
1.023212974835292943e+00
1.019809709515004270e+00
1.016949076963635124e+00
1.014554121542478704e+00
1.012557783503458042e+00
1.010902120810839522e+00
1.009537509720212611e+00
1.008421861921378504e+00
1.007519885737624632e+00
1.006802410725090136e+00
1.006245788753277415e+00
1.005831379985474783e+00
1.005545128840609204e+00
1.005377232747926897e+00
1.005321905069032296e+00
1.005377232744613103e+00
1.005545128833814861e+00
1.005831379974856832e+00
1.006245788738298286e+00
1.006802410704999540e+00
1.007519885711416929e+00
1.008421861887748516e+00
1.009537509677490563e+00
1.010902120756920208e+00
1.012557783435694692e+00
1.014554121457563074e+00
1.016949076857446732e+00
1.019809709382411000e+00
1.023212974669918562e+00
1.027246430646422182e+00
1.032008806276712098e+00
1.037610348781717873e+00
1.044172844844506898e+00
1.051829188484139754e+00
1.060722343889621833e+00
1.071003526740572198e+00
1.082829404203480061e+00
1.096358094526347582e+00
1.111743735703968783e+00
1.129129394232646133e+00
1.148638106568612427e+00
1.170361897003168616e+00
1.194348708737114961e+00
1.220587336033913228e+00
1.248990674394135025e+00
1.279377936026627527e+00
1.311456933893405008e+00
1.344808139214191511e+00
1.378872968943671395e+00
1.412949630933751477e+00
1.446200749923976625e+00
1.477677716154428111e+00
1.506366888583335673e+00
1.531261914434627558e+00
1.551463809665023064e+00
1.566305384674882895e+00
1.575488725347883312e+00
1.579214261506997286e+00
1.578269530520159947e+00
1.574039087489374378e+00
1.568399600521290793e+00
1.563480857876070829e+00
1.561304751054385598e+00
1.563352684633612544e+00
1.570140792082670211e+00
1.580882330710546180e+00
1.593278888409701777e+00
1.603424987845298411e+00
1.605787699603147711e+00
1.593304848784874883e+00
1.557865016011449555e+00
1.491699777282654127e+00
1.390268065488215132e+00
1.256693848422496318e+00
1.106581925240035735e+00
9.704094434596935992e-01
8.893274828098941542e-01
8.994987983954634281e-01
1.000000000000000000e+00
