1.000000000000000000e+00
1.040621137364006188e+00
1.080712922075508509e+00
1.119470982634667822e+00
1.155841653550450765e+00
1.188632594271808562e+00
1.216673229924620570e+00
1.238983079454119896e+00
1.254908785197435872e+00
1.264202837054445583e+00
1.267034503421449854e+00
1.263940434624664322e+00
1.255733934962188769e+00
1.243396001522812711e+00
1.227968830676827050e+00
1.210466252005270693e+00
1.191808335443607758e+00
1.172781290004022203e+00
1.154019671829513705e+00
1.136005880230841258e+00
1.119081478566789967e+00
1.103465428209030597e+00
1.089275340889678478e+00
1.076548969511709419e+00
1.065264159978196012e+00
1.055356286303090307e+00
1.046732773062563737e+00
1.039284697383702216e+00
1.032895696691074727e+00
1.027448529333361726e+00
1.022829678783811369e+00
1.018932386668152557e+00
1.015658466305859431e+00
1.012919201267952651e+00
1.010635582158287304e+00
1.008738085207660617e+00
1.007166151511867724e+00
1.005867487275776906e+00
1.004797273563777571e+00
1.003917348464811621e+00
1.003195404575247363e+00
1.002604229462238372e+00
1.002121005456099834e+00
1.001726676952476636e+00
1.001405387696740146e+00
1.001143986693129762e+00
1.000931598953796575e+00
1.000759255897838207e+00
1.000619579531027092e+00
1.000506514356429122e+00
1.000415101114811689e+00
1.000341286806901486e+00
1.000281765918413113e+00
1.000233848290647432e+00
1.000195349612755136e+00
1.000164501029135344e+00
1.000139874840828114e+00
1.000120323724300597e+00
1.000104931291602828e+00
1.000092972172320405e+00
1.000083880112877965e+00
1.000077222866090576e+00
1.000072682888295983e+00
1.000070043077828208e+00
1.000069176982250063e+00
1.000070043077828208e+00
1.000072682888295983e+00
1.000077222866090576e+00
1.000083880112877965e+00
1.000092972172320405e+00
1.000104931291602828e+00
1.000120323724300597e+00
1.000139874840828114e+00
1.000164501029135344e+00
1.000195349612755136e+00
1.000233848290647432e+00
1.000281765918413113e+00
1.000341286806901486e+00
1.000415101114811689e+00
1.000506514356429122e+00
1.000619579531027092e+00
1.000759255897838207e+00
1.000931598953796575e+00
1.001143986693129762e+00
1.001405387696740146e+00
1.001726676952476636e+00
1.002121005456099834e+00
1.002604229462238372e+00
1.003195404575247363e+00
1.003917348464811621e+00
1.004797273563777571e+00
1.005867487275776906e+00
1.007166151511867724e+00
1.008738085207660617e+00
1.010635582158287082e+00
1.012919201267952651e+00
1.015658466305859431e+00
1.018932386668152557e+00
1.022829678783811369e+00
1.027448529333361504e+00
1.032895696691074727e+00
1.039284697383701994e+00
1.046732773062563959e+00
1.055356286303090085e+00
1.065264159978196012e+00
1.076548969511709197e+00
1.089275340889678256e+00
1.103465428209031041e+00
1.119081478566789523e+00
1.136005880230841036e+00
1.154019671829513705e+00
1.172781290004022425e+00
1.191808335443607092e+00
1.210466252005269805e+00
1.227968830676826162e+00
1.243396001522812488e+00
1.255733934962187881e+00
1.263940434624663212e+00
1.267034503421449410e+00
1.264202837054444473e+00
1.254908785197434762e+00
1.238983079454118785e+00
1.216673229924620125e+00
1.188632594271808784e+00
1.155841653550449655e+00
1.119470982634667156e+00
1.080712922075508731e+00
1.040621137364005966e+00
1.000000000000000000e+00
