1.000000000000000000e+00
8.133830339159617839e-01
8.155728767784948818e-01
9.571467126119227453e-01
1.141447289805080256e+00
1.303183213030401744e+00
1.419669850233481467e+00
1.495124018176562819e+00
1.542660793961943000e+00
1.573643348388829244e+00
1.594476292162548381e+00
1.607467894740866043e+00
1.612820956486990420e+00
1.610345084811676930e+00
1.600533791594370925e+00
1.585018062972561426e+00
1.566472767060839821e+00
1.548104382764322828e+00
1.532931249575292254e+00
1.523109324219376060e+00
1.519511124614707276e+00
1.521652400830971086e+00
1.527935541067269698e+00
1.536091097318908361e+00
1.543671035944415237e+00
1.548471791728434521e+00
1.548817432651236725e+00
1.543687348979596363e+00
1.532711986824112138e+00
1.516078977353316537e+00
1.494393807841415178e+00
1.468530764048378012e+00
1.439497773378661361e+00
1.408327387145334342e+00
1.375997530944375935e+00
1.343380216003705607e+00
1.311213637756881267e+00
1.280092192259235651e+00
1.250469164118819920e+00
1.222667611926029352e+00
1.196895928075555560e+00
1.173265470097082597e+00
1.151808452193693766e+00
1.132494918281291785e+00
1.115248097052462528e+00
1.099957786910711111e+00
1.086491659883680683e+00
1.074704533358701086e+00
1.064445757606337084e+00
1.055564922364965463e+00
1.047916110263109379e+00
1.041360928401676489e+00
1.035770539333242368e+00
1.031026894333485711e+00
1.027023349139860597e+00
1.023664817971149832e+00
1.020867597508896774e+00
1.018558969830695160e+00
1.016676672756811062e+00
1.015168308061548563e+00
1.013990742603412043e+00
1.013109544552185826e+00
1.012498486323058389e+00
1.012139137274402856e+00
1.012020562349246422e+00
1.012139137276823586e+00
1.012498486328024194e+00
1.013109544559957831e+00
1.013990742614386154e+00
1.015168308076294990e+00
1.016676672776084533e+00
1.018558969855484442e+00
1.020867597540464189e+00
1.023664818011106981e+00
1.027023349190227419e+00
1.031026894396809279e+00
1.035770539412720348e+00
1.041360928501305461e+00
1.047916110387893784e+00
1.055564922521164739e+00
1.064445757801785852e+00
1.074704533603204615e+00
1.086491660189528918e+00
1.099957787293307065e+00
1.115248097531146731e+00
1.132494918880378787e+00
1.151808452943805294e+00
1.173265471036851970e+00
1.196895929253829705e+00
1.222667613404698983e+00
1.250469165976473951e+00
1.280092194595920274e+00
1.311213640700235938e+00
1.343380219716911572e+00
1.375997535636438895e+00
1.408327393084334078e+00
1.439497780908701952e+00
1.468530773611166129e+00
1.494393820003353524e+00
1.516078992839104300e+00
1.532712006557577666e+00
1.543687374132057810e+00
1.548817464696921276e+00
1.548471832505172507e+00
1.543671087716076862e+00
1.536091162833835844e+00
1.527935623604521620e+00
1.521652504223876656e+00
1.519511253239244297e+00
1.523109482933254100e+00
1.532931443591807552e+00
1.548104617442407571e+00
1.566473047589249878e+00
1.585018393924247038e+00
1.600534176332668146e+00
1.610345524751521706e+00
1.612821450258378198e+00
1.607468437365366931e+00
1.594476874418201851e+00
1.573643956572389646e+00
1.542661410229591912e+00
1.495124621542696985e+00
1.419670418148894386e+00
1.303183723285940898e+00
1.141447722375757756e+00
9.571470510454621605e-01
8.155731088947674179e-01
8.133831518693425133e-01
1.000000000000000000e+00
