1.000000000000000000e+00
1.001524899990793305e+00
1.022994374345399082e+00
1.070104879551400767e+00
1.139661477570705905e+00
1.223815685686994170e+00
1.313336117123275359e+00
1.399922969144718587e+00
1.477506867576253269e+00
1.542586830169670353e+00
1.593856578630345577e+00
1.631488521374407252e+00
1.656417404590675657e+00
1.669828520783715575e+00
1.672898550333662859e+00
1.666730897508386322e+00
1.652391282353496083e+00
1.630964147117625052e+00
1.603585401523659248e+00
1.571439206555742318e+00
1.535726128478508201e+00
1.497617159069462467e+00
1.458207143391599292e+00
1.418476691069261664e+00
1.379266805434661514e+00
1.341266744061800686e+00
1.305013378181230088e+00
1.270899322953029209e+00
1.239186961300026146e+00
1.210025805096490270e+00
1.183471155714719059e+00
1.159502573543305548e+00
1.138041156461493175e+00
1.118965026391547601e+00
1.102122726704491074e+00
1.087344451465492856e+00
1.074451175453632779e+00
1.063261847119030046e+00
1.053598858943684879e+00
1.045292032438120300e+00
1.038181357246660941e+00
1.032118712490035284e+00
1.026968778776838453e+00
1.022609325128590374e+00
1.018931029167873703e+00
1.015836963247930713e+00
1.013241855031570493e+00
1.011071209129113191e+00
1.009260357176362533e+00
1.007753487298231221e+00
1.006502690195904215e+00
1.005467047927580237e+00
1.004611782565387523e+00
1.003907475010838768e+00
1.003329359040245006e+00
1.002856691843558412e+00
1.002472199654317775e+00
1.002161595313271203e+00
1.001913163566234388e+00
1.001717409401604142e+00
1.001566764649620023e+00
1.001455348285352098e+00
1.001378776316258934e+00
1.001334017727402159e+00
1.001319293655213327e+00
1.001334017727402159e+00
1.001378776316258934e+00
1.001455348285352098e+00
1.001566764649620023e+00
1.001717409401604142e+00
1.001913163566234388e+00
1.002161595313271203e+00
1.002472199654317775e+00
1.002856691843558412e+00
1.003329359040245006e+00
1.003907475010838768e+00
1.004611782565387523e+00
1.005467047927580237e+00
1.006502690195904215e+00
1.007753487298231221e+00
1.009260357176362533e+00
1.011071209129113191e+00
1.013241855031570715e+00
1.015836963247930269e+00
1.018931029167873703e+00
1.022609325128590374e+00
1.026968778776838453e+00
1.032118712490035062e+00
1.038181357246660941e+00
1.045292032438120522e+00
1.053598858943684879e+00
1.063261847119030046e+00
1.074451175453632779e+00
1.087344451465492634e+00
1.102122726704490852e+00
1.118965026391547601e+00
1.138041156461491843e+00
1.159502573543305326e+00
1.183471155714718837e+00
1.210025805096489826e+00
1.239186961300026812e+00
1.270899322953028765e+00
1.305013378181230754e+00
1.341266744061800020e+00
1.379266805434661514e+00
1.418476691069261220e+00
1.458207143391599070e+00
1.497617159069463577e+00
1.535726128478509311e+00
1.571439206555740764e+00
1.603585401523660803e+00
1.630964147117625274e+00
1.652391282353495638e+00
1.666730897508385878e+00
1.672898550333661083e+00
1.669828520783717352e+00
1.656417404590677656e+00
1.631488521374407696e+00
1.593856578630346021e+00
1.542586830169670353e+00
1.477506867576254157e+00
1.399922969144718365e+00
1.313336117123275804e+00
1.223815685686995280e+00
1.139661477570706793e+00
1.070104879551400323e+00
1.022994374345398194e+00
1.001524899990791306e+00
1.000000000000000000e+00
