1.000000000000000000e+00
8.383969455084889777e-01
8.327125036308907768e-01
9.543947290070572409e-01
1.126573018098607770e+00
1.288570485429721968e+00
1.412442219525363862e+00
1.495720021325791960e+00
1.547837518639344490e+00
1.579611796051614947e+00
1.598403115356561432e+00
1.607684261425526451e+00
1.608664865134924016e+00
1.602136430999850703e+00
1.589625994122402242e+00
1.573663945892297189e+00
1.557371940327778592e+00
1.543731109375227506e+00
1.534881120008670496e+00
1.531691115647838108e+00
1.533693746084792586e+00
1.539338017341438603e+00
1.546433124999862407e+00
1.552634923483751317e+00
1.555856189831637426e+00
1.554535656856456560e+00
1.547754009325915892e+00
1.535222273894208955e+00
1.517185134779587496e+00
1.494282420192711625e+00
1.467403183880876094e+00
1.437554776615545205e+00
1.405758213591982830e+00
1.372972885287547129e+00
1.340048521718832930e+00
1.307699764045169966e+00
1.276497927669705712e+00
1.246874824633078305e+00
1.219134302998388542e+00
1.193468104977245980e+00
1.169973547520072321e+00
1.148671299098938059e+00
1.129522138446392265e+00
1.112442042625604754e+00
1.097315284970880267e+00
1.084005453803768004e+00
1.072364454443726078e+00
1.062239650255835999e+00
1.053479349602827631e+00
1.045936867182783336e+00
1.039473389848352802e+00
1.033959865687804180e+00
1.029278116082840366e+00
1.025321347374004599e+00
1.021994214290432801e+00
1.019212563225277979e+00
1.016902960916833853e+00
1.015002093808074157e+00
1.013456105636070914e+00
1.012219925728016889e+00
1.011256627961639509e+00
1.010536850178882284e+00
1.010038295749604131e+00
1.009745332654701677e+00
1.009648700570078050e+00
1.009745332654066186e+00
1.010038295748300730e+00
1.010536850176849466e+00
1.011256627958772691e+00
1.012219925724176406e+00
1.013456105631066695e+00
1.015002093801662841e+00
1.016902960908701026e+00
1.019212563215036615e+00
1.021994214277582858e+00
1.025321347357934565e+00
1.029278116062790627e+00
1.033959865662821498e+00
1.039473389817257010e+00
1.045936867144104943e+00
1.053479349554742539e+00
1.062239650196068030e+00
1.072364454369442388e+00
1.084005453711425426e+00
1.097315284856041462e+00
1.112442042482702842e+00
1.129522138268425735e+00
1.148671298877073976e+00
1.169973547243141176e+00
1.193468104631076443e+00
1.219134302564945260e+00
1.246874824089360345e+00
1.276497926986295717e+00
1.307699763184368758e+00
1.340048520632251439e+00
1.372972883913036846e+00
1.405758211849721828e+00
1.437554774403157154e+00
1.467403181067386875e+00
1.494282416611266484e+00
1.517185130218893230e+00
1.535222268088774156e+00
1.547754001945432112e+00
1.554535647494807549e+00
1.555856177996304934e+00
1.552634908586524087e+00
1.546433106349775599e+00
1.539337994140919541e+00
1.533693717430009151e+00
1.531691080534908211e+00
1.534881077348756229e+00
1.543731058023972036e+00
1.557371879137194437e+00
1.573663873794926449e+00
1.589625910256189600e+00
1.602136334876286705e+00
1.608664756841977184e+00
1.607684141842222747e+00
1.598402986340748289e+00
1.579611660550870100e+00
1.547837380672161700e+00
1.495719885790068426e+00
1.412442091818622458e+00
1.288570370914603025e+00
1.126572921517849046e+00
9.543946540175696214e-01
8.327124526232374535e-01
8.383969197562954889e-01
1.000000000000000000e+00
