1.000000000000000000e+00
8.256583932005966409e-01
8.239055845854016402e-01
9.560633037969064052e-01
1.135055896577534806e+00
1.297380728208530343e+00
1.417491114616469261e+00
1.496427741380772947e+00
1.545822445563690417e+00
1.577047105664133753e+00
1.597049172903540981e+00
1.608584110985897153e+00
1.612132159044379121e+00
1.607796714602589327e+00
1.596496077184520912e+00
1.580340508843038894e+00
1.562347408203600185e+00
1.545764178540482536e+00
1.533304895860730488e+00
1.526564440089535957e+00
1.525764892519914762e+00
1.529855330696916260e+00
1.536876565605332035e+00
1.544447845410218179e+00
1.550236193388680350e+00
1.552312138503635586e+00
1.549351635698700935e+00
1.540691439127748641e+00
1.526273612870572505e+00
1.506524042471291569e+00
1.482205415727728903e+00
1.454274156895843051e+00
1.423758720184874704e+00
1.391666602591511426e+00
1.358920519818469286e+00
1.326320241188129412e+00
1.294524888885420832e+00
1.264050274396592677e+00
1.235276407892403006e+00
1.208461212266891405e+00
1.183757422570713924e+00
1.161230508643205095e+00
1.140876165854797009e+00
1.122636467519452452e+00
1.106414178398834602e+00
1.092085016446875834e+00
1.079507845062776195e+00
1.068532903349193708e+00
1.059008255914306806e+00
1.050784681321154101e+00
1.043719230619364557e+00
1.037677682923402234e+00
1.032536109956065484e+00
1.028181740386789889e+00
1.024513290898404927e+00
1.021440906462701692e+00
1.018885828796584514e+00
1.016779890344175374e+00
1.015064911904671963e+00
1.013692065412458820e+00
1.012621249370763143e+00
1.011820512889346713e+00
1.011265554932613719e+00
1.010939317940683813e+00
1.010831689108113940e+00
1.010939317943423399e+00
1.011265554938234557e+00
1.011820512898142566e+00
1.012621249383179212e+00
1.013692065429137035e+00
1.015064911926463642e+00
1.016779890372192074e+00
1.018885828832245988e+00
1.021440906507818047e+00
1.024513290955243461e+00
1.028181740458208093e+00
1.032536110045647604e+00
1.037677683035623133e+00
1.043719230759823313e+00
1.050784681496848672e+00
1.059008256133988191e+00
1.068532903623803820e+00
1.079507845406016298e+00
1.092085016875907533e+00
1.106414178935184900e+00
1.122636468190165937e+00
1.140876166693904903e+00
1.161230509693611523e+00
1.183757423886625526e+00
1.208461213916943722e+00
1.235276409963698585e+00
1.264050276999950206e+00
1.294524892162149943e+00
1.326320245318810764e+00
1.358920525034309712e+00
1.391666609188978665e+00
1.423758728544441299e+00
1.454274167505848148e+00
1.482205429214382253e+00
1.506524059635916624e+00
1.526273634734941487e+00
1.540691466987873737e+00
1.549351671186633084e+00
1.552312183655355504e+00
1.550236250714202235e+00
1.544447917959534511e+00
1.536876657020971759e+00
1.529855445241155465e+00
1.525765035062248254e+00
1.526564616038088573e+00
1.533305111019336087e+00
1.545764438870700808e+00
1.562347719467876095e+00
1.580340876104175951e+00
1.596496504143591011e+00
1.607797202781380053e+00
1.612132706866079790e+00
1.608584712875976708e+00
1.597049818601554705e+00
1.577047779972559072e+00
1.545823128728836648e+00
1.496428410190694835e+00
1.417491744130466857e+00
1.297381293845086381e+00
1.135056376145615387e+00
9.560636790387420092e-01
8.239058419675659994e-01
8.256585239993710079e-01
1.000000000000000000e+00
