1.000000000000000000e+00
1.018479245568298497e+00
1.049873158347486957e+00
1.098813727763356951e+00
1.164297745203581869e+00
1.241831150322587174e+00
1.325207045389108496e+00
1.407949294139771323e+00
1.484361432838969153e+00
1.550130844450471779e+00
1.602519522466343105e+00
1.640252631167385511e+00
1.663245617062600212e+00
1.672287720844606751e+00
1.668752128442350768e+00
1.654359456614084900e+00
1.630995286530657618e+00
1.600572949760647790e+00
1.564932494991668088e+00
1.525769251189920128e+00
1.484587380857346650e+00
1.442674591276478457e+00
1.401094201389391003e+00
1.360690647436377576e+00
1.322104596153018452e+00
1.285794195820307406e+00
1.252059556919290717e+00
1.221068197526752330e+00
1.192879814628562851e+00
1.167469290285447991e+00
1.144747285301455975e+00
1.124578111049712392e+00
1.106794813834031332e+00
1.091211572173224509e+00
1.077633612659903539e+00
1.065864909673710059e+00
1.055713960696457177e+00
1.046997932153392874e+00
1.039545458200686001e+00
1.033198352462282976e+00
1.027812464699517037e+00
1.023257883937299217e+00
1.019418658933402666e+00
1.016192177614831493e+00
1.013488320214990024e+00
1.011228476894294737e+00
1.009344499859398114e+00
1.007777642419039221e+00
1.006477522872915475e+00
1.005401139365142305e+00
1.004511952529723695e+00
1.003779045574415107e+00
1.003176366057133562e+00
1.002682049690649668e+00
1.002277823783159327e+00
1.001948486135070704e+00
1.001681454154540241e+00
1.001466378449182626e+00
1.001294815056137599e+00
1.001159950672931398e+00
1.001056375659246545e+00
1.000979900127328515e+00
1.000927409077541963e+00
1.000896753229606695e+00
1.000886672926375454e+00
1.000896753229606695e+00
1.000927409077541963e+00
1.000979900127328515e+00
1.001056375659246545e+00
1.001159950672931398e+00
1.001294815056137599e+00
1.001466378449182626e+00
1.001681454154540241e+00
1.001948486135070704e+00
1.002277823783159327e+00
1.002682049690649668e+00
1.003176366057133562e+00
1.003779045574415107e+00
1.004511952529723695e+00
1.005401139365142305e+00
1.006477522872915475e+00
1.007777642419039221e+00
1.009344499859398336e+00
1.011228476894294737e+00
1.013488320214990024e+00
1.016192177614831493e+00
1.019418658933402666e+00
1.023257883937298995e+00
1.027812464699517037e+00
1.033198352462283198e+00
1.039545458200686001e+00
1.046997932153392874e+00
1.055713960696456954e+00
1.065864909673709837e+00
1.077633612659903317e+00
1.091211572173224287e+00
1.106794813834030444e+00
1.124578111049711726e+00
1.144747285301455531e+00
1.167469290285447991e+00
1.192879814628563073e+00
1.221068197526751220e+00
1.252059556919290717e+00
1.285794195820306962e+00
1.322104596153018674e+00
1.360690647436377132e+00
1.401094201389390781e+00
1.442674591276479790e+00
1.484587380857346428e+00
1.525769251189918352e+00
1.564932494991669198e+00
1.600572949760647568e+00
1.630995286530657173e+00
1.654359456614083790e+00
1.668752128442349214e+00
1.672287720844607195e+00
1.663245617062601100e+00
1.640252631167385067e+00
1.602519522466342217e+00
1.550130844450470891e+00
1.484361432838969375e+00
1.407949294139770435e+00
1.325207045389107385e+00
1.241831150322588062e+00
1.164297745203582535e+00
1.098813727763356285e+00
1.049873158347486068e+00
1.018479245568296720e+00
1.000000000000000000e+00
