1.000000000000000000e+00
1.006559078193388190e+00
1.013023450026781624e+00
1.019264211266178721e+00
1.025121013730809993e+00
1.030416365383428845e+00
1.034976584844029102e+00
1.038654026168551070e+00
1.041345726172542507e+00
1.043005079156819948e+00
1.043645098848601904e+00
1.043333741747462406e+00
1.042183188889580059e+00
1.040335689891670468e+00
1.037948583588032214e+00
1.035180614887157180e+00
1.032180924020249524e+00
1.029081322619664673e+00
1.025991845356717391e+00
1.022999144955727191e+00
1.020167083012119003e+00
1.017538819459822497e+00
1.015139765077491374e+00
1.012980882037300079e+00
1.011061956733345868e+00
1.009374600498406993e+00
1.007904843254056049e+00
1.006635267760813690e+00
1.005546688884468409e+00
1.004619417151922489e+00
1.003834163889500752e+00
1.003172651351515787e+00
1.002617989660528064e+00
1.002154876356951885e+00
1.001769666239263890e+00
1.001450350528665156e+00
1.001186476164851680e+00
1.000969028741498290e+00
1.000790296430559945e+00
1.000643727244284742e+00
1.000523788055958097e+00
1.000425830805466987e+00
1.000345969097289123e+00
1.000280966804319549e+00
1.000228139184112353e+00
1.000185266277829221e+00
1.000150517900717961e+00
1.000122389269870737e+00
1.000099646191336067e+00
1.000081278699471499e+00
1.000066462073580409e+00
1.000054524226341668e+00
1.000044918548332218e+00
1.000037201391406061e+00
1.000031013473112074e+00
1.000026064579845109e+00
1.000022121035270439e+00
1.000018995481202211e+00
1.000016538590300375e+00
1.000014632393640523e+00
1.000013184962169177e+00
1.000012126229931519e+00
1.000011404789766356e+00
1.000010985529826923e+00
1.000010848012778730e+00
1.000010985529826923e+00
1.000011404789766356e+00
1.000012126229931519e+00
1.000013184962169177e+00
1.000014632393640523e+00
1.000016538590300375e+00
1.000018995481202211e+00
1.000022121035270439e+00
1.000026064579845109e+00
1.000031013473112074e+00
1.000037201391406061e+00
1.000044918548332218e+00
1.000054524226341668e+00
1.000066462073580409e+00
1.000081278699471499e+00
1.000099646191336067e+00
1.000122389269870737e+00
1.000150517900717961e+00
1.000185266277829221e+00
1.000228139184112353e+00
1.000280966804319549e+00
1.000345969097289123e+00
1.000425830805466987e+00
1.000523788055958097e+00
1.000643727244284742e+00
1.000790296430559945e+00
1.000969028741498290e+00
1.001186476164851680e+00
1.001450350528665156e+00
1.001769666239263668e+00
1.002154876356951885e+00
1.002617989660528064e+00
1.003172651351515787e+00
1.003834163889500752e+00
1.004619417151922267e+00
1.005546688884468409e+00
1.006635267760813468e+00
1.007904843254056049e+00
1.009374600498406771e+00
1.011061956733345646e+00
1.012980882037299635e+00
1.015139765077490930e+00
1.017538819459822275e+00
1.020167083012118558e+00
1.022999144955726525e+00
1.025991845356716947e+00
1.029081322619664007e+00
1.032180924020248858e+00
1.035180614887156070e+00
1.037948583588030882e+00
1.040335689891669357e+00
1.042183188889578727e+00
1.043333741747461296e+00
1.043645098848601238e+00
1.043005079156818615e+00
1.041345726172540953e+00
1.038654026168548850e+00
1.034976584844027769e+00
1.030416365383427957e+00
1.025121013730809105e+00
1.019264211266178055e+00
1.013023450026781402e+00
1.006559078193387746e+00
1.000000000000000000e+00
