1.000000000000000000e+00
1.024808705423182476e+00
1.049272482971754350e+00
1.072898999573868473e+00
1.095061236663494419e+00
1.115058231314195458e+00
1.132203752372351380e+00
1.145919824539006537e+00
1.155813903378480445e+00
1.161724980694529341e+00
1.163732944623365295e+00
1.162134335515725425e+00
1.157393903874933461e+00
1.150084030987733152e+00
1.140823399025274298e+00
1.130223445480563083e+00
1.118847475857600360e+00
1.107183931000791821e+00
1.095632818344528525e+00
1.084502874833871644e+00
1.074016491887872071e+00
1.064319529494382577e+00
1.055493600698695689e+00
1.047568999714068472e+00
1.040537031896043185e+00
1.034361003914481936e+00
1.028985518242899078e+00
1.024343988208118228e+00
1.020364464320330455e+00
1.016973960967510804e+00
1.014101516115294865e+00
1.011680223689085167e+00
1.009648463150036202e+00
1.007950523853358815e+00
1.006536790223646172e+00
1.005363622124073819e+00
1.004393035647362487e+00
1.003592264202352036e+00
1.002933258629655322e+00
1.002392168044774046e+00
1.001948829781460049e+00
1.001586286667360381e+00
1.001290342355143581e+00
1.001049160032230212e+00
1.000852906077064119e+00
1.000693437726653645e+00
1.000564032247255319e+00
1.000459154201440937e+00
1.000374256981544807e+00
1.000305614680291111e+00
1.000250180481874640e+00
1.000205467998837694e+00
1.000169452293815153e+00
1.000140487670088341e+00
1.000117239664319202e+00
1.000098629011550555e+00
1.000083785666720404e+00
1.000072011253208659e+00
1.000062748565715864e+00
1.000055556982342164e+00
1.000050092841074711e+00
1.000046094011580955e+00
1.000043368047457859e+00
1.000041783440233534e+00
1.000041263617819087e+00
1.000041783440233534e+00
1.000043368047457859e+00
1.000046094011580955e+00
1.000050092841074711e+00
1.000055556982342164e+00
1.000062748565715864e+00
1.000072011253208659e+00
1.000083785666720404e+00
1.000098629011550555e+00
1.000117239664319202e+00
1.000140487670088341e+00
1.000169452293815153e+00
1.000205467998837694e+00
1.000250180481874640e+00
1.000305614680291111e+00
1.000374256981544807e+00
1.000459154201440937e+00
1.000564032247255319e+00
1.000693437726653645e+00
1.000852906077064119e+00
1.001049160032230212e+00
1.001290342355143581e+00
1.001586286667360381e+00
1.001948829781460049e+00
1.002392168044774046e+00
1.002933258629655322e+00
1.003592264202352036e+00
1.004393035647362487e+00
1.005363622124073819e+00
1.006536790223645950e+00
1.007950523853358815e+00
1.009648463150036202e+00
1.011680223689085167e+00
1.014101516115294865e+00
1.016973960967510582e+00
1.020364464320330455e+00
1.024343988208118006e+00
1.028985518242899300e+00
1.034361003914481492e+00
1.040537031896043185e+00
1.047568999714068028e+00
1.055493600698695245e+00
1.064319529494382799e+00
1.074016491887871627e+00
1.084502874833871200e+00
1.095632818344528081e+00
1.107183931000791599e+00
1.118847475857599694e+00
1.130223445480562194e+00
1.140823399025273188e+00
1.150084030987733152e+00
1.157393903874932350e+00
1.162134335515724537e+00
1.163732944623364851e+00
1.161724980694528231e+00
1.155813903378479335e+00
1.145919824539004983e+00
1.132203752372350714e+00
1.115058231314195236e+00
1.095061236663493531e+00
1.072898999573867806e+00
1.049272482971754572e+00
1.024808705423182031e+00
1.000000000000000000e+00
