1.000000000000000000e+00
7.428072580082567544e-01
7.843837514134780475e-01
9.766286890463480308e-01
1.170868838817001656e+00
1.314246733596255101e+00
1.412268725988874873e+00
1.482340335685865096e+00
1.534346823788759195e+00
1.570993147264526435e+00
1.593295207734780172e+00
1.603662262951689677e+00
1.605804478839110150e+00
1.603254624531127659e+00
1.598129998694815423e+00
1.590858602654008358e+00
1.580821596841305299e+00
1.567416373273326613e+00
1.550945871964198863e+00
1.532936195994700546e+00
1.515820743947818405e+00
1.502216360208345147e+00
1.494138088399456610e+00
1.492448335444024998e+00
1.496685278576535660e+00
1.505253464231526062e+00
1.515850055936103224e+00
1.525964917628477524e+00
1.533318747406903659e+00
1.536160757045744285e+00
1.533406424197175877e+00
1.524638254519672165e+00
1.510012928979104885e+00
1.490120437990205771e+00
1.465832216083955197e+00
1.438162817711882813e+00
1.408157919144971792e+00
1.376812544171895247e+00
1.345017792731051376e+00
1.313531479907799948e+00
1.282967145850236523e+00
1.253796102629394671e+00
1.226357957754010020e+00
1.200876015574801725e+00
1.177474891985008432e+00
1.156198483400473487e+00
1.137027076033129136e+00
1.119892870985353950e+00
1.104693556112203101e+00
1.091303803007114936e+00
1.079584731735217185e+00
1.069391488326347339e+00
1.060579137652469139e+00
1.053007100413272612e+00
1.046542367579141652e+00
1.041061716261391989e+00
1.036453133067242627e+00
1.032616628490612198e+00
1.029464601556856485e+00
1.026921889654587972e+00
1.024925615445998917e+00
1.023424921630210926e+00
1.022380665439639458e+00
1.021765128091214558e+00
1.021561779803275671e+00
1.021765128091003172e+00
1.022380665439205361e+00
1.023424921629540574e+00
1.024925615445070770e+00
1.026921889653368947e+00
1.029464601555305059e+00
1.032616628488681965e+00
1.036453133064872301e+00
1.041061716258519843e+00
1.046542367575685084e+00
1.053007100409150132e+00
1.060579137647594150e+00
1.069391488320614814e+00
1.079584731728519209e+00
1.091303802999329164e+00
1.104693556103202967e+00
1.119892870974989796e+00
1.137027076021235317e+00
1.156198483386834841e+00
1.177474891969354287e+00
1.200876015556749943e+00
1.226357957733016146e+00
1.253796102604666007e+00
1.282967145820580246e+00
1.313531479871442142e+00
1.345017792685338609e+00
1.376812544112931747e+00
1.408157919067092978e+00
1.438162817606966293e+00
1.465832215940545247e+00
1.490120437792443076e+00
1.510012928705458224e+00
1.524638254141538640e+00
1.533406423677454944e+00
1.536160756337537681e+00
1.533318746452590586e+00
1.525964916359261681e+00
1.515850054272158465e+00
1.505253462082409621e+00
1.496685275841272977e+00
1.492448332009735257e+00
1.494138084137425437e+00
1.502216354967006895e+00
1.515820737543688956e+00
1.532936188204625072e+00
1.550945862524332641e+00
1.567416361890489274e+00
1.580821583219341520e+00
1.590858586531934016e+00
1.598129979887986662e+00
1.603254602966116327e+00
1.605804454579668139e+00
1.603662236222494597e+00
1.593295178951357638e+00
1.570993117065140554e+00
1.534346793046092117e+00
1.482340305472731545e+00
1.412268697493821223e+00
1.314246708010672338e+00
1.170868817216589752e+00
9.766286722796945208e-01
7.843837400297424267e-01
7.428072522741311356e-01
1.000000000000000000e+00
