1.000000000000000000e+00
7.581292771684414733e-01
7.879912386301259897e-01
9.698498549858911577e-01
1.165148948530732920e+00
1.314402878799874275e+00
1.415749983229539932e+00
1.485040679356874671e+00
1.534428210894553501e+00
1.569122720608217447e+00
1.591234980372052465e+00
1.602947363791665358e+00
1.607043182338067533e+00
1.605972613960103823e+00
1.601031341385886320e+00
1.592394598042832010e+00
1.579868387165953791e+00
1.563785693448910941e+00
1.545515617391275409e+00
1.527366306967441689e+00
1.511999926949209039e+00
1.501671271999541535e+00
1.497609239974315054e+00
1.499737351217321990e+00
1.506766197032787247e+00
1.516561874069045857e+00
1.526635669990129784e+00
1.534608718324919963e+00
1.538555030827470471e+00
1.537186454311295414e+00
1.529891348358155323e+00
1.516665848147186857e+00
1.497983808674883788e+00
1.474645598439091598e+00
1.447634132540558838e+00
1.417994289847992695e+00
1.386742009697717881e+00
1.354802773055062026e+00
1.322975535980378092e+00
1.291916727409895271e+00
1.262138841112834697e+00
1.234018796231033610e+00
1.207812171571472692e+00
1.183670374867954456e+00
1.161658658199318905e+00
1.141773585188026630e+00
1.123959090706225350e+00
1.108120667480170241e+00
1.094137491654260552e+00
1.081872486644357867e+00
1.071180443945427552e+00
1.061914389320443242e+00
1.053930417360046112e+00
1.047091227717636297e+00
1.041268590583722453e+00
1.036344953198970131e+00
1.032214377790544368e+00
1.028782977355106487e+00
1.025968991341694947e+00
1.023702619909922840e+00
1.021925713899548116e+00
1.020591398374907088e+00
1.019663690723753957e+00
1.019117159693402996e+00
1.018936659180927240e+00
1.019117159693226693e+00
1.019663690723393357e+00
1.020591398374349978e+00
1.021925713898776511e+00
1.023702619908910316e+00
1.025968991340406422e+00
1.028782977353505323e+00
1.032214377788579496e+00
1.036344953196592478e+00
1.041268590580864295e+00
1.047091227714232131e+00
1.053930417356026439e+00
1.061914389315723017e+00
1.071180443939920179e+00
1.081872486637961206e+00
1.094137491646869575e+00
1.108120667471655052e+00
1.123959090696432295e+00
1.141773585176745653e+00
1.161658658186275339e+00
1.183670374852741514e+00
1.207812171553489744e+00
1.234018796209388480e+00
1.262138841086178020e+00
1.291916727376205554e+00
1.322975535936626867e+00
1.354802772996808846e+00
1.386742009618494365e+00
1.417994289738526259e+00
1.447634132387754846e+00
1.474645598224781917e+00
1.497983808374307557e+00
1.516665847727283190e+00
1.529891347775757637e+00
1.537186453511407258e+00
1.538555029741922375e+00
1.534608716871577627e+00
1.526635668072915619e+00
1.516561871578575804e+00
1.506766193847070667e+00
1.499737347201355098e+00
1.497609234977100190e+00
1.501671265847411174e+00
1.511999919435826012e+00
1.527366297843488097e+00
1.545515606359754379e+00
1.563785680173435111e+00
1.579868371297358687e+00
1.592394579263314514e+00
1.601031319462138836e+00
1.605972588792970557e+00
1.607043154000461938e+00
1.602947332556929450e+00
1.591234946741110212e+00
1.569122685335753831e+00
1.534428174996656624e+00
1.485040644075134919e+00
1.415749949943292174e+00
1.314402848901708110e+00
1.165148923284992533e+00
9.698498353900322222e-01
7.879912253267401523e-01
7.581292704677875527e-01
1.000000000000000000e+00
