1.000000000000000000e+00
7.543881192536084912e-01
7.869486970880346099e-01
9.714118899348387348e-01
1.166619531177566005e+00
1.314490193334343138e+00
1.414957645536321751e+00
1.484362952923220291e+00
1.534366627045375298e+00
1.569545571535707174e+00
1.591702728580030923e+00
1.603070441134757829e+00
1.606686159382267221e+00
1.605290165293942195e+00
1.600374661397231391e+00
1.592143045720868733e+00
1.580256729288568529e+00
1.564796682907308778e+00
1.546877098792498240e+00
1.528644890031934933e+00
1.512745501722472241e+00
1.501554831467058593e+00
1.496509918358641889e+00
1.497761154113329551e+00
1.504204687396896167e+00
1.513814954285738867e+00
1.524126156291233380e+00
1.532710507827778956e+00
1.537546488154688529e+00
1.537230897037510369e+00
1.531039893646029659e+00
1.518874979674630366e+00
1.501140031325083779e+00
1.478591187745655011e+00
1.452190131213521695e+00
1.422978843249455227e+00
1.391983557042606456e+00
1.360148486852983396e+00
1.328295831264412863e+00
1.297106785844175381e+00
1.267118040295200254e+00
1.238728795156966100e+00
1.212214239082900047e+00
1.187742392020581406e+00
1.165392092814302893e+00
1.145170631587595134e+00
1.127030088315769119e+00
1.110881854760136234e+00
1.096609112263657426e+00
1.084077238691076639e+00
1.073142247146439132e+00
1.063657436080905905e+00
1.055478470026475657e+00
1.048467123937976364e+00
1.042493920607362901e+00
1.037439876187408849e+00
1.033197548146688183e+00
1.029671556266125387e+00
1.026778722858197934e+00
1.024447954750586698e+00
1.022619967650584938e+00
1.021246933779628829e+00
1.020292116299188256e+00
1.019729538963562110e+00
1.019543726389081417e+00
1.019729538963374038e+00
1.020292116298804119e+00
1.021246933779035082e+00
1.022619967649763151e+00
1.024447954749507117e+00
1.026778722856824366e+00
1.029671556264416310e+00
1.033197548144589417e+00
1.037439876184867105e+00
1.042493920604304458e+00
1.048467123934329726e+00
1.055478470022163551e+00
1.063657436075834850e+00
1.073142247140513206e+00
1.084077238684183930e+00
1.096609112255678697e+00
1.110881854750929598e+00
1.127030088305167377e+00
1.145170631575372244e+00
1.165392092800169754e+00
1.187742392004115244e+00
1.212214239063487131e+00
1.238728795133703597e+00
1.267118040266734358e+00
1.297106785808486595e+00
1.328295831218491596e+00
1.360148486792426059e+00
1.391983556961017054e+00
1.422978843137682192e+00
1.452190131058660238e+00
1.478591187529829654e+00
1.501140031023974197e+00
1.518874979255821600e+00
1.531039893067278390e+00
1.537230896245104006e+00
1.537546487082186664e+00
1.532710506395291716e+00
1.524126154405453848e+00
1.513814951840518619e+00
1.504204684273766635e+00
1.497761150180813683e+00
1.496509913468963893e+00
1.501554825449270547e+00
1.512745494372558674e+00
1.528644881103047970e+00
1.546877087991200161e+00
1.564796669902850157e+00
1.580256713739893959e+00
1.592143027319890214e+00
1.600374639919624808e+00
1.605290140645622810e+00
1.606686131634670556e+00
1.603070410552454694e+00
1.591702695649276578e+00
1.569545536993001811e+00
1.534366591886709985e+00
1.484362918368043127e+00
1.414957612938664511e+00
1.314490164058445654e+00
1.166619506459508404e+00
9.714118707490153604e-01
7.869486840626819246e-01
7.543881126927572955e-01
1.000000000000000000e+00
