1.000000000000000000e+00
8.287289592128304072e-01
8.255784439995688118e-01
9.546917342370131454e-01
1.131714728967504024e+00
1.293820498371376582e+00
1.414773946706721297e+00
1.494702378992874836e+00
1.544714559128031350e+00
1.576084726831119109e+00
1.595875574598840663e+00
1.606995736299617006e+00
1.610062681980673815e+00
1.605314095897131921e+00
1.593806277006880823e+00
1.577764519320543180e+00
1.560255900117439198e+00
1.544484788985964530e+00
1.533034949837728256e+00
1.527319201536015303e+00
1.527375003452966951e+00
1.532008196518511500e+00
1.539183685508253907e+00
1.546516630973873374e+00
1.551729078999357858e+00
1.552983815353047303e+00
1.549063162357020351e+00
1.539405442332929530e+00
1.524037197317365422e+00
1.503445986890644459e+00
1.478432802412218638e+00
1.449971717768112400e+00
1.419092497627738592e+00
1.386792286896148196e+00
1.353976068499742391e+00
1.321422019458890595e+00
1.289766471544726345e+00
1.259503105562507663e+00
1.230991643999117757e+00
1.204472223078285387e+00
1.180082565761432001e+00
1.157875912828206788e+00
1.137838351366164513e+00
1.119904705218827790e+00
1.103972537929864162e+00
1.089914090607116304e+00
1.077586160145341365e+00
1.066838039516242009e+00
1.057517709423716701e+00
1.049476503666217475e+00
1.042572479815708775e+00
1.036672720368878808e+00
1.031654773289270022e+00
1.027407419147859269e+00
1.023830927952788405e+00
1.020836944357902842e+00
1.018348116660171554e+00
1.016297563703649098e+00
1.014628254968664489e+00
1.013292362913870370e+00
1.012250633026658964e+00
1.011471805855393091e+00
1.010932116289255944e+00
1.010614888209678819e+00
1.010510237028685365e+00
1.010614888209228068e+00
1.010932116288331795e+00
1.011471805853954686e+00
1.012250633024629032e+00
1.013292362911154099e+00
1.014628254965129317e+00
1.016297563699125606e+00
1.018348116654440583e+00
1.020836944350697717e+00
1.023830927943761848e+00
1.027407419136588729e+00
1.031654773275234582e+00
1.036672720351420551e+00
1.042572479794015461e+00
1.049476503639277025e+00
1.057517709390270344e+00
1.066838039474714561e+00
1.077586160093766399e+00
1.089914090543021352e+00
1.103972537850133495e+00
1.119904705119524113e+00
1.137838351242293156e+00
1.157875912673404617e+00
1.180082565567566855e+00
1.204472222834917838e+00
1.230991643692798343e+00
1.259503105175866722e+00
1.289766471055264097e+00
1.321422018837409951e+00
1.353976067708314357e+00
1.386792285885516174e+00
1.419092496334010134e+00
1.449971716108656272e+00
1.478432800280637949e+00
1.503445984150822978e+00
1.524037193796644818e+00
1.539405437814589162e+00
1.549063156572479727e+00
1.552983807974301911e+00
1.551729069632274305e+00
1.546516619152905170e+00
1.539183670692851225e+00
1.532008178091225803e+00
1.527374980719136355e+00
1.527319173725662615e+00
1.533034916112139046e+00
1.544484748454528766e+00
1.560255851873514121e+00
1.577764462506671572e+00
1.593806210917415811e+00
1.605314020119237295e+00
1.610062596563421877e+00
1.606995641928543828e+00
1.595875472743119028e+00
1.576084619825298905e+00
1.544714450151665863e+00
1.494702271919565728e+00
1.414773845810997299e+00
1.293820407911947967e+00
1.131714652717106251e+00
9.546916750917320282e-01
8.255784038187696794e-01
8.287289389480713142e-01
1.000000000000000000e+00
