1.000000000000000000e+00
9.153893443935645635e-01
9.082354333069377894e-01
9.824922361895132017e-01
1.109102326478553335e+00
1.252102020403489391e+00
1.382677793691398316e+00
1.484275400164248859e+00
1.551931715030844261e+00
1.588812498176017218e+00
1.602281802938450017e+00
1.600803381736052078e+00
1.592020465516048811e+00
1.581811375416667165e+00
1.573981574356915214e+00
1.570333853039609373e+00
1.570970218092612836e+00
1.574738178642840047e+00
1.579744044564399319e+00
1.583851970817740540e+00
1.585096379147875378e+00
1.581962127803394402e+00
1.573521500880652235e+00
1.559446890717917977e+00
1.539935222185624841e+00
1.515583943650603782e+00
1.487252624476636198e+00
1.455933985299425304e+00
1.422647684617840858e+00
1.388361732534618254e+00
1.353940749219265882e+00
1.320117192860488453e+00
1.287480491623880008e+00
1.256479023482634849e+00
1.227430527271972327e+00
1.200537408265001993e+00
1.175904291254200595e+00
1.153555958387154412e+00
1.133454445846816538e+00
1.115514561518982095e+00
1.099617442762824471e+00
1.085622023387213142e+00
1.073374445823874757e+00
1.062715559104394414e+00
1.053486702545082254e+00
1.045534002271956808e+00
1.038711412972034953e+00
1.032882728089638880e+00
1.027922763667790784e+00
1.023717898206316201e+00
1.020166126141313301e+00
1.017176757823313960e+00
1.014669875484151662e+00
1.012575633424677823e+00
1.010833471941191331e+00
1.009391298479342725e+00
1.008204676115957765e+00
1.007236048553920904e+00
1.006454022133967952e+00
1.005832718644612100e+00
1.005351207663830904e+00
1.004993023517499751e+00
1.004745769433336156e+00
1.004600809871925238e+00
1.004553051121732210e+00
1.004600809868239519e+00
1.004745769425779311e+00
1.004993023505688976e+00
1.005351207647168454e+00
1.005832718622259758e+00
1.006454022104805057e+00
1.007236048516490845e+00
1.008204676068400030e+00
1.009391298419307192e+00
1.010833471865723698e+00
1.012575633330085489e+00
1.014669875365829199e+00
1.017176757675530396e+00
1.020166125956941006e+00
1.023717897976503588e+00
1.027922763381548421e+00
1.032882727733326345e+00
1.038711412528724010e+00
1.045534001720634709e+00
1.053486701859659647e+00
1.062715558252464776e+00
1.073374444765154534e+00
1.085622022071588200e+00
1.099617441127884288e+00
1.115514559486904034e+00
1.133454443320429217e+00
1.153555955244929043e+00
1.175904287343893184e+00
1.200537403395549596e+00
1.227430521203178859e+00
1.256479015912029817e+00
1.287480482170010987e+00
1.320117181041780219e+00
1.353940734427352854e+00
1.388361714001087766e+00
1.422647661373166228e+00
1.455933956123124373e+00
1.487252587838173934e+00
1.515583897641474165e+00
1.539935164444804272e+00
1.559446818355437969e+00
1.573521410407761500e+00
1.581962015082456263e+00
1.585096239380475724e+00
1.583851798594530180e+00
1.579743834003586311e+00
1.574737923644387694e+00
1.570969912730621809e+00
1.570333492105115747e+00
1.573981154047221276e+00
1.581810894144888735e+00
1.592019924784537910e+00
1.600802786977928438e+00
1.602281164183363860e+00
1.588811830350149945e+00
1.551931037683945913e+00
1.484274736469614719e+00
1.382677168722373118e+00
1.252101458934777645e+00
1.109101850789990795e+00
9.824918644078587393e-01
9.082351786194740040e-01
9.153892150941479455e-01
1.000000000000000000e+00
