1.000000000000000000e+00
1.005770441417352057e+00
1.011457474065906359e+00
1.016947763324210552e+00
1.022100452789922898e+00
1.026759683198217088e+00
1.030772938414120654e+00
1.034010507878743601e+00
1.036381827917856269e+00
1.037845733189961095e+00
1.038413354249665410e+00
1.038144066572910695e+00
1.037136139273436397e+00
1.035514352903499580e+00
1.033416870928800968e+00
1.030983223320392828e+00
1.028344615041209220e+00
1.025617107458428601e+00
1.022897672069560615e+00
1.020262744636911689e+00
1.017768715816324443e+00
1.015453747906339910e+00
1.013340359119880851e+00
1.011438321328483880e+00
1.009747538955307000e+00
1.008260692114261614e+00
1.006965523591570433e+00
1.005846722345248079e+00
1.004887406542973149e+00
1.004070240189780083e+00
1.003378233527580932e+00
1.002795282956185252e+00
1.002306504941785859e+00
1.001898413134284516e+00
1.001558980790772102e+00
1.001277622988140825e+00
1.001045125851233175e+00
1.000853543579390825e+00
1.000696078612498985e+00
1.000566955858235296e+00
1.000461298429745183e+00
1.000375009694820960e+00
1.000304664475914374e+00
1.000247410830531702e+00
1.000200882862759544e+00
1.000163124365533784e+00
1.000132522685158287e+00
1.000107751966876846e+00
1.000087724830863944e+00
1.000071551502075939e+00
1.000058505445701629e+00
1.000047994621228176e+00
1.000039537547365187e+00
1.000032743456963580e+00
1.000027295908792802e+00
1.000022939307330549e+00
1.000019467860104649e+00
1.000016716573274511e+00
1.000014553949820195e+00
1.000012876110886184e+00
1.000011602110179698e+00
1.000010670254427136e+00
1.000010035280640697e+00
1.000009666274151776e+00
1.000009545240895914e+00
1.000009666274151776e+00
1.000010035280640697e+00
1.000010670254427136e+00
1.000011602110179698e+00
1.000012876110886184e+00
1.000014553949820195e+00
1.000016716573274511e+00
1.000019467860104649e+00
1.000022939307330549e+00
1.000027295908792802e+00
1.000032743456963580e+00
1.000039537547365187e+00
1.000047994621228176e+00
1.000058505445701629e+00
1.000071551502075939e+00
1.000087724830863944e+00
1.000107751966876846e+00
1.000132522685158287e+00
1.000163124365533784e+00
1.000200882862759544e+00
1.000247410830531702e+00
1.000304664475914374e+00
1.000375009694820960e+00
1.000461298429745183e+00
1.000566955858235296e+00
1.000696078612498985e+00
1.000853543579390825e+00
1.001045125851233175e+00
1.001277622988140825e+00
1.001558980790771880e+00
1.001898413134284516e+00
1.002306504941785859e+00
1.002795282956185252e+00
1.003378233527580932e+00
1.004070240189779861e+00
1.004887406542973149e+00
1.005846722345247857e+00
1.006965523591570433e+00
1.008260692114261392e+00
1.009747538955306778e+00
1.011438321328483436e+00
1.013340359119880407e+00
1.015453747906339688e+00
1.017768715816323999e+00
1.020262744636911023e+00
1.022897672069560171e+00
1.025617107458427713e+00
1.028344615041208332e+00
1.030983223320391717e+00
1.033416870928799636e+00
1.035514352903498470e+00
1.037136139273435065e+00
1.038144066572909585e+00
1.038413354249664744e+00
1.037845733189959763e+00
1.036381827917854714e+00
1.034010507878741381e+00
1.030772938414119544e+00
1.026759683198216200e+00
1.022100452789922009e+00
1.016947763324209886e+00
1.011457474065906137e+00
1.005770441417351613e+00
1.000000000000000000e+00
