1.000000000000000000e+00
9.955413526733674079e-01
1.014679800914074281e+00
1.063366199878788443e+00
1.136893910768726368e+00
1.225372803460743398e+00
1.317852162990409415e+00
1.405105278148450321e+00
1.481034161507746250e+00
1.542823178549257435e+00
1.590220735597752011e+00
1.624462649197815578e+00
1.647288041772037914e+00
1.660299617225555746e+00
1.664706283422329403e+00
1.661346538357899361e+00
1.650847529248679502e+00
1.633799755666500708e+00
1.610879586587368184e+00
1.582900001453820815e+00
1.550800484436799964e+00
1.515599321671340816e+00
1.478331403442517678e+00
1.439988537136159374e+00
1.401471959451594529e+00
1.363560675981609016e+00
1.326895235117165894e+00
1.291974403788264558e+00
1.259161441354082589e+00
1.228696729912797103e+00
1.200713996974450692e+00
1.175257985833036534e+00
1.152302035368366617e+00
1.131764552055217976e+00
1.113523769928584706e+00
1.097430502520587936e+00
1.083318809063488430e+00
1.071014643384737619e+00
1.060342644856214100e+00
1.051131280979621829e+00
1.043216572365830208e+00
1.036444632084358108e+00
1.030673239527896579e+00
1.025772649206986520e+00
1.021625811025627106e+00
1.018128153269999503e+00
1.015187054611919271e+00
1.012721108082560439e+00
1.010659258920944437e+00
1.008939879795396344e+00
1.007509831225698260e+00
1.006323542014215144e+00
1.005342133928190274e+00
1.004532606500915248e+00
1.003867091348049856e+00
1.003322180535378472e+00
1.002878330009950414e+00
1.002519336666341188e+00
1.002231886043445597e+00
1.002005166746018361e+00
1.001830547302213326e+00
1.001701311175501541e+00
1.001612445944668695e+00
1.001560483168388194e+00
1.001543386100267830e+00
1.001560483168388194e+00
1.001612445944668695e+00
1.001701311175501541e+00
1.001830547302213326e+00
1.002005166746018361e+00
1.002231886043445597e+00
1.002519336666341188e+00
1.002878330009950414e+00
1.003322180535378472e+00
1.003867091348049856e+00
1.004532606500915248e+00
1.005342133928190274e+00
1.006323542014215144e+00
1.007509831225698260e+00
1.008939879795396344e+00
1.010659258920944437e+00
1.012721108082560439e+00
1.015187054611919493e+00
1.018128153269999059e+00
1.021625811025627106e+00
1.025772649206986520e+00
1.030673239527896579e+00
1.036444632084358108e+00
1.043216572365830430e+00
1.051131280979622051e+00
1.060342644856214100e+00
1.071014643384737397e+00
1.083318809063488652e+00
1.097430502520587492e+00
1.113523769928584484e+00
1.131764552055217976e+00
1.152302035368364841e+00
1.175257985833036534e+00
1.200713996974450692e+00
1.228696729912797103e+00
1.259161441354083699e+00
1.291974403788263226e+00
1.326895235117166783e+00
1.363560675981608350e+00
1.401471959451595195e+00
1.439988537136158708e+00
1.478331403442517233e+00
1.515599321671341704e+00
1.550800484436801074e+00
1.582900001453819927e+00
1.610879586587369072e+00
1.633799755666500042e+00
1.650847529248678391e+00
1.661346538357898028e+00
1.664706283422327404e+00
1.660299617225556634e+00
1.647288041772038358e+00
1.624462649197814468e+00
1.590220735597750901e+00
1.542823178549255658e+00
1.481034161507745806e+00
1.405105278148448322e+00
1.317852162990408305e+00
1.225372803460743176e+00
1.136893910768725702e+00
1.063366199878786889e+00
1.014679800914072949e+00
9.955413526733654095e-01
1.000000000000000000e+00
