1.000000000000000000e+00
8.034768711830866383e-01
8.087957635026192804e-01
9.572363449630105769e-01
1.144729802595081614e+00
1.305260696746477489e+00
1.418811657611593002e+00
1.491970593595633110e+00
1.538587292271445417e+00
1.569640861599267412e+00
1.590988020441824746e+00
1.604717142697422494e+00
1.611073348005956474e+00
1.609879978286728797e+00
1.601425441181248521e+00
1.586945312688147869e+00
1.568708686791158158e+00
1.549700087477516863e+00
1.533002390149182714e+00
1.521101434417614140e+00
1.515351149042518664e+00
1.515754096677338847e+00
1.521082521277162147e+00
1.529253373850167019e+00
1.537815380547217003e+00
1.544410808285079373e+00
1.547118915205754064e+00
1.544644436253513442e+00
1.536361172929698204e+00
1.522247885271765577e+00
1.502761636401398482e+00
1.478688534662283338e+00
1.451000492153851296e+00
1.420734543118691073e+00
1.388901401273761493e+00
1.356423247471811644e+00
1.324096992303043008e+00
1.292577713400078210e+00
1.262376825363399346e+00
1.233870150803681565e+00
1.207311976060565950e+00
1.182852126647740532e+00
1.160553948749505793e+00
1.140411781327649754e+00
1.122367042903450907e+00
1.106322454837287639e+00
1.092154204031540399e+00
1.079722037959161884e+00
1.068877406303967437e+00
1.059469834754177997e+00
1.051351752099791925e+00
1.044382002795611442e+00
1.038428271838762962e+00
1.033368633274306614e+00
1.029092412320038674e+00
1.025500527151137486e+00
1.022505451996844172e+00
1.020030919828297522e+00
1.018011461457688949e+00
1.016391858808915361e+00
1.015126573642600283e+00
1.014179199091225225e+00
1.013521969803945710e+00
1.013135357037810991e+00
1.013007767326595587e+00
1.013135357037696638e+00
1.013521969803711897e+00
1.014179199090865069e+00
1.015126573642095131e+00
1.016391858808249893e+00
1.018011461456836964e+00
1.020030919827227489e+00
1.022505451995516790e+00
1.025500527149511898e+00
1.029092412318054484e+00
1.033368633271901427e+00
1.038428271835866168e+00
1.044382002792130448e+00
1.051351752095618597e+00
1.059469834749176664e+00
1.068877406297972676e+00
1.079722037951959646e+00
1.092154204022857344e+00
1.106322454826746293e+00
1.122367042890545008e+00
1.140411781311671424e+00
1.160553948729466045e+00
1.182852126622239819e+00
1.207311976027618972e+00
1.233870150760465023e+00
1.262376825305895789e+00
1.292577713322612176e+00
1.324096992197625555e+00
1.356423247327267267e+00
1.388901401074594588e+00
1.420734542843637316e+00
1.451000491774043777e+00
1.478688534139087185e+00
1.502761635683882435e+00
1.522247884294010589e+00
1.536361171608146892e+00
1.544644434484699014e+00
1.547118912864849039e+00
1.544410805225591599e+00
1.537815376601915585e+00
1.529253368832755422e+00
1.521082514983484124e+00
1.515754088884376349e+00
1.515351139503611444e+00
1.521101422853885721e+00
1.533002376240207631e+00
1.549700070857948031e+00
1.568708667062427731e+00
1.586945289453003838e+00
1.601425414102807254e+00
1.609879947164828629e+00
1.611073312856438067e+00
1.604717103819107482e+00
1.590987978461030128e+00
1.569640817487164330e+00
1.538587247330515995e+00
1.491970549408432101e+00
1.418811615942425330e+00
1.305260659386891398e+00
1.144729771158064624e+00
9.572363206746280495e-01
8.087957470916279368e-01
8.034768629466018108e-01
1.000000000000000000e+00
