1.000000000000000000e+00
8.636481599767924511e-01
8.532705939479343638e-01
9.560887890410699752e-01
1.114080520286391041e+00
1.273915024385978700e+00
1.404809498415281688e+00
1.497617734053926952e+00
1.556320978294404300e+00
1.589440403263556734e+00
1.604816914541858486e+00
1.607958746968836561e+00
1.602539129895043768e+00
1.591479169393982929e+00
1.577657060155914337e+00
1.563980180184984858e+00
1.553006476673013170e+00
1.546453406776997719e+00
1.544874149555124365e+00
1.547630282091784881e+00
1.553142256596190096e+00
1.559306551095933191e+00
1.563943636456194497e+00
1.565167988269526855e+00
1.561622491505687327e+00
1.552569529815814198e+00
1.537865131427868626e+00
1.517857336322191886e+00
1.493249490027988235e+00
1.464960160630352615e+00
1.433999774302190389e+00
1.401373651467756609e+00
1.368013532400982113e+00
1.334735068805009250e+00
1.302216554853160790e+00
1.270993602841067771e+00
1.241464842962415105e+00
1.213904537164431696e+00
1.188478923352413785e+00
1.165263973772667105e+00
1.144262983207006812e+00
1.125422979318985606e+00
1.108649379387109946e+00
1.093818627253606346e+00
1.080788756727911970e+00
1.069407966024167544e+00
1.059521371465954820e+00
1.050976153079353104e+00
1.043625321694177766e+00
1.037330335737509435e+00
1.031962782679123114e+00
1.027405319934346473e+00
1.023552046438254592e+00
1.020308451522756066e+00
1.017591063809920149e+00
1.015326900635423302e+00
1.013452798643806219e+00
1.011914688933362338e+00
1.010666865522665381e+00
1.009671283854179036e+00
1.008896916334223626e+00
1.008319184265270785e+00
1.007919479661686379e+00
1.007684786051267878e+00
1.007607404157842224e+00
1.007684786049873216e+00
1.007919479658826889e+00
1.008319184260805912e+00
1.008896916327924664e+00
1.009671283845736456e+00
1.010666865511657075e+00
1.011914688919245631e+00
1.013452798625886109e+00
1.015326900612827377e+00
1.017591063781547289e+00
1.020308451487235146e+00
1.023552046393883641e+00
1.027405319879002299e+00
1.031962782610176266e+00
1.037330335651694302e+00
1.043625321587450694e+00
1.050976152946699216e+00
1.059521371301158421e+00
1.069407965819522577e+00
1.080788756473856083e+00
1.093818626938269478e+00
1.108649378995747892e+00
1.125422978833259702e+00
1.144262982604086654e+00
1.165263973024083244e+00
1.188478922422609330e+00
1.213904536008935997e+00
1.241464841525501850e+00
1.270993601052788913e+00
1.302216552625563351e+00
1.334735066027349815e+00
1.368013528933636813e+00
1.401373647134575906e+00
1.433999768880889869e+00
1.464960153840641821e+00
1.493249481517045618e+00
1.517857325647216316e+00
1.537865118035681711e+00
1.552569513019749659e+00
1.561622470460667378e+00
1.565167961946991593e+00
1.563943603621684719e+00
1.559306510293497317e+00
1.553142206145213366e+00
1.547630220103298759e+00
1.544874073975615270e+00
1.546453315468162781e+00
1.553006367535320065e+00
1.563980051331455901e+00
1.577656910139615842e+00
1.591478997487891345e+00
1.602538936413915538e+00
1.607958533607019902e+00
1.604816684676719785e+00
1.589440162144865276e+00
1.556320733018523805e+00
1.497617493229921548e+00
1.404809271491372469e+00
1.273914820721321339e+00
1.114080348185140901e+00
9.560886550298908215e-01
8.532705025010427491e-01
8.636481136893588983e-01
1.000000000000000000e+00
