1.000000000000000000e+00
1.000883599931494006e+00
1.001754352661651915e+00
1.002594976187943354e+00
1.003384105023034323e+00
1.004098149622741021e+00
1.004714022317683142e+00
1.005212032975001391e+00
1.005578331026398597e+00
1.005806456417094097e+00
1.005897808986774500e+00
1.005861087592812453e+00
1.005710932178665029e+00
1.005466096199526760e+00
1.005147484516142997e+00
1.004776334986058339e+00
1.004372731042093125e+00
1.003954535999117326e+00
1.003536757742838015e+00
1.003131294823713437e+00
1.002746983279357185e+00
1.002389853714092949e+00
1.002063513805281580e+00
1.001769585869648704e+00
1.001508146977480251e+00
1.001278136588104717e+00
1.001077711643975965e+00
1.000904540616083693e+00
1.000756036103664259e+00
1.000629530697517255e+00
1.000522403559321871e+00
1.000432166208893081e+00
1.000356515927519396e+00
1.000293364439047039e+00
1.000240848457799592e+00
1.000197327521511026e+00
1.000161373399095943e+00
1.000131754354523839e+00
1.000107416692710860e+00
1.000087465316813917e+00
1.000071144478055674e+00
1.000057819480645982e+00
1.000046959794093082e+00
1.000038123802134749e+00
1.000030945262617266e+00
1.000025121449561682e+00
1.000020402884037374e+00
1.000016584523533369e+00
1.000013498262111611e+00
1.000011006589373919e+00
1.000008997260602106e+00
1.000007378839943506e+00
1.000006076990870518e+00
1.000005031401689282e+00
1.000004193247570505e+00
1.000003523103722092e+00
1.000002989236542961e+00
1.000002566210697941e+00
1.000002233759961001e+00
1.000001975878435312e+00
1.000001780096421378e+00
1.000001636911922009e+00
1.000001539354628433e+00
1.000001482664393482e+00
1.000001464070776613e+00
1.000001482664393482e+00
1.000001539354628433e+00
1.000001636911922009e+00
1.000001780096421378e+00
1.000001975878435312e+00
1.000002233759961001e+00
1.000002566210697941e+00
1.000002989236542961e+00
1.000003523103722092e+00
1.000004193247570505e+00
1.000005031401689282e+00
1.000006076990870518e+00
1.000007378839943506e+00
1.000008997260602106e+00
1.000011006589373919e+00
1.000013498262111611e+00
1.000016584523533369e+00
1.000020402884037374e+00
1.000025121449561682e+00
1.000030945262617266e+00
1.000038123802134749e+00
1.000046959794093082e+00
1.000057819480645982e+00
1.000071144478055674e+00
1.000087465316813917e+00
1.000107416692710860e+00
1.000131754354523839e+00
1.000161373399095943e+00
1.000197327521511026e+00
1.000240848457799592e+00
1.000293364439047039e+00
1.000356515927519396e+00
1.000432166208893081e+00
1.000522403559321871e+00
1.000629530697517033e+00
1.000756036103664259e+00
1.000904540616083693e+00
1.001077711643975965e+00
1.001278136588104717e+00
1.001508146977480029e+00
1.001769585869648482e+00
1.002063513805281136e+00
1.002389853714092949e+00
1.002746983279356963e+00
1.003131294823712993e+00
1.003536757742837793e+00
1.003954535999116882e+00
1.004372731042092903e+00
1.004776334986057895e+00
1.005147484516142553e+00
1.005466096199526316e+00
1.005710932178664585e+00
1.005861087592812009e+00
1.005897808986774056e+00
1.005806456417093431e+00
1.005578331026398153e+00
1.005212032975000946e+00
1.004714022317682698e+00
1.004098149622740577e+00
1.003384105023033879e+00
1.002594976187943132e+00
1.001754352661651692e+00
1.000883599931493784e+00
1.000000000000000000e+00
