1.000000000000000000e+00
8.313899909029032198e-01
8.275051285934160727e-01
9.545713547179638381e-01
1.130300821059634808e+00
1.292413505580456867e+00
1.414168883525385167e+00
1.494984385937509153e+00
1.545538832156553966e+00
1.577009532269574743e+00
1.596548637858072439e+00
1.607205680563063677e+00
1.609736895505128329e+00
1.604512507617192885e+00
1.592711374803751356e+00
1.576649380852480187e+00
1.559423829702959230e+00
1.544194385804668945e+00
1.533435017947815115e+00
1.528414124368790761e+00
1.529028326874277255e+00
1.533978412572633454e+00
1.541177568498033779e+00
1.548243845071164637e+00
1.552945639567781422e+00
1.553518276318337943e+00
1.548825285682390085e+00
1.538380972719799011e+00
1.522273914553343044e+00
1.501035982894636023e+00
1.475494748846279736e+00
1.446635455753370492e+00
1.415487026153622985e+00
1.383037327847460363e+00
1.350176850599539291e+00
1.317666675687411804e+00
1.286125389411676423e+00
1.256029623743869728e+00
1.227723592201206859e+00
1.201433917005124252e+00
1.177286975528883062e+00
1.155326812397498681e+00
1.135532326608567066e+00
1.117832950541155945e+00
1.102122408832483469e+00
1.088270405212218739e+00
1.076132259446691553e+00
1.065556626216050518e+00
1.056391490602721195e+00
1.048488664611401111e+00
1.041707016183298418e+00
1.035914654286111736e+00
1.030990276579324627e+00
1.026823864016560561e+00
1.023316882496412727e+00
1.020382127337136735e+00
1.017943323263252431e+00
1.015934571566080136e+00
1.014299717563329040e+00
1.012991695582429630e+00
1.011971895381381437e+00
1.011209583019677227e+00
1.010681400439336297e+00
1.010370961102168730e+00
1.010268553623306920e+00
1.010370961101670018e+00
1.010681400438313782e+00
1.011209583018084723e+00
1.011971895379134567e+00
1.012991695579422036e+00
1.014299717559413061e+00
1.015934571561067035e+00
1.017943323256898402e+00
1.020382127329143795e+00
1.023316882486393187e+00
1.026823864004043241e+00
1.030990276563725772e+00
1.035914654266696600e+00
1.041707016159158394e+00
1.048488664581404217e+00
1.056391490565460556e+00
1.065556626169766652e+00
1.076132259389190660e+00
1.088270405140746799e+00
1.102122408743576809e+00
1.117832950430447614e+00
1.135532326470531483e+00
1.155326812225120570e+00
1.177286975313224460e+00
1.201433916734755192e+00
1.227723591861457964e+00
1.256029623315869426e+00
1.286125388871075526e+00
1.317666675002734378e+00
1.350176849730045259e+00
1.383037326740415240e+00
1.415487024740826216e+00
1.446635453946831795e+00
1.475494746532910906e+00
1.501035979929927544e+00
1.522273910754060600e+00
1.538380967855847326e+00
1.548825279468247773e+00
1.553518268404568081e+00
1.552945629533296179e+00
1.548243832416903221e+00
1.541177552642505555e+00
1.533978392849584926e+00
1.529028302532648098e+00
1.528414094575826221e+00
1.533434981797902719e+00
1.544194342339418657e+00
1.559423777951121082e+00
1.576649319899981583e+00
1.592711303902144993e+00
1.604512426332064701e+00
1.609736803894703749e+00
1.607205579364117121e+00
1.596548528644512910e+00
1.577009417542191372e+00
1.545538715322861245e+00
1.494984271149519595e+00
1.414168775362835584e+00
1.292413408602021585e+00
1.130300739301362656e+00
9.545712912818532514e-01
8.275050854817386226e-01
8.313899691531272396e-01
1.000000000000000000e+00
