1.000000000000000000e+00
8.363188596220824111e-01
8.316442441690992116e-01
9.556017349418973739e-01
1.129389160623131216e+00
1.291719533257537078e+00
1.415041190603157029e+00
1.497548993867171552e+00
1.549135174010351168e+00
1.580767214911981577e+00
1.599747079417936702e+00
1.609403325003835983e+00
1.610786026966666284e+00
1.604540419486566671e+00
1.592078789170194186e+00
1.575869426553394126e+00
1.559041363837941674e+00
1.544653156313018805e+00
1.534972287273973945e+00
1.531012788382865919e+00
1.532434364102629676e+00
1.537769724465209098e+00
1.544857865879833536e+00
1.551334410936598962e+00
1.555055451074790929e+00
1.554383850246418897e+00
1.548321198989605074e+00
1.536507948310879001e+00
1.519133430698842435e+00
1.496799620234865680e+00
1.470374328771012706e+00
1.440857581987132541e+00
1.409273580551080318e+00
1.376592037169294347e+00
1.343677213611595089e+00
1.311260179627978140e+00
1.279928889287726523e+00
1.250130870269828609e+00
1.222184078098736970e+00
1.196292407936312197e+00
1.172563270321265616e+00
1.151025424888095117e+00
1.131645896310090604e+00
1.114345274509592310e+00
1.099011047642735051e+00
1.085508857112456704e+00
1.073691723287636401e+00
1.063407389537935011e+00
1.054503987380257302e+00
1.046834249953471074e+00
1.040258504519953275e+00
1.034646664551886364e+00
1.029879423566303354e+00
1.025848830101111719e+00
1.022458398813046232e+00
1.019622888499374769e+00
1.017267855115900232e+00
1.015329067310388744e+00
1.013751853978259954e+00
1.012490437979736591e+00
1.011507297358964275e+00
1.010772584978936628e+00
1.010263629162169829e+00
1.009964531394426324e+00
1.009865872079942939e+00
1.009964531397401055e+00
1.010263629168271615e+00
1.010772584988482770e+00
1.011507297372439940e+00
1.012490437997834114e+00
1.013751854001900377e+00
1.015329067340773994e+00
1.017267855154565970e+00
1.019622888548275874e+00
1.022458398874630969e+00
1.025848830178465398e+00
1.029879423663291105e+00
1.034646664673332550e+00
1.040258504671891071e+00
1.046834250143434675e+00
1.054503987617664285e+00
1.063407389834552852e+00
1.073691723658190877e+00
1.085508857575381292e+00
1.099011048221137710e+00
1.114345275232483612e+00
1.131645897213955587e+00
1.151025426018901676e+00
1.172563271737056434e+00
1.196292409710536297e+00
1.222184080324555611e+00
1.250130873065703252e+00
1.279928892804638174e+00
1.311260184058784084e+00
1.343677219203124107e+00
1.376592044237944235e+00
1.409273589502807900e+00
1.440857593342911303e+00
1.470374343198881384e+00
1.496799638589745740e+00
1.519133454071081912e+00
1.536507978083964110e+00
1.548321236906608389e+00
1.554383898483197024e+00
1.555055512315823840e+00
1.551334488446615367e+00
1.544857963561193648e+00
1.537769846887941272e+00
1.532434516491200327e+00
1.531012976541662240e+00
1.534972517431490324e+00
1.544653434862575114e+00
1.559041696950218769e+00
1.575869819635814961e+00
1.592079246156141048e+00
1.604540941962907086e+00
1.610786613197906725e+00
1.609403968982317634e+00
1.599747770140920622e+00
1.580767936122722261e+00
1.549135904606992131e+00
1.497549709067938606e+00
1.415041863779024522e+00
1.291720138148132468e+00
1.129389673501331792e+00
9.556021362689721688e-01
8.316445194534275442e-01
8.363189995209241445e-01
1.000000000000000000e+00
