1.000000000000000000e+00
7.526533932246929348e-01
7.865022602967299825e-01
9.721607314940416966e-01
1.167289107197965636e+00
1.314504400583921040e+00
1.414577196546907834e+00
1.484053691552315479e+00
1.534351376446243975e+00
1.569755722766739581e+00
1.591934099688266269e+00
1.603143217344276783e+00
1.606533632514849375e+00
1.604976258941336553e+00
1.600056531688604622e+00
1.591998411669693025e+00
1.580404390796702696e+00
1.565242474091905756e+00
1.547506373218043629e+00
1.529261220248057995e+00
1.513136284872393489e+00
1.501557066743606672e+00
1.496054333223584054e+00
1.496884831890085810e+00
1.503034728802310926e+00
1.512533821527456412e+00
1.522931688928613081e+00
1.531781270667529338e+00
1.537018478576990921e+00
1.537186979115524155e+00
1.531510030659239074e+00
1.519843783636390722e+00
1.502558018230454762e+00
1.480386830652472341e+00
1.454280796670679221e+00
1.425279623286352937e+00
1.394413704942527366e+00
1.362635602349359099e+00
1.330778162555058541e+00
1.299534087258113146e+00
1.269451406355573297e+00
1.240939829869040389e+00
1.214283843172489608e+00
1.189659377245456673e+00
1.167151769167052988e+00
1.146773462612881378e+00
1.128480471424036846e+00
1.112187055619339171e+00
1.097778363026428394e+00
1.085120997007797961e+00
1.074071604954169423e+00
1.064483662702255806e+00
1.056212672122107454e+00
1.049120004545502027e+00
1.043075620283318905e+00
1.037959880719081962e+00
1.033664649107161937e+00
1.030093852629906603e+00
1.027163653825182044e+00
1.024802355743166915e+00
1.022950143090336494e+00
1.021558741681359184e+00
1.020591060925230664e+00
1.020020868756187360e+00
1.019832535147024100e+00
1.020020868755996180e+00
1.020591060924838755e+00
1.021558741680754112e+00
1.022950143089498942e+00
1.024802355742066684e+00
1.027163653823782052e+00
1.030093852628165330e+00
1.033664649105023425e+00
1.037959880716491590e+00
1.043075620280202509e+00
1.049120004541786555e+00
1.056212672117714968e+00
1.064483662697090827e+00
1.074071604948135139e+00
1.085120997000781351e+00
1.097778363018310666e+00
1.112187055609977548e+00
1.128480471413267239e+00
1.146773462600481519e+00
1.167151769152739549e+00
1.189659377228815762e+00
1.214283843152923925e+00
1.240939829845668863e+00
1.269451406327075205e+00
1.299534087222516510e+00
1.330778162509419715e+00
1.362635602289368419e+00
1.394413704861920955e+00
1.425279623176161969e+00
1.454280796518253593e+00
1.480386830440287627e+00
1.502558017934672030e+00
1.519843783225252265e+00
1.531510030091385977e+00
1.537186978338417775e+00
1.537018477525718740e+00
1.531781269264141709e+00
1.522931687082194507e+00
1.512533819134695312e+00
1.503034725747974809e+00
1.496884828046238347e+00
1.496054328446189352e+00
1.501557060865608362e+00
1.513136277693903464e+00
1.529261211526854014e+00
1.547506362666197566e+00
1.565242461385376815e+00
1.580404375602256328e+00
1.591998393687384716e+00
1.600056510701002299e+00
1.604976234857978357e+00
1.606533605405747966e+00
1.603143187466630204e+00
1.591934067515123674e+00
1.569755689016289146e+00
1.534351342091819559e+00
1.484053657786958746e+00
1.414577164695307587e+00
1.314504371979815289e+00
1.167289083048889120e+00
9.721607127513641755e-01
7.865022475733094431e-01
7.526533868163810537e-01
1.000000000000000000e+00
