1.000000000000000000e+00
8.278360335391327096e-01
8.249382287967463867e-01
9.547383883451558972e-01
1.132188232050800547e+00
1.294285366347167843e+00
1.414970328897659391e+00
1.494607654790309326e+00
1.544444787719307710e+00
1.575783355354044346e+00
1.595654646452809411e+00
1.606922476324151861e+00
1.610161986814862667e+00
1.605569958984240486e+00
1.594162963167219171e+00
1.578134924120918603e+00
1.560540244069737570e+00
1.544595393067728528e+00
1.532918732680924379e+00
1.526970501868532448e+00
1.526835612238548245e+00
1.531356243920839022e+00
1.538516146057246070e+00
1.545930951572977552e+00
1.551308251099883018e+00
1.552787126938308226e+00
1.549122854212361400e+00
1.539728133660929865e+00
1.524608368618498133e+00
1.504235845532336802e+00
1.479402235284431155e+00
1.451077514643198230e+00
1.420291456107789729e+00
1.388044120171610052e+00
1.355245224992765785e+00
1.322678612646974949e+00
1.290986540696102525e+00
1.260668412102066371e+00
1.232089174475640370e+00
1.205493531305165344e+00
1.181023050787297857e+00
1.158734099103276849e+00
1.138615213587985675e+00
1.120603062437542929e+00
1.104596528637875608e+00
1.090468731694291371e+00
1.078076986815473148e+00
1.067270819734359444e+00
1.057898224561985012e+00
1.049810386249934613e+00
1.042865099272324070e+00
1.036929108179102332e+00
1.031879579730750951e+00
1.027604894765111521e+00
1.024004923881249862e+00
1.020990926606755833e+00
1.018485190373696447e+00
1.016420504248469969e+00
1.014739543421467216e+00
1.013394224147558642e+00
1.012345075115192561e+00
1.011560659945251572e+00
1.011017076427041861e+00
1.010697550879796625e+00
1.010592140350781154e+00
1.010697550879361195e+00
1.011017076426149464e+00
1.011560659943863349e+00
1.012345075113233017e+00
1.013394224144936961e+00
1.014739543418055945e+00
1.016420504244105238e+00
1.018485190368167981e+00
1.020990926599807169e+00
1.024004923872546380e+00
1.027604894754246656e+00
1.031879579717224438e+00
1.036929108162281121e+00
1.042865099251427452e+00
1.049810386223989811e+00
1.057898224529781217e+00
1.067270819694382089e+00
1.078076986765829970e+00
1.090468731632602495e+00
1.104596528561138991e+00
1.120603062341962275e+00
1.138615213468739951e+00
1.158734098954217417e+00
1.181023050600556790e+00
1.205493531070629176e+00
1.232089174180261093e+00
1.260668411728968819e+00
1.290986540223397538e+00
1.322678612046217062e+00
1.355245224226956591e+00
1.388044119192643810e+00
1.420291454853203073e+00
1.451077513032139610e+00
1.479402233212729456e+00
1.504235842866671558e+00
1.524608365189737302e+00
1.539728129256815903e+00
1.549122848569969513e+00
1.552787119736786847e+00
1.551308241954087785e+00
1.545930940028523715e+00
1.538516131587193581e+00
1.531356225923926395e+00
1.526835590038775115e+00
1.526970474716648374e+00
1.532918699760266845e+00
1.544595353510021418e+00
1.560540196989655959e+00
1.578134868679758718e+00
1.594162898673620932e+00
1.605569885032715804e+00
1.610161903451678755e+00
1.606922384218032684e+00
1.595654547038259485e+00
1.575783250910419486e+00
1.544444681350408466e+00
1.494607550277214258e+00
1.414970230413476804e+00
1.294285278050939736e+00
1.132188157627812775e+00
9.547383306232113398e-01
8.249381895879657201e-01
8.278360137667981622e-01
1.000000000000000000e+00
