1.000000000000000000e+00
9.961490939126655952e-01
1.015501768580298281e+00
1.063985728342695003e+00
1.137061461305903354e+00
1.225061167386334748e+00
1.317219797267165315e+00
1.404409888600528955e+00
1.480535787771665834e+00
1.542707458853252112e+00
1.590558967303222548e+00
1.625210105601424759e+00
1.648310785350303398e+00
1.661415261718779179e+00
1.665725164419459281e+00
1.662104130008051683e+00
1.651224122780292403e+00
1.633727635875008133e+00
1.610340471202376333e+00
1.581916404057306824e+00
1.549424402111467813e+00
1.513900800826996518e+00
1.476388555660008040e+00
1.437879732712699976e+00
1.399270326800520436e+00
1.361330679451879577e+00
1.324690939954401570e+00
1.289839000610375708e+00
1.257127638088540111e+00
1.226787686765551832e+00
1.198944554928349060e+00
1.173636008225348526e+00
1.150829739708787214e+00
1.130439754266190810e+00
1.112340996672701587e+00
1.096381951139069333e+00
1.082395150932803363e+00
1.070205677049797632e+00
1.059637811644094763e+00
1.050520059139195661e+00
1.042688767034520403e+00
1.035990578241728466e+00
1.030283934065160389e+00
1.025439826691632472e+00
1.021341975935741830e+00
1.017886579597950369e+00
1.014981761915714431e+00
1.012546821373660366e+00
1.010511358264009729e+00
1.008814344178275757e+00
1.007403180139518462e+00
1.006232777254798094e+00
1.005264683375122425e+00
1.004466271029520241e+00
1.003809995560880797e+00
1.003272727642484874e+00
1.002835160921182300e+00
1.002481293166337384e+00
1.002197977784943461e+00
1.001974541706211141e+00
1.001802465288816668e+00
1.001675119934706926e+00
1.001587559404873318e+00
1.001536361345675807e+00
1.001519516189663506e+00
1.001536361345675807e+00
1.001587559404873318e+00
1.001675119934706926e+00
1.001802465288816668e+00
1.001974541706211141e+00
1.002197977784943461e+00
1.002481293166337384e+00
1.002835160921182300e+00
1.003272727642484874e+00
1.003809995560880797e+00
1.004466271029520241e+00
1.005264683375122425e+00
1.006232777254798094e+00
1.007403180139518462e+00
1.008814344178275757e+00
1.010511358264009729e+00
1.012546821373660366e+00
1.014981761915714653e+00
1.017886579597949925e+00
1.021341975935741830e+00
1.025439826691632472e+00
1.030283934065160389e+00
1.035990578241728466e+00
1.042688767034520625e+00
1.050520059139195883e+00
1.059637811644094763e+00
1.070205677049797410e+00
1.082395150932803585e+00
1.096381951139068889e+00
1.112340996672701365e+00
1.130439754266190810e+00
1.150829739708785437e+00
1.173636008225348526e+00
1.198944554928349282e+00
1.226787686765551832e+00
1.257127638088541444e+00
1.289839000610374597e+00
1.324690939954402458e+00
1.361330679451878911e+00
1.399270326800521325e+00
1.437879732712699310e+00
1.476388555660007817e+00
1.513900800826997628e+00
1.549424402111469146e+00
1.581916404057306158e+00
1.610340471202377666e+00
1.633727635875007911e+00
1.651224122780291959e+00
1.662104130008051017e+00
1.665725164419457949e+00
1.661415261718780956e+00
1.648310785350304730e+00
1.625210105601424537e+00
1.590558967303222548e+00
1.542707458853251445e+00
1.480535787771666500e+00
1.404409888600528067e+00
1.317219797267165315e+00
1.225061167386335415e+00
1.137061461305903576e+00
1.063985728342694115e+00
1.015501768580297393e+00
9.961490939126637079e-01
1.000000000000000000e+00
