1.000000000000000000e+00
7.386769338412955133e-01
7.844265174990803224e-01
9.799301009407175300e-01
1.173840287424947393e+00
1.315683945543679956e+00
1.413087598329773265e+00
1.483649698321179322e+00
1.536474885584616867e+00
1.573615047554798974e+00
1.595882748960126607e+00
1.605780924248261909e+00
1.607232818710085942e+00
1.604026852934016478e+00
1.598525117353527536e+00
1.591305461728806936e+00
1.581725874499075202e+00
1.568979057668456578e+00
1.553060825064635164e+00
1.535213711857091656e+00
1.517720296557236059e+00
1.503226429415533083e+00
1.493932634147426830e+00
1.490971908908580446e+00
1.494153640993471699e+00
1.502086645266454745e+00
1.512570561061776120e+00
1.523094446981236416e+00
1.531297239733632187e+00
1.535298515654444751e+00
1.533868827524665246e+00
1.526455670065943737e+00
1.513106035120330484e+00
1.494331924903612663e+00
1.470958182305787787e+00
1.443979836828430230e+00
1.414443994704377872e+00
1.383361735308036078e+00
1.351649201494493635e+00
1.320093695350486485e+00
1.289339314355103516e+00
1.259886685646666171e+00
1.232102050453826259e+00
1.206231896336172005e+00
1.182420286509809904e+00
1.160726872434659995e+00
1.141144254817014092e+00
1.123613878663616283e+00
1.108040029260975556e+00
1.094301763708730890e+00
1.082262792321565525e+00
1.071779437932436352e+00
1.062706866844867593e+00
1.054903816910054637e+00
1.048236056601398847e+00
1.042578801977523728e+00
1.037818301908349561e+00
1.033852780109845604e+00
1.030592898373162924e+00
1.027961880918798920e+00
1.025895416371157998e+00
1.024341432202407143e+00
1.023259816996165972e+00
1.022622148586789681e+00
1.022411470875239647e+00
1.022622148587015056e+00
1.023259816996627825e+00
1.024341432203139224e+00
1.025895416372211599e+00
1.027961880920245763e+00
1.030592898375099153e+00
1.033852780112406222e+00
1.037818301911706653e+00
1.042578801981912218e+00
1.048236056607112276e+00
1.054903816917484916e+00
1.062706866854524757e+00
1.071779437944968993e+00
1.082262792337812973e+00
1.094301763729765398e+00
1.108040029288181794e+00
1.123613878698755952e+00
1.141144254862340501e+00
1.160726872493036854e+00
1.182420286584886071e+00
1.206231896432570228e+00
1.232102050577416064e+00
1.259886685804891826e+00
1.289339314557387484e+00
1.320093695608764106e+00
1.351649201823867275e+00
1.383361735727651753e+00
1.414443995238519713e+00
1.443979837507936015e+00
1.470958183169885247e+00
1.494331926002298694e+00
1.513106036517468223e+00
1.526455671843248041e+00
1.533868829786832366e+00
1.535298518535629819e+00
1.531297243405506103e+00
1.523094451662609039e+00
1.512570567029690727e+00
1.502086652868102723e+00
1.494153650657958021e+00
1.490971921156968305e+00
1.493932649599249762e+00
1.503226448789983127e+00
1.517720320667627298e+00
1.535213741597712511e+00
1.553060861388988911e+00
1.568979101556323252e+00
1.581725926906605517e+00
1.591305523512517972e+00
1.598525189159021309e+00
1.604026935047541347e+00
1.607232910886383870e+00
1.605781025546185958e+00
1.595882857628173834e+00
1.573615161004203955e+00
1.536475000471111851e+00
1.483649810737482477e+00
1.413087704094888375e+00
1.315684040552078882e+00
1.173840367984217981e+00
9.799301640118754930e-01
7.844265608021691039e-01
7.386769558681478554e-01
1.000000000000000000e+00
