1.000000000000000000e+00
8.182384961983931726e-01
8.187909571907443507e-01
9.566470679354475148e-01
1.138943622130327959e+00
1.300991149301611527e+00
1.418899007150152602e+00
1.495642816045259726e+00
1.543821160183475705e+00
1.574864182182551309e+00
1.595410346859871931e+00
1.607918737643369234e+00
1.612653289490477704e+00
1.609495662245306047e+00
1.599085732048038722e+00
1.583249385746750892e+00
1.564822418771075307e+00
1.547060557488651344e+00
1.532890337083476995e+00
1.524262078414995614e+00
1.521793035101457248e+00
1.524765228120566585e+00
1.531422036802953857e+00
1.539432993950074824e+00
1.546381584389068031e+00
1.550163666855472355e+00
1.549238693818615342e+00
1.542727816121039597e+00
1.530387896310666962e+00
1.512505295094469515e+00
1.489752401551059480e+00
1.463040243990303635e+00
1.433388303867239699e+00
1.401821745369529859e+00
1.369298330445740897e+00
1.336662461329148677e+00
1.304621477225321069e+00
1.273738721084839431e+00
1.244438266307519969e+00
1.217017024868023656e+00
1.191660914262772542e+00
1.168462658529828557e+00
1.147439557513158848e+00
1.128550157715745073e+00
1.111709207666286670e+00
1.096800603740609725e+00
1.083688254702920739e+00
1.072224938736140887e+00
1.062259315465988951e+00
1.053641303411034569e+00
1.046226052705166776e+00
1.039876743107419177e+00
1.034466425114396460e+00
1.029879102450269812e+00
1.026010230944076840e+00
1.022766784350321423e+00
1.020067013745568740e+00
1.017840004840372847e+00
1.016025117519784082e+00
1.014571374462909015e+00
1.013436850845608861e+00
1.012588104782791154e+00
1.011999678089508636e+00
1.011653688833742626e+00
1.011539530681328625e+00
1.011653688836295695e+00
1.011999678094746224e+00
1.012588104790987709e+00
1.013436850857181604e+00
1.014571374478457466e+00
1.016025117540102940e+00
1.017840004866501724e+00
1.020067013778835463e+00
1.022766784392420414e+00
1.026010230997130845e+00
1.029879102516954914e+00
1.034466425198071082e+00
1.039876743212278853e+00
1.046226052836463527e+00
1.053641303575335808e+00
1.062259315671510329e+00
1.072224938993161514e+00
1.083688255024319202e+00
1.096800604142523339e+00
1.111709208168968566e+00
1.128550158344650667e+00
1.147439558300336060e+00
1.168462659515697721e+00
1.191660915498425677e+00
1.217017026418180103e+00
1.244438268254340896e+00
1.273738723532896744e+00
1.304621480308000958e+00
1.336662465216955198e+00
1.369298335357029828e+00
1.401821751584344966e+00
1.433388311745021237e+00
1.463040253992430983e+00
1.489752414269170044e+00
1.512505311285592180e+00
1.530387916939942361e+00
1.542727842412351169e+00
1.549238727312667985e+00
1.550163709473473483e+00
1.546381638498335542e+00
1.539433062425564991e+00
1.531422123076100039e+00
1.524765336204331634e+00
1.521793169578338212e+00
1.524262244372967201e+00
1.532890539982962430e+00
1.547060802941031543e+00
1.564822712205899080e+00
1.583249731943249250e+00
1.599086134512705648e+00
1.609496122439895149e+00
1.612653805960344355e+00
1.607919305161677803e+00
1.595410955769594574e+00
1.574864818152633683e+00
1.543821804566388067e+00
1.495643446917911401e+00
1.418899600956483820e+00
1.300991682834385266e+00
1.138944074454058875e+00
9.566474218393683504e-01
8.187911999262336149e-01
8.182386195507550530e-01
1.000000000000000000e+00
