1.000000000000000000e+00
9.726301313347803790e-01
9.841480721796955766e-01
1.041125620166567511e+00
1.132339931260359922e+00
1.239589380782472938e+00
1.345164926151423357e+00
1.436244422355547723e+00
1.506487556784241510e+00
1.555411053693704693e+00
1.586452155147954013e+00
1.604699230051921388e+00
1.615031012064218618e+00
1.621015550601406563e+00
1.624567785514539064e+00
1.626155903166356831e+00
1.625286765414620582e+00
1.621041111321458672e+00
1.612512709487890827e+00
1.599089725578501708e+00
1.580578832463867656e+00
1.557207090955200712e+00
1.529547604232855074e+00
1.498410764782567739e+00
1.464731766172304495e+00
1.429472828300045073e+00
1.393548463394818526e+00
1.357775150025055000e+00
1.322842784896555379e+00
1.289303519463735892e+00
1.257573261730784875e+00
1.227941579404180361e+00
1.200586527326374942e+00
1.175591768682010096e+00
1.152964126327097105e+00
1.132650332153231076e+00
1.114552230224575613e+00
1.098540047825142363e+00
1.084463600150689544e+00
1.072161462532331466e+00
1.061468249506033246e+00
1.052220199753595598e+00
1.044259293290324742e+00
1.037436132458690485e+00
1.031611808943845077e+00
1.026658960787940389e+00
1.022462200330798821e+00
1.018918069041221397e+00
1.015934650317781074e+00
1.013430947833236617e+00
1.011336115659196899e+00
1.009588607642841307e+00
1.008135297448378820e+00
1.006930607266557143e+00
1.005935672260143132e+00
1.005117559104263814e+00
1.004448550218274061e+00
1.003905500183971844e+00
1.003469267129099007e+00
1.003124219273371143e+00
1.002857815163599842e+00
1.002660255172413306e+00
1.002524201439409790e+00
1.002444563459220728e+00
1.002418346858175546e+00
1.002444563459220728e+00
1.002524201439409790e+00
1.002660255172413306e+00
1.002857815163599842e+00
1.003124219273371143e+00
1.003469267129099007e+00
1.003905500183971844e+00
1.004448550218274061e+00
1.005117559104263814e+00
1.005935672260143132e+00
1.006930607266557143e+00
1.008135297448378820e+00
1.009588607642841307e+00
1.011336115659196899e+00
1.013430947833236617e+00
1.015934650317781074e+00
1.018918069041221397e+00
1.022462200330799043e+00
1.026658960787939723e+00
1.031611808943845077e+00
1.037436132458690707e+00
1.044259293290324964e+00
1.052220199753595598e+00
1.061468249506033690e+00
1.072161462532331022e+00
1.084463600150689322e+00
1.098540047825142141e+00
1.114552230224576501e+00
1.132650332153230188e+00
1.152964126327096439e+00
1.175591768682009652e+00
1.200586527326373387e+00
1.227941579404181027e+00
1.257573261730785319e+00
1.289303519463735892e+00
1.322842784896556712e+00
1.357775150025055000e+00
1.393548463394820525e+00
1.429472828300045073e+00
1.464731766172305383e+00
1.498410764782568849e+00
1.529547604232855962e+00
1.557207090955203377e+00
1.580578832463870764e+00
1.599089725578503929e+00
1.612512709487894380e+00
1.621041111321461559e+00
1.625286765414624357e+00
1.626155903166360162e+00
1.624567785514542839e+00
1.621015550601413890e+00
1.615031012064225502e+00
1.604699230051927827e+00
1.586452155147961784e+00
1.555411053693710688e+00
1.506487556784250614e+00
1.436244422355555717e+00
1.345164926151431573e+00
1.239589380782480932e+00
1.132339931260367472e+00
1.041125620166571730e+00
9.841480721796983522e-01
9.726301313347809341e-01
1.000000000000000000e+00
