1.000000000000000000e+00
7.624465159369954170e-01
7.893306000521940202e-01
9.681432074097898743e-01
1.163410704273908802e+00
1.314200131149235951e+00
1.416604540538878965e+00
1.485833082712707753e+00
1.534550731038590188e+00
1.568697575535128230e+00
1.590759705346702857e+00
1.602866408421137923e+00
1.607495564625893492e+00
1.606754647539334391e+00
1.601724125855476188e+00
1.592574028682562037e+00
1.579303524739996911e+00
1.562546101782596120e+00
1.543953166283125622e+00
1.525991988522374720e+00
1.511314169555335152e+00
1.502013104005207378e+00
1.499069895275753073e+00
1.502152470345069490e+00
1.509772789914107349e+00
1.519690636725817834e+00
1.529407513876147817e+00
1.536612459287890919e+00
1.539495082520654146e+00
1.536900037140260578e+00
1.528341529346079142e+00
1.513919361283228016e+00
1.494182154557015307e+00
1.469975859868370316e+00
1.442303483377430862e+00
1.412210043752464284e+00
1.380697539027859078e+00
1.348668727377071663e+00
1.316895372533591457e+00
1.286005470513229998e+00
1.256484074259950345e+00
1.228683059381819209e+00
1.202836124598492873e+00
1.179076262797715602e+00
1.157453760398840181e+00
1.137953445715023548e+00
1.120510413038941167e+00
1.105023818419783144e+00
1.091368601427698204e+00
1.079405159760454591e+00
1.068987112038475518e+00
1.059967346117546283e+00
1.052202579386766867e+00
1.045556664181111817e+00
1.039902863355169904e+00
1.035125303915713779e+00
1.031119794498956965e+00
1.027794168303127753e+00
1.025068288831592067e+00
1.022873832752060563e+00
1.021153943094807781e+00
1.019862827265128669e+00
1.018965358012763778e+00
1.018436721456314586e+00
1.018262144232323196e+00
1.018436721456157823e+00
1.018965358012444256e+00
1.019862827264634841e+00
1.021153943094124106e+00
1.022873832751164391e+00
1.025068288830454311e+00
1.027794168301715994e+00
1.031119794497229680e+00
1.035125303913631667e+00
1.039902863352676121e+00
1.045556664178155293e+00
1.052202579383294312e+00
1.059967346113493969e+00
1.068987112033780829e+00
1.079405159755043808e+00
1.091368601421500273e+00
1.105023818412711023e+00
1.120510413030889385e+00
1.137953445705841782e+00
1.157453760388323261e+00
1.179076262785542228e+00
1.202836124584165445e+00
1.228683059364566788e+00
1.256484074238573001e+00
1.286005470485886759e+00
1.316895372497470573e+00
1.348668727327996475e+00
1.380697538959680948e+00
1.412210043656293879e+00
1.442303483240632733e+00
1.469975859673322338e+00
1.494182154279589669e+00
1.513919360891096799e+00
1.528341528796903326e+00
1.536900036379970524e+00
1.539495081482120886e+00
1.536612457890174754e+00
1.529407512024628657e+00
1.519690634313044519e+00
1.509772786820836821e+00
1.502152466440338729e+00
1.499069890414420181e+00
1.502013098021670601e+00
1.511314162253551308e+00
1.525991979664944598e+00
1.543953155585287895e+00
1.562546088918773668e+00
1.579303509368827463e+00
1.592574010490352743e+00
1.601724104609920651e+00
1.606754623140473903e+00
1.607495537144694620e+00
1.602866378126438951e+00
1.590759672728769836e+00
1.568697541327852552e+00
1.534550696225625233e+00
1.485833048494472619e+00
1.416604508251289030e+00
1.314200102145714144e+00
1.163410679786693214e+00
9.681431884101660001e-01
7.893305871608524704e-01
7.624465094471734039e-01
1.000000000000000000e+00
