1.000000000000000000e+00
1.004536951651178178e+00
1.027416639787795294e+00
1.074181828940815153e+00
1.142252181385543075e+00
1.224639934781402539e+00
1.312853290096246184e+00
1.399002590883604125e+00
1.477047181472214366e+00
1.543209285977251710e+00
1.595748735946615815e+00
1.634403750194779903e+00
1.659790271561982777e+00
1.672943214749429419e+00
1.675052671038152807e+00
1.667357363577653295e+00
1.651124564681548668e+00
1.627655125177460471e+00
1.598278878350607224e+00
1.564330462302600866e+00
1.527110547663381723e+00
1.487842664755943289e+00
1.447634829185809879e+00
1.407451627998937305e+00
1.368098769903854484e+00
1.330219421087118992e+00
1.294300149996221672e+00
1.260683767268292232e+00
1.229586431172594141e+00
1.201116794605592952e+00
1.175295486947478318e+00
1.152073729572294258e+00
1.131350318028543356e+00
1.112986547502303747e+00
1.096818913479157720e+00
1.082669598585467963e+00
1.070354874304421777e+00
1.059691616932049163e+00
1.050502173087195290e+00
1.042617821329845595e+00
1.035881070827441741e+00
1.030147021549781661e+00
1.025283987676240738e+00
1.021173560068275865e+00
1.017710257147858899e+00
1.014800887934174556e+00
1.012363727355403364e+00
1.010327582856683115e+00
1.008630813031051288e+00
1.007220343535329077e+00
1.006050712786735302e+00
1.005083169639442220e+00
1.004284837130639430e+00
1.003627950159597271e+00
1.003089170321857848e+00
1.002648977782920836e+00
1.002291137789468545e+00
1.002002237960605058e+00
1.001771291690287002e+00
1.001589402669972539e+00
1.001449485582601273e+00
1.001346038325955146e+00
1.001274961618939141e+00
1.001233422469671730e+00
1.001219758697428519e+00
1.001233422469671730e+00
1.001274961618939141e+00
1.001346038325955146e+00
1.001449485582601273e+00
1.001589402669972539e+00
1.001771291690287002e+00
1.002002237960605058e+00
1.002291137789468545e+00
1.002648977782920836e+00
1.003089170321857848e+00
1.003627950159597271e+00
1.004284837130639430e+00
1.005083169639442220e+00
1.006050712786735302e+00
1.007220343535329077e+00
1.008630813031051288e+00
1.010327582856683115e+00
1.012363727355403586e+00
1.014800887934174112e+00
1.017710257147858899e+00
1.021173560068275865e+00
1.025283987676240738e+00
1.030147021549781439e+00
1.035881070827441741e+00
1.042617821329845818e+00
1.050502173087195290e+00
1.059691616932049163e+00
1.070354874304421777e+00
1.082669598585467741e+00
1.096818913479157498e+00
1.112986547502303747e+00
1.131350318028542024e+00
1.152073729572293814e+00
1.175295486947478096e+00
1.201116794605592508e+00
1.229586431172594585e+00
1.260683767268291344e+00
1.294300149996221894e+00
1.330219421087118326e+00
1.368098769903853817e+00
1.407451627998936639e+00
1.447634829185809657e+00
1.487842664755944400e+00
1.527110547663382389e+00
1.564330462302599090e+00
1.598278878350608334e+00
1.627655125177460027e+00
1.651124564681547779e+00
1.667357363577652185e+00
1.675052671038150365e+00
1.672943214749430529e+00
1.659790271561983666e+00
1.634403750194779459e+00
1.595748735946615149e+00
1.543209285977250600e+00
1.477047181472214366e+00
1.399002590883603014e+00
1.312853290096245518e+00
1.224639934781402983e+00
1.142252181385543297e+00
1.074181828940814265e+00
1.027416639787793740e+00
1.004536951651175958e+00
1.000000000000000000e+00
