1.000000000000000000e+00
7.434708625951718108e-01
7.845057538799159458e-01
9.763194961927664783e-01
1.170642820113482863e+00
1.314283687639443254e+00
1.412432659284176273e+00
1.482454988438658194e+00
1.534346481668763973e+00
1.570912900448253824e+00
1.593206562415554028e+00
1.603625655724858490e+00
1.605847923642525377e+00
1.603366995593321409e+00
1.598265092521393038e+00
1.590952010086956081e+00
1.580817281788863049e+00
1.567292097515501359e+00
1.550725494534881843e+00
1.532683464069457768e+00
1.515618207988075339e+00
1.502138900636726948e+00
1.494231049302205738e+00
1.492716624753434473e+00
1.497094703727547493e+00
1.505741417613539967e+00
1.516340658091295923e+00
1.526383862878390563e+00
1.533604601470760498e+00
1.536271361135718827e+00
1.533320635384497921e+00
1.524354172617624625e+00
1.509544044591042633e+00
1.489490985187388095e+00
1.465072657608512241e+00
1.437306006258500801e+00
1.407236162035231608e+00
1.375855582796841947e+00
1.344051585789836301e+00
1.312577627593506380e+00
1.282042785458874290e+00
1.252914123898009935e+00
1.225527414241168289e+00
1.200102637947138229e+00
1.176761635714844934e+00
1.155546065342546225e+00
1.136434471385157963e+00
1.119357754740661237e+00
1.104212682050097039e+00
1.090873319330985636e+00
1.079200436364170734e+00
1.069049029153972485e+00
1.060274164262189567e+00
1.052735374132278912e+00
1.046299836623297619e+00
1.040844562264652495e+00
1.036257794641339380e+00
1.032439806724482656e+00
1.029303251610779624e+00
1.026773201878745212e+00
1.024786988787953712e+00
1.023293931508959531e+00
1.022255027765309743e+00
1.021642660703134586e+00
1.021440362285582104e+00
1.021642660702925198e+00
1.022255027764880309e+00
1.023293931508296728e+00
1.024786988787035558e+00
1.026773201877539510e+00
1.029303251609245073e+00
1.032439806722574627e+00
1.036257794638996588e+00
1.040844562261814099e+00
1.046299836619882573e+00
1.052735374128207946e+00
1.060274164257377194e+00
1.069049029148316343e+00
1.079200436357565573e+00
1.090873319323312218e+00
1.104212682041232352e+00
1.119357754730460064e+00
1.136434471373460209e+00
1.155546065329142724e+00
1.176761635699473008e+00
1.200102637929423510e+00
1.225527414220576761e+00
1.252914123873759333e+00
1.282042785429786225e+00
1.312577627557821813e+00
1.344051585744918897e+00
1.375855582738815475e+00
1.407236161958451692e+00
1.437306006154867255e+00
1.465072657466590433e+00
1.489490984991339806e+00
1.509544044319351297e+00
1.524354172241696670e+00
1.533320634867229471e+00
1.536271360430197186e+00
1.533604600519337779e+00
1.526383861612241155e+00
1.516340656430581690e+00
1.505741415467860556e+00
1.497094700996073779e+00
1.492716621323595172e+00
1.494231045045809836e+00
1.502138895402953978e+00
1.515618201594352898e+00
1.532683456293574054e+00
1.550725485113773061e+00
1.567292086156429676e+00
1.580817268195706005e+00
1.590951993998458214e+00
1.598265073752580756e+00
1.603366974070609352e+00
1.605847899429696080e+00
1.603625629046531609e+00
1.593206533686692739e+00
1.570912870305793962e+00
1.534346450983395949e+00
1.482454958280961854e+00
1.412432630840723791e+00
1.314283662100180550e+00
1.170642798553020558e+00
9.763194794584721947e-01
7.845057425193131539e-01
7.434708568731963618e-01
1.000000000000000000e+00
