1.000000000000000000e+00
8.676269308186490559e-01
8.572527358732942027e-01
9.579223372297649419e-01
1.114106670298580237e+00
1.273638762696646554e+00
1.405517955778806227e+00
1.499722052873711409e+00
1.559411057159981961e+00
1.592706574923340224e+00
1.607497672710519687e+00
1.609626916995090973e+00
1.603186578440623400e+00
1.591443385193324511e+00
1.577460306878173180e+00
1.564149184332993769e+00
1.553924746935118506e+00
1.548276660254171322e+00
1.547516370251215356e+00
1.550808420559673051e+00
1.556455704730520306e+00
1.562324962975237597e+00
1.566281861033812950e+00
1.566536125138901170e+00
1.561848423003576292e+00
1.551598050705131682e+00
1.535741109141909311e+00
1.514700700898200081e+00
1.489228414962076918e+00
1.460266678731324763e+00
1.428830053220819574e+00
1.395913611146012645e+00
1.362429502757059208e+00
1.329168678664612635e+00
1.296782873510776257e+00
1.265781589960721210e+00
1.236539298286131849e+00
1.209308911299034506e+00
1.184238516345732073e+00
1.161389191069418292e+00
1.140752433067314886e+00
1.122266282703016316e+00
1.105829626429568391e+00
1.091314458394291087e+00
1.078576075743332918e+00
1.067461310393615026e+00
1.057814975736963925e+00
1.049484745522581308e+00
1.042324695334756912e+00
1.036197733142560473e+00
1.030977130640759354e+00
1.026547346116123194e+00
1.022804305647521783e+00
1.019655284872830414e+00
1.017018509867791742e+00
1.014822573847976583e+00
1.013005746968594911e+00
1.011515239692580836e+00
1.010306466043035201e+00
1.009342341422394318e+00
1.008592640347068636e+00
1.008033432140116092e+00
1.007646607051126075e+00
1.007419501132731154e+00
1.007344625208140387e+00
1.007419501135966344e+00
1.007646607057761656e+00
1.008033432150496012e+00
1.008592640361718251e+00
1.009342341442064139e+00
1.010306466068722431e+00
1.011515239725586657e+00
1.013005747010581103e+00
1.014822573901054792e+00
1.017018509934613624e+00
1.019655284956724195e+00
1.022804305752657017e+00
1.026547346247702830e+00
1.030977130805284636e+00
1.036197733348142247e+00
1.042324695591525519e+00
1.049484745843186406e+00
1.057814976137214202e+00
1.067461310893287774e+00
1.078576076367194991e+00
1.091314459173405416e+00
1.105829627402961757e+00
1.122266283919808094e+00
1.140752434589462627e+00
1.161389192975241125e+00
1.184238518734467283e+00
1.209308914296740367e+00
1.236539302053314637e+00
1.265781594702221513e+00
1.296782879488548978e+00
1.329168686214228456e+00
1.362429512308860557e+00
1.395913623252128311e+00
1.428830068589234781e+00
1.460266698268366969e+00
1.489228439824405781e+00
1.514700732554936202e+00
1.535741149446605336e+00
1.551598101975600663e+00
1.561848488105272104e+00
1.566536207564337202e+00
1.566281964966783846e+00
1.562325093324764325e+00
1.556455867116014247e+00
1.550808621226443806e+00
1.547516615894016567e+00
1.548276957725813308e+00
1.553925102816892112e+00
1.564149604345713707e+00
1.577460795121932824e+00
1.591443943229411628e+00
1.603187204277509048e+00
1.609627604110118071e+00
1.607498409310162746e+00
1.592707343682544519e+00
1.559411835650158062e+00
1.499722814775759305e+00
1.405518672800319502e+00
1.273639406910437311e+00
1.114107216452310922e+00
9.579227645319946527e-01
8.572530289275743787e-01
8.676270797282007452e-01
1.000000000000000000e+00
