1.000000000000000000e+00
9.463813077961631404e-01
9.486503877842685784e-01
1.013255903992412277e+00
1.121634987993419541e+00
1.247306815497575272e+00
1.366543815009633178e+00
1.463701881844210684e+00
1.532365828765850368e+00
1.573709603990683270e+00
1.593573735867831909e+00
1.599509988757272350e+00
1.598539474996198084e+00
1.595865937456461214e+00
1.594448018471413597e+00
1.595183992679764184e+00
1.597440166345037049e+00
1.599695409284907610e+00
1.600139009459873307e+00
1.597127194672044004e+00
1.589464063829279183e+00
1.576517888753128371e+00
1.558210309421290907e+00
1.534925030595901907e+00
1.507378974582504583e+00
1.476488418382573720e+00
1.443250545262629192e+00
1.408650298294989778e+00
1.373594806158997095e+00
1.338873028100924012e+00
1.305136043868858176e+00
1.272892823317363753e+00
1.242516661782762322e+00
1.214258257200084401e+00
1.188262313779226753e+00
1.164585410132913168e+00
1.143213589680322162e+00
1.124078698222888528e+00
1.107072917752069285e+00
1.092061249008822399e+00
1.078891902908363232e+00
1.067404695527046865e+00
1.057437622078764239e+00
1.048831827418106988e+00
1.041435205823090682e+00
1.035104859970247260e+00
1.029708634679888712e+00
1.025125919974174460e+00
1.021247893699355425e+00
1.017977348826568429e+00
1.015228226186867699e+00
1.012924950845952354e+00
1.011001650169673471e+00
1.009401314136436856e+00
1.008074943653902045e+00
1.006980720417468778e+00
1.006083221995470289e+00
1.005352698076796392e+00
1.004764417887921812e+00
1.004298094396625984e+00
1.003937387804709314e+00
1.003669488751693706e+00
1.003484780394491072e+00
1.003376577910957135e+00
1.003340943842717214e+00
1.003376577910957135e+00
1.003484780394491072e+00
1.003669488751693706e+00
1.003937387804709314e+00
1.004298094396625984e+00
1.004764417887921812e+00
1.005352698076796392e+00
1.006083221995470289e+00
1.006980720417469000e+00
1.008074943653902267e+00
1.009401314136436634e+00
1.011001650169673693e+00
1.012924950845952576e+00
1.015228226186867921e+00
1.017977348826568207e+00
1.021247893699355869e+00
1.025125919974174238e+00
1.029708634679889157e+00
1.035104859970247038e+00
1.041435205823090682e+00
1.048831827418107432e+00
1.057437622078764905e+00
1.067404695527047753e+00
1.078891902908363676e+00
1.092061249008822399e+00
1.107072917752070618e+00
1.124078698222890527e+00
1.143213589680325493e+00
1.164585410132915166e+00
1.188262313779228974e+00
1.214258257200087954e+00
1.242516661782764986e+00
1.272892823317370636e+00
1.305136043868865947e+00
1.338873028100933116e+00
1.373594806159010195e+00
1.408650298295004211e+00
1.443250545262648510e+00
1.476488418382596368e+00
1.507378974582533671e+00
1.534925030595938100e+00
1.558210309421335982e+00
1.576517888753186103e+00
1.589464063829350460e+00
1.597127194672130157e+00
1.600139009459979222e+00
1.599695409285034620e+00
1.597440166345189816e+00
1.595183992679944041e+00
1.594448018471623429e+00
1.595865937456703909e+00
1.598539474996470755e+00
1.599509988757570556e+00
1.593573735868152541e+00
1.573709603991016337e+00
1.532365828766191651e+00
1.463701881844543973e+00
1.366543815009946261e+00
1.247306815497857491e+00
1.121634987993659793e+00
1.013255903992598572e+00
9.486503877843962540e-01
9.463813077962269782e-01
1.000000000000000000e+00
