1.000000000000000000e+00
9.088304040105823489e-01
9.002115345336160201e-01
9.770379341663854023e-01
1.107514387975015335e+00
1.253582667290446873e+00
1.385654923279909578e+00
1.487430008133288295e+00
1.554593662939766752e+00
1.590838183901740699e+00
1.603721801793011048e+00
1.601632685162902581e+00
1.592054444287645198e+00
1.580787482594067095e+00
1.571713291468477491e+00
1.566841491217280113e+00
1.566532833893323762e+00
1.569858664377415725e+00
1.575053632493532474e+00
1.579993562539137253e+00
1.582621575109443235e+00
1.581262844487635988e+00
1.574801817722522923e+00
1.562729500071039945e+00
1.545091272604312005e+00
1.522374341588537572e+00
1.495371083894498243e+00
1.465045433142546205e+00
1.432418782545088032e+00
1.398482660293386415e+00
1.364138893015057086e+00
1.330164131505470859e+00
1.297193898860513617e+00
1.265721019208823739e+00
1.236103774262679922e+00
1.208579968725986165e+00
1.183283987643884760e+00
1.160264752344538408e+00
1.139503165648395377e+00
1.120928170084027675e+00
1.104430938316384836e+00
1.089876995830857620e+00
1.077116266474957174e+00
1.065991153653166545e+00
1.056342841962518042e+00
1.048016040198784360e+00
1.040862397967865949e+00
1.034742822886353997e+00
1.029528909686096672e+00
1.025103670926557298e+00
1.021361734670426680e+00
1.018209149624610177e+00
1.015562914383621340e+00
1.013350325469459801e+00
1.011508219361640482e+00
1.009982166870491804e+00
1.008725664033446323e+00
1.007699352072943588e+00
1.006870289625327208e+00
1.006211293165292009e+00
1.005700356026787645e+00
1.005320152377776388e+00
1.005057629678285380e+00
1.004903691295070178e+00
1.004852969844426624e+00
1.004903691290913059e+00
1.005057629669761976e+00
1.005320152364455488e+00
1.005700356007994678e+00
1.006211293140083063e+00
1.006870289592438628e+00
1.007699352030734463e+00
1.008725663979818998e+00
1.009982166802798398e+00
1.011508219276551879e+00
1.013350325362815552e+00
1.015562914250233817e+00
1.018209149458021434e+00
1.021361734462608029e+00
1.025103670667537825e+00
1.029528909363496947e+00
1.034742822484808089e+00
1.040862397468304001e+00
1.048016039577533309e+00
1.056342841190182069e+00
1.065991152693226862e+00
1.077116265282009877e+00
1.089876994348405459e+00
1.104430936474049219e+00
1.120928167794020824e+00
1.139503162801059899e+00
1.160264748802673163e+00
1.183283983235530190e+00
1.208579963235227650e+00
1.236103767417930710e+00
1.265721010667894220e+00
1.297193888191616074e+00
1.330164118163179365e+00
1.364138876309982651e+00
1.398482639354361678e+00
1.432418756272491711e+00
1.465045400151695043e+00
1.495371042448603083e+00
1.522374289521773782e+00
1.545091207237576425e+00
1.562729418125870184e+00
1.574801715242851730e+00
1.581262716784292310e+00
1.582621416748206222e+00
1.579993367398658588e+00
1.575053393923056211e+00
1.569858375484251445e+00
1.566532487984956701e+00
1.566841082411918773e+00
1.571712815470448721e+00
1.580786937605978659e+00
1.592053831997676694e+00
1.601632011700417468e+00
1.603721078489717122e+00
1.590837427641364155e+00
1.554592895857984214e+00
1.487429256489046558e+00
1.385654215498697273e+00
1.253582031460468205e+00
1.107513849342453449e+00
9.770375132461437406e-01
9.002112462219860056e-01
9.088302576550137957e-01
1.000000000000000000e+00
