1.000000000000000000e+00
1.065389322865227584e+00
1.130143403688776971e+00
1.193037483214818506e+00
1.252323368314755658e+00
1.305947003035238030e+00
1.351857256228381043e+00
1.388327811509671106e+00
1.414215980431489550e+00
1.429105784158663628e+00
1.433318913369066916e+00
1.427812198952494338e+00
1.414002611864695336e+00
1.393566527374963115e+00
1.368252197633229805e+00
1.339729845732530622e+00
1.309488963670057515e+00
1.278781173275540306e+00
1.248600559259105625e+00
1.219691051442790108e+00
1.192570838476836093e+00
1.167565590972032830e+00
1.144844480724015900e+00
1.124455039135310086e+00
1.106354555114574589e+00
1.090436921292814443e+00
1.076554647255833830e+00
1.064536255187565450e+00
1.054199543715703014e+00
1.045361323265888931e+00
1.037844246988613772e+00
1.031481325453071474e+00
1.026118648041466797e+00
1.021616756953042549e+00
1.017851041758969455e+00
1.014711449715617553e+00
1.012101742661563941e+00
1.009938476460004786e+00
1.008149833584386146e+00
1.006674402888113384e+00
1.005459971820692244e+00
1.004462374202854225e+00
1.003644420013788396e+00
1.002974921422312926e+00
1.002427820582800333e+00
1.001981418724394057e+00
1.001617702133302812e+00
1.001321758231208614e+00
1.001081273667172367e+00
1.000886105838423967e+00
1.000727919287015544e+00
1.000599878797617803e+00
1.000496391609808855e+00
1.000412891857736630e+00
1.000345661093050342e+00
1.000291679487474772e+00
1.000248503020526147e+00
1.000214162618332292e+00
1.000187081813119327e+00
1.000166010037080611e+00
1.000149969150706086e+00
1.000138211238310593e+00
1.000130186088555417e+00
1.000125517121571939e+00
1.000123984834553559e+00
1.000125517121571939e+00
1.000130186088555417e+00
1.000138211238310593e+00
1.000149969150706086e+00
1.000166010037080611e+00
1.000187081813119327e+00
1.000214162618332292e+00
1.000248503020526147e+00
1.000291679487474772e+00
1.000345661093050342e+00
1.000412891857736630e+00
1.000496391609808855e+00
1.000599878797617803e+00
1.000727919287015544e+00
1.000886105838423967e+00
1.001081273667172367e+00
1.001321758231208614e+00
1.001617702133302812e+00
1.001981418724394057e+00
1.002427820582800333e+00
1.002974921422312926e+00
1.003644420013788396e+00
1.004462374202854225e+00
1.005459971820692244e+00
1.006674402888113384e+00
1.008149833584386146e+00
1.009938476460004786e+00
1.012101742661563941e+00
1.014711449715617553e+00
1.017851041758969233e+00
1.021616756953042549e+00
1.026118648041466574e+00
1.031481325453071474e+00
1.037844246988613772e+00
1.045361323265888931e+00
1.054199543715703236e+00
1.064536255187565228e+00
1.076554647255834274e+00
1.090436921292814221e+00
1.106354555114574589e+00
1.124455039135309864e+00
1.144844480724015900e+00
1.167565590972033496e+00
1.192570838476835648e+00
1.219691051442789664e+00
1.248600559259105847e+00
1.278781173275540528e+00
1.309488963670057071e+00
1.339729845732529956e+00
1.368252197633228695e+00
1.393566527374963337e+00
1.414002611864694892e+00
1.427812198952493228e+00
1.433318913369066694e+00
1.429105784158663850e+00
1.414215980431488662e+00
1.388327811509670218e+00
1.351857256228380821e+00
1.305947003035238696e+00
1.252323368314755658e+00
1.193037483214818062e+00
1.130143403688777193e+00
1.065389322865227362e+00
1.000000000000000000e+00
