1.000000000000000000e+00
7.555893162991373924e-01
7.872715233030174176e-01
9.709022944828745727e-01
1.166151195446023525e+00
1.314470738601267508e+00
1.415216545984766316e+00
1.484579150959908223e+00
1.534382039683332755e+00
1.569404964299491390e+00
1.591547566307471850e+00
1.603025757692069897e+00
1.606796777519612585e+00
1.605508844021237724e+00
1.600590279318316655e+00
1.592233028015238805e+00
1.580142403956809494e+00
1.564479165041498865e+00
1.546440177208948885e+00
1.528226413217834478e+00
1.512491368567437267e+00
1.501574100893661168e+00
1.496845644821204413e+00
1.498383122878317542e+00
1.505021801505614931e+00
1.514699685337056900e+00
1.524942111410853451e+00
1.533335933486674962e+00
1.537889774961299860e+00
1.537237326398491977e+00
1.530691064872012008e+00
1.518183353638723698e+00
1.500141065760380865e+00
1.477335030067533195e+00
1.450734145775619766e+00
1.421381618196249752e+00
1.390300567102963569e+00
1.358429297301247507e+00
1.326582583343955513e+00
1.295433659860272479e+00
1.265511407912297992e+00
1.237207816363881330e+00
1.210791712017516675e+00
1.186425714332901116e+00
1.164184236419004037e+00
1.144071067025860700e+00
1.126035620909918045e+00
1.109987353518679720e+00
1.095808125506850361e+00
1.083362498960538378e+00
1.072506073276145999e+00
1.063092043253110353e+00
1.054976199919936519e+00
1.048020607230056633e+00
1.042096183511769691e+00
1.037084401685671731e+00
1.032878301313004954e+00
1.029382981739807468e+00
1.026515721187166497e+00
1.024205843080101541e+00
1.022394429104972691e+00
1.021033958904151939e+00
1.020087939104609376e+00
1.019530569449488278e+00
1.019346480911161867e+00
1.019530569449303536e+00
1.020087939104231678e+00
1.021033958903567740e+00
1.022394429104164448e+00
1.024205843079039946e+00
1.026515721185815799e+00
1.029382981738126812e+00
1.032878301310941938e+00
1.037084401683173507e+00
1.042096183508764318e+00
1.048020607226473055e+00
1.054976199915700130e+00
1.063092043248129004e+00
1.072506073270326210e+00
1.083362498953769348e+00
1.095808125499016183e+00
1.109987353509639840e+00
1.126035620899506817e+00
1.144071067013853638e+00
1.164184236405112260e+00
1.186425714316701630e+00
1.210791711998392195e+00
1.237207816340923916e+00
1.265511407884142514e+00
1.295433659824884121e+00
1.326582583298298923e+00
1.358429297240881350e+00
1.390300567021435452e+00
1.421381618084326393e+00
1.450734145620279358e+00
1.477335029850734172e+00
1.500141065457567091e+00
1.518183353217152032e+00
1.530691064288988601e+00
1.537237325599696280e+00
1.537889773879489885e+00
1.533335932040934546e+00
1.524942109506611798e+00
1.514699682866671004e+00
1.505021798348939566e+00
1.498383118902095523e+00
1.496845639875859835e+00
1.501574094806477966e+00
1.512491361132617840e+00
1.528226404186554532e+00
1.546440166285318218e+00
1.564479151891567943e+00
1.580142388235539874e+00
1.592233009410188416e+00
1.600590257601350652e+00
1.605508819096214790e+00
1.606796749458701212e+00
1.603025726763791958e+00
1.591547533004979753e+00
1.569404929368483526e+00
1.534382004130772748e+00
1.484579116017808120e+00
1.415216513021230638e+00
1.314470708995505666e+00
1.166151170448424423e+00
9.709022750794381595e-01
7.872715101295830742e-01
7.555893096635701855e-01
1.000000000000000000e+00
