1.000000000000000000e+00
7.399207217339395237e-01
7.838872356344459558e-01
9.779839893153916552e-01
1.171824304085787860e+00
1.314055215645401731e+00
1.411546285965566749e+00
1.481846080751202166e+00
1.534348390902285919e+00
1.571332473665708385e+00
1.593670548906121587e+00
1.603821536877057197e+00
1.605626338369688488e+00
1.602776698789195597e+00
1.597539483864879539e+00
1.590428806375049353e+00
1.580801168510008514e+00
1.567916374376031374e+00
1.551879223785676443e+00
1.534037271853840645e+00
1.516732745216565759e+00
1.502606374033804482e+00
1.493795445105559949e+00
1.491336671116086920e+00
1.494940901875438488e+00
1.503141417887847497e+00
1.513698873974070436e+00
1.524101157914821592e+00
1.532016139437603286e+00
1.535610494247887647e+00
1.533708062671568007e+00
1.525806419058214791e+00
1.511993587457801214e+00
1.492811048791929274e+00
1.469101564057427201e+00
1.441868039884272035e+00
1.412157632597929036e+00
1.380975965947820461e+00
1.349230304930278512e+00
1.317697340074163392e+00
1.287010084188406012e+00
1.257658475897797334e+00
1.229999009526000497e+00
1.204269663386992040e+00
1.180607344329672959e+00
1.159065892022220101e+00
1.139633353033201235e+00
1.122247743843252765e+00
1.106810893606636093e+00
1.093200217686434161e+00
1.081278446938466642e+00
1.070901447214911872e+00
1.061924326248518069e+00
1.054206054700113748e+00
1.047612835133746811e+00
1.042020444798393841e+00
1.037315761048304141e+00
1.033397656142829524e+00
1.030177423933051228e+00
1.027578876542492914e+00
1.025538225853193319e+00
1.024003843152771154e+00
1.022935971019207635e+00
1.022306444457757868e+00
1.022098463285489478e+00
1.022306444457535601e+00
1.022935971018751111e+00
1.024003843152065718e+00
1.025538225852215435e+00
1.027578876541208164e+00
1.030177423931414982e+00
1.033397656140791598e+00
1.037315761045797702e+00
1.042020444795352940e+00
1.047612835130081743e+00
1.054206054695734807e+00
1.061924326243327998e+00
1.070901447208795876e+00
1.081278446931300152e+00
1.093200217678077513e+00
1.106810893596942513e+00
1.122247743832049061e+00
1.139633353020289119e+00
1.159065892007349996e+00
1.180607344312531559e+00
1.204269663367145249e+00
1.229999009502842799e+00
1.257658475870461867e+00
1.287010084155614242e+00
1.317697340034035713e+00
1.349230304880037146e+00
1.380975965883423529e+00
1.412157632513539429e+00
1.441868039771567300e+00
1.469101563904722241e+00
1.492811048583100320e+00
1.511993587171023057e+00
1.525806418664555908e+00
1.533708062133564143e+00
1.535610493518227537e+00
1.532016138458172971e+00
1.524101156616183284e+00
1.513698872275492047e+00
1.503141415697528682e+00
1.494940899090343445e+00
1.491336667620291045e+00
1.493795440766101157e+00
1.502606368693613748e+00
1.516732738685656612e+00
1.534037263902167325e+00
1.551879214142972252e+00
1.567916362744001146e+00
1.580801154589102309e+00
1.590428789902383677e+00
1.597539464654714525e+00
1.602776676767366126e+00
1.605626313600167387e+00
1.603821509587543881e+00
1.593670519520233420e+00
1.571332442836139487e+00
1.534348359521807481e+00
1.481846049915907182e+00
1.411546256887282746e+00
1.314055189536323498e+00
1.171824282039319653e+00
9.779839721957449550e-01
7.838872240051012463e-01
7.399207158735121581e-01
1.000000000000000000e+00
