1.000000000000000000e+00
8.450430039487040190e-01
8.383164659698481014e-01
9.555956704928704193e-01
1.124776666533517488e+00
1.286776720347298619e+00
1.412716925833749748e+00
1.498432776458575644e+00
1.552124440747219003e+00
1.584176118170718128e+00
1.602114631477410844e+00
1.609865324353030092e+00
1.609157369848258634e+00
1.601250849526670628e+00
1.588017480566419115e+00
1.572153277764097412e+00
1.556739866853326104e+00
1.544532716374454440e+00
1.537326847777293892e+00
1.535619876716253218e+00
1.538633412328021199e+00
1.544624136716238993e+00
1.551346626313823585e+00
1.556523948333635277e+00
1.558220470426213478e+00
1.555066962956461962e+00
1.546337898815128842e+00
1.531912599773536332e+00
1.512163976545658928e+00
1.487816094404806888e+00
1.459801634204657583e+00
1.429138309846487154e+00
1.396832936238373346e+00
1.363814490555754100e+00
1.330893170041297591e+00
1.298740470925192625e+00
1.267884899074007921e+00
1.238718388728980324e+00
1.211509361488116276e+00
1.186419300148350287e+00
1.163520579519002007e+00
1.142814020470355185e+00
1.124245200045948634e+00
1.107718972386408485e+00
1.093111956163195009e+00
1.080282949662222380e+00
1.069081367643196501e+00
1.059353873790773282e+00
1.050949424128176490e+00
1.043722951814492150e+00
1.037537921039942912e+00
1.032267963744975869e+00
1.027797792344325334e+00
1.024023557921293737e+00
1.020852798835999886e+00
1.018204100954150704e+00
1.016006568756451678e+00
1.014199187003304470e+00
1.012730135658166608e+00
1.011556106442517144e+00
1.010641657580001018e+00
1.009958633761813607e+00
1.009485670847860561e+00
1.009207798996906602e+00
1.009116153474500344e+00
1.009207799000044758e+00
1.009485670854297634e+00
1.009958633771882663e+00
1.010641657594213427e+00
1.011556106461601878e+00
1.012730135683093335e+00
1.014199187035337513e+00
1.016006568797208409e+00
1.018204101005684814e+00
1.020852798900888425e+00
1.024023558002778334e+00
1.027797792446467406e+00
1.032267963872843808e+00
1.037537921199871205e+00
1.043722952014388694e+00
1.050949424377923380e+00
1.059353874102712423e+00
1.069081368032764434e+00
1.080282950148738097e+00
1.093111956770863591e+00
1.107718973145606300e+00
1.124245200994859140e+00
1.142814021657068801e+00
1.163520581004211740e+00
1.186419302008828724e+00
1.211509363821197782e+00
1.238718391658385931e+00
1.267884902757358212e+00
1.298740475563760377e+00
1.330893175892598812e+00
1.363814497949806359e+00
1.396832945598522890e+00
1.429138321715961002e+00
1.459801649280005220e+00
1.487816113577494992e+00
1.512164000952842535e+00
1.531912630858502489e+00
1.546337938397037259e+00
1.555067013307319668e+00
1.558220534350850395e+00
1.556524029245453633e+00
1.551346728295722066e+00
1.544624264552721060e+00
1.538633571491439422e+00
1.535620073287869092e+00
1.537327088281920329e+00
1.544533007505588529e+00
1.556740215063650234e+00
1.572153688696630969e+00
1.588017958310261379e+00
1.601251395707607328e+00
1.609157982615539328e+00
1.609865997396338289e+00
1.602115353281124088e+00
1.584176871749489734e+00
1.552125204072657416e+00
1.498433523668537548e+00
1.412717629134449204e+00
1.286777352317743039e+00
1.124777202384441344e+00
9.555960898022819450e-01
8.383167535895152955e-01
8.450431501154762604e-01
1.000000000000000000e+00
