1.000000000000000000e+00
1.037345378845631494e+00
1.074195682209714731e+00
1.109810211965302162e+00
1.143225203304827797e+00
1.173353236743107209e+00
1.199127664141557359e+00
1.219654298288578520e+00
1.234335225853377960e+00
1.242940491117560997e+00
1.245618961392676693e+00
1.242854769452307107e+00
1.235386082828433985e+00
1.224106781080676276e+00
1.209969683019487929e+00
1.193904538798845394e+00
1.176757602406078407e+00
1.159254073545004315e+00
1.141980924801532460e+00
1.125385688336651091e+00
1.109786285052567933e+00
1.095387412745310929e+00
1.082299895713880966e+00
1.070560398472525820e+00
1.060149821567630823e+00
1.051009437572819394e+00
1.043054370082028282e+00
1.036184386110809985e+00
1.030292196849190711e+00
1.025269579983121737e+00
1.021011681668152704e+00
1.017419854093798204e+00
1.014403355117242445e+00
1.011880193491348834e+00
1.009777355890521200e+00
1.008030605859721929e+00
1.006584003091365531e+00
1.005389255500882761e+00
1.004404986777187148e+00
1.003595978142854506e+00
1.002932424346095308e+00
1.002389229657235425e+00
1.001945359072592634e+00
1.001583252306378791e+00
1.001288302831529142e+00
1.001048400667448934e+00
1.000853535359992330e+00
1.000695454299832088e+00
1.000567370901990882e+00
1.000463717009481446e+00
1.000379934029284490e+00
1.000312297643002113e+00
1.000257771374839511e+00
1.000213884787915175e+00
1.000178632577747528e+00
1.000150391313893827e+00
1.000127851032401649e+00
1.000109959294855022e+00
1.000095875701676462e+00
1.000084935177907308e+00
1.000076618641645876e+00
1.000070529922052254e+00
1.000066378019900171e+00
1.000063964003663486e+00
1.000063172012958246e+00
1.000063964003663486e+00
1.000066378019900171e+00
1.000070529922052254e+00
1.000076618641645876e+00
1.000084935177907308e+00
1.000095875701676462e+00
1.000109959294855022e+00
1.000127851032401649e+00
1.000150391313893827e+00
1.000178632577747528e+00
1.000213884787915175e+00
1.000257771374839511e+00
1.000312297643002113e+00
1.000379934029284490e+00
1.000463717009481446e+00
1.000567370901990882e+00
1.000695454299832088e+00
1.000853535359992330e+00
1.001048400667448934e+00
1.001288302831529142e+00
1.001583252306378791e+00
1.001945359072592634e+00
1.002389229657235425e+00
1.002932424346095308e+00
1.003595978142854506e+00
1.004404986777187148e+00
1.005389255500882761e+00
1.006584003091365531e+00
1.008030605859721929e+00
1.009777355890520978e+00
1.011880193491348834e+00
1.014403355117242445e+00
1.017419854093798204e+00
1.021011681668152704e+00
1.025269579983121515e+00
1.030292196849190711e+00
1.036184386110809763e+00
1.043054370082028504e+00
1.051009437572819172e+00
1.060149821567630823e+00
1.070560398472525598e+00
1.082299895713880522e+00
1.095387412745311373e+00
1.109786285052567489e+00
1.125385688336650869e+00
1.141980924801532238e+00
1.159254073545004537e+00
1.176757602406077963e+00
1.193904538798844728e+00
1.209969683019487041e+00
1.224106781080676054e+00
1.235386082828433096e+00
1.242854769452305996e+00
1.245618961392676249e+00
1.242940491117559887e+00
1.234335225853376850e+00
1.219654298288577410e+00
1.199127664141556915e+00
1.173353236743107431e+00
1.143225203304826687e+00
1.109810211965301496e+00
1.074195682209714953e+00
1.037345378845631272e+00
1.000000000000000000e+00
