1.000000000000000000e+00
1.046392503841528709e+00
1.092202454796493249e+00
1.136515662280142003e+00
1.178118420487726192e+00
1.215629178161517165e+00
1.247688861252386205e+00
1.273160183855908789e+00
1.291289196663005567e+00
1.301796916465143727e+00
1.304890120028014522e+00
1.301200888861284932e+00
1.291678211339931659e+00
1.277459485658841709e+00
1.259746422955200229e+00
1.239702024233568123e+00
1.218376554130290224e+00
1.196663211677836847e+00
1.175279532778916280e+00
1.154768383635407236e+00
1.135512087245084123e+00
1.117754012316577450e+00
1.101623218310582963e+00
1.087159073309680091e+00
1.074333917175597453e+00
1.063072743760465011e+00
1.053269518583400233e+00
1.044800168634768101e+00
1.037532528526587727e+00
1.031333650551875758e+00
1.026074926190228664e+00
1.021635454696167233e+00
1.017904053393090313e+00
1.014780249723495897e+00
1.012174537007269226e+00
1.010008120258092390e+00
1.008212328547753556e+00
1.006727827692405430e+00
1.005503731709621595e+00
1.004496683130456036e+00
1.003669950066702343e+00
1.002992571012154110e+00
1.002438565772309609e+00
1.001986221810849287e+00
1.001617458918292680e+00
1.001317270809455318e+00
1.001073239517784819e+00
1.000875116856620561e+00
1.000714466431928962e+00
1.000584359466484941e+00
1.000479117842966170e+00
1.000394098153811306e+00
1.000325511059319883e+00
1.000270270831923991e+00
1.000225870556604502e+00
1.000190279034032459e+00
1.000161855975553626e+00
1.000139282577362732e+00
1.000121505011112966e+00
1.000107688769441339e+00
1.000097182160248677e+00
1.000089487556840684e+00
1.000084239287695187e+00
1.000081187294841856e+00
1.000080185909645758e+00
1.000081187294841856e+00
1.000084239287695187e+00
1.000089487556840684e+00
1.000097182160248677e+00
1.000107688769441339e+00
1.000121505011112966e+00
1.000139282577362732e+00
1.000161855975553626e+00
1.000190279034032459e+00
1.000225870556604502e+00
1.000270270831923991e+00
1.000325511059319883e+00
1.000394098153811306e+00
1.000479117842966170e+00
1.000584359466484941e+00
1.000714466431928962e+00
1.000875116856620561e+00
1.001073239517784819e+00
1.001317270809455318e+00
1.001617458918292680e+00
1.001986221810849287e+00
1.002438565772309609e+00
1.002992571012154110e+00
1.003669950066702343e+00
1.004496683130456036e+00
1.005503731709621595e+00
1.006727827692405430e+00
1.008212328547753556e+00
1.010008120258092390e+00
1.012174537007269004e+00
1.014780249723495897e+00
1.017904053393090313e+00
1.021635454696167233e+00
1.026074926190228664e+00
1.031333650551875758e+00
1.037532528526587727e+00
1.044800168634767878e+00
1.053269518583400455e+00
1.063072743760464789e+00
1.074333917175597453e+00
1.087159073309679869e+00
1.101623218310582963e+00
1.117754012316577894e+00
1.135512087245083901e+00
1.154768383635407014e+00
1.175279532778916280e+00
1.196663211677837069e+00
1.218376554130289557e+00
1.239702024233567457e+00
1.259746422955199563e+00
1.277459485658841709e+00
1.291678211339930771e+00
1.301200888861283822e+00
1.304890120028014078e+00
1.301796916465142617e+00
1.291289196663004235e+00
1.273160183855907901e+00
1.247688861252385539e+00
1.215629178161517610e+00
1.178118420487725304e+00
1.136515662280141337e+00
1.092202454796493472e+00
1.046392503841528487e+00
1.000000000000000000e+00
