1.000000000000000000e+00
7.760399204444846655e-01
7.944464710082393966e-01
9.633978433674782460e-01
1.157554529371341845e+00
1.312615523633759107e+00
1.418552129333189304e+00
1.488123623854631594e+00
1.535162492463713502e+00
1.567778479452387685e+00
1.589693492670973596e+00
1.602908438023732840e+00
1.608933059903448148e+00
1.608830059075713637e+00
1.603130932652784724e+00
1.592167645478616445e+00
1.576675502585533017e+00
1.558236532670428609e+00
1.539263550225676402e+00
1.522525963913161196e+00
1.510452854915632859e+00
1.504513325242064159e+00
1.504890399928006994e+00
1.510514950375101417e+00
1.519391062134779480e+00
1.529070519805066919e+00
1.537128371645317682e+00
1.541533023119611157e+00
1.540862845223811339e+00
1.534372345990665520e+00
1.521942369607539813e+00
1.503959792066720480e+00
1.481168549678237412e+00
1.454522910801752777e+00
1.425061533993204677e+00
1.393810424947866888e+00
1.361715643355179806e+00
1.329602409404514463e+00
1.298155409541582594e+00
1.267914784216209068e+00
1.239282810375416766e+00
1.212537185453566257e+00
1.187847782502679195e+00
1.165294623146968300e+00
1.144885542683703017e+00
1.126572588653249607e+00
1.110266615228071352e+00
1.095849835402013195e+00
1.083186297090266370e+00
1.072130381109164921e+00
1.062533497809852179e+00
1.054249200048695378e+00
1.047136944797495195e+00
1.041064732740084375e+00
1.035910841109728642e+00
1.031564844482280474e+00
1.027928094603242304e+00
1.024913805922084142e+00
1.022446869888024246e+00
1.020463499194511847e+00
1.018910783572819723e+00
1.017746221631425030e+00
1.016937278587073168e+00
1.016461007340148992e+00
1.016303759905485826e+00
1.016461007339994671e+00
1.016937278586758531e+00
1.017746221630937642e+00
1.018910783572143153e+00
1.020463499193623447e+00
1.022446869886889598e+00
1.024913805920667720e+00
1.027928094601496811e+00
1.031564844480159948e+00
1.035910841107163360e+00
1.041064732737007281e+00
1.047136944793831459e+00
1.054249200044350632e+00
1.062533497804723837e+00
1.072130381103124641e+00
1.083186297083170269e+00
1.095849835393676308e+00
1.110266615218262531e+00
1.126572588641649553e+00
1.144885542669885403e+00
1.165294623130321394e+00
1.187847782482332137e+00
1.212537185428256059e+00
1.239282810343305563e+00
1.267914784174624110e+00
1.298155409486633216e+00
1.329602409330615354e+00
1.361715643254343133e+00
1.393810424808796133e+00
1.425061533800106472e+00
1.454522910532847213e+00
1.481168549303916393e+00
1.503959791547424096e+00
1.521942368891393560e+00
1.534372345011100425e+00
1.540862843897447432e+00
1.541533021344689169e+00
1.537128369301085984e+00
1.529070516752132569e+00
1.519391058216118306e+00
1.510514945416682631e+00
1.504890393737423837e+00
1.504513317603486167e+00
1.510452845580502412e+00
1.522525952588605236e+00
1.539263536566181978e+00
1.558236516281245487e+00
1.576675483046135806e+00
1.592167622389662585e+00
1.603130905701340980e+00
1.608830028105827870e+00
1.608933024978189685e+00
1.602908399472178669e+00
1.589693451121929835e+00
1.567778435855222918e+00
1.535162448084900877e+00
1.488123580230809706e+00
1.418552088170785153e+00
1.312615486661306452e+00
1.157554498159553802e+00
9.633978191494864118e-01
7.944464545717792037e-01
7.760399121669383504e-01
1.000000000000000000e+00
