1.000000000000000000e+00
8.792033237680623170e-01
8.676535444934814212e-01
9.598538003966140542e-01
1.108300694272839282e+00
1.264951614904298305e+00
1.398513538673301637e+00
1.496341768046078435e+00
1.558925852995414418e+00
1.592975322325221654e+00
1.606425785122830074e+00
1.606137071538540573e+00
1.597505481560858032e+00
1.584833423796622176e+00
1.571654926203929215e+00
1.560748245509283372e+00
1.553935939742215888e+00
1.551895275333921687e+00
1.554146949593424809e+00
1.559267266716491740e+00
1.565262830227571955e+00
1.569996766145627110e+00
1.571561288458001693e+00
1.568530946735184228e+00
1.560078094282462580e+00
1.545968686890669241e+00
1.526475447153160525e+00
1.502248475723715337e+00
1.474176433430591793e+00
1.443260526681751532e+00
1.410512968475290840e+00
1.376883471313465890e+00
1.343212141697029072e+00
1.310204475762678067e+00
1.278423271448358323e+00
1.248292466201487150e+00
1.220108637108757499e+00
1.194056805444382974e+00
1.170228067045702147e+00
1.148637327883428316e+00
1.129240030444111920e+00
1.111947215849903303e+00
1.096638599289951221e+00
1.083173567011079808e+00
1.071400155331500459e+00
1.061162165995410245e+00
1.052304623846298304e+00
1.044677804804980736e+00
1.038140064000642182e+00
1.032559682703812154e+00
1.027815933651427649e+00
1.023799541192321749e+00
1.020412688069044505e+00
1.017568696398478245e+00
1.015191487693291705e+00
1.013214906274562344e+00
1.011581972509082217e+00
1.010244117057669699e+00
1.009160434666963146e+00
1.008296985788592615e+00
1.007626166214190988e+00
1.007126158688242956e+00
1.006780475811661191e+00
1.006577600191319588e+00
1.006510725455393329e+00
1.006577600187846366e+00
1.006780475804538000e+00
1.007126158677113192e+00
1.007626166198489104e+00
1.008296985767531684e+00
1.009160434639489345e+00
1.010244117022414123e+00
1.011581972464294710e+00
1.013214906218036226e+00
1.015191487622251421e+00
1.017568696309454790e+00
1.020412687957717557e+00
1.023799541053308282e+00
1.027815933478039456e+00
1.032559682487738772e+00
1.038140063731569640e+00
1.044677804470103499e+00
1.052304623429716868e+00
1.061162165477382180e+00
1.071400154687499162e+00
1.083173566210612782e+00
1.096638598295083700e+00
1.111947214613384860e+00
1.129240028907025906e+00
1.148637325972196921e+00
1.170228064668294099e+00
1.194056802485487845e+00
1.220108633423631073e+00
1.248292461608091264e+00
1.278423265717333335e+00
1.310204468604558192e+00
1.343212132745946752e+00
1.376883460106543611e+00
1.410512954426639487e+00
1.443260509050079410e+00
1.474176411279298771e+00
1.502248447872625903e+00
1.526475412121575559e+00
1.545968642832374895e+00
1.560078038915089449e+00
1.568530877268772050e+00
1.571561201531121554e+00
1.569996657781643101e+00
1.565262695828155026e+00
1.559267101113639198e+00
1.554146747183576593e+00
1.551895030317590018e+00
1.553935646488679323e+00
1.560747899058362753e+00
1.571654522905046258e+00
1.584832962067883821e+00
1.597504962724285216e+00
1.606136500647839416e+00
1.606425171646977068e+00
1.592974680496126449e+00
1.558925201600488863e+00
1.496341129490952992e+00
1.398512937295112168e+00
1.264951074770503725e+00
1.108300236955225504e+00
9.598534432960594831e-01
8.676533000923704053e-01
8.792031997786047270e-01
1.000000000000000000e+00
