1.000000000000000000e+00
1.000929008348416804e+00
1.022140171321645141e+00
1.069358199897608497e+00
1.139253635452153857e+00
1.223792754911004144e+00
1.313586492794483362e+00
1.400248888110547263e+00
1.477706473669737175e+00
1.542519680120602921e+00
1.593477354651601452e+00
1.630847272138090442e+00
1.655635026999440651e+00
1.669060711281218135e+00
1.672300446224990411e+00
1.666430390157014996e+00
1.652474079610325441e+00
1.631469829332581778e+00
1.604511599612807204e+00
1.572750463891781969e+00
1.537364448332063205e+00
1.499512120261609516e+00
1.460284380545962657e+00
1.420664268000319197e+00
1.381499497679028465e+00
1.343488513687697061e+00
1.307178429554826105e+00
1.272972132839954806e+00
1.241141628733620772e+00
1.211844998312527455e+00
1.185144864105018181e+00
1.161026811379264556e+00
1.139416715462806096e+00
1.120196336172281093e+00
1.103216854313219919e+00
1.088310251749577739e+00
1.075298590947299404e+00
1.064001347954734333e+00
1.054241008596810358e+00
1.045847162907469707e+00
1.038659336765145103e+00
1.032528789467007879e+00
1.027319486965633910e+00
1.022908436678775068e+00
1.019185544041190328e+00
1.016053125298824522e+00
1.013425186778872167e+00
1.011226558815470078e+00
1.009391953095730710e+00
1.007864995559071497e+00
1.006597273082679989e+00
1.005547420838779127e+00
1.004680268160882406e+00
1.003966053715716233e+00
1.003379715447467735e+00
1.002900256854355465e+00
1.002510188411698255e+00
1.002195041137130316e+00
1.001942948202477535e+00
1.001744289964656476e+00
1.001591397677592532e+00
1.001478311348088956e+00
1.001400587624935001e+00
1.001355154195248343e+00
1.001340207856113329e+00
1.001355154195248343e+00
1.001400587624935001e+00
1.001478311348088956e+00
1.001591397677592532e+00
1.001744289964656476e+00
1.001942948202477535e+00
1.002195041137130316e+00
1.002510188411698255e+00
1.002900256854355465e+00
1.003379715447467735e+00
1.003966053715716233e+00
1.004680268160882406e+00
1.005547420838779127e+00
1.006597273082679989e+00
1.007864995559071497e+00
1.009391953095730710e+00
1.011226558815470078e+00
1.013425186778872389e+00
1.016053125298824078e+00
1.019185544041190328e+00
1.022908436678775068e+00
1.027319486965633910e+00
1.032528789467007657e+00
1.038659336765145103e+00
1.045847162907469929e+00
1.054241008596810358e+00
1.064001347954734333e+00
1.075298590947299404e+00
1.088310251749577517e+00
1.103216854313219697e+00
1.120196336172280871e+00
1.139416715462804541e+00
1.161026811379264334e+00
1.185144864105017959e+00
1.211844998312527011e+00
1.241141628733621438e+00
1.272972132839954140e+00
1.307178429554826549e+00
1.343488513687696173e+00
1.381499497679028243e+00
1.420664268000318309e+00
1.460284380545962213e+00
1.499512120261610182e+00
1.537364448332063649e+00
1.572750463891779749e+00
1.604511599612807649e+00
1.631469829332580890e+00
1.652474079610323665e+00
1.666430390157012775e+00
1.672300446224986858e+00
1.669060711281217468e+00
1.655635026999439985e+00
1.630847272138088000e+00
1.593477354651598565e+00
1.542519680120599368e+00
1.477706473669734732e+00
1.400248888110543710e+00
1.313586492794480698e+00
1.223792754911002367e+00
1.139253635452152302e+00
1.069358199897606054e+00
1.022140171321642921e+00
1.000929008348414140e+00
1.000000000000000000e+00
