1.000000000000000000e+00
9.799167746540361490e-01
9.939331194014546789e-01
1.048472721166575861e+00
1.134335102454991917e+00
1.235823865686194178e+00
1.337222715775872484e+00
1.426760680072860721e+00
1.498198737439692119e+00
1.550450264231671316e+00
1.585980795064054538e+00
1.608846366200759270e+00
1.623052282860070417e+00
1.631572161058810311e+00
1.636040414393989728e+00
1.636930900177361536e+00
1.633975449782227196e+00
1.626614976325249096e+00
1.614356123075581628e+00
1.596985155032899284e+00
1.574646398567282279e+00
1.547820798390394437e+00
1.517246786616127441e+00
1.483819497752987715e+00
1.448493209124280812e+00
1.412200812616116075e+00
1.375795539845928284e+00
1.340014617710366007e+00
1.305461594958010396e+00
1.272602991744522072e+00
1.241774952349450123e+00
1.213196170575068900e+00
1.186984145462211426e+00
1.163172606635250572e+00
1.141728626614417319e+00
1.122568479873216285e+00
1.105571717961625566e+00
1.090593224652854243e+00
1.077473217221875279e+00
1.066045291102358572e+00
1.056142683664385462e+00
1.047602973488081846e+00
1.040271445742516843e+00
1.034003350800533072e+00
1.028665268494193930e+00
1.024135769176407695e+00
1.020305538402677126e+00
1.017077106957990917e+00
1.014364303723524818e+00
1.012091526510504602e+00
1.010192906049089068e+00
1.008611421053295043e+00
1.007298007709538812e+00
1.006210694926083171e+00
1.005313787012883653e+00
1.004577107865463059e+00
1.003975314915980910e+00
1.003487286807157153e+00
1.003095585676815116e+00
1.002785992875837806e+00
1.002547115674202960e+00
1.002370061863356643e+00
1.002248178993197181e+00
1.002176855168746661e+00
1.002153378779841786e+00
1.002176855168746661e+00
1.002248178993197181e+00
1.002370061863356643e+00
1.002547115674202960e+00
1.002785992875837806e+00
1.003095585676815116e+00
1.003487286807157153e+00
1.003975314915980910e+00
1.004577107865463059e+00
1.005313787012883653e+00
1.006210694926083171e+00
1.007298007709538812e+00
1.008611421053295043e+00
1.010192906049089068e+00
1.012091526510504602e+00
1.014364303723524818e+00
1.017077106957990917e+00
1.020305538402677348e+00
1.024135769176407029e+00
1.028665268494193930e+00
1.034003350800533294e+00
1.040271445742516843e+00
1.047602973488081846e+00
1.056142683664385684e+00
1.066045291102358128e+00
1.077473217221874835e+00
1.090593224652854243e+00
1.105571717961625788e+00
1.122568479873215841e+00
1.141728626614416875e+00
1.163172606635249906e+00
1.186984145462209206e+00
1.213196170575069122e+00
1.241774952349449679e+00
1.272602991744522072e+00
1.305461594958011284e+00
1.340014617710364897e+00
1.375795539845929172e+00
1.412200812616115186e+00
1.448493209124281034e+00
1.483819497752987493e+00
1.517246786616126553e+00
1.547820798390394881e+00
1.574646398567282501e+00
1.596985155032898396e+00
1.614356123075581184e+00
1.626614976325247319e+00
1.633975449782224976e+00
1.636930900177358206e+00
1.636040414393986175e+00
1.631572161058809201e+00
1.623052282860067974e+00
1.608846366200755051e+00
1.585980795064050319e+00
1.550450264231665765e+00
1.498198737439689010e+00
1.426760680072856280e+00
1.337222715775868931e+00
1.235823865686191514e+00
1.134335102454989919e+00
1.048472721166572752e+00
9.939331194014523474e-01
9.799167746540340396e-01
1.000000000000000000e+00
