1.000000000000000000e+00
7.640936805726438186e-01
7.898800887431308704e-01
9.675203323561348823e-01
1.162736446537111279e+00
1.314091997632942821e+00
1.416910045583475553e+00
1.486135743207054327e+00
1.534612295320886277e+00
1.568555657776464773e+00
1.590599112372667268e+00
1.602853084318792698e+00
1.607676963767665557e+00
1.607046969461625840e+00
1.601965719891064621e+00
1.592608826819039480e+00
1.579055577624307816e+00
1.562055592479865584e+00
1.543363729925334216e+00
1.525500090171648893e+00
1.511104134336312743e+00
1.502202226087524517e+00
1.499679478858592541e+00
1.503108565498003202e+00
1.510930261203657032e+00
1.520869025325726431e+00
1.530427114091063023e+00
1.537322425046709906e+00
1.539789924514967101e+00
1.536724760088788999e+00
1.527688022550854230e+00
1.512817470418269528e+00
1.492688579339343402e+00
1.468163197278103516e+00
1.440250807675941491e+00
1.409995633591498043e+00
1.378393818979098961e+00
1.346339177067852999e+00
1.314593017932363495e+00
1.283772547635735783e+00
1.254352494486563607e+00
1.226675371718385144e+00
1.200966741596349419e+00
1.177352781935859793e+00
1.155878266769978069e+00
1.136523723990807033e+00
1.119221027992656436e+00
1.103867045574445482e+00
1.090335204592742135e+00
1.078485022044515684e+00
1.068169732805451355e+00
1.059242219413266684e+00
1.051559470465589285e+00
1.044985800551933908e+00
1.039395055722497130e+00
1.034672010861635627e+00
1.030713142985467679e+00
1.027426940245691256e+00
1.024733882222235604e+00
1.022566204169577553e+00
1.020867536975900824e+00
1.019592496046670682e+00
1.018706276199886407e+00
1.018184295822562868e+00
1.018011921710354928e+00
1.018184295822415431e+00
1.018706276199585314e+00
1.019592496046205721e+00
1.020867536975257783e+00
1.022566204168735560e+00
1.024733882221168013e+00
1.027426940244367648e+00
1.030713142983851638e+00
1.034672010859692071e+00
1.039395055720175209e+00
1.044985800549189214e+00
1.051559470462377410e+00
1.059242219409533670e+00
1.068169732801147687e+00
1.078485022039583185e+00
1.090335204587127294e+00
1.103867045568084571e+00
1.119221027985470851e+00
1.136523723982680867e+00
1.155878266760745676e+00
1.177352781925250280e+00
1.200966741583927133e+00
1.226675371703454642e+00
1.254352494468020218e+00
1.283772547611855774e+00
1.314593017900482996e+00
1.346339177023978984e+00
1.378393818917313496e+00
1.409995633503200896e+00
1.440250807548859147e+00
1.468163197095064376e+00
1.492688579076779432e+00
1.512817470044543589e+00
1.527688022024473957e+00
1.536724759356717485e+00
1.539789923511331260e+00
1.537322423692102147e+00
1.530427112292753078e+00
1.520869022978629026e+00
1.510930258191546471e+00
1.503108561693808687e+00
1.499679474122188161e+00
1.502202220259647447e+00
1.511104127228627636e+00
1.525500081555605902e+00
1.543363719525598921e+00
1.562055579980012210e+00
1.579055562690904635e+00
1.592608809144336224e+00
1.601965699246289843e+00
1.607046945747756528e+00
1.607676937053583721e+00
1.602853054867110938e+00
1.590599080661457609e+00
1.568555624519708314e+00
1.534612261474213257e+00
1.486135709936606819e+00
1.416910014188443645e+00
1.314091969431705920e+00
1.162736422731240005e+00
9.675203138914820755e-01
7.898800762203458392e-01
7.640936742708080986e-01
1.000000000000000000e+00
