1.000000000000000000e+00
8.585123737148793177e-01
8.488301700243501280e-01
9.553570998790907876e-01
1.116374749366415120e+00
1.276902025987022737e+00
1.406538840540829005e+00
1.497438730550262553e+00
1.554762338806713107e+00
1.587591528493006887e+00
1.603700397779422415e+00
1.608140270701571950e+00
1.604012589615502193e+00
1.593761691362622024e+00
1.580001906273369450e+00
1.565621789328397906e+00
1.553369358609799633e+00
1.545280562549552039e+00
1.542259067757817181e+00
1.543963763169164727e+00
1.549004321875355306e+00
1.555340300293818867e+00
1.560742840720535263e+00
1.563198051579770542e+00
1.561180920060072586e+00
1.553781550116957400e+00
1.540704408801558012e+00
1.522180494061079026e+00
1.498834799656589611e+00
1.471543708380707027e+00
1.441305382635434729e+00
1.409135197525146932e+00
1.375989869810789745e+00
1.342718608532532887e+00
1.310036885586642885e+00
1.278517528614290022e+00
1.248594042068148502e+00
1.220571808035330497e+00
1.194643742362918148e+00
1.170907877808320618e+00
1.149385117565449033e+00
1.130036019339348607e+00
1.112775937336511589e+00
1.097488187920958813e+00
1.084035139448212171e+00
1.072267281878469758e+00
1.062030427621735829e+00
1.053171248103303093e+00
1.045541373486966741e+00
1.039000285493535403e+00
1.033417222480768061e+00
1.028672297174419104e+00
1.024657004460798992e+00
1.021274272151910356e+00
1.018438183447965217e+00
1.016073477137594994e+00
1.014114911100784111e+00
1.012506556765906174e+00
1.011201076919462594e+00
1.010159026598601351e+00
1.009348206522517000e+00
1.008743090380644913e+00
1.008324341000348623e+00
1.008078425658308630e+00
1.007997337276148153e+00
1.008078425657134014e+00
1.008324340997940771e+00
1.008743090376885920e+00
1.009348206517213686e+00
1.010159026591493481e+00
1.011201076910195340e+00
1.012506556754024123e+00
1.014114911085701953e+00
1.016073477118579982e+00
1.018438183424090537e+00
1.021274272122024485e+00
1.024657004423471962e+00
1.028672297127865898e+00
1.033417222422778670e+00
1.039000285421363579e+00
1.045541373397211649e+00
1.053171247991742998e+00
1.062030427483136696e+00
1.072267281706334563e+00
1.084035139234471146e+00
1.097488187655581315e+00
1.112775937007019822e+00
1.130036018930197228e+00
1.149385117057247108e+00
1.170907877176835754e+00
1.194643741577816165e+00
1.220571807058577152e+00
1.248594040851958020e+00
1.278517527098522066e+00
1.310036883695468779e+00
1.342718606170219875e+00
1.375989866856337063e+00
1.409135193825552301e+00
1.441305377997254000e+00
1.471543702559662936e+00
1.498834792344936107e+00
1.522180484872533102e+00
1.540704397253859437e+00
1.553781535612356324e+00
1.561180901864595683e+00
1.563198028802735395e+00
1.560742812296634030e+00
1.555340264971089459e+00
1.549004278213380159e+00
1.543963709552937491e+00
1.542259002433618464e+00
1.545280483689948525e+00
1.553369264415081163e+00
1.565621678171396303e+00
1.580001776892621557e+00
1.593761543104524891e+00
1.604012422717198127e+00
1.608140086591065776e+00
1.603700199347052990e+00
1.587591320262773609e+00
1.554762126918383558e+00
1.497438522471161937e+00
1.406538644478520172e+00
1.276901850073579814e+00
1.116374600802044981e+00
9.553569842874977125e-01
8.488300912128284859e-01
8.585123338489263345e-01
1.000000000000000000e+00
