1.000000000000000000e+00
9.716500944943439189e-01
9.828251672802255090e-01
1.040112475627060773e+00
1.132020434049060942e+00
1.240020747975753679e+00
1.346148752338126364e+00
1.437449444057723014e+00
1.507569477107258527e+00
1.556098986721947908e+00
1.586592864719073237e+00
1.604264644633199843e+00
1.614100382424692004e+00
1.619743704934327289e+00
1.623148725611745391e+00
1.624788550677644938e+00
1.624147475010206731e+00
1.620265451736575768e+00
1.612186964291574265e+00
1.599250857254233882e+00
1.581220588899202806e+00
1.558289612356682285e+00
1.531008172496883812e+00
1.500173960451307575e+00
1.466717999817131357e+00
1.431604817599617219e+00
1.395755657188661791e+00
1.359996353000493485e+00
1.325027347002529110e+00
1.291411469304169390e+00
1.259574724665011747e+00
1.229815759284254684e+00
1.202320464817991041e+00
1.177179029143562650e+00
1.154403520497335522e+00
1.133944734168514934e+00
1.115707528746387345e+00
1.099564245624758074e+00
1.085366063598168340e+00
1.072952313481568387e+00
1.062157886742909119e+00
1.052818934445118426e+00
1.044777081946791641e+00
1.037882391203273080e+00
1.031995293933984037e+00
1.026987701128641017e+00
1.022743471530242365e+00
1.019158396822181123e+00
1.016139836305008926e+00
1.013606110218040479e+00
1.011485739358477298e+00
1.009716599703330830e+00
1.008245044495652110e+00
1.007025032670877396e+00
1.006017291402266256e+00
1.005188531692339682e+00
1.004510729051781404e+00
1.003960476101863231e+00
1.003518410135540773e+00
1.003168716022406315e+00
1.002898703118455082e+00
1.002698453848574145e+00
1.002560541203430411e+00
1.002479812395960623e+00
1.002453236244376322e+00
1.002479812395960623e+00
1.002560541203430411e+00
1.002698453848574145e+00
1.002898703118455082e+00
1.003168716022406315e+00
1.003518410135540773e+00
1.003960476101863231e+00
1.004510729051781404e+00
1.005188531692339682e+00
1.006017291402266256e+00
1.007025032670877396e+00
1.008245044495652110e+00
1.009716599703330830e+00
1.011485739358477298e+00
1.013606110218040479e+00
1.016139836305008926e+00
1.019158396822181123e+00
1.022743471530242587e+00
1.026987701128640351e+00
1.031995293933984037e+00
1.037882391203273302e+00
1.044777081946791863e+00
1.052818934445118426e+00
1.062157886742909563e+00
1.072952313481567943e+00
1.085366063598168118e+00
1.099564245624757630e+00
1.115707528746388233e+00
1.133944734168513824e+00
1.154403520497334634e+00
1.177179029143561984e+00
1.202320464817989265e+00
1.229815759284255128e+00
1.259574724665011969e+00
1.291411469304168946e+00
1.325027347002529998e+00
1.359996353000492819e+00
1.395755657188662902e+00
1.431604817599616331e+00
1.466717999817131135e+00
1.500173960451307353e+00
1.531008172496883146e+00
1.558289612356682730e+00
1.581220588899203472e+00
1.599250857254232994e+00
1.612186964291574043e+00
1.620265451736574214e+00
1.624147475010205177e+00
1.624788550677642274e+00
1.623148725611742060e+00
1.619743704934326622e+00
1.614100382424690006e+00
1.604264644633196735e+00
1.586592864719070572e+00
1.556098986721943245e+00
1.507569477107256750e+00
1.437449444057720571e+00
1.346148752338124588e+00
1.240020747975752791e+00
1.132020434049060942e+00
1.040112475627059219e+00
9.828251672802242878e-01
9.716500944943424756e-01
1.000000000000000000e+00
