1.000000000000000000e+00
7.744418238833339352e-01
7.937873428885008353e-01
9.639279317391900026e-01
1.158301411996179642e+00
1.312912823897226078e+00
1.418424131498669638e+00
1.487912147563420717e+00
1.535108610898861636e+00
1.567884020090199115e+00
1.589814976589138062e+00
1.602914046809671644e+00
1.608801342518748845e+00
1.608655435983401327e+00
1.603060414986379634e+00
1.592316468375873706e+00
1.577065510605572651e+00
1.558781117891334667e+00
1.539798469950804494e+00
1.522867132063826290e+00
1.510455895282953431e+00
1.504114528765037928e+00
1.504119690598892500e+00
1.509482693398939812e+00
1.518257984671308680e+00
1.528012308950350562e+00
1.536304595472520740e+00
1.541065957205689063e+00
1.540827613883225533e+00
1.534796781961479617e+00
1.522813536950504254e+00
1.505233945894272507e+00
1.482781904976708809e+00
1.456401471878585374e+00
1.427129068778629772e+00
1.395994300128875487e+00
1.363950637115620035e+00
1.331832824416751659e+00
1.300335877693677089e+00
1.270010141094857437e+00
1.241267363293823145e+00
1.214393630937345092e+00
1.189565963014951988e+00
1.166870255717108673e+00
1.146319006325492884e+00
1.127867822692186328e+00
1.111430155400255693e+00
1.096889996994997896e+00
1.084112502707753833e+00
1.072952623349350265e+00
1.063261923038624657e+00
1.054893797583482007e+00
1.047707325483427487e+00
1.041569981567557868e+00
1.036359429802610865e+00
1.031964591598117043e+00
1.028286162432023421e+00
1.025236725211612576e+00
1.022740585071528097e+00
1.020733428294291034e+00
1.019161888271968408e+00
1.017983084131189875e+00
1.017164182798979688e+00
1.016682022705370558e+00
1.016522826698091464e+00
1.016682022705242883e+00
1.017164182798719452e+00
1.017983084130788418e+00
1.019161888271413074e+00
1.020733428293566059e+00
1.022740585070607944e+00
1.025236725210472821e+00
1.028286162430631867e+00
1.031964591596446379e+00
1.036359429800615350e+00
1.041569981565200864e+00
1.047707325480671914e+00
1.054893797580283232e+00
1.063261923034940271e+00
1.072952623345128753e+00
1.084112502702948344e+00
1.096889996989546479e+00
1.111430155394082409e+00
1.127867822685169052e+00
1.146319006317455091e+00
1.166870255707755488e+00
1.189565963003816895e+00
1.214393630923681355e+00
1.241267363276452818e+00
1.270010141071954424e+00
1.300335877662438522e+00
1.331832824372994439e+00
1.363950637053167103e+00
1.395994300038771785e+00
1.427129068648114174e+00
1.456401471689807492e+00
1.482781904705150922e+00
1.505233945506960991e+00
1.522813536404062029e+00
1.534796781200250759e+00
1.540827612837757599e+00
1.541065955791842024e+00
1.536304593591591550e+00
1.528012306490169836e+00
1.518257981507948662e+00
1.509482689397917632e+00
1.504119685614201174e+00
1.504114522634284246e+00
1.510455887817989007e+00
1.522867123038775361e+00
1.539798459092847960e+00
1.558781104882277946e+00
1.577065495101840353e+00
1.592316450049517940e+00
1.603060393581230425e+00
1.608655411373473010e+00
1.608801314756201695e+00
1.602914016158150989e+00
1.589814943547336767e+00
1.567883985408948133e+00
1.535108575582414980e+00
1.487912112836527134e+00
1.418424098728788163e+00
1.312912794475573186e+00
1.158301387187897991e+00
9.639279125281401406e-01
7.937873298820853352e-01
7.744418173469094224e-01
1.000000000000000000e+00
