1.000000000000000000e+00
1.080388769599937682e+00
1.161054101766163082e+00
1.240998361435944330e+00
1.318140201077778961e+00
1.389686711393806728e+00
1.452627206082825806e+00
1.504251641947262463e+00
1.542583798617928270e+00
1.566644233206373027e+00
1.576510400022086200e+00
1.573197358137739865e+00
1.558420457318876906e+00
1.534312303675030575e+00
1.503154610212049880e+00
1.467162630580824967e+00
1.428336672645603711e+00
1.388378076555822682e+00
1.348657643639556980e+00
1.310221467856589106e+00
1.273820084674300190e+00
1.239949671416248567e+00
1.208897259703714200e+00
1.180784786965096700e+00
1.155609035192382672e+00
1.133276069429680621e+00
1.113629804368171161e+00
1.096474933795236417e+00
1.081594780944792999e+00
1.068764767270343530e+00
1.057762224188303790e+00
1.048373235254782321e+00
1.040397126302162079e+00
1.033649137689145459e+00
1.027961727573338369e+00
1.023184874518187959e+00
1.019185675146999204e+00
1.015847469354917987e+00
1.013068672010212445e+00
1.010761445659104751e+00
1.008850312664174798e+00
1.007270776451252070e+00
1.005967999063699825e+00
1.004895565006640679e+00
1.004014348465829709e+00
1.003291491566212779e+00
1.002699494667260049e+00
1.002215415159575018e+00
1.001820168320765259e+00
1.001497922093832038e+00
1.001235576837977481e+00
1.001022320910927688e+00
1.000849253174896258e+00
1.000709064024593919e+00
1.000595767204692788e+00
1.000504475435699980e+00
1.000431213645760042e+00
1.000372764373700596e+00
1.000326540642422213e+00
1.000290482287841343e+00
1.000262972361090519e+00
1.000242770799804726e+00
1.000228963091084555e+00
1.000220922129062329e+00
1.000218281911400275e+00
1.000220922129062329e+00
1.000228963091084555e+00
1.000242770799804726e+00
1.000262972361090519e+00
1.000290482287841343e+00
1.000326540642422213e+00
1.000372764373700596e+00
1.000431213645760042e+00
1.000504475435699980e+00
1.000595767204692788e+00
1.000709064024593919e+00
1.000849253174896258e+00
1.001022320910927688e+00
1.001235576837977481e+00
1.001497922093832038e+00
1.001820168320765259e+00
1.002215415159575018e+00
1.002699494667260049e+00
1.003291491566212779e+00
1.004014348465829709e+00
1.004895565006640679e+00
1.005967999063699825e+00
1.007270776451252070e+00
1.008850312664174798e+00
1.010761445659104751e+00
1.013068672010212445e+00
1.015847469354917987e+00
1.019185675146998982e+00
1.023184874518187959e+00
1.027961727573338147e+00
1.033649137689145237e+00
1.040397126302161634e+00
1.048373235254782321e+00
1.057762224188303568e+00
1.068764767270343308e+00
1.081594780944793222e+00
1.096474933795236195e+00
1.113629804368171605e+00
1.133276069429680399e+00
1.155609035192382672e+00
1.180784786965096478e+00
1.208897259703714422e+00
1.239949671416249011e+00
1.273820084674300412e+00
1.310221467856588884e+00
1.348657643639557646e+00
1.388378076555823126e+00
1.428336672645603489e+00
1.467162630580824745e+00
1.503154610212048770e+00
1.534312303675031908e+00
1.558420457318877350e+00
1.573197358137738755e+00
1.576510400022086422e+00
1.566644233206373915e+00
1.542583798617928270e+00
1.504251641947261575e+00
1.452627206082826028e+00
1.389686711393807839e+00
1.318140201077780072e+00
1.240998361435943664e+00
1.161054101766162860e+00
1.080388769599937682e+00
1.000000000000000000e+00
