1.000000000000000000e+00
8.459163407328020856e-01
8.390020099233485018e-01
9.556168123621617827e-01
1.124321667641410061e+00
1.286271622231774714e+00
1.412470207521815180e+00
1.498516827792292450e+00
1.552431034969446788e+00
1.584527565906466817e+00
1.602352942964855975e+00
1.609898104051915579e+00
1.608969649991152107e+00
1.600896359651556411e+00
1.587597481441268332e+00
1.571787889436244479e+00
1.556537533195675005e+00
1.544564704471871330e+00
1.537612689217244366e+00
1.536126272041399288e+00
1.539284996536963268e+00
1.545321481966906774e+00
1.551985888825117454e+00
1.557013503508571928e+00
1.558491877234954748e+00
1.555079691247463369e+00
1.546078782599508150e+00
1.531391723296613216e+00
1.511408771753174785e+00
1.486865091373131609e+00
1.458698818579852174e+00
1.427928580173134732e+00
1.395558804223772098e+00
1.362513945856443254e+00
1.329598518360669335e+00
1.297477917890901944e+00
1.266674661910155875e+00
1.237575149848741729e+00
1.210442917580218269e+00
1.185435298492695466e+00
1.162621266097752404e+00
1.141998950685118475e+00
1.123511882741363932e+00
1.107063432303644790e+00
1.092529209974258064e+00
1.079767397383706751e+00
1.068627105362352170e+00
1.058954935952705068e+00
1.050599964668851083e+00
1.043417373586978947e+00
1.037270962573729527e+00
1.032034751622405988e+00
1.027593866534562528e+00
1.023844876394191417e+00
1.020695726763598543e+00
1.018065388847108066e+00
1.015883323007233274e+00
1.014088835533358601e+00
1.012630390697959237e+00
1.011464925909397961e+00
1.010557206053022350e+00
1.009879243675936733e+00
1.009409804232536123e+00
1.009134009856029746e+00
1.009043050737408187e+00
1.009134009859182779e+00
1.009409804239003838e+00
1.009879243686053973e+00
1.010557206067302261e+00
1.011464925928573289e+00
1.012630390723004092e+00
1.014088835565543079e+00
1.015883323048181852e+00
1.018065388898883983e+00
1.020695726828790395e+00
1.023844876476055488e+00
1.027593866637178444e+00
1.032034751750864343e+00
1.037270962734393009e+00
1.043417373787789648e+00
1.050599964919733953e+00
1.058954936266054858e+00
1.068627105753671591e+00
1.079767397872396284e+00
1.092529210584624044e+00
1.107063433066189706e+00
1.123511883694428670e+00
1.141998951876989299e+00
1.162621267589367235e+00
1.185435300361133759e+00
1.210442919923200078e+00
1.237575152790473698e+00
1.266674665608870987e+00
1.297477922548649465e+00
1.329598524235950707e+00
1.362513953280531709e+00
1.395558813621616379e+00
1.427928592090012883e+00
1.458698833714940690e+00
1.486865110621266695e+00
1.511408796255828912e+00
1.531391754502594793e+00
1.546078822335010372e+00
1.555079741793394810e+00
1.558491941407305292e+00
1.557013584734554312e+00
1.551985991204427817e+00
1.545321610304030591e+00
1.539285156327367066e+00
1.536126469392164795e+00
1.537612930680794632e+00
1.544564996769618004e+00
1.556537882806436457e+00
1.571788302024762940e+00
1.587597961110865263e+00
1.600896908031375965e+00
1.608970265219559215e+00
1.609898779790463585e+00
1.602353667650452174e+00
1.584528322486394414e+00
1.552431801329570815e+00
1.498517577970318371e+00
1.412470913615792245e+00
1.286272256712828632e+00
1.124322205621616666e+00
9.556172333377179751e-01
8.390022986855116827e-01
8.459164874799390832e-01
1.000000000000000000e+00
