1.000000000000000000e+00
8.251358947981168868e-01
8.230216876710103602e-01
9.548983118982420359e-01
1.133616169743865587e+00
1.295667647011463863e+00
1.415543072515225376e+00
1.494321086994286008e+00
1.543650954923175833e+00
1.574901074909221821e+00
1.595003352767942362e+00
1.606693560923014186e+00
1.610431912877712257e+00
1.606302690127760613e+00
1.595206938212611281e+00
1.579241044315611964e+00
1.561413475717214894e+00
1.544968372916022847e+00
1.532621657645030000e+00
1.525973524498262179e+00
1.525252741177104410e+00
1.529414559357217707e+00
1.536504227714768911e+00
1.544143257620556930e+00
1.549998970894394201e+00
1.552140817110331916e+00
1.549242983726376810e+00
1.540640366404321338e+00
1.526273489118518345e+00
1.506567225624683815e+00
1.482283828259760350e+00
1.454379803503015545e+00
1.423884092247304389e+00
1.391804953984149495e+00
1.359066023126023870e+00
1.326468045588690803e+00
1.294671104659245842e+00
1.264191907679171445e+00
1.235411265543558068e+00
1.208587792256720972e+00
1.183874801026599810e+00
1.161338231086503026e+00
1.140974147301170083e+00
1.122724903982697420e+00
1.106493470815971492e+00
1.092155707007252730e+00
1.079570565259740933e+00
1.068588332681691178e+00
1.059057089969793974e+00
1.050827607910730377e+00
1.043756912666100600e+00
1.037710746892322122e+00
1.032565138734903298e+00
1.028207269663172108e+00
1.024535808219371180e+00
1.021460852298277544e+00
1.018903599055245968e+00
1.016795839901486032e+00
1.015079358805732523e+00
1.013705295493825709e+00
1.012633521118665669e+00
1.011832062409304012e+00
1.011276600952113691e+00
1.010950066802646319e+00
1.010842339739580042e+00
1.010950066802256186e+00
1.011276600951314997e+00
1.011832062408061450e+00
1.012633521116911961e+00
1.013705295491481140e+00
1.015079358802682741e+00
1.016795839897586706e+00
1.018903599050309694e+00
1.021460852292078503e+00
1.024535808211612498e+00
1.028207269653494960e+00
1.032565138722865816e+00
1.037710746877366530e+00
1.043756912647537893e+00
1.050827607887702353e+00
1.059057089941233043e+00
1.068588332646258854e+00
1.079570565215764999e+00
1.092155706952623762e+00
1.106493470748023844e+00
1.122724903898050242e+00
1.140974147195514599e+00
1.161338230954323869e+00
1.183874800860810206e+00
1.208587792048171794e+00
1.235411265280388138e+00
1.264191907345972643e+00
1.294671104235938675e+00
1.326468045049064681e+00
1.359066022435845733e+00
1.391804953098742192e+00
1.423884091108465588e+00
1.454379802035210334e+00
1.482283826365473400e+00
1.506567223178967074e+00
1.526273485962811982e+00
1.540640362339757763e+00
1.549242978507003876e+00
1.552140810436760665e+00
1.549998962408429826e+00
1.544143246901233057e+00
1.536504214275816071e+00
1.529414542645639141e+00
1.525252720572412457e+00
1.525973499312728299e+00
1.532621627127350283e+00
1.544968336264095798e+00
1.561413432108977428e+00
1.579240992968241164e+00
1.595206878477648527e+00
1.606302621622223592e+00
1.610431835640190101e+00
1.606693475572628094e+00
1.595003260635989406e+00
1.574900978110266303e+00
1.543650856334665145e+00
1.494320990120828085e+00
1.415542981226897812e+00
1.295667565169538626e+00
1.133616100772483648e+00
9.548982584216026970e-01
8.230216513608041851e-01
8.251358764939635826e-01
1.000000000000000000e+00
