1.000000000000000000e+00
1.071347177286982255e+00
1.142132816161238296e+00
1.211077242650525188e+00
1.276268508948852132e+00
1.335416405117045180e+00
1.386209163035428515e+00
1.426685218866575733e+00
1.455532769547561278e+00
1.472256121097337056e+00
1.477189823811269731e+00
1.471382499151122625e+00
1.456398255419525611e+00
1.434089831222409961e+00
1.406388024767168510e+00
1.375134761054623400e+00
1.341969950319544136e+00
1.308269569381615982e+00
1.275125329694770215e+00
1.243353959337000880e+00
1.213524833649795243e+00
1.185996867179315739e+00
1.160958127354000835e+00
1.138463938075802817e+00
1.118471062559064366e+00
1.100866858770912282e+00
1.085493159493226667e+00
1.072165146071724307e+00
1.060685760026389257e+00
1.050856311323904668e+00
1.042483956936496314e+00
1.035386680780640001e+00
1.029396334506586408e+00
1.024360215878235003e+00
1.020141578512290259e+00
1.016619389654176642e+00
1.013687584491716143e+00
1.011254007343543870e+00
1.009239181837410237e+00
1.007575013181913004e+00
1.006203494773325380e+00
1.005075467486759466e+00
1.004149461908220298e+00
1.003390640385735777e+00
1.002769846151699618e+00
1.002262760068800995e+00
1.001849161090271778e+00
1.001512283739045994e+00
1.001238264351094864e+00
1.001015667143742016e+00
1.000835081089091139e+00
1.000688778891636099e+00
1.000570429936380457e+00
1.000474859779793002e+00
1.000397849523838367e+00
1.000335969190375929e+00
1.000286439965575092e+00
1.000247020890793426e+00
1.000215916226807611e+00
1.000191700308217024e+00
1.000173257234871160e+00
1.000159733220908898e+00
1.000150499845366303e+00
1.000145126827800102e+00
1.000143363295955323e+00
1.000145126827800102e+00
1.000150499845366303e+00
1.000159733220908898e+00
1.000173257234871160e+00
1.000191700308217024e+00
1.000215916226807611e+00
1.000247020890793426e+00
1.000286439965575092e+00
1.000335969190375929e+00
1.000397849523838367e+00
1.000474859779793002e+00
1.000570429936380457e+00
1.000688778891636099e+00
1.000835081089091139e+00
1.001015667143742016e+00
1.001238264351094864e+00
1.001512283739045994e+00
1.001849161090271778e+00
1.002262760068800995e+00
1.002769846151699618e+00
1.003390640385735777e+00
1.004149461908220298e+00
1.005075467486759466e+00
1.006203494773325380e+00
1.007575013181913004e+00
1.009239181837410237e+00
1.011254007343543870e+00
1.013687584491716143e+00
1.016619389654176642e+00
1.020141578512290037e+00
1.024360215878235003e+00
1.029396334506585964e+00
1.035386680780640001e+00
1.042483956936496314e+00
1.050856311323904668e+00
1.060685760026389479e+00
1.072165146071724084e+00
1.085493159493227111e+00
1.100866858770912060e+00
1.118471062559064366e+00
1.138463938075802817e+00
1.160958127354000835e+00
1.185996867179316183e+00
1.213524833649795021e+00
1.243353959337000436e+00
1.275125329694770882e+00
1.308269569381616204e+00
1.341969950319543692e+00
1.375134761054622734e+00
1.406388024767167177e+00
1.434089831222410627e+00
1.456398255419524945e+00
1.471382499151121515e+00
1.477189823811269509e+00
1.472256121097337722e+00
1.455532769547560390e+00
1.426685218866574845e+00
1.386209163035428293e+00
1.335416405117046068e+00
1.276268508948852576e+00
1.211077242650524743e+00
1.142132816161238518e+00
1.071347177286982033e+00
1.000000000000000000e+00
