1.000000000000000000e+00
1.040983888368619992e+00
1.081434792462270256e+00
1.120541340395367680e+00
1.157239867344562745e+00
1.190326306999052397e+00
1.218618446242037079e+00
1.241126136264546487e+00
1.257189815296304136e+00
1.266560023869217622e+00
1.269408335896850204e+00
1.266277295720743101e+00
1.257988614745596312e+00
1.245533012279435692e+00
1.229962633718928444e+00
1.212300644196727228e+00
1.193475289064668043e+00
1.174279517696560360e+00
1.155353130510800241e+00
1.137182360107196422e+00
1.120111362056303683e+00
1.104360656033799515e+00
1.090048589992095085e+00
1.077213027702987214e+00
1.065831472128025093e+00
1.055838643297283719e+00
1.047141115162972591e+00
1.039629006201428840e+00
1.033184953528175853e+00
1.027690721425430942e+00
1.023031838574243624e+00
1.019100652460288581e+00
1.015798155393401236e+00
1.013034888930834709e+00
1.010731181762549724e+00
1.008816926113520918e+00
1.007231052629772083e+00
1.005920824970689464e+00
1.004841043244157239e+00
1.003953219649684980e+00
1.003224769549230677e+00
1.002628245836826082e+00
1.002140633082711396e+00
1.001742709700191858e+00
1.001418480632379371e+00
1.001154679196596176e+00
1.000940334277475641e+00
1.000766397642871564e+00
1.000625425470944574e+00
1.000511307993818599e+00
1.000419041312123891e+00
1.000344535789853495e+00
1.000284455910860348e+00
1.000236087003793406e+00
1.000197224779411309e+00
1.000166084145412304e+00
1.000141224252985461e+00
1.000121487177269897e+00
1.000105948037621761e+00
1.000093874722896459e+00
1.000084695704617443e+00
1.000077974700527728e+00
1.000073391197477957e+00
1.000070726060849458e+00
1.000069851653007769e+00
1.000070726060849458e+00
1.000073391197477957e+00
1.000077974700527728e+00
1.000084695704617443e+00
1.000093874722896459e+00
1.000105948037621761e+00
1.000121487177269897e+00
1.000141224252985461e+00
1.000166084145412304e+00
1.000197224779411309e+00
1.000236087003793406e+00
1.000284455910860348e+00
1.000344535789853495e+00
1.000419041312123891e+00
1.000511307993818599e+00
1.000625425470944574e+00
1.000766397642871564e+00
1.000940334277475641e+00
1.001154679196596176e+00
1.001418480632379371e+00
1.001742709700191858e+00
1.002140633082711396e+00
1.002628245836826082e+00
1.003224769549230677e+00
1.003953219649684980e+00
1.004841043244157239e+00
1.005920824970689464e+00
1.007231052629772083e+00
1.008816926113520918e+00
1.010731181762549502e+00
1.013034888930834709e+00
1.015798155393401236e+00
1.019100652460288581e+00
1.023031838574243624e+00
1.027690721425430720e+00
1.033184953528175853e+00
1.039629006201428618e+00
1.047141115162972813e+00
1.055838643297283497e+00
1.065831472128025093e+00
1.077213027702986992e+00
1.090048589992094863e+00
1.104360656033799959e+00
1.120111362056303239e+00
1.137182360107196200e+00
1.155353130510800241e+00
1.174279517696560582e+00
1.193475289064667377e+00
1.212300644196726340e+00
1.229962633718927556e+00
1.245533012279435470e+00
1.257988614745595424e+00
1.266277295720741991e+00
1.269408335896849760e+00
1.266560023869216511e+00
1.257189815296303026e+00
1.241126136264545377e+00
1.218618446242036635e+00
1.190326306999052619e+00
1.157239867344561635e+00
1.120541340395367014e+00
1.081434792462270478e+00
1.040983888368619770e+00
1.000000000000000000e+00
