1.000000000000000000e+00
8.093280562256205402e-01
8.129689817609366820e-01
9.576391748847178365e-01
1.143510511443723177e+00
1.304902286376207865e+00
1.420214359770731294e+00
1.494683567860434215e+00
1.541783634210545317e+00
1.572756498276387305e+00
1.593790802230963033e+00
1.607093305561600571e+00
1.612863447383669602e+00
1.610895626234750910e+00
1.601585287489261766e+00
1.586398393809403506e+00
1.567852184803530058e+00
1.549079453955721331e+00
1.533145510463858496e+00
1.522359648406587773e+00
1.517803406104268671e+00
1.519195809256055574e+00
1.525087450709995407e+00
1.533277086477541573e+00
1.541305113054441733e+00
1.546894834936451968e+00
1.548261843909003233e+00
1.544267257676557925e+00
1.534433033457842877e+00
1.518859878762127247e+00
1.498092561799845068e+00
1.472970239463163411e+00
1.444487556046392784e+00
1.413680536035266222e+00
1.381542138304771017e+00
1.348966377280162332e+00
1.316716747158494849e+00
1.285413527716547044e+00
1.255534629276443548e+00
1.227425345486446773e+00
1.201313322714198994e+00
1.177325990644827902e+00
1.155508516536914332e+00
1.135841006219668881e+00
1.118254179530411951e+00
1.102643116280995317e+00
1.088878926655692858e+00
1.076818372191574058e+00
1.066311571796287883e+00
1.057207989122845193e+00
1.049360926674673955e+00
1.042630758604069730e+00
1.036887126013942728e+00
1.032010301352322523e+00
1.027891906310903991e+00
1.024435143414908600e+00
1.021554677224348451e+00
1.019176278068896213e+00
1.017236320304312880e+00
1.015681208616842968e+00
1.014466790044118882e+00
1.013557796059495697e+00
1.012927348081737122e+00
1.012556550836117397e+00
1.012434190769062603e+00
1.012556550838421554e+00
1.012927348086464230e+00
1.013557796066894223e+00
1.014466790054566747e+00
1.015681208630883736e+00
1.017236320322666865e+00
1.019176278092507104e+00
1.021554677254420618e+00
1.024435143452981256e+00
1.027891906358905594e+00
1.032010301412686681e+00
1.036887126089725664e+00
1.042630758699092164e+00
1.049360926793721838e+00
1.057207989271905513e+00
1.066311571982858863e+00
1.076818372425040637e+00
1.088878926947824732e+00
1.102643116646544463e+00
1.118254179987909769e+00
1.135841006792418062e+00
1.155508517254268730e+00
1.177325991543832107e+00
1.201313323841700864e+00
1.227425346901815484e+00
1.255534631055080563e+00
1.285413529954457346e+00
1.316716749978175338e+00
1.348966380838239498e+00
1.381542142801871709e+00
1.413680541728738804e+00
1.444487563266576124e+00
1.472970248634100310e+00
1.498092573465273247e+00
1.518859893617712897e+00
1.534433052390329344e+00
1.544267281810106862e+00
1.548261874658265702e+00
1.546894874064629777e+00
1.541305162732942602e+00
1.533277149341709222e+00
1.525087529903095707e+00
1.519195908451530741e+00
1.517803529494435644e+00
1.522359800644443206e+00
1.533145696542914438e+00
1.549079679010122890e+00
1.567852453807138557e+00
1.586398711150368124e+00
1.601585656401668167e+00
1.610896048089613508e+00
1.612863920884105573e+00
1.607093825948782806e+00
1.593791360670163693e+00
1.572757081625231201e+00
1.541784225344823289e+00
1.494684146634766009e+00
1.420214904538227962e+00
1.304902775821383587e+00
1.143510926355825630e+00
9.576394994890224943e-01
8.129692043848355532e-01
8.093281693529843501e-01
1.000000000000000000e+00
