1.000000000000000000e+00
1.063430055232142513e+00
1.130517619881791669e+00
1.202161480122070358e+00
1.277077265260425198e+00
1.352417005937345262e+00
1.424452129123109367e+00
1.489281962255369907e+00
1.543475054394429780e+00
1.584542041076685281e+00
1.611177539414204940e+00
1.623269407227737382e+00
1.621726564876658783e+00
1.608203103550349455e+00
1.584794878862933132e+00
1.553764962905399338e+00
1.517328775510261352e+00
1.477507654591530439e+00
1.436045066464100683e+00
1.394372566018629023e+00
1.353610990030871264e+00
1.314593869071620569e+00
1.277902834981491598e+00
1.243907740107469406e+00
1.212806732500322004e+00
1.184663468461348845e+00
1.159440012183841962e+00
1.137024875861748718e+00
1.117256212303456175e+00
1.099940491085742655e+00
1.084867150092591048e+00
1.071819775263690211e+00
1.060584362183280671e+00
1.050955179720148402e+00
1.042738704792431248e+00
1.035756038750208941e+00
1.029844156105465203e+00
1.024856279104663370e+00
1.020661619029063161e+00
1.017144678182253736e+00
1.014204265676403427e+00
1.011752345317578961e+00
1.009712804798939656e+00
1.008020211552381085e+00
1.006618601407879510e+00
1.005460331052830725e+00
1.004505013565948790e+00
1.003718547447298937e+00
1.003072243055442625e+00
1.002542045730817843e+00
1.002107851731155241e+00
1.001752911092182119e+00
1.001463310375749760e+00
1.001227527750970792e+00
1.001036052792041442e+00
1.000881063628184187e+00
1.000756154539409915e+00
1.000656107675941930e+00
1.000576703231084608e+00
1.000514563075885821e+00
1.000467023541650180e+00
1.000432033696257106e+00
1.000408076093184828e+00
1.000394107574381852e+00
1.000389518281148638e+00
1.000394107574381852e+00
1.000408076093184828e+00
1.000432033696257106e+00
1.000467023541650180e+00
1.000514563075885821e+00
1.000576703231084608e+00
1.000656107675941930e+00
1.000756154539409915e+00
1.000881063628184187e+00
1.001036052792041442e+00
1.001227527750970792e+00
1.001463310375749760e+00
1.001752911092182119e+00
1.002107851731155241e+00
1.002542045730817843e+00
1.003072243055442625e+00
1.003718547447298937e+00
1.004505013565948790e+00
1.005460331052830725e+00
1.006618601407879510e+00
1.008020211552381085e+00
1.009712804798939656e+00
1.011752345317578738e+00
1.014204265676403427e+00
1.017144678182253958e+00
1.020661619029063161e+00
1.024856279104663370e+00
1.029844156105464981e+00
1.035756038750208718e+00
1.042738704792431026e+00
1.050955179720148180e+00
1.060584362183280005e+00
1.071819775263690211e+00
1.084867150092590826e+00
1.099940491085742433e+00
1.117256212303456842e+00
1.137024875861748274e+00
1.159440012183842406e+00
1.184663468461348845e+00
1.212806732500322004e+00
1.243907740107469406e+00
1.277902834981491376e+00
1.314593869071621679e+00
1.353610990030871264e+00
1.394372566018628801e+00
1.436045066464101128e+00
1.477507654591530217e+00
1.517328775510261796e+00
1.553764962905399338e+00
1.584794878862932022e+00
1.608203103550351010e+00
1.621726564876659893e+00
1.623269407227736272e+00
1.611177539414204274e+00
1.584542041076684837e+00
1.543475054394429558e+00
1.489281962255368574e+00
1.424452129123108923e+00
1.352417005937346151e+00
1.277077265260425643e+00
1.202161480122069470e+00
1.130517619881791225e+00
1.063430055232142069e+00
1.000000000000000000e+00
