1.000000000000000000e+00
1.028833933321608329e+00
1.067830139111566767e+00
1.120818887045928136e+00
1.187138629340005691e+00
1.263161479360862316e+00
1.343623257188846232e+00
1.422787826099197295e+00
1.495383975062706927e+00
1.557238752300973639e+00
1.605582593291413174e+00
1.639069899961109966e+00
1.657602980218876754e+00
1.662054817217708313e+00
1.653967337014214278e+00
1.635273911217509202e+00
1.608070089656912893e+00
1.574439590422441526e+00
1.536332873967522605e+00
1.495490972442961919e+00
1.453405602094189231e+00
1.411306611500544150e+00
1.370168720439221444e+00
1.330730812651068407e+00
1.293522465248677200e+00
1.258893742786993508e+00
1.227045451811751509e+00
1.198058000419457647e+00
1.171917737470806076e+00
1.148540182101832841e+00
1.127789930604443880e+00
1.109497280016962018e+00
1.093471767318898280e+00
1.079512915612634627e+00
1.067418523922814888e+00
1.056990850062230036e+00
1.048041027246361168e+00
1.040392032650650833e+00
1.033880495569376556e+00
1.028357598326747002e+00
1.023689287504084833e+00
1.019755978390268325e+00
1.016451903169950599e+00
1.013684224051473848e+00
1.011372006725123507e+00
1.009445127357474714e+00
1.007843167683226682e+00
1.006514337420286065e+00
1.005414450887896161e+00
1.004505974986645400e+00
1.003757158226116886e+00
1.003141244895080053e+00
1.002635774421458903e+00
1.002221963160643936e+00
1.001884164017637691e+00
1.001609398226774195e+00
1.001386953097627375e+00
1.001208039436710440e+00
1.001065502553211584e+00
1.000953581160713535e+00
1.000867709026282082e+00
1.000804354842024013e+00
1.000760896466412087e+00
1.000735526378279783e+00
1.000727185890928128e+00
1.000735526378279783e+00
1.000760896466412087e+00
1.000804354842024013e+00
1.000867709026282082e+00
1.000953581160713535e+00
1.001065502553211584e+00
1.001208039436710440e+00
1.001386953097627375e+00
1.001609398226774195e+00
1.001884164017637691e+00
1.002221963160643936e+00
1.002635774421458903e+00
1.003141244895080053e+00
1.003757158226116886e+00
1.004505974986645400e+00
1.005414450887896161e+00
1.006514337420286065e+00
1.007843167683226682e+00
1.009445127357474714e+00
1.011372006725123507e+00
1.013684224051473848e+00
1.016451903169950599e+00
1.019755978390268103e+00
1.023689287504084833e+00
1.028357598326747002e+00
1.033880495569376556e+00
1.040392032650650833e+00
1.048041027246360946e+00
1.056990850062229814e+00
1.067418523922814666e+00
1.079512915612634405e+00
1.093471767318897614e+00
1.109497280016961573e+00
1.127789930604443436e+00
1.148540182101832841e+00
1.171917737470806742e+00
1.198058000419456537e+00
1.227045451811751731e+00
1.258893742786993508e+00
1.293522465248677200e+00
1.330730812651068184e+00
1.370168720439221444e+00
1.411306611500545705e+00
1.453405602094189231e+00
1.495490972442960809e+00
1.536332873967523716e+00
1.574439590422441970e+00
1.608070089656912671e+00
1.635273911217508980e+00
1.653967337014213390e+00
1.662054817217709868e+00
1.657602980218878530e+00
1.639069899961110188e+00
1.605582593291412508e+00
1.557238752300973417e+00
1.495383975062707815e+00
1.422787826099196407e+00
1.343623257188845566e+00
1.263161479360863426e+00
1.187138629340007023e+00
1.120818887045927470e+00
1.067830139111566101e+00
1.028833933321606553e+00
1.000000000000000000e+00
