1.000000000000000000e+00
7.988839847659501281e-01
8.060763253025565733e-01
9.579992882316378244e-01
1.146992870786625485e+00
1.306907699979214188e+00
1.419156007598989078e+00
1.491434990829644924e+00
1.537815057357688087e+00
1.568974352748531809e+00
1.590470741650145126e+00
1.604331395781160241e+00
1.610909099626504970e+00
1.610120426670369920e+00
1.602209107564778190e+00
1.588228793167851816e+00
1.570221598243001448e+00
1.551011642877036190e+00
1.533659055840534746e+00
1.520771369668318718e+00
1.513921630614734282e+00
1.513357061758613398e+00
1.518053383859400141e+00
1.526047906475140659e+00
1.534915151168775305e+00
1.542242159744341867e+00
1.545999473190601270e+00
1.544760080916320666e+00
1.537768628139243976e+00
1.524894461773109056e+00
1.506513436829001851e+00
1.483360172760587403e+00
1.456381794288823306e+00
1.426611936168139749e+00
1.395073359748223885e+00
1.362710213047406693e+00
1.330346698462514965e+00
1.298667006474569341e+00
1.268211018523292211e+00
1.239380789826473483e+00
1.212453706159843492e+00
1.187599168046516995e+00
1.164896533339524920e+00
1.144352779069074622e+00
1.125918913171122471e+00
1.109504590345238961e+00
1.094990688130809131e+00
1.082239805174599390e+00
1.071104776855541507e+00
1.061435383215546091e+00
1.053083465745081382e+00
1.045906684657955221e+00
1.039771145626730453e+00
1.034553111021270011e+00
1.030139990224060220e+00
1.026430779967957507e+00
1.023336101212544591e+00
1.020777955424085670e+00
1.018689301243891121e+00
1.017013532973935819e+00
1.015703925308777622e+00
1.014723094298702222e+00
1.014042512480874070e+00
1.013642106195064008e+00
1.013509954974520122e+00
1.013642106194986958e+00
1.014042512480717084e+00
1.014723094298461747e+00
1.015703925308442557e+00
1.017013532973499501e+00
1.018689301243338896e+00
1.020777955423403327e+00
1.023336101211712812e+00
1.026430779966962747e+00
1.030139990222875168e+00
1.034553111019875349e+00
1.039771145625108195e+00
1.045906684656080499e+00
1.053083465742930880e+00
1.061435383213089390e+00
1.071104776852746632e+00
1.082239805171417490e+00
1.094990688127174705e+00
1.109504590341033214e+00
1.125918913166162660e+00
1.144352779063056325e+00
1.164896533331961859e+00
1.187599168036637121e+00
1.212453706146443100e+00
1.239380789807704941e+00
1.268211018496355091e+00
1.298667006435308968e+00
1.330346698404844874e+00
1.362710212962534362e+00
1.395073359623650644e+00
1.426611935986376034e+00
1.456381794025779275e+00
1.483360172383691555e+00
1.506513436295052744e+00
1.524894461026065962e+00
1.537768627108195618e+00
1.544760079513962214e+00
1.545999471312661688e+00
1.542242157270214520e+00
1.534915147963335613e+00
1.526047902391085120e+00
1.518053378738706938e+00
1.513357055431212350e+00
1.513921622892786756e+00
1.520771360336243605e+00
1.533659044644090974e+00
1.551011629518395329e+00
1.570221582390691983e+00
1.588228774488376072e+00
1.602209085775964992e+00
1.610120401607679330e+00
1.610909071307665696e+00
1.604331364456099474e+00
1.590470707830522024e+00
1.568974317217237902e+00
1.537815021158043693e+00
1.491434955228719605e+00
1.419155974015370525e+00
1.306907669863858867e+00
1.146992845454696486e+00
9.579992686820254510e-01
8.060763121155917199e-01
7.988839781579428756e-01
1.000000000000000000e+00
