1.000000000000000000e+00
8.000638111590643309e-01
8.067637558800763165e-01
9.577933338808984898e-01
1.146414816580376916e+00
1.306498604647498896e+00
1.419080407163225033e+00
1.491574727776871168e+00
1.538003749783801721e+00
1.569130230026901440e+00
1.590591272093557329e+00
1.604427598542372158e+00
1.610959635297668058e+00
1.610075166112632239e+00
1.602026248545753040e+00
1.587912686630245540e+00
1.569836732862554651e+00
1.550666993407740835e+00
1.533472891872421418e+00
1.520833232292766235e+00
1.514265813569705132e+00
1.513954564832062255e+00
1.518821441784945492e+00
1.526870901121179847e+00
1.535669019187839046e+00
1.542815681810788764e+00
1.546308625176828988e+00
1.544754512573428551e+00
1.537431412913710327e+00
1.524237264700004424e+00
1.505569355433753476e+00
1.482176079980867867e+00
1.455011393887797988e+00
1.425110157879580175e+00
1.393492280507252712e+00
1.361096412262540634e+00
1.328739813535338543e+00
1.297099208769069589e+00
1.266707141233888612e+00
1.237958878571403076e+00
1.211125811680564546e+00
1.186372247417090575e+00
1.163773366564649026e+00
1.143332840313876275e+00
1.124999160399131837e+00
1.108680154934302386e+00
1.094255458407748183e+00
1.081586906010262750e+00
1.070526952560473255e+00
1.060925293830656813e+00
1.052633908095911952e+00
1.045510749737971423e+00
1.039422323368600853e+00
1.034245352579533872e+00
1.029867736726048255e+00
1.026188965432319966e+00
1.023120136082337872e+00
1.020583695977016259e+00
1.018513009064305530e+00
1.016851827719773560e+00
1.015553733189586305e+00
1.014581593997081921e+00
1.013907079693311397e+00
1.013510257530366943e+00
1.013379291619632472e+00
1.013510257530280789e+00
1.013907079693136204e+00
1.014581593996812803e+00
1.015553733189210606e+00
1.016851827719282619e+00
1.018513009063681807e+00
1.020583695976241323e+00
1.023120136081387743e+00
1.026188965431174660e+00
1.029867736724672023e+00
1.034245352577897403e+00
1.039422323366673284e+00
1.045510749735711897e+00
1.052633908093276283e+00
1.060925293827589488e+00
1.070526952556909661e+00
1.081586906006114290e+00
1.094255458402898729e+00
1.108680154928570971e+00
1.124999160392256670e+00
1.143332840305455234e+00
1.163773366554073929e+00
1.186372247403436386e+00
1.211125811662437490e+00
1.237958878546717933e+00
1.266707141199548081e+00
1.297099208720547958e+00
1.328739813466084385e+00
1.361096412163179004e+00
1.393492280364551306e+00
1.425110157675124167e+00
1.455011393596324920e+00
1.482176079568316540e+00
1.505569354855019748e+00
1.524237263896613959e+00
1.537431411811632342e+00
1.544754511081369186e+00
1.546308623185442377e+00
1.542815679193080269e+00
1.535669015800769310e+00
1.526870896807849931e+00
1.518821436376008194e+00
1.513954558144486873e+00
1.514265805401294962e+00
1.520833222412525165e+00
1.533472880010002148e+00
1.550666979248856991e+00
1.569836716059310744e+00
1.587912666833436459e+00
1.602026225459623143e+00
1.610075139563697855e+00
1.610959605303027731e+00
1.604427565363884201e+00
1.590591236271055475e+00
1.569130192389571299e+00
1.538003711438640453e+00
1.491574690068423026e+00
1.419080371594992007e+00
1.306498572754148713e+00
1.146414789750289431e+00
9.577933131687274004e-01
8.067637419024091816e-01
8.000638041517686982e-01
1.000000000000000000e+00
