1.000000000000000000e+00
8.028514630430535481e-01
8.089798830007616237e-01
9.585777555009857842e-01
1.146751069377101695e+00
1.307425076713020884e+00
1.420883045605936257e+00
1.493957242457884638e+00
1.540553997480312631e+00
1.571597087625284939e+00
1.592889343018205839e+00
1.606517884490219705e+00
1.612763417906560415e+00
1.611480666929579142e+00
1.602957719475339271e+00
1.588398398746298179e+00
1.570029139629529835e+00
1.550805480969891237e+00
1.533810348500886489e+00
1.521559759800992007e+00
1.515457334177664706e+00
1.515559048216707394e+00
1.520679943166735049e+00
1.528760472522780578e+00
1.537351646721118126e+00
1.544080279928012889e+00
1.546998829827411326e+00
1.544780741082778297e+00
1.536769686692636361e+00
1.522919163153512834e+00
1.503667588494668417e+00
1.479789266101840584e+00
1.452250383055220473e+00
1.422087084958780556e+00
1.390312673010079880e+00
1.357854139899374202e+00
1.325514399002734711e+00
1.293954937532002747e+00
1.263693436395400660e+00
1.235111488327707896e+00
1.208468454632934286e+00
1.183918454650854324e+00
1.161528339475532245e+00
1.141295206891235425e+00
1.123162560803144361e+00
1.107034621987134981e+00
1.092788582709519618e+00
1.080284791282457135e+00
1.069374976626624951e+00
1.059908696059237432e+00
1.051738226461317982e+00
1.044722130890326062e+00
1.038727727975936821e+00
1.033632676254637062e+00
1.029325864462569351e+00
1.025707774924284221e+00
1.022690462774974218e+00
1.020197270316852922e+00
1.018162374256213365e+00
1.016530244396346205e+00
1.015255075767313331e+00
1.014300242131123575e+00
1.013637807135178148e+00
1.013248119822412363e+00
1.013119513407802375e+00
1.013248119824520233e+00
1.013637807139503355e+00
1.014300242137893271e+00
1.015255075776874794e+00
1.016530244409198813e+00
1.018162374273019921e+00
1.020197270338478512e+00
1.022690462802528177e+00
1.025707774959181640e+00
1.029325864506584809e+00
1.033632676310012988e+00
1.038727728045490517e+00
1.044722130977580044e+00
1.051738226570688717e+00
1.059908696196251610e+00
1.069374976798209032e+00
1.080284791497286845e+00
1.092788582978479139e+00
1.107034622323872064e+00
1.123162561224814837e+00
1.141295207419417590e+00
1.161528340137423010e+00
1.183918455480787557e+00
1.208468455674343023e+00
1.235111489635650983e+00
1.263693438039822148e+00
1.293954939601975607e+00
1.325514401611932458e+00
1.357854143193156116e+00
1.390312677174655676e+00
1.422087090233017825e+00
1.452250389745737502e+00
1.479789274602221649e+00
1.503667599309567837e+00
1.522919176928533291e+00
1.536769704250603885e+00
1.544780763466647056e+00
1.546998858349351691e+00
1.544080316223034322e+00
1.537351692802054304e+00
1.528760530831503095e+00
1.520680016614377239e+00
1.515559140203756705e+00
1.515457448583183986e+00
1.521559900928933562e+00
1.533810520969860924e+00
1.550805689530100340e+00
1.570029388886883481e+00
1.588398692771174625e+00
1.602958061277658830e+00
1.611481057800981276e+00
1.612763856670565321e+00
1.606518366759758010e+00
1.592889860619346232e+00
1.571597628377047640e+00
1.540554545495340655e+00
1.493957779036826361e+00
1.420883550654782779e+00
1.307425530452686724e+00
1.146751453994462544e+00
9.585780563824917166e-01
8.089800893425723727e-01
8.028515678927768962e-01
1.000000000000000000e+00
