1.000000000000000000e+00
7.755355556540993733e-01
7.942374858497862622e-01
9.635656278625266413e-01
1.157793542495779704e+00
1.312714386685586376e+00
1.418516648763623378e+00
1.488060619533737583e+00
1.535148037570131185e+00
1.567813667378963993e+00
1.589733622588202167e+00
1.602912388955155976e+00
1.608894387483088995e+00
1.608778632549082932e+00
1.603112865107348073e+00
1.592218695024600450e+00
1.576801818508011044e+00
1.558410174677159921e+00
1.539432435979123159e+00
1.522632185744972944e+00
1.510451396659617140e+00
1.504384808255829320e+00
1.504644972930388125e+00
1.510187969172731348e+00
1.519033519091753659e+00
1.528737872348145954e+00
1.536870790470268977e+00
1.541388790839320677e+00
1.540855323811847422e+00
1.534509993301653497e+00
1.522220835316170140e+00
1.504365076761162046e+00
1.481680403405815083e+00
1.455117925538887080e+00
1.425715646308665985e+00
1.394500742905316448e+00
1.362421636654845170e+00
1.330306565557943133e+00
1.298843479828780012e+00
1.268575738497047301e+00
1.239908602523882575e+00
1.213122409720915229e+00
1.188389280281248128e+00
1.165791081649876215e+00
1.145337112684049474e+00
1.126980537524045589e+00
1.110633023611303338e+00
1.096177340329338001e+00
1.083477880724049269e+00
1.072389201997121955e+00
1.062762760268562756e+00
1.054452056715633246e+00
1.047316427294691099e+00
1.041223705608967043e+00
1.036051974584234703e+00
1.031690602177978366e+00
1.028040732751724029e+00
1.025015381329419384e+00
1.022539254315482760e+00
1.020548398331702744e+00
1.018989759188439592e+00
1.017820715840987988e+00
1.017008639470047049e+00
1.016530515372669141e+00
1.016372654852189417e+00
1.016530515372525034e+00
1.017008639469753506e+00
1.017820715840534129e+00
1.018989759187810096e+00
1.020548398330878070e+00
1.022539254314431600e+00
1.025015381328110653e+00
1.028040732750116204e+00
1.031690602176032590e+00
1.036051974581890578e+00
1.041223705606169281e+00
1.047316427291379526e+00
1.054452056711732366e+00
1.062762760263993522e+00
1.072389201991785335e+00
1.083477880717838904e+00
1.096177340322116001e+00
1.110633023602898284e+00
1.126980537514214120e+00
1.145337112672460966e+00
1.165791081636040616e+00
1.188389280264449788e+00
1.213122409700089666e+00
1.239908602497445500e+00
1.268575738462651481e+00
1.298843479782952448e+00
1.330306565495638083e+00
1.362421636568771133e+00
1.394500742785077962e+00
1.425715646139636750e+00
1.455117925300799975e+00
1.481680403071022667e+00
1.504365076292640602e+00
1.522220834665318101e+00
1.534509992406105416e+00
1.540855322593588150e+00
1.541388789203379517e+00
1.536870788304393054e+00
1.528737869523444814e+00
1.519033515463987571e+00
1.510187964583173947e+00
1.504644967204629147e+00
1.504384801198815014e+00
1.510451388046328836e+00
1.522632175308678226e+00
1.539432423402667949e+00
1.558410159595595701e+00
1.576801800530639230e+00
1.592218673779570937e+00
1.603112840303364317e+00
1.608778604041324778e+00
1.608894355329915538e+00
1.602912353459932104e+00
1.589733584329176219e+00
1.567813627228692885e+00
1.535147996693866590e+00
1.488060579347898926e+00
1.418516610844116066e+00
1.312714352631095593e+00
1.157793513759251214e+00
9.635656055806955944e-01
7.942374707402403144e-01
7.755355480503121068e-01
1.000000000000000000e+00
