1.000000000000000000e+00
7.434733774539467044e-01
7.852313101044535726e-01
9.776755018071899839e-01
1.172275115888812280e+00
1.316025713000397834e+00
1.414297221730988818e+00
1.484471975324045401e+00
1.536477529720455149e+00
1.573063832525887218e+00
1.595272032306013665e+00
1.605521532268494145e+00
1.607525453027452311e+00
1.604816026244132887e+00
1.599509369863094665e+00
1.592036026375981628e+00
1.581787155030139003e+00
1.568177470443899990e+00
1.551529928716346651e+00
1.533386648315950174e+00
1.516187720489903246e+00
1.502545656473776914e+00
1.494462247214494832e+00
1.492782233007630355e+00
1.497026643922108269e+00
1.505587153243035603e+00
1.516154129758191971e+00
1.526216637701813816e+00
1.533499194311385594e+00
1.536257530861090181e+00
1.533414505428984720e+00
1.524559469392493760e+00
1.509854577999972802e+00
1.489893590289971925e+00
1.465550034601705409e+00
1.437839130705711010e+00
1.407806129964458641e+00
1.376444886563222392e+00
1.344644890727362929e+00
1.313162150659884064e+00
1.282608380755639432e+00
1.253453168754469882e+00
1.226034572216685881e+00
1.200574556886226940e+00
1.177196622587437513e+00
1.155943766086975355e+00
1.136795573487437094e+00
1.119683722523859615e+00
1.104505529139469866e+00
1.091135419017037922e+00
1.079434368174362113e+00
1.069257458508276581e+00
1.060459751348335145e+00
1.052900707879328435e+00
1.046447389716979925e+00
1.040976663416182113e+00
1.036376614707155808e+00
1.032547355715734083e+00
1.029401384085294247e+00
1.026863628645438231e+00
1.024871293255169347e+00
1.023373589362798208e+00
1.022331428965393085e+00
1.021717133029016455e+00
1.021514195856699558e+00
1.021717133029329316e+00
1.022331428966035238e+00
1.023373589363812064e+00
1.024871293256620408e+00
1.026863628647417315e+00
1.029401384087925031e+00
1.032547355719185989e+00
1.036376614711644217e+00
1.040976663421996795e+00
1.046447389724483035e+00
1.052900707888999587e+00
1.060459751360792069e+00
1.069257458524301541e+00
1.079434368194962746e+00
1.091135419043496535e+00
1.104505529173430478e+00
1.119683722567408335e+00
1.136795573543237570e+00
1.155943766158399777e+00
1.177196622678776006e+00
1.200574557002910714e+00
1.226034572365602093e+00
1.253453168944352214e+00
1.282608380997545261e+00
1.313162150967831066e+00
1.344644891119109342e+00
1.376444887061312627e+00
1.407806130597532235e+00
1.437839131510200597e+00
1.465550035624030301e+00
1.489893591589391164e+00
1.509854579652256223e+00
1.524559471494659091e+00
1.533414508105344076e+00
1.536257534270857539e+00
1.533499198658095697e+00
1.526216643244545645e+00
1.516154136824483967e+00
1.505587162242803867e+00
1.497026655361485048e+00
1.492782247500960002e+00
1.494462265492422892e+00
1.502545679385260291e+00
1.516187748996302931e+00
1.533386683475834067e+00
1.551529971659473928e+00
1.568177522331285489e+00
1.581787216993800316e+00
1.592036099428467022e+00
1.599509454766807615e+00
1.604816123338129064e+00
1.607525562026138166e+00
1.605521652067293692e+00
1.595272160842758691e+00
1.573063966743991626e+00
1.536477665662241421e+00
1.484472108359163656e+00
1.414297346902357200e+00
1.316025825440465091e+00
1.172275211220588753e+00
9.776755764313113106e-01
7.852313613280195170e-01
7.434734035044819889e-01
1.000000000000000000e+00
