1.000000000000000000e+00
1.045675138850866714e+00
1.090773757269497324e+00
1.134395109147839920e+00
1.175345485647953714e+00
1.212267170750165768e+00
1.243824926567328459e+00
1.268901329474675821e+00
1.286755177893083912e+00
1.297111477164816895e+00
1.300172264518963949e+00
1.296557580527404774e+00
1.287199332592942280e+00
1.273215281910591079e+00
1.255787168841602464e+00
1.236059373566826602e+00
1.215065956419574045e+00
1.193686838128517502e+00
1.172629284074492961e+00
1.152428695685820292e+00
1.133462376900256530e+00
1.115970699629895480e+00
1.100081324701707608e+00
1.085833431459929832e+00
1.073200045953481840e+00
1.062107446553749002e+00
1.052451261229527590e+00
1.044109287237014128e+00
1.036951310065261200e+00
1.030846321658587694e+00
1.025667578441262773e+00
1.021295928610933768e+00
1.017621798089153096e+00
1.014546170856714946e+00
1.011980842132866210e+00
1.009848167981486133e+00
1.008080485683889194e+00
1.006619337015072446e+00
1.005414591653631007e+00
1.004423539926649234e+00
1.003610002171491322e+00
1.002943485279885749e+00
1.002398404560839840e+00
1.001953380068239641e+00
1.001590610239554424e+00
1.001295321451710407e+00
1.001055289400780923e+00
1.000860426638709777e+00
1.000702429828607132e+00
1.000574480061701799e+00
1.000470989727227700e+00
1.000387389804031413e+00
1.000319951951156972e+00
1.000265640344667473e+00
1.000221988792978633e+00
1.000186999232423712e+00
1.000159058240359888e+00
1.000136868694802450e+00
1.000119394153409447e+00
1.000105813920377118e+00
1.000095487120181703e+00
1.000087924405939743e+00
1.000082766202805562e+00
1.000079766628476197e+00
1.000078782449416392e+00
1.000079766628476197e+00
1.000082766202805562e+00
1.000087924405939743e+00
1.000095487120181703e+00
1.000105813920377118e+00
1.000119394153409447e+00
1.000136868694802450e+00
1.000159058240359888e+00
1.000186999232423712e+00
1.000221988792978633e+00
1.000265640344667473e+00
1.000319951951156972e+00
1.000387389804031413e+00
1.000470989727227700e+00
1.000574480061701799e+00
1.000702429828607132e+00
1.000860426638709777e+00
1.001055289400780923e+00
1.001295321451710407e+00
1.001590610239554424e+00
1.001953380068239641e+00
1.002398404560839840e+00
1.002943485279885749e+00
1.003610002171491322e+00
1.004423539926649234e+00
1.005414591653631007e+00
1.006619337015072446e+00
1.008080485683889194e+00
1.009848167981486133e+00
1.011980842132865988e+00
1.014546170856714946e+00
1.017621798089153096e+00
1.021295928610933768e+00
1.025667578441262773e+00
1.030846321658587694e+00
1.036951310065261200e+00
1.044109287237013906e+00
1.052451261229527812e+00
1.062107446553748780e+00
1.073200045953481840e+00
1.085833431459929610e+00
1.100081324701707608e+00
1.115970699629895924e+00
1.133462376900256308e+00
1.152428695685820070e+00
1.172629284074492961e+00
1.193686838128517724e+00
1.215065956419573379e+00
1.236059373566825936e+00
1.255787168841601575e+00
1.273215281910590857e+00
1.287199332592941392e+00
1.296557580527403664e+00
1.300172264518963505e+00
1.297111477164815785e+00
1.286755177893082580e+00
1.268901329474674933e+00
1.243824926567327793e+00
1.212267170750166212e+00
1.175345485647952826e+00
1.134395109147839253e+00
1.090773757269497546e+00
1.045675138850866492e+00
1.000000000000000000e+00
