1.000000000000000000e+00
7.397893765057282911e-01
7.845996158379390240e-01
9.794035434568006959e-01
1.173488629439379594e+00
1.315775088925832614e+00
1.413371041351842994e+00
1.483838034174592257e+00
1.536475534127542231e+00
1.573491720718861231e+00
1.595745961707264682e+00
1.605721169554744643e+00
1.607296161211491325e+00
1.604204760496826365e+00
1.598753507428693377e+00
1.591483451678995964e+00
1.581755484102705278e+00
1.568809780338576543e+00
1.552716801258500423e+00
1.534790397135154194e+00
1.517353397168547779e+00
1.503047809074843366e+00
1.494030725725187247e+00
1.491369088265912080e+00
1.494804480599346119e+00
1.502893343594601250e+00
1.513407648051597221e+00
1.523834447264381664e+00
1.531831192494960581e+00
1.535548453371899269e+00
1.533792153019180704e+00
1.526043156547995938e+00
1.512375844765887711e+00
1.493321899425801069e+00
1.469718099752675533e+00
1.442564673252960006e+00
1.412908666372078903e+00
1.381757399166507305e+00
1.350020956912408421e+00
1.318479422733289663e+00
1.287769363028687275e+00
1.258384147529159058e+00
1.230683401253433118e+00
1.204907836061838600e+00
1.181196657280905393e+00
1.159605570227816074e+00
1.140124082091509283e+00
1.122691307421477491e+00
1.107209860268102641e+00
1.093557678676254641e+00
1.081597803047188444e+00
1.071186240750027663e+00
1.062178113035554761e+00
1.054432310610028178e+00
1.047814891667361747e+00
1.042201448585662993e+00
1.037478652619177266e+00
1.033545163910436493e+00
1.030312069937710184e+00
1.027702991094950002e+00
1.025653968760293688e+00
1.024113229691731464e+00
1.023040901238588152e+00
1.022408734719932655e+00
1.022199879225824448e+00
1.022408734720177792e+00
1.023040901239090417e+00
1.024113229692526605e+00
1.025653968761436552e+00
1.027702991096516305e+00
1.030312069939802733e+00
1.033545163913197840e+00
1.037478652622787934e+00
1.042201448590371671e+00
1.047814891673476634e+00
1.054432310617961388e+00
1.062178113045840311e+00
1.071186240763344566e+00
1.081597803064412888e+00
1.093557678698506619e+00
1.107209860296824555e+00
1.122691307458505205e+00
1.140124082139186923e+00
1.159605570289121479e+00
1.181196657359631974e+00
1.204907836162790735e+00
1.230683401382708819e+00
1.258384147694492139e+00
1.287769363239867904e+00
1.318479423002721029e+00
1.350020957255789522e+00
1.381757399603748215e+00
1.412908666928442303e+00
1.442564673960541333e+00
1.469718100652318560e+00
1.493321900569583915e+00
1.512375846220349374e+00
1.526043158398288302e+00
1.533792155374406718e+00
1.535548456371840897e+00
1.531831196318443222e+00
1.523834452139255502e+00
1.513407654266238023e+00
1.502893351510276032e+00
1.494804490662444030e+00
1.491369101018420906e+00
1.494030741811563034e+00
1.503047829243376654e+00
1.517353422265744101e+00
1.534790428092128955e+00
1.552716839068267962e+00
1.568809826021556386e+00
1.581755538654510573e+00
1.591483515991204412e+00
1.598753582173218835e+00
1.604204845971909599e+00
1.607296257162972308e+00
1.605721275004913018e+00
1.595746074834946127e+00
1.573491838830271883e+00
1.536475653740652536e+00
1.483838151219685431e+00
1.413371151473554965e+00
1.315775187847436190e+00
1.173488713314719822e+00
9.794036091211328898e-01
7.845996609187283477e-01
7.397893994356230518e-01
1.000000000000000000e+00
