1.000000000000000000e+00
8.792964151492341784e-01
8.681582223752355443e-01
9.609431926875664498e-01
1.109926716207918718e+00
1.266938020635991036e+00
1.400671169722107701e+00
1.498537233181776784e+00
1.561093444752514214e+00
1.595093170924235526e+00
1.608483406302652741e+00
1.608112719971240168e+00
1.599359469167659142e+00
1.586514685524491597e+00
1.573114254452306682e+00
1.561951577306825545e+00
1.554873097713983521e+00
1.552582228929009656e+00
1.554622047658205330e+00
1.559583459098105029e+00
1.565478459585982307e+00
1.570167205143378375e+00
1.571732872103718925e+00
1.568737707847799756e+00
1.560341057070535831e+00
1.546297046097056205e+00
1.526868843771223228e+00
1.502699676761658276e+00
1.474673918765477154e+00
1.443790693057768415e+00
1.411061830232585024e+00
1.377437853182496896e+00
1.343760424675572329e+00
1.310736985012132205e+00
1.278932398775945556e+00
1.248772610109749825e+00
1.220556028286863937e+00
1.194469269598737782e+00
1.170604762528225873e+00
1.148978483638609660e+00
1.129546700503655021e+00
1.112221059698198733e+00
1.096881692496705307e+00
1.083388243155840813e+00
1.071588878050953042e+00
1.061327428656670957e+00
1.052448873642443994e+00
1.044803387794500882e+00
1.038249187628937253e+00
1.032654392547427191e+00
1.027898101437899614e+00
1.023870861515427277e+00
1.020474681602505651e+00
1.017622717784977926e+00
1.015238736633580441e+00
1.013256440654144663e+00
1.011618722673171433e+00
1.010276900578123138e+00
1.009189971139436093e+00
1.008323911357351887e+00
1.007651047649831932e+00
1.007149506944139183e+00
1.006802759062412234e+00
1.006599256414438592e+00
1.006532174659173551e+00
1.006599256416281118e+00
1.006802759066191433e+00
1.007149506950052453e+00
1.007651047658178145e+00
1.008323911368560477e+00
1.009189971154078380e+00
1.010276900596942973e+00
1.011618722697118944e+00
1.013256440684429549e+00
1.015238736671721709e+00
1.017622717832883161e+00
1.020474681662569161e+00
1.023870861590636228e+00
1.027898101531991459e+00
1.032654392665068643e+00
1.038249187775966087e+00
1.044803387978215703e+00
1.052448873871977053e+00
1.061327428943465989e+00
1.071588878409366785e+00
1.083388243603910839e+00
1.096881693057141893e+00
1.112221060399643413e+00
1.129546701382322604e+00
1.148978484740387662e+00
1.170604763911407220e+00
1.194469271337564864e+00
1.220556030476126930e+00
1.248772612870752585e+00
1.278932402264244317e+00
1.310736989427545351e+00
1.343760430275027007e+00
1.377437860296479188e+00
1.411061839285879804e+00
1.443790704595366181e+00
1.474673933484260457e+00
1.502699695548246783e+00
1.526868867745735825e+00
1.546297076661471426e+00
1.560341095958894808e+00
1.568737757173451097e+00
1.571732934396548931e+00
1.570167283367674083e+00
1.565478557127664150e+00
1.559583579709045154e+00
1.554622195344907309e+00
1.552582407773101858e+00
1.554873311611981501e+00
1.561951829617608700e+00
1.573114547545628295e+00
1.586515020238304707e+00
1.599359844210932025e+00
1.608113131351201153e+00
1.608483846898196346e+00
1.595093630348046965e+00
1.561093909622068177e+00
1.498537687848227051e+00
1.400671597402066038e+00
1.266938404779046179e+00
1.109927041842749151e+00
9.609434474657813086e-01
8.681583971253789000e-01
8.792965039537621319e-01
1.000000000000000000e+00
