1.000000000000000000e+00
9.815835186819276137e-01
9.961560113858050070e-01
1.050100108685074529e+00
1.134686512346019027e+00
1.234813254374802272e+00
1.335243952720927663e+00
1.424463379571989430e+00
1.496254883150176740e+00
1.549376859795690953e+00
1.586045884032390552e+00
1.610054807628015450e+00
1.625189827484799565e+00
1.634281106217062129e+00
1.638902946035755370e+00
1.639542699817636562e+00
1.635999461593052207e+00
1.627811913369267893e+00
1.614593475448915072e+00
1.596229669068957913e+00
1.572946201779451769e+00
1.545282962896506573e+00
1.514014806203459518e+00
1.480053536664912350e+00
1.444354514443852544e+00
1.407840588232845747e+00
1.371347897545517558e+00
1.335592884313146822e+00
1.301157160765558096e+00
1.268485936654428547e+00
1.237895806709564006e+00
1.209588308968351900e+00
1.183666445439411463e+00
1.160152118239966113e+00
1.139003088804643182e+00
1.120128587894591021e+00
1.103403094699481946e+00
1.088678082817224446e+00
1.075791721472423745e+00
1.064576642907407056e+00
1.054865959206028325e+00
1.046497748118510041e+00
1.039318238754668666e+00
1.033183922630272589e+00
1.027962799676596539e+00
1.023534946980173777e+00
1.019792573448802475e+00
1.016639698554617777e+00
1.013991569289232730e+00
1.011773907415058016e+00
1.009922059524798854e+00
1.008380105536277327e+00
1.007099967047774491e+00
1.006040545313744428e+00
1.005166909241979489e+00
1.004449546486290146e+00
1.003863685126270555e+00
1.003388689307014081e+00
1.003007529296647826e+00
1.002706324475582944e+00
1.002473956596754201e+00
1.002301750080055509e+00
1.002183215985506859e+00
1.002113856532584890e+00
1.002091027505662479e+00
1.002113856532584890e+00
1.002183215985506859e+00
1.002301750080055509e+00
1.002473956596754201e+00
1.002706324475582944e+00
1.003007529296647826e+00
1.003388689307014081e+00
1.003863685126270555e+00
1.004449546486290146e+00
1.005166909241979489e+00
1.006040545313744428e+00
1.007099967047774491e+00
1.008380105536277327e+00
1.009922059524798854e+00
1.011773907415058016e+00
1.013991569289232730e+00
1.016639698554617777e+00
1.019792573448802697e+00
1.023534946980173110e+00
1.027962799676596539e+00
1.033183922630272589e+00
1.039318238754668666e+00
1.046497748118510041e+00
1.054865959206028547e+00
1.064576642907406834e+00
1.075791721472423523e+00
1.088678082817224446e+00
1.103403094699482168e+00
1.120128587894590577e+00
1.139003088804642516e+00
1.160152118239965668e+00
1.183666445439409243e+00
1.209588308968352344e+00
1.237895806709563784e+00
1.268485936654428547e+00
1.301157160765558984e+00
1.335592884313145934e+00
1.371347897545518446e+00
1.407840588232845080e+00
1.444354514443852988e+00
1.480053536664912350e+00
1.514014806203458852e+00
1.545282962896507462e+00
1.572946201779452435e+00
1.596229669068957469e+00
1.614593475448915294e+00
1.627811913369267005e+00
1.635999461593050874e+00
1.639542699817634563e+00
1.638902946035753150e+00
1.634281106217062352e+00
1.625189827484799121e+00
1.610054807628013229e+00
1.586045884032388553e+00
1.549376859795687622e+00
1.496254883150175852e+00
1.424463379571987209e+00
1.335243952720926108e+00
1.234813254374801605e+00
1.134686512346018583e+00
1.050100108685072753e+00
9.961560113858033416e-01
9.815835186819258373e-01
1.000000000000000000e+00
