1.000000000000000000e+00
8.523860711280951685e-01
8.437218662657556267e-01
9.547840726623245677e-01
1.119331613460382790e+00
1.280502795975721808e+00
1.408486613409620780e+00
1.497044415412867258e+00
1.552718002558121091e+00
1.585208498870141369e+00
1.602189964473832218e+00
1.608187210814026269e+00
1.605651931604508365e+00
1.596475151696455708e+00
1.582940690787769444e+00
1.567874314085734522e+00
1.554204534352391365e+00
1.544313754964879770e+00
1.539513447140492541e+00
1.539830129134211800e+00
1.544127888783866531e+00
1.550475533521377791e+00
1.556615570748770327e+00
1.560401901994132867e+00
1.560119302203057945e+00
1.554652950866104000e+00
1.543520467384873029e+00
1.526803627348743753e+00
1.505023363035634221e+00
1.478995884287067186e+00
1.449696561779767467e+00
1.418146618700700801e+00
1.385328367619201639e+00
1.352128517912223549e+00
1.319305672415424846e+00
1.287476793508552930e+00
1.257117378771916538e+00
1.228570728584701621e+00
1.202062594086085179e+00
1.177718416889117714e+00
1.155581188512242008e+00
1.135628622197630389e+00
1.117788840301898734e+00
1.101954154757729842e+00
1.087992781080974414e+00
1.075758502809718520e+00
1.065098414753885336e+00
1.055858937638535000e+00
1.047890327423882439e+00
1.041049910273212697e+00
1.035204266662830719e+00
1.030230571267037432e+00
1.026017273200250157e+00
1.022464276938817251e+00
1.019482759835970587e+00
1.016994738943372001e+00
1.014932478695673934e+00
1.013237812344440547e+00
1.011861434008220817e+00
1.010762204802595265e+00
1.009906505563811452e+00
1.009267659936525563e+00
1.008825444770852675e+00
1.008565699556799977e+00
1.008480042705066193e+00
1.008565699555841855e+00
1.008825444768888913e+00
1.009267659933460015e+00
1.009906505559486023e+00
1.010762204796799457e+00
1.011861434000665083e+00
1.013237812334753407e+00
1.014932478683379768e+00
1.016994738927875064e+00
1.019482759816515705e+00
1.022464276914467618e+00
1.026017273169843591e+00
1.030230571229121983e+00
1.035204266615606494e+00
1.041049910214444152e+00
1.047890327350798012e+00
1.055858937547691001e+00
1.065098414641008295e+00
1.075758502669494465e+00
1.087992780906790413e+00
1.101954154541350039e+00
1.117788840033050457e+00
1.135628621863480570e+00
1.155581188096731049e+00
1.177718416372106613e+00
1.202062593442265515e+00
1.228570727782215322e+00
1.257117377770564648e+00
1.287476792257523428e+00
1.319305670850368761e+00
1.352128515951557919e+00
1.385328365159392172e+00
1.418146615610359040e+00
1.449696557892269366e+00
1.478995879391517443e+00
1.505023356865975881e+00
1.526803619570914483e+00
1.543520457582173933e+00
1.554652938523131800e+00
1.560119286689032991e+00
1.560401882546879948e+00
1.556615546461181054e+00
1.550475503332801930e+00
1.544127851479494495e+00
1.539830083356330981e+00
1.539513391416427845e+00
1.544313687757676412e+00
1.554204454141378866e+00
1.567874219484717946e+00
1.582940580707290046e+00
1.596475025552258842e+00
1.605651789565105902e+00
1.608187054065270516e+00
1.602189795458226484e+00
1.585208321437514778e+00
1.552717821951631993e+00
1.497044238022599671e+00
1.408486446269004988e+00
1.280502646057128935e+00
1.119331486926794961e+00
9.547839742970003485e-01
8.437217992620060780e-01
8.523860372598918156e-01
1.000000000000000000e+00
