1.000000000000000000e+00
7.594866253465974992e-01
7.883965726645711936e-01
9.693018970572323534e-01
1.164607018828171858e+00
1.314351290988075238e+00
1.416026306907432364e+00
1.485289129926729013e+00
1.534460669732719218e+00
1.568981182454437073e+00
1.591077485782821155e+00
1.602914716926843619e+00
1.607181247320782491e+00
1.606220046968947379e+00
1.601257578005584437e+00
1.592464308076767088e+00
1.579704147829301908e+00
1.563403714500281705e+00
1.545022436577811575e+00
1.526921666224562157e+00
1.511763629284460286e+00
1.501754733801485830e+00
1.498046695761566793e+00
1.500481845903131273e+00
1.507706484713056794e+00
1.517551130483245636e+00
1.527522117170213800e+00
1.535260666365106053e+00
1.538876572821418653e+00
1.537123475015182317e+00
1.529429742073597609e+00
1.515824749668510885e+00
1.496806547476767113e+00
1.473190455402998644e+00
1.445966202213427643e+00
1.416179068534907159e+00
1.384840838273981189e+00
1.352869967795009565e+00
1.321056900885515750e+00
1.290049106355253494e+00
1.260350392873260228e+00
1.232329727699359445e+00
1.206235723896896816e+00
1.182213912785656795e+00
1.160324759647090920e+00
1.140561065214883651e+00
1.122863921343211002e+00
1.107136775106187576e+00
1.093257427053182296e+00
1.081087971887844335e+00
1.070482805684236594e+00
1.061294891007655838e+00
1.053380504118219152e+00
1.046602697567412310e+00
1.040833704995646869e+00
1.035956498721408048e+00
1.031865689066266301e+00
1.028467930323264667e+00
1.025681973936982461e+00
1.023438486186045715e+00
1.021679726261898846e+00
1.020359161530122183e+00
1.019441080050876414e+00
1.018900246013401123e+00
1.018721631344268408e+00
1.018900246013230149e+00
1.019441080050527138e+00
1.020359161529582837e+00
1.021679726261151666e+00
1.023438486185065388e+00
1.025681973935735902e+00
1.028467930321715906e+00
1.031865689064366709e+00
1.035956498719111663e+00
1.040833704992888409e+00
1.046602697564130047e+00
1.053380504114347360e+00
1.061294891003115914e+00
1.070482805678947713e+00
1.081087971881710796e+00
1.093257427046107289e+00
1.107136775098052528e+00
1.122863921333873138e+00
1.140561065204146463e+00
1.160324759634695724e+00
1.182213912771216124e+00
1.206235723879832245e+00
1.232329727678803444e+00
1.260350392847894296e+00
1.290049106323090999e+00
1.321056900843568638e+00
1.352869967738883794e+00
1.384840838197261670e+00
1.416179068428379928e+00
1.445966202064062234e+00
1.473190455192693316e+00
1.496806547180824509e+00
1.515824749253924741e+00
1.529429741497234208e+00
1.537123474222048758e+00
1.538876571743308608e+00
1.535260664919805729e+00
1.527522115261542135e+00
1.517551128001742189e+00
1.507706481536769560e+00
1.500481841897343349e+00
1.498046690775959533e+00
1.501754727663567435e+00
1.511763621789555589e+00
1.526921657125309029e+00
1.545022425579078984e+00
1.563403701266984358e+00
1.579704132012653695e+00
1.592464289358412444e+00
1.601257556151173711e+00
1.606220021878494331e+00
1.607181219067074451e+00
1.602914685783624060e+00
1.591077452251029811e+00
1.568981147287263900e+00
1.534460633942716035e+00
1.485289094750491978e+00
1.416026273719289019e+00
1.314351261176879948e+00
1.164606993655958656e+00
9.693018775196526882e-01
7.883965594020908574e-01
7.594866186671759278e-01
1.000000000000000000e+00
