1.000000000000000000e+00
8.336861837158590083e-01
8.296912642708814678e-01
9.556727605661599068e-01
1.130791955860575237e+00
1.293162742761250428e+00
1.415688858303945530e+00
1.497273616245312411e+00
1.548274907087908048e+00
1.579793414634115267e+00
1.599052371242387638e+00
1.609222459297864116e+00
1.611185267690720568e+00
1.605429181256561311e+00
1.593236021199671004e+00
1.576992763641840822e+00
1.559817971403445469e+00
1.544835952002970414e+00
1.534438912297712232e+00
1.529790642617871788e+00
1.530687916536391802e+00
1.535758712013863603e+00
1.542881865070705905e+00
1.549679460334319803e+00
1.553953795152603456e+00
1.553991523622843429e+00
1.548712660509341310e+00
1.537683620591657085e+00
1.521034888014601405e+00
1.499327660646383231e+00
1.473406451236358938e+00
1.444262814852906418e+00
1.412923799261965430e+00
1.380369731704288228e+00
1.347480136403157891e+00
1.315003505819267948e+00
1.283545547908869544e+00
1.253570636330526789e+00
1.225411907055937721e+00
1.199286379127159519e+00
1.175312402208729345e+00
1.153527539345519548e+00
1.133905642703257000e+00
1.116372375132533401e+00
1.100818791150521170e+00
1.087112842886689634e+00
1.075108844423311671e+00
1.064655033093829806e+00
1.055599425912390643e+00
1.047794196794948451e+00
1.041098805763263746e+00
1.035382102479946553e+00
1.030523608819325032e+00
1.026414162766536409e+00
1.022956081612796941e+00
1.020062978139667731e+00
1.017659340544412538e+00
1.015679966028347314e+00
1.014069319651677015e+00
1.012780874380566409e+00
1.011776475155844679e+00
1.011025759110715905e+00
1.010505655492529353e+00
1.010199982090295379e+00
1.010099149705760535e+00
1.010199982093215709e+00
1.010505655498519673e+00
1.011025759120088630e+00
1.011776475169074985e+00
1.012780874398335529e+00
1.014069319674890224e+00
1.015679966058185224e+00
1.017659340582383942e+00
1.020062978187693759e+00
1.022956081673284112e+00
1.026414162842517408e+00
1.030523608914600597e+00
1.035382102599259779e+00
1.041098805912547443e+00
1.047794196981614023e+00
1.055599426145700903e+00
1.064655033385361715e+00
1.075108844787554530e+00
1.087112843341784263e+00
1.100818791719210932e+00
1.116372375843375897e+00
1.133905643592171941e+00
1.153527540457770950e+00
1.175312403601478151e+00
1.199286380872748969e+00
1.225411909246139741e+00
1.253570639082050686e+00
1.283545551370481430e+00
1.315003510181016910e+00
1.347480141908301565e+00
1.380369738664671830e+00
1.412923808077729548e+00
1.444262826037578495e+00
1.473406465448436009e+00
1.499327678728558988e+00
1.521034911041574844e+00
1.537683649926936624e+00
1.548712697870618715e+00
1.553991571153955809e+00
1.553953855498032333e+00
1.549679536709483996e+00
1.542881961318207207e+00
1.535758832632855508e+00
1.530688066669516401e+00
1.529790827978146917e+00
1.534439139015763454e+00
1.544836226372759080e+00
1.559818299501958716e+00
1.576993150797755039e+00
1.593236471293735690e+00
1.605429695861605444e+00
1.611185845108555448e+00
1.609223093620848477e+00
1.599053051638275047e+00
1.579794125088854084e+00
1.548275626808260252e+00
1.497274320808918979e+00
1.415689521468632028e+00
1.293163338651669658e+00
1.130792461102027691e+00
9.556731559136237841e-01
8.296915354520324470e-01
8.336863215292185103e-01
1.000000000000000000e+00
