1.000000000000000000e+00
7.532235906374422640e-01
7.866464305208100694e-01
9.719129416385234865e-01
1.167069926998919982e+00
1.314501517853130963e+00
1.414703049593533768e+00
1.484154923705403695e+00
1.534355491981457043e+00
1.569685779738942966e+00
1.591857158218356272e+00
1.603118245073304582e+00
1.606582798557762759e+00
1.605079126292521696e+00
1.600161909504672852e+00
1.592047826546731715e+00
1.580358136294872429e+00
1.565097659331275537e+00
1.547299833219942355e+00
1.529057147825513718e+00
1.513004786408045144e+00
1.501552424677871977e+00
1.496200241898022698e+00
1.497169965847192197e+00
1.503417906289685080e+00
1.512955305538478346e+00
1.523326348938101482e+00
1.532090063487093090e+00
1.537196222135426504e+00
1.537205933750803055e+00
1.531359901687125102e+00
1.519529284250140444e+00
1.502095184318449794e+00
1.479799052267849468e+00
1.453595204677895936e+00
1.424524163276892574e+00
1.393614999262656307e+00
1.361817555067894148e+00
1.329961187658994071e+00
1.298734815846717128e+00
1.268682734006689516e+00
1.240211185493715229e+00
1.213601585678084627e+00
1.189027250608301056e+00
1.166571367447805763e+00
1.146244673204218634e+00
1.128001877533788555e+00
1.111756288220673961e+00
1.097392398928624724e+00
1.084776403963102487e+00
1.073764737370729083e+00
1.064210813024335289e+00
1.055970183611115720e+00
1.048904351309275285e+00
1.042883460150548558e+00
1.037788086082932937e+00
1.033510320269793503e+00
1.029954317540537012e+00
1.027036457468746278e+00
1.024685241837691718e+00
1.022841030209624913e+00
1.021455695447118339e+00
1.020492263514807263e+00
1.019924586649963771e+00
1.019737085792294717e+00
1.019924586649773479e+00
1.020492263514417797e+00
1.021455695446516598e+00
1.022841030208792246e+00
1.024685241836597482e+00
1.027036457467354058e+00
1.029954317538804842e+00
1.033510320267666538e+00
1.037788086080356775e+00
1.042883460147448815e+00
1.048904351305579796e+00
1.055970183606746104e+00
1.064210813019196733e+00
1.073764737364724997e+00
1.084776403956119628e+00
1.097392398920544077e+00
1.111756288211352750e+00
1.128001877523060470e+00
1.146244673191860297e+00
1.166571367433530737e+00
1.189027250591691232e+00
1.213601585658536264e+00
1.240211185470338151e+00
1.268682733978149901e+00
1.298734815811024346e+00
1.329961187613179385e+00
1.361817555007611924e+00
1.393614999181593150e+00
1.424524163166011048e+00
1.453595204524452233e+00
1.479799052054189712e+00
1.502095184020559193e+00
1.519529283836022593e+00
1.531359901115101119e+00
1.537205932967912414e+00
1.537196221076208236e+00
1.532090062072902770e+00
1.523326347077168297e+00
1.512955303126474194e+00
1.503417903210213069e+00
1.497169961971033025e+00
1.496200237079770012e+00
1.501552418749025675e+00
1.513004779167167690e+00
1.529057139028644041e+00
1.547299822577097528e+00
1.565097646515951624e+00
1.580358120971008251e+00
1.592047808411476417e+00
1.600161888338158311e+00
1.605079102003013736e+00
1.606582771215786298e+00
1.603118214938685560e+00
1.591857125768883163e+00
1.569685745699444190e+00
1.534355457333556716e+00
1.484154889651848164e+00
1.414703017469776558e+00
1.314501489004038515e+00
1.167069902642385637e+00
9.719129227342575561e-01
7.866464176872646208e-01
7.532235841734786774e-01
1.000000000000000000e+00
