1.000000000000000000e+00
1.046750712381217863e+00
1.092915928743406706e+00
1.137574770844028693e+00
1.179503537445218742e+00
1.217308740410374845e+00
1.249619357257971020e+00
1.275288140747333543e+00
1.293554746165905378e+00
1.304138186917184639e+00
1.307247611717517133e+00
1.303521131572002556e+00
1.293916285797667154e+00
1.279580298611314060e+00
1.261724868838603131e+00
1.241522304772016305e+00
1.220030965903290632e+00
1.198150680845609273e+00
1.176604110788033841e+00
1.155937845387496887e+00
1.136536710161866193e+00
1.118645567478215419e+00
1.102394173588919113e+00
1.087821990325712251e+00
1.074901015311024999e+00
1.063555602012466794e+00
1.053678887206933146e+00
1.045145865501508231e+00
1.037823398829228028e+00
1.031577572249617880e+00
1.026278847086115720e+00
1.021805450107705626e+00
1.018045395980514023e+00
1.014897485188733128e+00
1.012271561112545459e+00
1.010088253988543627e+00
1.008278389311689338e+00
1.006782195267584612e+00
1.005548408250825254e+00
1.004533346993824461e+00
1.003700003514955030e+00
1.003017182071566316e+00
1.002458704641629117e+00
1.002002692294110542e+00
1.001630925383574011e+00
1.001328281176504298e+00
1.001082244758706663e+00
1.000882487462735559e+00
1.000720506261830955e+00
1.000589317349135587e+00
1.000483197268032365e+00
1.000397465341218206e+00
1.000328301662281039e+00
1.000272595493173933e+00
1.000227819506517735e+00
1.000191925891810829e+00
1.000163260890621908e+00
1.000140494827331583e+00
1.000122565154899279e+00
1.000108630439116242e+00
1.000098033562638822e+00
1.000090272745584707e+00
1.000084979258128781e+00
1.000081900947544788e+00
1.000080890923572996e+00
1.000081900947544788e+00
1.000084979258128781e+00
1.000090272745584707e+00
1.000098033562638822e+00
1.000108630439116242e+00
1.000122565154899279e+00
1.000140494827331583e+00
1.000163260890621908e+00
1.000191925891810829e+00
1.000227819506517735e+00
1.000272595493173933e+00
1.000328301662281039e+00
1.000397465341218206e+00
1.000483197268032365e+00
1.000589317349135587e+00
1.000720506261830955e+00
1.000882487462735559e+00
1.001082244758706663e+00
1.001328281176504298e+00
1.001630925383574011e+00
1.002002692294110542e+00
1.002458704641629117e+00
1.003017182071566316e+00
1.003700003514955030e+00
1.004533346993824461e+00
1.005548408250825254e+00
1.006782195267584612e+00
1.008278389311689338e+00
1.010088253988543627e+00
1.012271561112545237e+00
1.014897485188733128e+00
1.018045395980514023e+00
1.021805450107705626e+00
1.026278847086115720e+00
1.031577572249617880e+00
1.037823398829228028e+00
1.045145865501508009e+00
1.053678887206933368e+00
1.063555602012466572e+00
1.074901015311024999e+00
1.087821990325712029e+00
1.102394173588919113e+00
1.118645567478215863e+00
1.136536710161865971e+00
1.155937845387496665e+00
1.176604110788033841e+00
1.198150680845609495e+00
1.220030965903289966e+00
1.241522304772015639e+00
1.261724868838602465e+00
1.279580298611314060e+00
1.293916285797666266e+00
1.303521131572001446e+00
1.307247611717516689e+00
1.304138186917183528e+00
1.293554746165904046e+00
1.275288140747332655e+00
1.249619357257970353e+00
1.217308740410375290e+00
1.179503537445217853e+00
1.137574770844028027e+00
1.092915928743406928e+00
1.046750712381217641e+00
1.000000000000000000e+00
