1.000000000000000000e+00
8.223977816419814069e-01
8.211084088539859493e-01
9.550892108135728975e-01
1.135056885267512694e+00
1.297031580675434226e+00
1.416090253549443068e+00
1.494030313573161184e+00
1.542880970162111787e+00
1.574053222952466857e+00
1.594371123789093403e+00
1.606451977568190026e+00
1.610659621372376726e+00
1.606981781399702269e+00
1.596209933553914828e+00
1.580337903192081894e+00
1.562316144444698907e+00
1.545403122376536098e+00
1.532402577860628279e+00
1.525050970824875174e+00
1.523723159957269591e+00
1.527493724339453296e+00
1.534477138314536360e+00
1.542307761068903327e+00
1.548617492921972927e+00
1.551408455421813271e+00
1.549273807552859816e+00
1.541469126704997805e+00
1.527867717418520899e+00
1.508844498465095940e+00
1.485129983758098460e+00
1.457665338780655517e+00
1.427477323808255871e+00
1.395581542661303409e+00
1.362915106045023972e+00
1.330295540827573397e+00
1.298400855557404032e+00
1.267765302833808949e+00
1.238785875194457375e+00
1.211735446002851990e+00
1.186779420399431739e+00
1.163993634934215038e+00
1.143381971696977528e+00
1.124892720683381864e+00
1.108433146526798030e+00
1.093882016718298544e+00
1.081100053741048894e+00
1.069938406339216108e+00
1.060245314649159942e+00
1.051871185327480696e+00
1.044672307757124274e+00
1.038513439644257241e+00
1.033269476306935220e+00
1.028826397418504346e+00
1.025081661283165468e+00
1.021944192244964800e+00
1.019334083147978243e+00
1.017182112872608402e+00
1.015429159433670625e+00
1.014025572183140822e+00
1.012930552331129386e+00
1.012111579142252360e+00
1.011543909540433939e+00
1.011210171159049098e+00
1.011100062769727748e+00
1.011210171158703153e+00
1.011543909539724950e+00
1.012111579141149686e+00
1.012930552329573519e+00
1.014025572181062484e+00
1.015429159430968342e+00
1.017182112869156274e+00
1.019334083143611291e+00
1.021944192239486515e+00
1.025081661276315836e+00
1.028826397409970062e+00
1.033269476296331701e+00
1.038513439631098656e+00
1.044672307740810879e+00
1.051871185307265311e+00
1.060245314624112867e+00
1.069938406308170720e+00
1.081100053702545916e+00
1.093882016670491675e+00
1.108433146467349140e+00
1.124892720609313335e+00
1.143381971604480851e+00
1.163993634818391909e+00
1.186779420253957884e+00
1.211735445819521084e+00
1.238785874962571087e+00
1.267765302539397565e+00
1.298400855182164859e+00
1.330295540347496086e+00
1.362915105428600393e+00
1.395581541867243258e+00
1.427477322782574554e+00
1.457665337453090570e+00
1.485129982037751040e+00
1.508844496235354438e+00
1.527867714531369048e+00
1.541469122974935546e+00
1.549273802750888329e+00
1.551408449269972456e+00
1.548617485088943369e+00
1.542307751166974938e+00
1.534477125897800942e+00
1.527493708902651237e+00
1.523723140934623910e+00
1.525050947589097206e+00
1.532402549724483976e+00
1.545403088602777419e+00
1.562316104273425044e+00
1.580337855895731058e+00
1.596209878526962056e+00
1.606981718282338711e+00
1.610659550196626100e+00
1.606451898904860176e+00
1.594371038867589130e+00
1.574053133723966935e+00
1.542880879279400208e+00
1.494030224266444939e+00
1.416090169388081188e+00
1.297031505225230363e+00
1.135056821693653184e+00
9.550891615388248379e-01
8.211083754117803890e-01
8.223977647901610233e-01
1.000000000000000000e+00
