1.000000000000000000e+00
8.340294382313769850e-01
8.294438305334371764e-01
9.544802250729337301e-01
1.128895945034956272e+00
1.290987878349407092e+00
1.413540466846182397e+00
1.495263221844219226e+00
1.546384572874386576e+00
1.577963577519844174e+00
1.597235274972703012e+00
1.607399796965091721e+00
1.609369440050764766e+00
1.603661193480155456e+00
1.591581123750386739e+00
1.575530282800633231e+00
1.558624631100401503e+00
1.543966815940244430e+00
1.533912318567465016e+00
1.529582082110529928e+00
1.530734215245673546e+00
1.535970296995238016e+00
1.543158835719530275e+00
1.549927039021015363e+00
1.554093989587606472e+00
1.553969628948227211e+00
1.548498810540426929e+00
1.537270573098638460e+00
1.520433561803937295e+00
1.498561808756714964e+00
1.472507487562106476e+00
1.443265399641466384e+00
1.411862442300105824e+00
1.379276431106147394e+00
1.346382932055949055e+00
1.313925766141405438e+00
1.282505799325146301e+00
1.252582763809845678e+00
1.224485585016709566e+00
1.198427625109688144e+00
1.174524175768236534e+00
1.152810333522792385e+00
1.133258034828544814e+00
1.115791518126873827e+00
1.100300836751903155e+00
1.086653295231741589e+00
1.074702846951121948e+00
1.064297594461804497e+00
1.055285592040748677e+00
1.047519176681525943e+00
1.040858058630217187e+00
1.035171393347990909e+00
1.030339038913136385e+00
1.026252180351423293e+00
1.022813478027682521e+00
1.019936872978735032e+00
1.017547159183677774e+00
1.015579412013605465e+00
1.013978343869830656e+00
1.012697642429018607e+00
1.011699333901285636e+00
1.010953203083214014e+00
1.010436293485887038e+00
1.010132504127415176e+00
1.010032294371062678e+00
1.010132504126866948e+00
1.010436293484762382e+00
1.010953203081461416e+00
1.011699333898812947e+00
1.012697642425708144e+00
1.013978343865519438e+00
1.015579412008084104e+00
1.017547159176677374e+00
1.019936872969924524e+00
1.022813478016633360e+00
1.026252180337613007e+00
1.030339038895917492e+00
1.035171393326548506e+00
1.040858058603543412e+00
1.047519176648365802e+00
1.055285591999542305e+00
1.064297594410603232e+00
1.074702846887497953e+00
1.086653295152651522e+00
1.100300836653526293e+00
1.115791518004402016e+00
1.133258034675910020e+00
1.152810333332310533e+00
1.174524175530147874e+00
1.198427624811551295e+00
1.224485584642612368e+00
1.252582763339388672e+00
1.282505798732102908e+00
1.313925765391990463e+00
1.346382931106578473e+00
1.379276429900579526e+00
1.411862440765802251e+00
1.443265397685055351e+00
1.472507485063794697e+00
1.498561805563600302e+00
1.520433557722229878e+00
1.537270567884911898e+00
1.548498803892280451e+00
1.553969620494866977e+00
1.554093978881053939e+00
1.549927025528705204e+00
1.543158818818927358e+00
1.535970275970995003e+00
1.530734189289792546e+00
1.529582050326664611e+00
1.533912279982069693e+00
1.543966769526044835e+00
1.558624575820606761e+00
1.575530217684050438e+00
1.591581048005874299e+00
1.603661106652427781e+00
1.609369342208299303e+00
1.607399688897071188e+00
1.597235158358773166e+00
1.577963455027846740e+00
1.546384448140585510e+00
1.495263099299954268e+00
1.413540351377431836e+00
1.290987774815870681e+00
1.128895857737119313e+00
9.544801573200493161e-01
8.294437844722643005e-01
8.340294149868052731e-01
1.000000000000000000e+00
