1.000000000000000000e+00
1.050668380680942704e+00
1.100722401350006763e+00
1.149169323711728419e+00
1.194675726177230946e+00
1.235715989118374658e+00
1.270786280781693423e+00
1.298628359895051654e+00
1.318410460366808756e+00
1.329829016966603383e+00
1.333119225634193938e+00
1.328985792382171294e+00
1.318480673718761542e+00
1.302859436830323236e+00
1.283443702678902953e+00
1.261508007237954310e+00
1.238199441381605759e+00
1.214490364934305067e+00
1.191159416824066453e+00
1.168793795814384140e+00
1.147805591648018320e+00
1.128455930705218879e+00
1.110882160360258997e+00
1.095124778019677558e+00
1.081152079681169775e+00
1.068881476576458489e+00
1.058197112715078880e+00
1.048963857073615502e+00
1.041037999388889190e+00
1.034275102091141596e+00
1.028535497316131364e+00
1.023687900835305920e+00
1.019611568126099543e+00
1.016197357859554007e+00
1.013348005135876306e+00
1.010977846981134132e+00
1.009012189183695174e+00
1.007386457861700224e+00
1.006045241399081691e+00
1.004941298069943478e+00
1.004034580942127386e+00
1.003291313528133166e+00
1.002683136150764209e+00
1.002186333200506985e+00
1.001781144580641048e+00
1.001451159985901729e+00
1.001182791684234408e+00
1.000964819721639865e+00
1.000788002597235549e+00
1.000644746190188838e+00
1.000528823859429650e+00
1.000435141031320141e+00
1.000359538132068682e+00
1.000298626334342522e+00
1.000249651219859759e+00
1.000210380077700245e+00
1.000179009141095587e+00
1.000154087602147079e+00
1.000134455729415839e+00
1.000119194847169046e+00
1.000107587319853275e+00
1.000099085025134560e+00
1.000093285099296292e+00
1.000089912005450277e+00
1.000088805214330856e+00
1.000089912005450277e+00
1.000093285099296292e+00
1.000099085025134560e+00
1.000107587319853275e+00
1.000119194847169046e+00
1.000134455729415839e+00
1.000154087602147079e+00
1.000179009141095587e+00
1.000210380077700245e+00
1.000249651219859759e+00
1.000298626334342522e+00
1.000359538132068682e+00
1.000435141031320141e+00
1.000528823859429650e+00
1.000644746190188838e+00
1.000788002597235549e+00
1.000964819721639865e+00
1.001182791684234408e+00
1.001451159985901729e+00
1.001781144580641048e+00
1.002186333200506985e+00
1.002683136150764209e+00
1.003291313528133166e+00
1.004034580942127386e+00
1.004941298069943478e+00
1.006045241399081691e+00
1.007386457861700224e+00
1.009012189183695174e+00
1.010977846981134132e+00
1.013348005135876084e+00
1.016197357859554007e+00
1.019611568126099543e+00
1.023687900835305920e+00
1.028535497316131364e+00
1.034275102091141596e+00
1.041037999388889412e+00
1.048963857073615280e+00
1.058197112715079102e+00
1.068881476576458267e+00
1.081152079681169775e+00
1.095124778019677336e+00
1.110882160360258997e+00
1.128455930705219323e+00
1.147805591648017876e+00
1.168793795814383696e+00
1.191159416824066231e+00
1.214490364934305067e+00
1.238199441381605093e+00
1.261508007237953644e+00
1.283443702678902287e+00
1.302859436830323014e+00
1.318480673718760432e+00
1.328985792382170184e+00
1.333119225634193494e+00
1.329829016966602939e+00
1.318410460366807646e+00
1.298628359895050544e+00
1.270786280781692534e+00
1.235715989118375102e+00
1.194675726177230279e+00
1.149169323711727753e+00
1.100722401350007207e+00
1.050668380680942482e+00
1.000000000000000000e+00
