1.000000000000000000e+00
7.930571967786574916e-01
8.033849208304381095e-01
9.603881658038404545e-01
1.151521041058506833e+00
1.310688606198627593e+00
1.421388162328831362e+00
1.492775498486356600e+00
1.539077490446010499e+00
1.570448329497137641e+00
1.592010289758069908e+00
1.605756420994195022e+00
1.612277172974877271e+00
1.611710038854673677e+00
1.604304470424073870e+00
1.590889446217134351e+00
1.573178047681926595e+00
1.553727497467950469e+00
1.535511118177387058e+00
1.521258167524502269e+00
1.512819090978684500e+00
1.510777709186473361e+00
1.514408447606994779e+00
1.521942538917589571e+00
1.531018715767162419e+00
1.539170613318452174e+00
1.544232634815007277e+00
1.544600889446964720e+00
1.539339614512954313e+00
1.528160480329204374e+00
1.511318519511154479e+00
1.489468331410924051e+00
1.463514823017851851e+00
1.434480444600785276e+00
1.403399741683871715e+00
1.371243861275428966e+00
1.338872627607651022e+00
1.307009354476952989e+00
1.276232873509135501e+00
1.246981595739012461e+00
1.219565246022497051e+00
1.194180870806621719e+00
1.170930629340612095e+00
1.149839650810750902e+00
1.130872851753963682e+00
1.113950068500995538e+00
1.098959191077874653e+00
1.085767213966819300e+00
1.074229269578856227e+00
1.064195802612906805e+00
1.055518093943562219e+00
1.048052363846320167e+00
1.041662685708624192e+00
1.036222929920945335e+00
1.031617938541998791e+00
1.027744108287837577e+00
1.024509535006979499e+00
1.021833848836227743e+00
1.019647846813990455e+00
1.017893009513099356e+00
1.016520970546301417e+00
1.015492992642205383e+00
1.014779491257445709e+00
1.014359636129697817e+00
1.014221052456887762e+00
1.014359636131489939e+00
1.014779491261124544e+00
1.015492992647964332e+00
1.016520970554438463e+00
1.017893009524041936e+00
1.019647846828306337e+00
1.021833848854660554e+00
1.024509535030480478e+00
1.027744108317625082e+00
1.031617938579598492e+00
1.036222929968289463e+00
1.041662685768142582e+00
1.048052363921053942e+00
1.055518094037329879e+00
1.064195802730488527e+00
1.074229269726252989e+00
1.085767214151551752e+00
1.098959191309387684e+00
1.113950068791140335e+00
1.130872852117650984e+00
1.149839651266746365e+00
1.170930629912580345e+00
1.194180871524455068e+00
1.219565246924023016e+00
1.246981596872200226e+00
1.276232874934934758e+00
1.307009356272994749e+00
1.338872629873014253e+00
1.371243864136807211e+00
1.403399745303557600e+00
1.434480449186944062e+00
1.463514828837660042e+00
1.489468338807288461e+00
1.511318528923690119e+00
1.528160492320224106e+00
1.539339629799028497e+00
1.544600908936208494e+00
1.544232659649710460e+00
1.539170644921548536e+00
1.531018755889733685e+00
1.521942589682880209e+00
1.514408511544668157e+00
1.510777789249261760e+00
1.512819190532406877e+00
1.521258290301456428e+00
1.535511268181803946e+00
1.553727678819691205e+00
1.573178264380777236e+00
1.590889701806950551e+00
1.604304767538901721e+00
1.611710378645566655e+00
1.612277554452123729e+00
1.605756840372606575e+00
1.592010739946470466e+00
1.570448799900542092e+00
1.539077967226027077e+00
1.492775965344042666e+00
1.421388601748159619e+00
1.310689000947185878e+00
1.151521375633943078e+00
9.603884275071242760e-01
8.033851002867407054e-01
7.930572879614204984e-01
1.000000000000000000e+00
