1.000000000000000000e+00
7.462923684531962421e-01
7.850574863728742026e-01
9.750160781067488402e-01
1.169655908878386219e+00
1.314409857577253593e+00
1.413118042263698637e+00
1.482944832431159377e+00
1.534345090110967424e+00
1.570563973370538768e+00
1.592821779460447118e+00
1.603470972968096264e+00
1.606042169160433408e+00
1.603852711870272785e+00
1.598833609119495014e+00
1.591324202199075000e+00
1.580760596413153252e+00
1.566725992222526065e+00
1.549766928614074502e+00
1.531613678101704235e+00
1.514789340886080637e+00
1.501861696030267979e+00
1.494685166896302597e+00
1.493908732616902491e+00
1.498868006732566149e+00
1.507823327526690571e+00
1.518407612309964794e+00
1.528123490680251662e+00
1.534762093391750959e+00
1.536674949907369969e+00
1.532887581069447558e+00
1.523082315398871289e+00
1.507495012520978062e+00
1.486770400759272803e+00
1.461811146852981969e+00
1.433643196149594790e+00
1.403308542163547390e+00
1.371788225108142800e+00
1.339953224754627525e+00
1.308538401994360223e+00
1.278133925723255127e+00
1.249188949821300465e+00
1.222023128344713605e+00
1.196842524616280601e+00
1.173757387887957471e+00
1.152800052034659073e+00
1.133941830025377406e+00
1.117108244422741814e+00
1.102192270633071125e+00
1.089065502227378524e+00
1.077587300768781065e+00
1.067612086815189043e+00
1.058994980576738687e+00
1.051596022799490715e+00
1.045283208408805731e+00
1.039934554394159161e+00
1.035439404552891407e+00
1.031699150767061202e+00
1.028627526077130483e+00
1.026150600696257520e+00
1.024206589388288791e+00
1.022745557929502613e+00
1.021729097942176701e+00
1.021130023211632931e+00
1.020932126470480483e+00
1.021130023211431981e+00
1.021729097941764364e+00
1.022745557928866234e+00
1.024206589387407718e+00
1.026150600695100001e+00
1.028627526075658549e+00
1.031699150765231776e+00
1.035439404550646092e+00
1.039934554391440225e+00
1.045283208405537900e+00
1.051596022795599605e+00
1.058994980572143918e+00
1.067612086809795580e+00
1.077587300762492983e+00
1.089065502220083914e+00
1.102192270624658965e+00
1.117108244413079987e+00
1.133941830014319807e+00
1.152800052022011634e+00
1.173757387873476610e+00
1.196842524599610824e+00
1.222023128325341101e+00
1.249188949798464288e+00
1.278133925695799089e+00
1.308538401960543940e+00
1.339953224711830426e+00
1.371788225052496424e+00
1.403308542089398925e+00
1.433643196048811852e+00
1.461811146714063314e+00
1.486770400566256534e+00
1.507495012252148658e+00
1.523082315025322764e+00
1.532887580553623952e+00
1.536674949201725537e+00
1.534762092437805148e+00
1.528123489408146796e+00
1.518407610638679905e+00
1.507823325364607170e+00
1.498868003977783969e+00
1.493908729156149251e+00
1.494685162601249173e+00
1.501861690750553757e+00
1.514789334439962998e+00
1.531613670267611305e+00
1.549766919128623410e+00
1.566725980791018991e+00
1.580760582735726727e+00
1.591324186009672514e+00
1.598833590228783796e+00
1.603852690202369535e+00
1.606042144779721736e+00
1.603470946102273809e+00
1.592821750528804259e+00
1.570563943014654296e+00
1.534345059206622341e+00
1.482944802055508715e+00
1.413118013612309154e+00
1.314409831851114374e+00
1.169655887162883490e+00
9.750160612564584550e-01
7.850574749371727057e-01
7.462923626949222733e-01
1.000000000000000000e+00
