1.000000000000000000e+00
7.636688435721561419e-01
7.897363398887532471e-01
9.676794734334690506e-01
1.162910939036398084e+00
1.314121591458422778e+00
1.416832461015180122e+00
1.486057758705374932e+00
1.534595646005388891e+00
1.568591136833253019e+00
1.590639386645501308e+00
1.602855608246913421e+00
1.607629811546768428e+00
1.606972043935233518e+00
1.601904750038817493e+00
1.592601707944771183e+00
1.579121232606769176e+00
1.562182949946250288e+00
1.543515286749571169e+00
1.525625140368297883e+00
1.511155521087666376e+00
1.502150349511064853e+00
1.499519553164973873e+00
1.502860239045094692e+00
1.510631293774391759e+00
1.520566012325517136e+00
1.530166226229746629e+00
1.537142241788318264e+00
1.539717268085517565e+00
1.536773443796372263e+00
1.527859829697343574e+00
1.513104479621728782e+00
1.493076030649953756e+00
1.468632307992274288e+00
1.440781185545027876e+00
1.410567134818235813e+00
1.378987836577818538e+00
1.346939424671357521e+00
1.315185908848303775e+00
1.284347274610836420e+00
1.254900905314909831e+00
1.227191718691446720e+00
1.201447364415001884e+00
1.177795767001830640e+00
1.156283111934449437e+00
1.136891027062893800e+00
1.119552209314821800e+00
1.104164109284953232e+00
1.090600539323258955e+00
1.078721239301781321e+00
1.068379539794208410e+00
1.059428322285512314e+00
1.051724503708418856e+00
1.045132278287582706e+00
1.039525340967605960e+00
1.034788299189339122e+00
1.030817457490026623e+00
1.027521135180543332e+00
1.024819653138447695e+00
1.022645102803440009e+00
1.020940989510392249e+00
1.019661823695909852e+00
1.018772717336514200e+00
1.018249029085612101e+00
1.018076089697260711e+00
1.018249029085462443e+00
1.018772717336208222e+00
1.019661823695437342e+00
1.020940989509738550e+00
1.022645102802583805e+00
1.024819653137361453e+00
1.027521135179196410e+00
1.030817457488381050e+00
1.034788299187358707e+00
1.039525340965238520e+00
1.045132278284781835e+00
1.051724503705137703e+00
1.059428322281694701e+00
1.068379539789800603e+00
1.078721239296721368e+00
1.090600539317488682e+00
1.104164109278402472e+00
1.119552209307404622e+00
1.136891027054484971e+00
1.156283111924872653e+00
1.177795766990801241e+00
1.201447364402067119e+00
1.227191718675890497e+00
1.254900905295601277e+00
1.284347274586019605e+00
1.315185908815273308e+00
1.346939424626069526e+00
1.378987836514290910e+00
1.410567134727787053e+00
1.440781185415282772e+00
1.468632307805933790e+00
1.493076030383291064e+00
1.513104479242909139e+00
1.527859829164631922e+00
1.536773443056433264e+00
1.539717267072113760e+00
1.537142240421596195e+00
1.530166224416425358e+00
1.520566009959823273e+00
1.510631290739227417e+00
1.502860235212272411e+00
1.499519548392939772e+00
1.502150343638763985e+00
1.511155513924592242e+00
1.525625131683409519e+00
1.543515276264871838e+00
1.562182937342710520e+00
1.579121217548673739e+00
1.592601690122629643e+00
1.601904729222802803e+00
1.606972020026034009e+00
1.607629784613883395e+00
1.602855578554791327e+00
1.590639354675756678e+00
1.568591103305571277e+00
1.534595611883357913e+00
1.486057725164835031e+00
1.416832429365722845e+00
1.314121563028398887e+00
1.162910915036157622e+00
9.676794548161730125e-01
7.897363272608044493e-01
7.636688372166828831e-01
1.000000000000000000e+00
