1.000000000000000000e+00
8.897427486411071396e-01
8.784528897770882416e-01
9.643971494120736621e-01
1.106347301379308368e+00
1.259895134168918629e+00
1.393975890232334036e+00
1.494148368708330343e+00
1.558842166735281864e+00
1.593580547848219675e+00
1.606255815714525470e+00
1.604480776506593598e+00
1.594637519607069676e+00
1.581774705036520734e+00
1.569692599342529693e+00
1.560949468996311484e+00
1.556815210247409986e+00
1.557298401265640564e+00
1.561332226920205235e+00
1.567114363500921259e+00
1.572525575817100396e+00
1.575529684798558927e+00
1.574477898060400838e+00
1.568281348933377561e+00
1.556455412446223763e+00
1.539065350334138271e+00
1.516612483505020093e+00
1.489897256451016228e+00
1.459886191080318918e+00
1.427598896183893018e+00
1.394022059885733800e+00
1.360050885757858596e+00
1.326454694129936440e+00
1.293861786027335592e+00
1.262758427405604289e+00
1.233497334916846988e+00
1.206311892045874634e+00
1.181333227338959402e+00
1.158608104185832710e+00
1.138116247312584539e+00
1.119786255754400273e+00
1.103509640096136168e+00
1.089152796548186863e+00
1.076566916310391697e+00
1.065595947409044619e+00
1.056082795712435018e+00
1.047873986278916369e+00
1.040823016396060563e+00
1.034792625764610063e+00
1.029656193284552934e+00
1.025298448196946710e+00
1.021615659056616332e+00
1.018515439334942485e+00
1.015916284828763283e+00
1.013746936384931407e+00
1.011945642236649512e+00
1.010459377690199556e+00
1.009243065994685828e+00
1.008258832832097829e+00
1.007475317754541466e+00
1.006867058799928438e+00
1.006413961149375647e+00
1.006100856764618134e+00
1.005917159189914312e+00
1.005856615869407555e+00
1.005917159185517384e+00
1.006100856755601791e+00
1.006413961135285362e+00
1.006867058780050339e+00
1.007475317727877018e+00
1.008258832797311433e+00
1.009243065950043761e+00
1.010459377633482259e+00
1.011945642165058334e+00
1.013746936294948942e+00
1.015916284715988827e+00
1.018515439193895089e+00
1.021615658880466126e+00
1.025298447977206484e+00
1.029656193010676457e+00
1.034792625423502921e+00
1.040823015971462873e+00
1.047873985750639836e+00
1.056082795055403922e+00
1.065595946592102328e+00
1.076566915294801197e+00
1.089152795285743380e+00
1.103509638526794845e+00
1.119786253803274789e+00
1.138116244886141493e+00
1.158608101167065030e+00
1.181333223581238601e+00
1.206311887365112412e+00
1.233497329081483906e+00
1.262758420123827996e+00
1.293861776930782082e+00
1.326454682752911785e+00
1.360050871511037096e+00
1.394022042022976748e+00
1.427598873760885567e+00
1.459886162903593299e+00
1.489897221016271311e+00
1.516612438924321626e+00
1.539065294252817351e+00
1.556455341952521554e+00
1.568281260467079719e+00
1.574477787331165057e+00
1.575529546730111585e+00
1.572525404539341753e+00
1.567114152417352635e+00
1.561331968881223053e+00
1.557298088877992148e+00
1.556814836345043584e+00
1.560949027287538149e+00
1.569692085232168965e+00
1.581774116597701063e+00
1.594636858641944155e+00
1.604480049584530610e+00
1.606255035011607379e+00
1.593579731548440126e+00
1.558841338727595005e+00
1.494147557376722224e+00
1.393975126331216341e+00
1.259894448085004059e+00
1.106346720381018223e+00
9.643966955783894734e-01
8.784525790496627851e-01
8.897425909541140099e-01
1.000000000000000000e+00
