1.000000000000000000e+00
7.443815918301079915e-01
7.846779926662403870e-01
9.758967407923765380e-01
1.170328826032146052e+00
1.314329953769076909e+00
1.412656062910256693e+00
1.482612767564764011e+00
1.534346021953270967e+00
1.570801571212247172e+00
1.593083671206491525e+00
1.603575518234991337e+00
1.605908978293780542e+00
1.603522483336890403e+00
1.598449775967588415e+00
1.591076667805964462e+00
1.580805798583013289e+00
1.567115986824338059e+00
1.550419786674431366e+00
1.532337176774196008e+00
1.515344846226861497e+00
1.502040148085110216e+00
1.494367230713118166e+00
1.493092395430453578e+00
1.497661450973962305e+00
1.506412260465106012e+00
1.517011300183741085e+00
1.526952831540075106e+00
1.533988510622671608e+00
1.536413444072558532e+00
1.533192924591548989e+00
1.523954931410272717e+00
1.508892418248681144e+00
1.488620616715649714e+00
1.464025520892347831e+00
1.436127184144668778e+00
1.405969867922392202e+00
1.374542433232541994e+00
1.342726967905389035e+00
1.311270936884094018e+00
1.280777301910609234e+00
1.251707319700024135e+00
1.224391524962442634e+00
1.199045369510033376e+00
1.175786915821098733e+00
1.154654777876271243e+00
1.135625135443137701e+00
1.118627127021535772e+00
1.103556273428653922e+00
1.090285824636166412e+00
1.078676081630377093e+00
1.068581843714065061e+00
1.059858186616973841e+00
1.052364801038361719e+00
1.045969124643327142e+00
1.040548490382571689e+00
1.035991495650594674e+00
1.032198774085084647e+00
1.029083327436760786e+00
1.026570550725038444e+00
1.024598060996439575e+00
1.023115419072072374e+00
1.022083814985202510e+00
1.021475771370237817e+00
1.021274904672926143e+00
1.021475771370031094e+00
1.022083814984779293e+00
1.023115419071418897e+00
1.024598060995534743e+00
1.026570550723849840e+00
1.029083327435248663e+00
1.032198774083205040e+00
1.035991495648286742e+00
1.040548490379776592e+00
1.045969124639965164e+00
1.052364801034356034e+00
1.059858186612240738e+00
1.068581843708505286e+00
1.078676081623888727e+00
1.090285824628633771e+00
1.103556273419957767e+00
1.118627127011537326e+00
1.135625135431682642e+00
1.154654777863156845e+00
1.175786915806071420e+00
1.199045369492728108e+00
1.224391524942335607e+00
1.251707319676345298e+00
1.280777301882193298e+00
1.311270936849197044e+00
1.342726967861390008e+00
1.374542433175581557e+00
1.405969867846840859e+00
1.436127184042438776e+00
1.464025520752012977e+00
1.488620616521370899e+00
1.508892417978927147e+00
1.523954931036413329e+00
1.533192924076416830e+00
1.536413443369142540e+00
1.533988509673189116e+00
1.526952830275536632e+00
1.517011298524137075e+00
1.506412258319903996e+00
1.497661448242302296e+00
1.493092391999914614e+00
1.494367226455905140e+00
1.502040142851058135e+00
1.515344839834235513e+00
1.532337169001621424e+00
1.550419777259423482e+00
1.567115975474244083e+00
1.580805785001227592e+00
1.591076651730361391e+00
1.598449757212337063e+00
1.603522461827963097e+00
1.605908954095062624e+00
1.603575491571473943e+00
1.593083642493279273e+00
1.570801541085856234e+00
1.534345991283508015e+00
1.482612737421336258e+00
1.412656034479403022e+00
1.314329928241106948e+00
1.170328804482275498e+00
9.758967240679833344e-01
7.846779813137914061e-01
7.443815861128472156e-01
1.000000000000000000e+00
