1.000000000000000000e+00
9.924172830265750589e-01
1.010502483937556706e+00
1.060318116231550256e+00
1.136270926796936642e+00
1.227300722947017864e+00
1.321483967859444331e+00
1.409074804154595961e+00
1.483961097066845092e+00
1.543711780289156454e+00
1.588668421493979910e+00
1.620672072356226456e+00
1.641932575951916551e+00
1.654315880825352414e+00
1.659082286139606399e+00
1.656952410197103598e+00
1.648330083924767431e+00
1.633540872873437966e+00
1.613005271420410169e+00
1.587321924597286493e+00
1.557272654512478205e+00
1.523776556837108664e+00
1.487821162393367924e+00
1.450392003987054812e+00
1.412413433736063872e+00
1.374706244783495235e+00
1.337962633936304657e+00
1.302736223327524590e+00
1.269443694245847132e+00
1.238374464596665003e+00
1.209705268954653690e+00
1.183517142422268575e+00
1.159812971074558163e+00
1.138534356184651042e+00
1.119577011575053849e+00
1.102804271609561182e+00
1.088058545183123726e+00
1.075170727280543082e+00
1.063967692775072083e+00
1.054278063251627318e+00
1.045936469901668220e+00
1.038786544232105813e+00
1.032682861306489119e+00
1.027492043366697860e+00
1.023093209281609850e+00
1.019377930433745139e+00
1.016249828544434575e+00
1.013623926987377022e+00
1.011425845237554411e+00
1.009590906726510307e+00
1.008063213708802586e+00
1.006794728765169733e+00
1.005744391117152414e+00
1.004877286765563982e+00
1.004163884311998878e+00
1.003579342887198633e+00
1.003102894611193729e+00
1.002717301187226573e+00
1.002408382353336291e+00
1.002164612782066255e+00
1.001976783461940856e+00
1.001837723475621500e+00
1.001742078297718663e+00
1.001686141181151735e+00
1.001667734816622524e+00
1.001686141181151735e+00
1.001742078297718663e+00
1.001837723475621500e+00
1.001976783461940856e+00
1.002164612782066255e+00
1.002408382353336291e+00
1.002717301187226573e+00
1.003102894611193729e+00
1.003579342887198633e+00
1.004163884311998878e+00
1.004877286765563982e+00
1.005744391117152414e+00
1.006794728765169733e+00
1.008063213708802586e+00
1.009590906726510307e+00
1.011425845237554411e+00
1.013623926987377022e+00
1.016249828544434797e+00
1.019377930433744694e+00
1.023093209281609850e+00
1.027492043366697860e+00
1.032682861306489119e+00
1.038786544232105813e+00
1.045936469901668664e+00
1.054278063251627540e+00
1.063967692775072083e+00
1.075170727280542859e+00
1.088058545183124171e+00
1.102804271609560738e+00
1.119577011575053627e+00
1.138534356184650820e+00
1.159812971074556387e+00
1.183517142422268797e+00
1.209705268954653690e+00
1.238374464596664781e+00
1.269443694245848242e+00
1.302736223327523257e+00
1.337962633936305767e+00
1.374706244783494791e+00
1.412413433736064539e+00
1.450392003987054812e+00
1.487821162393367702e+00
1.523776556837110219e+00
1.557272654512479759e+00
1.587321924597286493e+00
1.613005271420411502e+00
1.633540872873438410e+00
1.648330083924767653e+00
1.656952410197103598e+00
1.659082286139606177e+00
1.654315880825354856e+00
1.641932575951918771e+00
1.620672072356227345e+00
1.588668421493981242e+00
1.543711780289156899e+00
1.483961097066847534e+00
1.409074804154596627e+00
1.321483967859445441e+00
1.227300722947019418e+00
1.136270926796937975e+00
1.060318116231550034e+00
1.010502483937556484e+00
9.924172830265735046e-01
1.000000000000000000e+00
