1.000000000000000000e+00
9.745442048049570705e-01
9.867277615015711545e-01
1.043089007051585693e+00
1.132931630104329512e+00
1.238698492825529129e+00
1.343187980203075282e+00
1.433843304347639735e+00
1.504350372376328071e+00
1.554077781058846419e+00
1.586224619773744848e+00
1.605625840229525814e+00
1.616943785734287875e+00
1.623595833901104957e+00
1.627421161252208037e+00
1.628881913680607640e+00
1.627533976014956973e+00
1.622542728817421676e+00
1.613102296469352881e+00
1.598699963754759423e+00
1.579228274229317108e+00
1.554980304707857419e+00
1.526573413291567816e+00
1.494841958629255174e+00
1.460728239265991490e+00
1.425188906785223919e+00
1.389124347814313598e+00
1.353331925698812777e+00
1.318480253128734292e+00
1.285100087314523520e+00
1.253587213535984901e+00
1.224213180553901381e+00
1.197140543617732700e+00
1.172440103796166033e+00
1.150108378062153491e+00
1.130084143993841828e+00
1.112263370916801275e+00
1.096512191318979035e+00
1.082677805136460503e+00
1.070597367989070348e+00
1.060105012792331491e+00
1.051037208838183634e+00
1.043236686293351534e+00
1.036555156918831377e+00
1.030855051001126510e+00
1.026010471404615432e+00
1.021907542211933917e+00
1.018444304376378007e+00
1.015530286055595477e+00
1.013085852054108393e+00
1.011041415801749999e+00
1.009336578898908376e+00
1.007919247570658206e+00
1.006744762314339070e+00
1.005775066410793395e+00
1.004977930543959452e+00
1.004326244254954537e+00
1.003797380059194388e+00
1.003372632506580153e+00
1.003036732017139609e+00
1.002777431758741011e+00
1.002585164961533826e+00
1.002452769727613324e+00
1.002375278462933172e+00
1.002349769425609605e+00
1.002375278462933172e+00
1.002452769727613324e+00
1.002585164961533826e+00
1.002777431758741011e+00
1.003036732017139609e+00
1.003372632506580153e+00
1.003797380059194388e+00
1.004326244254954537e+00
1.004977930543959452e+00
1.005775066410793395e+00
1.006744762314339070e+00
1.007919247570658206e+00
1.009336578898908376e+00
1.011041415801749999e+00
1.013085852054108393e+00
1.015530286055595477e+00
1.018444304376378007e+00
1.021907542211934139e+00
1.026010471404614766e+00
1.030855051001126510e+00
1.036555156918831599e+00
1.043236686293351534e+00
1.051037208838183634e+00
1.060105012792331713e+00
1.070597367989069904e+00
1.082677805136460281e+00
1.096512191318978813e+00
1.112263370916802163e+00
1.130084143993841161e+00
1.150108378062152825e+00
1.172440103796165589e+00
1.197140543617730923e+00
1.224213180553902047e+00
1.253587213535985123e+00
1.285100087314523520e+00
1.318480253128735624e+00
1.353331925698812555e+00
1.389124347814315374e+00
1.425188906785223697e+00
1.460728239265992379e+00
1.494841958629256062e+00
1.526573413291568260e+00
1.554980304707859862e+00
1.579228274229319773e+00
1.598699963754761422e+00
1.613102296469356212e+00
1.622542728817424340e+00
1.627533976014960304e+00
1.628881913680610527e+00
1.627421161252211590e+00
1.623595833901111840e+00
1.616943785734294314e+00
1.605625840229531809e+00
1.586224619773752176e+00
1.554077781058852192e+00
1.504350372376336731e+00
1.433843304347646841e+00
1.343187980203082832e+00
1.238698492825536457e+00
1.132931630104336174e+00
1.043089007051589245e+00
9.867277615015734860e-01
9.745442048049574035e-01
1.000000000000000000e+00
