1.000000000000000000e+00
8.717229964103706541e-01
8.609974563438818063e-01
9.588498858318916795e-01
1.112557311550016026e+00
1.271330873217137114e+00
1.403998471405424775e+00
1.499586783092986098e+00
1.560324893578869832e+00
1.593859569107420215e+00
1.608111854171275779e+00
1.609287377850872724e+00
1.601939520824532837e+00
1.589707831857502862e+00
1.575838633627178131e+00
1.563219766947573808e+00
1.554078766600061279e+00
1.549632420177903702e+00
1.549915912469490564e+00
1.553878886797569470e+00
1.559705869764956399e+00
1.565246434765632300e+00
1.568431884175990332e+00
1.567590112946700032e+00
1.561620861682665451e+00
1.550037571641764478e+00
1.532908665430023021e+00
1.510739718230780237e+00
1.484333885464041547e+00
1.454657677506945745e+00
1.422727894625105849e+00
1.389526190208612011e+00
1.355941335541246406e+00
1.322735649088244925e+00
1.290530549526032411e+00
1.259806039369967712e+00
1.230909502621513330e+00
1.204070073797519846e+00
1.179415747568105965e+00
1.156991215212476831e+00
1.136775084518836687e+00
1.118695657667427845e+00
1.102644823163222876e+00
1.088489887085054786e+00
1.076083350334828381e+00
1.065270753896259359e+00
1.055896781142071195e+00
1.047809838930823023e+00
1.040865348278956937e+00
1.034927968777404228e+00
1.029872964550510250e+00
1.025586897721054935e+00
1.021967811109909308e+00
1.018925037381763765e+00
1.016378748457199555e+00
1.014259337615558643e+00
1.012506707785526094e+00
1.011069523244917390e+00
1.009904468311465298e+00
1.008975545451247013e+00
1.008253436328138797e+00
1.007714942388827417e+00
1.007342516329115645e+00
1.007123891923535020e+00
1.007051816939174227e+00
1.007123891926628323e+00
1.007342516335460347e+00
1.007714942398751923e+00
1.008253436342145815e+00
1.008975545470053747e+00
1.009904468336026317e+00
1.011069523276476367e+00
1.012506707825671759e+00
1.014259337666309602e+00
1.016378748521092001e+00
1.018925037461980265e+00
1.021967811210436228e+00
1.025586897846867629e+00
1.029872964707824856e+00
1.034927968973977208e+00
1.040865348524474321e+00
1.047809839237382024e+00
1.055896781524788386e+00
1.065270754374046724e+00
1.076083350931370974e+00
1.088489887830057734e+00
1.102644824094009213e+00
1.118695658830971551e+00
1.136775085974393917e+00
1.156991217034949893e+00
1.179415749852407824e+00
1.204070076664217614e+00
1.230909506224125316e+00
1.259806043904421857e+00
1.290530555242894728e+00
1.322735656308509977e+00
1.355941344676579563e+00
1.389526201787211868e+00
1.422727909324318363e+00
1.454657696193949690e+00
1.484333909245647343e+00
1.510739748512965219e+00
1.532908703986915366e+00
1.550037620692184204e+00
1.561620923970085784e+00
1.567590191815379619e+00
1.568431983632447624e+00
1.565246559510878432e+00
1.559706025179622646e+00
1.553879078859825791e+00
1.549916147584418091e+00
1.549632704896609869e+00
1.554079107206866039e+00
1.563220168895776752e+00
1.575839100812784110e+00
1.589708365744094465e+00
1.601940119478152402e+00
1.609288035009697637e+00
1.608112558542628134e+00
1.593860304120859217e+00
1.560325637795339615e+00
1.499587511362774128e+00
1.403999156699021755e+00
1.271331488859792191e+00
1.112557833429539622e+00
9.588502941051962880e-01
8.609977363265556294e-01
8.717231386706171259e-01
1.000000000000000000e+00
