1.000000000000000000e+00
1.076550859657259496e+00
1.152721203719092369e+00
1.227241496254084963e+00
1.298068048981641409e+00
1.362679305363323046e+00
1.418485477403242045e+00
1.463256032617969105e+00
1.495466791350740676e+00
1.514496342563715681e+00
1.520649014834400958e+00
1.515028867480691988e+00
1.499319381850021005e+00
1.475530753188700972e+00
1.445765490572175294e+00
1.412033116477891870e+00
1.376125060537757294e+00
1.339546483299466573e+00
1.303493972127793166e+00
1.268865639005658075e+00
1.236291116937479950e+00
1.206171488131278391e+00
1.178722051890797706e+00
1.154013394234028711e+00
1.132008205707988546e+00
1.112592695200051551e+00
1.095602358280175936e+00
1.080842399930876274e+00
1.068103395444060633e+00
1.057172888961138257e+00
1.047843641642742130e+00
1.039919195431897370e+00
1.033217343057993842e+00
1.027572008649295210e+00
1.022833957024026352e+00
1.018870669519513106e+00
1.015565653110007016e+00
1.012817388650801398e+00
1.010538073312461149e+00
1.008652270924417449e+00
1.007095550992746391e+00
1.005813171426091390e+00
1.004758840330662872e+00
1.003893577528055525e+00
1.003184685731037584e+00
1.002604833734810352e+00
1.002131248831053201e+00
1.001745012339777308e+00
1.001430450204489953e+00
1.001174609632523360e+00
1.000966812491270730e+00
1.000798276368638051e+00
1.000661794704600371e+00
1.000551468077073070e+00
1.000462479491574630e+00
1.000390907318896128e+00
1.000333570307815556e+00
1.000287899844798378e+00
1.000251835325293825e+00
1.000223739134906475e+00
1.000202328312249422e+00
1.000186620481309685e+00
1.000175892104998798e+00
1.000169647529432604e+00
1.000167597668634833e+00
1.000169647529432604e+00
1.000175892104998798e+00
1.000186620481309685e+00
1.000202328312249422e+00
1.000223739134906475e+00
1.000251835325293825e+00
1.000287899844798378e+00
1.000333570307815556e+00
1.000390907318896128e+00
1.000462479491574630e+00
1.000551468077073070e+00
1.000661794704600371e+00
1.000798276368638051e+00
1.000966812491270730e+00
1.001174609632523360e+00
1.001430450204489953e+00
1.001745012339777308e+00
1.002131248831053201e+00
1.002604833734810352e+00
1.003184685731037584e+00
1.003893577528055525e+00
1.004758840330662872e+00
1.005813171426091390e+00
1.007095550992746391e+00
1.008652270924417449e+00
1.010538073312461149e+00
1.012817388650801398e+00
1.015565653110006794e+00
1.018870669519513106e+00
1.022833957024026130e+00
1.027572008649295210e+00
1.033217343057993398e+00
1.039919195431897370e+00
1.047843641642742130e+00
1.057172888961138035e+00
1.068103395444060855e+00
1.080842399930876052e+00
1.095602358280176380e+00
1.112592695200051329e+00
1.132008205707988546e+00
1.154013394234028489e+00
1.178722051890797706e+00
1.206171488131278835e+00
1.236291116937479950e+00
1.268865639005657631e+00
1.303493972127794276e+00
1.339546483299467017e+00
1.376125060537756850e+00
1.412033116477891204e+00
1.445765490572173961e+00
1.475530753188701860e+00
1.499319381850020561e+00
1.515028867480690433e+00
1.520649014834400736e+00
1.514496342563716347e+00
1.495466791350739566e+00
1.463256032617968216e+00
1.418485477403241823e+00
1.362679305363323934e+00
1.298068048981641853e+00
1.227241496254084296e+00
1.152721203719092369e+00
1.076550859657259496e+00
1.000000000000000000e+00
