1.000000000000000000e+00
7.649891985974155428e-01
7.908524429555524593e-01
9.685162508656942615e-01
1.164041988265221761e+00
1.315834107067923586e+00
1.418976682942612477e+00
1.488327265878264249e+00
1.536778738501534791e+00
1.570633719343017320e+00
1.592580422988916222e+00
1.604738448818522789e+00
1.609447804304427132e+00
1.608660875655634204e+00
1.603370474824760361e+00
1.593764446958175096e+00
1.579953164355088147e+00
1.562724738541368064e+00
1.543866011820201223e+00
1.525912176699426803e+00
1.511497547135626229e+00
1.502626793248057480e+00
1.500154878628670918e+00
1.503624800662019645e+00
1.511455003853735768e+00
1.521358348450800646e+00
1.530836195258526100e+00
1.537613849516263453e+00
1.539938561000360862e+00
1.536719314036249839e+00
1.527530048312255362e+00
1.512518847903330022e+00
1.492268369010495199e+00
1.467644542783908435e+00
1.439658284489823803e+00
1.409353216076843385e+00
1.377723482298746083e+00
1.345660060796389113e+00
1.313921039251807699e+00
1.283120345767377213e+00
1.253729599740618816e+00
1.226088511897851285e+00
1.200420219196882465e+00
1.176848874371226650e+00
1.155417617396711005e+00
1.136105703788918619e+00
1.118844056709751289e+00
1.103528867492384435e+00
1.090033118387379485e+00
1.078216066978882504e+00
1.067930835136732703e+00
1.059030303728093481e+00
1.051371540934287863e+00
1.044818996996120353e+00
1.039246689058920481e+00
1.034539582018194848e+00
1.030594348854254605e+00
1.027319669692517090e+00
1.024636204646022231e+00
1.022476352619682505e+00
1.020783887403549528e+00
1.019513543894483121e+00
1.018630611223060534e+00
1.018110575786006944e+00
1.017938845415910398e+00
1.018110575786815630e+00
1.018630611224721205e+00
1.019513543897087704e+00
1.020783887407242130e+00
1.022476352624665630e+00
1.024636204652568772e+00
1.027319669700986315e+00
1.030594348865109700e+00
1.034539582032036220e+00
1.039246689076498420e+00
1.044818997018399198e+00
1.051371540962489526e+00
1.059030303763754288e+00
1.067930835181799099e+00
1.078216067035803416e+00
1.090033118459252659e+00
1.103528867583114526e+00
1.118844056824264133e+00
1.136105703933422140e+00
1.155417617579049372e+00
1.176848874601298833e+00
1.200420219487201345e+00
1.226088512264249974e+00
1.253729600203153494e+00
1.283120346351491525e+00
1.313921039989806916e+00
1.345660061729403223e+00
1.377723483479196043e+00
1.409353217571666983e+00
1.439658286384630781e+00
1.467644545188349303e+00
1.492268372065127746e+00
1.512518851788406282e+00
1.527530053258798093e+00
1.536719320339845041e+00
1.539938569038032279e+00
1.537613859766450153e+00
1.530836208324009462e+00
1.521358365083597342e+00
1.511455024980284501e+00
1.503624827405970255e+00
1.500154912327709145e+00
1.502626835460614041e+00
1.511497599633172984e+00
1.525912241440141592e+00
1.543866090899402410e+00
1.562724834112423578e+00
1.579953278511030179e+00
1.593764581560554117e+00
1.603370631266410662e+00
1.608661054553911285e+00
1.609448005144714644e+00
1.604738669600676904e+00
1.592580659958490852e+00
1.570633966897719613e+00
1.536778989342738155e+00
1.488327511431902561e+00
1.418976914013870383e+00
1.315834314625926593e+00
1.164042164193793472e+00
9.685163885092277214e-01
7.908525373753518828e-01
7.649892465887431214e-01
1.000000000000000000e+00
