1.000000000000000000e+00
1.023583893342697948e+00
1.058639832167118877e+00
1.109412786020505415e+00
1.175124005168544539e+00
1.251773393872864792e+00
1.333670019237905624e+00
1.414723116825876259e+00
1.489433218088952904e+00
1.553518591308256758e+00
1.604176187464208425e+00
1.640049469001682692e+00
1.661013461538523028e+00
1.667881970494860422e+00
1.662110932038071809e+00
1.645537438848067913e+00
1.620168839465371047e+00
1.588022561290731272e+00
1.551011570469168710e+00
1.510868663829204372e+00
1.469102575467555516e+00
1.426979138127511204e+00
1.385521218686857514e+00
1.345521828483520421e+00
1.307565659435435013e+00
1.272055232002081038e+00
1.239238762574404573e+00
1.209237688025987634e+00
1.182072480409343651e+00
1.157685933004924062e+00
1.135963509280224049e+00
1.116750638864434819e+00
1.099867042723999822e+00
1.085118295434899460e+00
1.072304904620164034e+00
1.061229221340052931e+00
1.051700502125302972e+00
1.043538432216166489e+00
1.036575396960846440e+00
1.030657759072710622e+00
1.025646367078651311e+00
1.021416487341719304e+00
1.017857320264834220e+00
1.014871231830259513e+00
1.012372805185325131e+00
1.010287793874691031e+00
1.008552038607056778e+00
1.007110393005101079e+00
1.005915690375565941e+00
1.004927772833287491e+00
1.004112595767095106e+00
1.003441414291889489e+00
1.002890053650960622e+00
1.002438262204900177e+00
1.002069143394160866e+00
1.001768661654461656e+00
1.001525216499943305e+00
1.001329278704945036e+00
1.001173082581321427e+00
1.001050368661394518e+00
1.000956171578698095e+00
1.000886648530643575e+00
1.000838944367259398e+00
1.000811090048088881e+00
1.000801931926829758e+00
1.000811090048088881e+00
1.000838944367259398e+00
1.000886648530643575e+00
1.000956171578698095e+00
1.001050368661394518e+00
1.001173082581321427e+00
1.001329278704945036e+00
1.001525216499943305e+00
1.001768661654461656e+00
1.002069143394160866e+00
1.002438262204900177e+00
1.002890053650960622e+00
1.003441414291889489e+00
1.004112595767095106e+00
1.004927772833287491e+00
1.005915690375565941e+00
1.007110393005101079e+00
1.008552038607056778e+00
1.010287793874691031e+00
1.012372805185325131e+00
1.014871231830259513e+00
1.017857320264834220e+00
1.021416487341719082e+00
1.025646367078651311e+00
1.030657759072710844e+00
1.036575396960846440e+00
1.043538432216166489e+00
1.051700502125302750e+00
1.061229221340052709e+00
1.072304904620163812e+00
1.085118295434899238e+00
1.099867042723999155e+00
1.116750638864434153e+00
1.135963509280223604e+00
1.157685933004923839e+00
1.182072480409344095e+00
1.209237688025986523e+00
1.239238762574404795e+00
1.272055232002080816e+00
1.307565659435435013e+00
1.345521828483520421e+00
1.385521218686857292e+00
1.426979138127512536e+00
1.469102575467555294e+00
1.510868663829203040e+00
1.551011570469169598e+00
1.588022561290731050e+00
1.620168839465370381e+00
1.645537438848067024e+00
1.662110932038070255e+00
1.667881970494860866e+00
1.661013461538523917e+00
1.640049469001682025e+00
1.604176187464207093e+00
1.553518591308255647e+00
1.489433218088953126e+00
1.414723116825874705e+00
1.333670019237904292e+00
1.251773393872865459e+00
1.175124005168545427e+00
1.109412786020504305e+00
1.058639832167117989e+00
1.023583893342695728e+00
1.000000000000000000e+00
