1.000000000000000000e+00
7.492902275550029634e-01
7.864136325236251723e-01
9.750080513651530056e-01
1.170212047315050130e+00
1.316248403135916956e+00
1.415696411520301456e+00
1.485487524314661911e+00
1.536480316123505219e+00
1.572342341823759870e+00
1.594476615405401754e+00
1.605209941592762979e+00
1.607941158737847376e+00
1.605827786614995034e+00
1.600672736824673370e+00
1.592770688322413086e+00
1.581622470124893098e+00
1.566965821436322015e+00
1.549531702341427453e+00
1.531193384632133503e+00
1.514525392266942383e+00
1.502044017295990797e+00
1.495474408141596045e+00
1.495303954609202624e+00
1.500720724085025548e+00
1.509884304997889393e+00
1.520386925061572025e+00
1.529746289219524602e+00
1.535808954945931282e+00
1.537003000403811770e+00
1.532434215025904933e+00
1.521856373873711421e+00
1.505560969478288991e+00
1.484230295613576001e+00
1.458787555687232951e+00
1.430265076396331159e+00
1.399700633708990560e+00
1.368063931386525711e+00
1.336210485712028717e+00
1.304857912178563950e+00
1.274579049468657077e+00
1.245806766116157593e+00
1.218846149743300078e+00
1.193890747761014559e+00
1.171040433091896205e+00
1.150319230578932705e+00
1.131692040163212232e+00
1.115079642790377301e+00
1.100371697899265699e+00
1.087437663394922094e+00
1.076135714213958261e+00
1.066319824063518107e+00
1.057845222643555072e+00
1.050572459948187154e+00
1.044370309351010384e+00
1.039117728976321819e+00
1.034705081351703360e+00
1.031034788114304046e+00
1.028021572104961034e+00
1.025592415205388797e+00
1.023686337801448243e+00
1.022254085363750509e+00
1.021257789547723283e+00
1.020670655392826864e+00
1.020476712425426369e+00
1.020670655393252746e+00
1.021257789548597472e+00
1.022254085365126297e+00
1.023686337803410007e+00
1.025592415208051111e+00
1.028021572108483328e+00
1.031034788118898149e+00
1.034705081357640832e+00
1.039117728983963040e+00
1.044370309360806326e+00
1.050572459960728899e+00
1.057845222659596462e+00
1.066319824084013490e+00
1.076135714240130437e+00
1.087437663428318491e+00
1.100371697941862958e+00
1.115079642844675867e+00
1.131692040232394003e+00
1.150319230667017800e+00
1.171040433203990316e+00
1.193890747903571636e+00
1.218846149924497579e+00
1.245806766346359451e+00
1.274579049760990790e+00
1.304857912549674204e+00
1.336210486183024848e+00
1.368063931984236481e+00
1.399700634467543336e+00
1.430265077359198722e+00
1.458787556909888927e+00
1.484230297166926782e+00
1.505560971453084651e+00
1.521856376386220289e+00
1.532434218225127154e+00
1.537003004480515411e+00
1.535808960143802748e+00
1.529746295848430471e+00
1.520386933512797301e+00
1.509884315760620765e+00
1.500720737762838652e+00
1.495303971934568654e+00
1.495474429985991893e+00
1.502044044672953937e+00
1.514525426325667778e+00
1.531193426639581689e+00
1.549531753650764010e+00
1.566965883437893003e+00
1.581622544172609057e+00
1.592770775624794855e+00
1.600672838289661781e+00
1.605827902645763139e+00
1.607941288995237361e+00
1.605210084763737832e+00
1.594476769034375740e+00
1.572342502263389896e+00
1.536480478642587189e+00
1.485487683371831569e+00
1.415696561181207791e+00
1.316248537573539767e+00
1.170212161289936548e+00
9.750081405709642990e-01
7.864136937453840570e-01
7.492902586852250302e-01
1.000000000000000000e+00
