1.000000000000000000e+00
8.196132290191251446e-01
8.191946096705319258e-01
9.553130635425752804e-01
1.136513038272551679e+00
1.298377386511653686e+00
1.416610308235671800e+00
1.493734187651672318e+00
1.542135467783186442e+00
1.573241970238952625e+00
1.593760377314691556e+00
1.606199051833525626e+00
1.610844698473239189e+00
1.607605343189301816e+00
1.597169498714226643e+00
1.581423545037494716e+00
1.563247499008600494e+00
1.545900197570192924e+00
1.532262880171455732e+00
1.524204250243017311e+00
1.522247493310944000e+00
1.525593055016303046e+00
1.532432792945231048e+00
1.540421311428542772e+00
1.547160245673319556e+00
1.550586830354151235e+00
1.549213224184388338e+00
1.542214018573577095e+00
1.529392738767897386e+00
1.511071574649245797e+00
1.487946776778432234e+00
1.460942141484638634e+00
1.431080795927291094e+00
1.399384780416698337e+00
1.366804230085840288e+00
1.334173348324198871e+00
1.302188206810345639e+00
1.271400893613748861e+00
1.242224954760273725e+00
1.214947924588061445e+00
1.189747695982676268e+00
1.166710370266760055e+00
1.145847973118966800e+00
1.127115009804259049e+00
1.110423271846367799e+00
1.095654621565686826e+00
1.082671696470636213e+00
1.071326615936685211e+00
1.061467857663603631e+00
1.052945516724060893e+00
1.045615177641604054e+00
1.039340628924000587e+00
1.033995636545578467e+00
1.029464972923767041e+00
1.025644874492271041e+00
1.022443076501241332e+00
1.019778549838530113e+00
1.017581042524817958e+00
1.015790508696731154e+00
1.014356490630923924e+00
1.013237504717102277e+00
1.012400470132271080e+00
1.011820209068711618e+00
1.011479039422866766e+00
1.011366474524904913e+00
1.011479039422562787e+00
1.011820209068088117e+00
1.012400470131302299e+00
1.013237504715736259e+00
1.014356490629100715e+00
1.015790508694362382e+00
1.017581042521794599e+00
1.019778549834709613e+00
1.022443076496454495e+00
1.025644874486294045e+00
1.029464972916330323e+00
1.033995636536352958e+00
1.039340628912569509e+00
1.045615177627454040e+00
1.052945516706552898e+00
1.061467857641940293e+00
1.071326615909866664e+00
1.082671696437409903e+00
1.095654621524461803e+00
1.110423271795123012e+00
1.127115009740409457e+00
1.145847973039189949e+00
1.166710370166758715e+00
1.189747695856870013e+00
1.214947924429164328e+00
1.242224954558724503e+00
1.271400893356984696e+00
1.302188206481806887e+00
1.334173347902034790e+00
1.366804229541225713e+00
1.399384779711681182e+00
1.431080795012052986e+00
1.460942140294136049e+00
1.487946775228327523e+00
1.511071572631210280e+00
1.529392736144405296e+00
1.542214015172443942e+00
1.549213219793507568e+00
1.550586824716906786e+00
1.547160238485128625e+00
1.540421302334710640e+00
1.532432781539802003e+00
1.525593040841114911e+00
1.522247475854002330e+00
1.524204228936259842e+00
1.532262854390304074e+00
1.545900166640817863e+00
1.563247462232070450e+00
1.581423501740820026e+00
1.597169448334795794e+00
1.607605285391115801e+00
1.610844633282868532e+00
1.606198979774816182e+00
1.593760299516636891e+00
1.573241888491057949e+00
1.542135384515723739e+00
1.493734105823105507e+00
1.416610231117596985e+00
1.298377317377324092e+00
1.136512980030919717e+00
9.553130184175581130e-01
8.191945790597648935e-01
8.196132136007486801e-01
1.000000000000000000e+00
