1.000000000000000000e+00
8.718561737881577178e-01
8.606945108485133389e-01
9.578079332810787161e-01
1.110854949161323990e+00
1.269246851481562022e+00
1.401807135334080412e+00
1.497448237457083886e+00
1.558278052207691555e+00
1.591873950696306217e+00
1.606148981595487024e+00
1.607341722485783331e+00
1.600050637298334077e+00
1.587949251408084406e+00
1.574294472796444078e+00
1.561959846501193683e+00
1.553140125373708713e+00
1.549011200735789684e+00
1.549569811055698354e+00
1.553737521557234214e+00
1.559685018349932895e+00
1.565262150649300077e+00
1.568411607593882540e+00
1.567479416410185733e+00
1.561385841256550444e+00
1.549663787158394479e+00
1.532397888654033924e+00
1.510105692015454304e+00
1.483598016117883223e+00
1.453845239791819788e+00
1.421865026296840639e+00
1.388637733978795641e+00
1.355049453694750605e+00
1.321859072685078740e+00
1.289684307761778115e+00
1.259001525401896027e+00
1.230154755468424677e+00
1.203370182606188665e+00
1.178773309586722329e+00
1.156406799995140400e+00
1.136247673633432598e+00
1.118223041774299764e+00
1.102223947411274274e+00
1.088117142050969210e+00
1.075754809870624440e+00
1.064982363805405230e+00
1.055644504017020813e+00
1.047589761095846672e+00
1.040673754848715493e+00
1.034761392554880421e+00
1.029728213987630703e+00
1.025461068552459221e+00
1.021858285615901307e+00
1.018829474588938355e+00
1.016295067975893973e+00
1.014185699260704343e+00
1.012441488640897225e+00
1.011011293412768852e+00
1.009851966238229926e+00
1.008927653430548688e+00
1.008209156548558250e+00
1.007673373708690701e+00
1.007302831817159738e+00
1.007085317096312327e+00
1.007013608548002592e+00
1.007085317094366106e+00
1.007302831813168709e+00
1.007673373702457242e+00
1.008209156539764839e+00
1.008927653418758785e+00
1.009851966222855557e+00
1.011011293393048849e+00
1.012441488615857477e+00
1.014185699229120496e+00
1.016295067936224150e+00
1.018829474539259428e+00
1.021858285553821188e+00
1.025461068474999404e+00
1.029728213891097033e+00
1.034761392434687455e+00
1.040673754699181330e+00
1.047589760909928724e+00
1.055644503785988064e+00
1.064982363518436337e+00
1.075754809514300359e+00
1.088117141608640814e+00
1.102223946862275428e+00
1.118223041092949455e+00
1.136247672787793483e+00
1.156406798945432524e+00
1.178773308283333376e+00
1.203370180987153315e+00
1.230154753456212502e+00
1.259001522899338088e+00
1.289684304646883328e+00
1.321859068804462467e+00
1.355049448855268235e+00
1.388637727937021005e+00
1.421865018745799958e+00
1.453845230344514183e+00
1.483598004287001393e+00
1.510105677188824602e+00
1.532397870065616896e+00
1.549663763855050336e+00
1.561385812061695910e+00
1.567479379886653534e+00
1.568411562010086024e+00
1.565262093955004374e+00
1.559684948170351859e+00
1.553737435216469009e+00
1.549569705641905992e+00
1.549011073220500023e+00
1.553139972795752222e+00
1.561959666221968801e+00
1.574294262827693247e+00
1.587949010805735695e+00
1.600050366604126584e+00
1.607341424178885481e+00
1.606148660486311330e+00
1.591873614158034522e+00
1.558277710114553738e+00
1.497447901712037899e+00
1.401806818953197364e+00
1.269246567357344979e+00
1.110854708792769152e+00
9.578077458244348419e-01
8.606943827290931548e-01
8.718561088603068443e-01
1.000000000000000000e+00
