1.000000000000000000e+00
8.292567269625163995e-01
8.264672478549695001e-01
9.558568006291672248e-01
1.133149498218351647e+00
1.295526714096084442e+00
1.416716833007061194e+00
1.496807411035425694e+00
1.546887395470213145e+00
1.578232955453867215e+00
1.597922144142368106e+00
1.608884196925521426e+00
1.611757973600960181e+00
1.606801466617864493e+00
1.595088855738537648e+00
1.578859269049692315e+00
1.561188144019699964e+00
1.545282279248178181e+00
1.533722778022284183e+00
1.527916556440946483e+00
1.527894120599202488e+00
1.532455178176080901e+00
1.539560459366493550e+00
1.546823234834037608e+00
1.551965634820851259e+00
1.553151847805905650e+00
1.549166194884428638e+00
1.539448992508307468e+00
1.524028376962402787e+00
1.503392913778045736e+00
1.478343985627477819e+00
1.449855519749410071e+00
1.418956722610620336e+00
1.386643906616825461e+00
1.353821072461691255e+00
1.321265365900213817e+00
1.289612112456899107e+00
1.259354061131662261e+00
1.230850106059514504e+00
1.204339671941236478e+00
1.179959889222082392e+00
1.157763519871005453e+00
1.137736275997265789e+00
1.119812698010362650e+00
1.103890144388196770e+00
1.089840716507526341e+00
1.077521124629876814e+00
1.066780617130284492e+00
1.057467162449448717e+00
1.049432106158429745e+00
1.042533534702689613e+00
1.036638570882061128e+00
1.031624809854255975e+00
1.027381082723828776e+00
1.023807710659262016e+00
1.020816388085512338e+00
1.018329810230605759e+00
1.016281139026186775e+00
1.014613382537929986e+00
1.013278746905784899e+00
1.012238006176370497e+00
1.011459924241195685e+00
1.010920754098858509e+00
1.010603832528343959e+00
1.010499282661511344e+00
1.010603832531167479e+00
1.010920754104650765e+00
1.011459924250259323e+00
1.012238006189164485e+00
1.013278746922969153e+00
1.014613382560381138e+00
1.016281139055048133e+00
1.018329810267338598e+00
1.020816388131978059e+00
1.023807710717792974e+00
1.027381082797363288e+00
1.031624809946479315e+00
1.036638570997572062e+00
1.042533534847242649e+00
1.049432106339214688e+00
1.057467162675454375e+00
1.066780617412747656e+00
1.077521124982864675e+00
1.089840716948655475e+00
1.103890144939559947e+00
1.119812698699707676e+00
1.137736276859503182e+00
1.157763520950137348e+00
1.179959890573691217e+00
1.204339673635684616e+00
1.230850108186081426e+00
1.259354063803913570e+00
1.289612115819622762e+00
1.321265370138411610e+00
1.353821077812197071e+00
1.386643913383292626e+00
1.418956731182713593e+00
1.449855530627244038e+00
1.478343999452358393e+00
1.503392931370638896e+00
1.524028399369221409e+00
1.539449021056903621e+00
1.549166231246851488e+00
1.553151894068475647e+00
1.551965693556294212e+00
1.546823309169431671e+00
1.539560553037523150e+00
1.532455295555239072e+00
1.527894266683014646e+00
1.527916736779308726e+00
1.533722998571020568e+00
1.545282546123560197e+00
1.561188463130768200e+00
1.578859645583438276e+00
1.595089293480321802e+00
1.606801967113993035e+00
1.611758535218793087e+00
1.608884813935815838e+00
1.597922806018336805e+00
1.578233646617126285e+00
1.546888095681896447e+00
1.496808096518640108e+00
1.416717478213857628e+00
1.295527293841538752e+00
1.133149989759555165e+00
9.558571852479811337e-01
8.264675116731610149e-01
8.292568610331491064e-01
1.000000000000000000e+00
