1.000000000000000000e+00
7.833002514636842051e-01
7.977958780820819662e-01
9.614361032643238270e-01
1.154424938101444198e+00
1.311377557678542694e+00
1.419291136194404279e+00
1.489423010975733153e+00
1.535926598576044855e+00
1.567906810510647952e+00
1.589722686777006899e+00
1.603342561226094309e+00
1.609816828995316085e+00
1.609735552650701784e+00
1.603445310016144099e+00
1.591458948104321092e+00
1.574940121088599598e+00
1.555933308719041674e+00
1.537152246107562181e+00
1.521403456500032281e+00
1.510899270664838756e+00
1.506731674656264008e+00
1.508672171747765134e+00
1.515316057302755759e+00
1.524473451792653922e+00
1.533658491005291946e+00
1.540539642554604072e+00
1.543263345269453302e+00
1.540620850749159665e+00
1.532073430123480628e+00
1.517675700477968403e+00
1.497942488227527624e+00
1.473698027435845992e+00
1.445934445752441677e+00
1.415694510169994036e+00
1.383984126053926067e+00
1.351713834817831472e+00
1.319665177087795627e+00
1.288476499850330192e+00
1.258642796397225760e+00
1.230524852363737098e+00
1.204363909674230904e+00
1.180299006994094402e+00
1.158384988888805367e+00
1.138609852595906080e+00
1.120910620213530384e+00
1.105187304237064128e+00
1.091314801359577924e+00
1.079152728610967449e+00
1.068553329276544783e+00
1.059367641516519631e+00
1.051450154178993568e+00
1.044662182588682819e+00
1.038874190038617806e+00
1.033967264154615151e+00
1.029833935473563722e+00
1.026378501479148442e+00
1.023516995039173372e+00
1.021176913043738033e+00
1.019296799873627757e+00
1.017825761555997577e+00
1.016722970219179123e+00
1.015957204662297997e+00
1.015506461284854556e+00
1.015357659958298964e+00
1.015506461284858553e+00
1.015957204662309099e+00
1.016722970219201549e+00
1.017825761556037101e+00
1.019296799873696591e+00
1.021176913043850609e+00
1.023516995039353672e+00
1.026378501479425331e+00
1.029833935473986939e+00
1.033967264155235988e+00
1.038874190039518863e+00
1.044662182589974675e+00
1.051450154180812779e+00
1.059367641519049386e+00
1.068553329280012676e+00
1.079152728615670576e+00
1.091314801365879328e+00
1.105187304245417002e+00
1.120910620224467635e+00
1.138609852610066975e+00
1.158384988906917767e+00
1.180299007016967883e+00
1.204363909702725666e+00
1.230524852398699576e+00
1.258642796439390699e+00
1.288476499900148120e+00
1.319665177145215917e+00
1.351713834881954179e+00
1.383984126122532743e+00
1.415694510238939330e+00
1.445934445814888392e+00
1.473698027481337158e+00
1.497942488240994852e+00
1.517675700438745778e+00
1.532073430004580850e+00
1.540620850517092189e+00
1.543263344884897803e+00
1.540539641974304486e+00
1.533658490185177303e+00
1.524473450691807619e+00
1.515316055887071744e+00
1.508672169991439382e+00
1.506731672538973221e+00
1.510899268163286679e+00
1.521403453574742493e+00
1.537152242689132198e+00
1.555933304700950481e+00
1.574940116333808149e+00
1.591458942468469751e+00
1.603445303382028397e+00
1.609735544961355513e+00
1.609816820272660598e+00
1.603342551571284025e+00
1.589722676361086551e+00
1.567906799568591802e+00
1.535926587409292665e+00
1.489422999956808491e+00
1.419291125762732309e+00
1.311377548314616837e+00
1.154424930264007054e+00
9.614360972947378903e-01
7.977958741320703151e-01
7.833002495197943782e-01
1.000000000000000000e+00
