1.000000000000000000e+00
7.551395633638994243e-01
7.878437594350787831e-01
9.724391105456194895e-01
1.167987758914336593e+00
1.316258088157225004e+00
1.417005610023033491e+00
1.486521312565574737e+00
1.536511630761603575e+00
1.571617017545956063e+00
1.593678984097286921e+00
1.604939695350596551e+00
1.608429470089890234e+00
1.606877187986301081e+00
1.601769347357021145e+00
1.593315628214900581e+00
1.581196576132284148e+00
1.565519999474405566e+00
1.547425749123013894e+00
1.529076739641174409e+00
1.513120224131201841e+00
1.501920374617276899e+00
1.496893729586263655e+00
1.498167873412372675e+00
1.504619624652347554e+00
1.514211144008261511e+00
1.524472394277748943e+00
1.532978279944162026e+00
1.537714632656283609e+00
1.537287757678942768e+00
1.530983358397877581e+00
1.518711093635347398e+00
1.500880889994925083e+00
1.478252675171162878e+00
1.451789872337067466e+00
1.422534559559118117e+00
1.391511880183278427e+00
1.359664200921310684e+00
1.327811472330842291e+00
1.296632513988125401e+00
1.266661703298379127e+00
1.238296115159205124e+00
1.211809068281711088e+00
1.187366997709566441e+00
1.165047444235255414e+00
1.144856670775355134e+00
1.126745974446257126e+00
1.110626176809872190e+00
1.096380068456028534e+00
1.083872783620453584e+00
1.072960208958625428e+00
1.063495606905979995e+00
1.055334673207704688e+00
1.048339261629226415e+00
1.042380005133452636e+00
1.037338048259372592e+00
1.033106084656154167e+00
1.029588869991874489e+00
1.026703356032159453e+00
1.024378568068976758e+00
1.022555325990246011e+00
1.021185889596338159e+00
1.020233591446587651e+00
1.019672505478980140e+00
1.019487186645022359e+00
1.019672505479526148e+00
1.020233591447709420e+00
1.021185889598100527e+00
1.022555325992752895e+00
1.024378568072369822e+00
1.026703356036633430e+00
1.029588869997687617e+00
1.033106084663638180e+00
1.037338048268963586e+00
1.042380005145694843e+00
1.048339261644826603e+00
1.055334673227564579e+00
1.063495606931235127e+00
1.072960208990724640e+00
1.083872783661226746e+00
1.096380068507801564e+00
1.110626176875584292e+00
1.126745974529633543e+00
1.144856670881095662e+00
1.165047444369320617e+00
1.187366997879482744e+00
1.211809068497003539e+00
1.238296115431938738e+00
1.266661703643834125e+00
1.296632514425678284e+00
1.327811472885077393e+00
1.359664201623492996e+00
1.391511881073203893e+00
1.422534560687533034e+00
1.451789873768774664e+00
1.478252676989059822e+00
1.500880892305171965e+00
1.518711096574002939e+00
1.530983362139309634e+00
1.537287762446342132e+00
1.537714638734600126e+00
1.532978287695470510e+00
1.524472404158904615e+00
1.514211156590044904e+00
1.504619640638702460e+00
1.498167893657534000e+00
1.496893755106960322e+00
1.501920406596864543e+00
1.513120263912708374e+00
1.529076788706562384e+00
1.547425809055780643e+00
1.565520071901050470e+00
1.581196662634814620e+00
1.593315730202816471e+00
1.601769465887026289e+00
1.606877323526569423e+00
1.608429622245592494e+00
1.604939862594282785e+00
1.593679163569045487e+00
1.571617204990822136e+00
1.536511820651781157e+00
1.486521498420561693e+00
1.417005784900621901e+00
1.316258245241261893e+00
1.167987892077392731e+00
9.724392147551970123e-01
7.878438309417441499e-01
7.551395997185046394e-01
1.000000000000000000e+00
