1.000000000000000000e+00
7.645282417931579255e-01
7.900285788253782471e-01
9.673586344850876317e-01
1.162557530177008358e+00
1.314060474253461619e+00
1.416988495220816269e+00
1.486215424941311314e+00
1.534629869543631786e+00
1.568520181580936645e+00
1.590558745852219236e+00
1.602851147338170357e+00
1.607725425194372892e+00
1.607123226392282778e+00
1.602027078477958888e+00
1.592614750032098847e+00
1.578987194082248413e+00
1.561924731595150107e+00
1.543209071066683702e+00
1.525373512077368821e+00
1.511053587700585288e+00
1.502257515151377509e+00
1.499844990537064549e+00
1.503363793115473968e+00
1.511236352344013989e+00
1.521178286858924755e+00
1.530692451224537454e+00
1.537504612095229595e+00
1.539861802549731484e+00
1.536672465128400056e+00
1.527509950396183314e+00
1.512521882416383745e+00
1.492290669147718019e+00
1.467682218086391099e+00
1.439707615599110202e+00
1.409410799931135827e+00
1.377786324033325016e+00
1.345725617922465256e+00
1.313987227886221687e+00
1.283185519554246978e+00
1.253792511133789755e+00
1.226148263702667940e+00
1.200476212336560655e+00
1.176900756079308774e+00
1.155465232579180546e+00
1.136149051172141489e+00
1.118883250562996645e+00
1.103564105134845930e+00
1.090064653305319986e+00
1.078244187140428023e+00
1.067955845960148364e+00
1.059052515102849368e+00
1.051391257689037184e+00
1.044836512236112069e+00
1.039262279844237691e+00
1.034553506914115850e+00
1.030606846949196242e+00
1.027330960742824484e+00
1.024646490067181448e+00
1.022485817098448102e+00
1.020792700953898180e+00
1.019521864221764273e+00
1.018638586295128823e+00
1.018118346537660424e+00
1.017946548533919193e+00
1.018118346537515206e+00
1.018638586294832615e+00
1.019521864221307306e+00
1.020792700953266241e+00
1.022485817097620764e+00
1.024646490066133175e+00
1.027330960741525301e+00
1.030606846947610622e+00
1.034553506912210485e+00
1.039262279841963066e+00
1.044836512233425996e+00
1.051391257685897251e+00
1.059052515099204506e+00
1.067955845955952832e+00
1.078244187135628085e+00
1.090064653299867015e+00
1.103564105128682860e+00
1.118883250556052644e+00
1.136149051164310197e+00
1.155465232570307643e+00
1.176900756069138021e+00
1.200476212324674830e+00
1.226148263688393136e+00
1.253792511116049058e+00
1.283185519531351515e+00
1.313987227855550444e+00
1.345725617880080494e+00
1.377786323973377636e+00
1.409410799845112194e+00
1.439707615474846492e+00
1.467682217906852937e+00
1.492290668889509453e+00
1.512521882048081467e+00
1.527509949876559192e+00
1.536672464404742255e+00
1.539861801556566157e+00
1.537504610753637646e+00
1.530692449442393244e+00
1.521178284531896630e+00
1.511236349356829489e+00
1.503363789342277768e+00
1.499844985839277944e+00
1.502257509371674349e+00
1.511053580652970796e+00
1.525373503535977671e+00
1.543209060759055617e+00
1.561924719207683054e+00
1.578987179284001563e+00
1.592614732517235288e+00
1.602027058018877792e+00
1.607123202890281544e+00
1.607725398717642973e+00
1.602851118147290199e+00
1.590558714421376640e+00
1.568520148617910559e+00
1.534629835995446445e+00
1.486215391963646049e+00
1.416988464101633260e+00
1.314060446300347351e+00
1.162557506581993971e+00
9.673586161860616706e-01
7.900285664167152611e-01
7.645282355495311988e-01
1.000000000000000000e+00
