1.000000000000000000e+00
1.041346384384949975e+00
1.082156190496667447e+00
1.121611062300344130e+00
1.158637334221553905e+00
1.192019200700148662e+00
1.220562791829828964e+00
1.243268274409409901e+00
1.259469872887200026e+00
1.268916177601811635e+00
1.271781074684513513e+00
1.268613013281519653e+00
1.260242122818578725e+00
1.247668852725568378e+00
1.231955300697609612e+00
1.214133965963481332e+00
1.195141264092581590e+00
1.175776877365677597e+00
1.156685842265133379e+00
1.138358216915786647e+00
1.121140742570462034e+00
1.105255492295188935e+00
1.090821547023949734e+00
1.077876879676999966e+00
1.066398649799056964e+00
1.056320923892871910e+00
1.047549426373675541e+00
1.039973318524162638e+00
1.033474238771324272e+00
1.027932958962851417e+00
1.023234054528232129e+00
1.019268980200385810e+00
1.015937908482750007e+00
1.013150639929836450e+00
1.010826842143473181e+00
1.008895823999436780e+00
1.007296006202335281e+00
1.005974210248633760e+00
1.004884855568487723e+00
1.003989128667256869e+00
1.003254167802195118e+00
1.002652291273636864e+00
1.002160285933595851e+00
1.001758764227606013e+00
1.001431592291974537e+00
1.001165387739783696e+00
1.000949083302862253e+00
1.000773551068140366e+00
1.000631281354675162e+00
1.000516110092152910e+00
1.000422988710778727e+00
1.000347790909500434e+00
1.000287151144410247e+00
1.000238330208224058e+00
1.000199103812684509e+00
1.000167670610754955e+00
1.000142576588195276e+00
1.000122653205523182e+00
1.000106967078207676e+00
1.000094779345094942e+00
1.000085513195272391e+00
1.000078728305464848e+00
1.000074101188549225e+00
1.000071410673824657e+00
1.000070527936611331e+00
1.000071410673824657e+00
1.000074101188549225e+00
1.000078728305464848e+00
1.000085513195272391e+00
1.000094779345094942e+00
1.000106967078207676e+00
1.000122653205523182e+00
1.000142576588195276e+00
1.000167670610754955e+00
1.000199103812684509e+00
1.000238330208224058e+00
1.000287151144410247e+00
1.000347790909500434e+00
1.000422988710778727e+00
1.000516110092152910e+00
1.000631281354675162e+00
1.000773551068140366e+00
1.000949083302862253e+00
1.001165387739783696e+00
1.001431592291974537e+00
1.001758764227606013e+00
1.002160285933595851e+00
1.002652291273636864e+00
1.003254167802195118e+00
1.003989128667256869e+00
1.004884855568487723e+00
1.005974210248633760e+00
1.007296006202335281e+00
1.008895823999436780e+00
1.010826842143472959e+00
1.013150639929836450e+00
1.015937908482750007e+00
1.019268980200385810e+00
1.023234054528232129e+00
1.027932958962851195e+00
1.033474238771324272e+00
1.039973318524162416e+00
1.047549426373675763e+00
1.056320923892871688e+00
1.066398649799056964e+00
1.077876879676999744e+00
1.090821547023949512e+00
1.105255492295189379e+00
1.121140742570461590e+00
1.138358216915786425e+00
1.156685842265133379e+00
1.175776877365677819e+00
1.195141264092580924e+00
1.214133965963480444e+00
1.231955300697608724e+00
1.247668852725568156e+00
1.260242122818577837e+00
1.268613013281518542e+00
1.271781074684513069e+00
1.268916177601810524e+00
1.259469872887198916e+00
1.243268274409408791e+00
1.220562791829828297e+00
1.192019200700148884e+00
1.158637334221552795e+00
1.121611062300343464e+00
1.082156190496667669e+00
1.041346384384949753e+00
1.000000000000000000e+00
