1.000000000000000000e+00
7.916919138427667146e-01
8.026503151579901241e-01
9.606808909180564182e-01
1.152173392745754699e+00
1.311088740294736654e+00
1.421407786945492413e+00
1.492600510689170434e+00
1.538906299346439743e+00
1.570345244267799201e+00
1.591935714414060232e+00
1.605664875099923394e+00
1.612182550557597072e+00
1.611683032277043459e+00
1.604422702175009929e+00
1.591181900555041606e+00
1.573596792653862986e+00
1.554157608635545973e+00
1.535809355364619044e+00
1.521300713088003853e+00
1.512539447445051977e+00
1.510183734135974509e+00
1.513577172013983452e+00
1.520998768579722826e+00
1.530106624207478561e+00
1.538426885871676530e+00
1.543766755811678770e+00
1.544484646457154220e+00
1.539605095232549958e+00
1.528804279103514574e+00
1.512309463840290746e+00
1.490756392994755597e+00
1.465039568043666973e+00
1.436178092163241660e+00
1.405208472117091878e+00
1.373107398536237866e+00
1.340742330049615516e+00
1.308845131677378815e+00
1.278003250408089597e+00
1.248663206915931134e+00
1.221141988089776254e+00
1.195642884785184989e+00
1.172273235097836430e+00
1.151062315022433502e+00
1.131978239586107549e+00
1.114943206226834294e+00
1.099846750651584548e+00
1.086556919666032961e+00
1.074929419887810988e+00
1.064814896473538886e+00
1.056064548513740320e+00
1.048534310333681718e+00
1.042087830217479194e+00
1.036598467206513163e+00
1.031950507855464272e+00
1.028039781935409014e+00
1.024773831710122041e+00
1.022071765384405584e+00
1.019863902792877308e+00
1.018091301040677132e+00
1.016705229943348332e+00
1.015666651800365194e+00
1.014945747152322664e+00
1.014521517467023903e+00
1.014381486846790192e+00
1.014521517468770950e+00
1.014945747155908684e+00
1.015666651805979148e+00
1.016705229951281098e+00
1.018091301051345487e+00
1.019863902806835920e+00
1.022071765402379873e+00
1.024773831733041263e+00
1.028039781964463106e+00
1.031950507892142710e+00
1.036598467252703770e+00
1.042087830275556071e+00
1.048534310406616710e+00
1.056064548605265330e+00
1.064814896588326842e+00
1.074929420031728977e+00
1.086556919846435321e+00
1.099846750877707890e+00
1.114943206510269569e+00
1.131978239941441089e+00
1.151062315468023067e+00
1.172273235656834389e+00
1.195642885486838614e+00
1.221141988971098158e+00
1.248663208023858218e+00
1.278003251802261042e+00
1.308845133433756081e+00
1.340742332265145720e+00
1.373107401334886069e+00
1.405208475657649947e+00
1.436178096649378677e+00
1.465039573736779843e+00
1.490756400230322853e+00
1.512309473048392583e+00
1.528804290834257174e+00
1.539605110186938797e+00
1.544484665523568001e+00
1.543766780107568071e+00
1.538426916789005228e+00
1.530106663459156469e+00
1.520998818242592865e+00
1.513577234562226481e+00
1.510183812457269070e+00
1.512539544830699523e+00
1.521300833187321233e+00
1.535809502092621237e+00
1.554157786020460286e+00
1.573597004607184990e+00
1.591182150543660079e+00
1.604422992777627233e+00
1.611683364623338166e+00
1.612182923683991298e+00
1.605665285307913415e+00
1.591936154769637346e+00
1.570345704407210441e+00
1.538906765730843729e+00
1.492600967371032095e+00
1.421408216786214540e+00
1.311089126434376473e+00
1.152173720019345371e+00
9.606811469055485109e-01
8.026504906924110117e-01
7.916920030320433455e-01
1.000000000000000000e+00
