1.000000000000000000e+00
1.052433922128013677e+00
1.104242734573635865e+00
1.154402219430008758e+00
1.201529300840473713e+00
1.244037817958704828e+00
1.280362704022661280e+00
1.309194331287640622e+00
1.329667717008031547e+00
1.341468588449467925e+00
1.344843838241182254e+00
1.340528502391391985e+00
1.329617585968204008e+00
1.313415998246126648e+00
1.293295324648874756e+00
1.270576464165469766e+00
1.246446658645715466e+00
1.221911019641857221e+00
1.197773418743593998e+00
1.174639337169623765e+00
1.152933133572769497e+00
1.132923259952951289e+00
1.114750499401373274e+00
1.098455847802635388e+00
1.084005977038037472e+00
1.071315220179336114e+00
1.060263719792804205e+00
1.050711829232711114e+00
1.042511114655036986e+00
1.035512428818029296e+00
1.029571562480111613e+00
1.024552959886092740e+00
1.020331935899718045e+00
1.016795770214580230e+00
1.013843989181328231e+00
1.011388084287690114e+00
1.009350861468575555e+00
1.007665568551173285e+00
1.006274909415258989e+00
1.005130022347277885e+00
1.004189475714378776e+00
1.003418315474247535e+00
1.002787185161200023e+00
1.002271528916752752e+00
1.001850881044914043e+00
1.001508240774709568e+00
1.001229527835066913e+00
1.001003112632027570e+00
1.000819413906391731e+00
1.000670556464965832e+00
1.000550081712197059e+00
1.000452704107120505e+00
1.000374107222224529e+00
1.000310773707289824e+00
1.000259844109314900e+00
1.000219000134011216e+00
1.000186368533632297e+00
1.000160442358109414e+00
1.000140016806490006e+00
1.000124137362833121e+00
1.000112058297609519e+00
1.000103209966365148e+00
1.000097173647712445e+00
1.000093662938280614e+00
1.000092510969710080e+00
1.000093662938280614e+00
1.000097173647712445e+00
1.000103209966365148e+00
1.000112058297609519e+00
1.000124137362833121e+00
1.000140016806490006e+00
1.000160442358109414e+00
1.000186368533632297e+00
1.000219000134011216e+00
1.000259844109314900e+00
1.000310773707289824e+00
1.000374107222224529e+00
1.000452704107120505e+00
1.000550081712197059e+00
1.000670556464965832e+00
1.000819413906391731e+00
1.001003112632027570e+00
1.001229527835066913e+00
1.001508240774709568e+00
1.001850881044914043e+00
1.002271528916752752e+00
1.002787185161200023e+00
1.003418315474247535e+00
1.004189475714378776e+00
1.005130022347277885e+00
1.006274909415258989e+00
1.007665568551173285e+00
1.009350861468575555e+00
1.011388084287690114e+00
1.013843989181328009e+00
1.016795770214580230e+00
1.020331935899718045e+00
1.024552959886092740e+00
1.029571562480111613e+00
1.035512428818029296e+00
1.042511114655037208e+00
1.050711829232710892e+00
1.060263719792804427e+00
1.071315220179335892e+00
1.084005977038037472e+00
1.098455847802635166e+00
1.114750499401373274e+00
1.132923259952951733e+00
1.152933133572769053e+00
1.174639337169623321e+00
1.197773418743593998e+00
1.221911019641857221e+00
1.246446658645714800e+00
1.270576464165469099e+00
1.293295324648874089e+00
1.313415998246126426e+00
1.329617585968202897e+00
1.340528502391390653e+00
1.344843838241181810e+00
1.341468588449467481e+00
1.329667717008030214e+00
1.309194331287639512e+00
1.280362704022660392e+00
1.244037817958705272e+00
1.201529300840473269e+00
1.154402219430008092e+00
1.104242734573636309e+00
1.052433922128013455e+00
1.000000000000000000e+00
