1.000000000000000000e+00
8.953235364092311244e-01
8.845549608911712491e-01
9.675768629537097043e-01
1.106156367412030495e+00
1.257773406864907129e+00
1.391661674906423452e+00
1.492654598062339133e+00
1.558246356112031217e+00
1.593380253814017156e+00
1.605886517277926417e+00
1.603688409854910235e+00
1.593586956827958367e+00
1.580933144838919446e+00
1.569602602011967329e+00
1.562008189657285495e+00
1.559136087839455564e+00
1.560680357225842085e+00
1.565320082221323350e+00
1.571111891359941115e+00
1.575919321663615147e+00
1.577791615454861462e+00
1.575230339649133837e+00
1.567321987513409676e+00
1.553749705464883002e+00
1.534717816240019683e+00
1.510828208068958345e+00
1.482942453326719257e+00
1.452053430846254045e+00
1.419179719829479103e+00
1.385287574164977720e+00
1.351239646771363656e+00
1.317766565350349639e+00
1.285456293580585108e+00
1.254756236441775474e+00
1.225983695030267384e+00
1.199341157290161108e+00
1.174933798339271362e+00
1.152787344380091783e+00
1.132865086838659385e+00
1.115083317671570873e+00
1.099324810687484222e+00
1.085450221361988099e+00
1.073307442790410571e+00
1.062739058833594985e+00
1.053588094007560816e+00
1.045702286403483505e+00
1.038937114913985660e+00
1.033157802777319612e+00
1.028240501453540734e+00
1.024072836119925167e+00
1.020553969458873667e+00
1.017594315866913401e+00
1.015115015021356371e+00
1.013047252680953969e+00
1.011331498073556601e+00
1.009916711375303366e+00
1.008759561563911999e+00
1.007823684164647959e+00
1.007078999860404611e+00
1.006501108330931649e+00
1.006070766733739852e+00
1.005773458661141984e+00
1.005599056940257086e+00
1.005541582044630955e+00
1.005599056935933433e+00
1.005773458652276187e+00
1.006070766719884491e+00
1.006501108311384618e+00
1.007078999834185362e+00
1.007823684130442876e+00
1.008759561520016224e+00
1.009916711319535532e+00
1.011331498003165130e+00
1.013047252592480518e+00
1.015115014910475733e+00
1.017594315728237886e+00
1.020553969285689977e+00
1.024072835903892642e+00
1.028240501184296107e+00
1.033157802441996731e+00
1.038937114496611080e+00
1.045702285884228422e+00
1.053588093361801592e+00
1.062739058030744310e+00
1.073307441792450190e+00
1.085450220121622067e+00
1.099324809145822313e+00
1.115083315755195814e+00
1.132865084455913163e+00
1.152787341416368738e+00
1.174933794651026320e+00
1.199341152697273705e+00
1.225983689306298530e+00
1.254756229301533299e+00
1.285456284664272752e+00
1.317766554203369189e+00
1.351239632818753478e+00
1.385287556679165810e+00
1.419179697890084801e+00
1.452053403290522793e+00
1.482942418689520370e+00
1.510828164511898830e+00
1.534717761470416386e+00
1.553749636647495880e+00
1.567321901180937838e+00
1.575230231621845833e+00
1.577791480785120548e+00
1.575919154626908458e+00
1.571111685519415380e+00
1.565319830596083372e+00
1.560680052593091505e+00
1.559135723195498091e+00
1.562007758851909678e+00
1.569602100554226443e+00
1.580932570848283314e+00
1.593586312070112809e+00
1.603687700752547185e+00
1.605885755724852482e+00
1.593379457560203827e+00
1.558245548462374508e+00
1.492653806693614360e+00
1.391660929797138957e+00
1.257772737632863569e+00
1.106155800643637832e+00
9.675764201933707565e-01
8.845546577161399471e-01
8.953233825438063898e-01
1.000000000000000000e+00
