1.000000000000000000e+00
1.074220738004465936e+00
1.147957109885065830e+00
1.219923589970066002e+00
1.288133070335828467e+00
1.350172233911715924e+00
1.403585422750833089e+00
1.446274889567605193e+00
1.476824317587693391e+00
1.494679848515146015e+00
1.500167838485347183e+00
1.494372751550093970e+00
1.478926716791870932e+00
1.455768942663787424e+00
1.426922702809503951e+00
1.394318964922644843e+00
1.359677234816494718e+00
1.324440627832804918e+00
1.289754752021133877e+00
1.256477627982265810e+00
1.225208725402195720e+00
1.196327569299086901e+00
1.170035091914824354e+00
1.146393344543662041e+00
1.125361090493058214e+00
1.106824154837027896e+00
1.090620291705825862e+00
1.076558858670196406e+00
1.064435866591646462e+00
1.054045087680434589e+00
1.045185917414579446e+00
1.037668641032838401e+00
1.031317681289576349e+00
1.025973319203948408e+00
1.021492294546242796e+00
1.017747613878814850e+00
1.014627824119383126e+00
1.012035949903731691e+00
1.009888243418600506e+00
1.008112855123168172e+00
1.006648501821212793e+00
1.005443183705695631e+00
1.004452983100027286e+00
1.003640963572683731e+00
1.002976177931220292e+00
1.002432786468773207e+00
1.001989282038191487e+00
1.001627815488697060e+00
1.001333613254579369e+00
1.001094478070027938e+00
1.000900363616187061e+00
1.000743014171774581e+00
1.000615660877557378e+00
1.000512766921301200e+00
1.000429814721181421e+00
1.000363128975092941e+00
1.000309730213763793e+00
1.000267214223770740e+00
1.000233653379956289e+00
1.000207516540029706e+00
1.000187604707072575e+00
1.000173000161446168e+00
1.000163027207924715e+00
1.000157223083099289e+00
1.000155317930397469e+00
1.000157223083099289e+00
1.000163027207924715e+00
1.000173000161446168e+00
1.000187604707072575e+00
1.000207516540029706e+00
1.000233653379956289e+00
1.000267214223770740e+00
1.000309730213763793e+00
1.000363128975092941e+00
1.000429814721181421e+00
1.000512766921301200e+00
1.000615660877557378e+00
1.000743014171774581e+00
1.000900363616187061e+00
1.001094478070027938e+00
1.001333613254579369e+00
1.001627815488697060e+00
1.001989282038191487e+00
1.002432786468773207e+00
1.002976177931220292e+00
1.003640963572683731e+00
1.004452983100027286e+00
1.005443183705695631e+00
1.006648501821212793e+00
1.008112855123168172e+00
1.009888243418600506e+00
1.012035949903731691e+00
1.014627824119383126e+00
1.017747613878814850e+00
1.021492294546242574e+00
1.025973319203948408e+00
1.031317681289575905e+00
1.037668641032838401e+00
1.045185917414579446e+00
1.054045087680434367e+00
1.064435866591646684e+00
1.076558858670196184e+00
1.090620291705826306e+00
1.106824154837027674e+00
1.125361090493058214e+00
1.146393344543662041e+00
1.170035091914824354e+00
1.196327569299087346e+00
1.225208725402195498e+00
1.256477627982265366e+00
1.289754752021134765e+00
1.324440627832805140e+00
1.359677234816494273e+00
1.394318964922644177e+00
1.426922702809502619e+00
1.455768942663788090e+00
1.478926716791870044e+00
1.494372751550092637e+00
1.500167838485346739e+00
1.494679848515146681e+00
1.476824317587692503e+00
1.446274889567604083e+00
1.403585422750832867e+00
1.350172233911717035e+00
1.288133070335828911e+00
1.219923589970065336e+00
1.147957109885065830e+00
1.074220738004465936e+00
1.000000000000000000e+00
