1.000000000000000000e+00
8.709192907263929584e-01
8.602549087829016727e-01
9.586548348237569073e-01
1.112851388149266096e+00
1.271783224081558972e+00
1.404306497216811112e+00
1.499630510608376932e+00
1.560165865581039979e+00
1.593653143654855109e+00
1.608008031253814307e+00
1.609365476806562389e+00
1.602188845678637508e+00
1.590045371453041811e+00
1.576146736305322760e+00
1.563387000351345257e+00
1.554031593315214455e+00
1.549351265369848241e+00
1.549434984005555238e+00
1.553273487258120422e+00
1.559073166877885441e+00
1.564685680545172763e+00
1.568028498427244344e+00
1.567405810735110760e+00
1.561689961646028690e+00
1.550368270384051117e+00
1.533487500205143572e+00
1.511537490608199086e+00
1.485311709884770348e+00
1.455772309790226871e+00
1.423935933624192574e+00
1.390787064961301445e+00
1.357219184348148699e+00
1.324000289968507937e+00
1.291757765806606395e+00
1.260977388725123660e+00
1.232011823956481233e+00
1.205094827446986372e+00
1.180358287739276424e+00
1.157850062719542716e+00
1.137551243471955464e+00
1.119392001479013743e+00
1.103265562079521311e+00
1.089040120389102029e+00
1.076568700427594782e+00
1.065697075831669505e+00
1.056269939221026855e+00
1.048135541150767125e+00
1.041149029413347638e+00
1.035174713345053954e+00
1.030087461724270348e+00
1.025773421172137212e+00
1.022130217785055750e+00
1.019066780195407862e+00
1.016502898804466204e+00
1.014368614447869632e+00
1.012603510725707867e+00
1.011155967849763027e+00
1.009982422119905854e+00
1.009046663893035989e+00
1.008319197920854116e+00
1.007776682930571877e+00
1.007401462010923510e+00
1.007181191448702107e+00
1.007108572854759743e+00
1.007181191451838487e+00
1.007401462017356142e+00
1.007776682940634050e+00
1.008319197935055644e+00
1.009046663912103625e+00
1.009982422144807268e+00
1.011155967881759654e+00
1.012603510766410198e+00
1.014368614499324028e+00
1.016502898869244165e+00
1.019066780276735917e+00
1.022130217886975334e+00
1.025773421299692290e+00
1.030087461883762989e+00
1.035174713544347647e+00
1.041149029662261860e+00
1.048135541461565845e+00
1.056269939609034703e+00
1.065697076316058478e+00
1.076568701032374786e+00
1.089040121144386530e+00
1.103265563023144047e+00
1.119392002658591512e+00
1.137551244947553775e+00
1.157850064567085946e+00
1.180358290054969395e+00
1.205094830353035773e+00
1.232011827608488597e+00
1.260977393321670803e+00
1.291757771601647065e+00
1.324000297287369010e+00
1.357219193608040220e+00
1.390787076697522107e+00
1.423935948523174622e+00
1.455772328730757126e+00
1.485311733988442962e+00
1.511537521299728626e+00
1.533487539282250900e+00
1.550368320095002472e+00
1.561690024770645113e+00
1.567405890661913492e+00
1.568028599215781416e+00
1.564685806958777903e+00
1.559073324368795088e+00
1.553273681884592472e+00
1.549435222259352374e+00
1.549351553892017952e+00
1.554031938478074526e+00
1.563387407686765762e+00
1.576147209768392177e+00
1.590045912534426842e+00
1.602189452425363259e+00
1.609366142877881600e+00
1.608008745207577528e+00
1.593653888696486165e+00
1.560166619977959801e+00
1.499631248863924737e+00
1.404307191926592147e+00
1.271783848199139921e+00
1.112851917224767062e+00
9.586552487344121021e-01
8.602551926357084877e-01
8.709194349544426839e-01
1.000000000000000000e+00
