1.000000000000000000e+00
1.073461369358073014e+00
1.148936108175181436e+00
1.226396108377003857e+00
1.304146155885895109e+00
1.379318352679286708e+00
1.448467318587424835e+00
1.508197675755093448e+00
1.555718863124509133e+00
1.589229107966721566e+00
1.608076749037737008e+00
1.612707993782387828e+00
1.604458295641949084e+00
1.585264946965410759e+00
1.557372173918744940e+00
1.523077943037249193e+00
1.484546248175746097e+00
1.443688150881072163e+00
1.402102322338296903e+00
1.361060567174920743e+00
1.321523493713236519e+00
1.284173772138727632e+00
1.249457565970828021e+00
1.217627738637069745e+00
1.188784892350647882e+00
1.162914098125065632e+00
1.139916396721336600e+00
1.119634919969203057e+00
1.101875929335995208e+00
1.086425300027169749e+00
1.073061072989542453e+00
1.061562708468284155e+00
1.051717639224964085e+00
1.043325662038821600e+00
1.036201636784126245e+00
1.030176891618386659e+00
1.025099665451858044e+00
1.020834857479235191e+00
1.017263299330972703e+00
1.014280718675450332e+00
1.011796523681302684e+00
1.009732505126007318e+00
1.008021526436074788e+00
1.006606250812244641e+00
1.005437938063967529e+00
1.004475331113293679e+00
1.003683642649501495e+00
1.003033645512543925e+00
1.002500865525826290e+00
1.002064872235198356e+00
1.001708660964853559e+00
1.001418118464377782e+00
1.001181563947708630e+00
1.000989357319442385e+00
1.000833566696815113e+00
1.000707687852572025e+00
1.000606408840999162e+00
1.000525413765417371e+00
1.000461220358663139e+00
1.000411046750126154e+00
1.000372703466765989e+00
1.000344507351899281e+00
1.000325214681561325e+00
1.000313971314290340e+00
1.000310278231166361e+00
1.000313971314290340e+00
1.000325214681561325e+00
1.000344507351899281e+00
1.000372703466765989e+00
1.000411046750126154e+00
1.000461220358663139e+00
1.000525413765417371e+00
1.000606408840999162e+00
1.000707687852572025e+00
1.000833566696815113e+00
1.000989357319442385e+00
1.001181563947708630e+00
1.001418118464377782e+00
1.001708660964853559e+00
1.002064872235198356e+00
1.002500865525826290e+00
1.003033645512543925e+00
1.003683642649501495e+00
1.004475331113293679e+00
1.005437938063967529e+00
1.006606250812244641e+00
1.008021526436074788e+00
1.009732505126007096e+00
1.011796523681302684e+00
1.014280718675450554e+00
1.017263299330972703e+00
1.020834857479235191e+00
1.025099665451857822e+00
1.030176891618386437e+00
1.036201636784126023e+00
1.043325662038821378e+00
1.051717639224963419e+00
1.061562708468284155e+00
1.073061072989542231e+00
1.086425300027169527e+00
1.101875929335995430e+00
1.119634919969202613e+00
1.139916396721337044e+00
1.162914098125065410e+00
1.188784892350647882e+00
1.217627738637069523e+00
1.249457565970827799e+00
1.284173772138728076e+00
1.321523493713236519e+00
1.361060567174920521e+00
1.402102322338297125e+00
1.443688150881071497e+00
1.484546248175745875e+00
1.523077943037248971e+00
1.557372173918742941e+00
1.585264946965411648e+00
1.604458295641948862e+00
1.612707993782385829e+00
1.608076749037735675e+00
1.589229107966720456e+00
1.555718863124508244e+00
1.508197675755091449e+00
1.448467318587423724e+00
1.379318352679286930e+00
1.304146155885895109e+00
1.226396108377002969e+00
1.148936108175180992e+00
1.073461369358072570e+00
1.000000000000000000e+00
