1.000000000000000000e+00
1.001309346906458453e+00
1.002599665213842473e+00
1.003845335993052368e+00
1.005014672660249353e+00
1.006072683684945179e+00
1.006985122641712804e+00
1.007722789953345410e+00
1.008265159333114225e+00
1.008602678497138250e+00
1.008737461454694895e+00
1.008682449756395094e+00
1.008459390707044712e+00
1.008096120294601272e+00
1.007623649331907956e+00
1.007073465957330827e+00
1.006475331860771760e+00
1.005855705841800063e+00
1.005236806398757343e+00
1.004636239732429326e+00
1.004067072862374843e+00
1.003538217385561815e+00
1.003054998066229775e+00
1.002619802085038758e+00
1.002232731340838567e+00
1.001892206137808161e+00
1.001595490742784644e+00
1.001339128374210130e+00
1.001119285149813853e+00
1.000932010040053166e+00
1.000773421902741989e+00
1.000639836189594067e+00
1.000527843775947279e+00
1.000434353250948760e+00
1.000356606413470129e+00
1.000292174984407811e+00
1.000238944876180369e+00
1.000195092868563007e+00
1.000159059275411932e+00
1.000129519157303859e+00
1.000105353824891630e+00
1.000085623759274789e+00
1.000069543617228884e+00
1.000056459659562469e+00
1.000045829712004508e+00
1.000037205615721403e+00
1.000030218029096973e+00
1.000024563387863941e+00
1.000019992804969560e+00
1.000016302685299507e+00
1.000013326836801220e+00
1.000010929873624832e+00
1.000009001725185476e+00
1.000007453085091536e+00
1.000006211654147714e+00
1.000005219051090188e+00
1.000004428282791791e+00
1.000003801682096238e+00
1.000003309236100701e+00
1.000002927240668749e+00
1.000002637228295077e+00
1.000002425126383043e+00
1.000002280611663519e+00
1.000002196634118601e+00
1.000002169090556725e+00
1.000002196634118601e+00
1.000002280611663519e+00
1.000002425126383043e+00
1.000002637228295077e+00
1.000002927240668749e+00
1.000003309236100701e+00
1.000003801682096238e+00
1.000004428282791791e+00
1.000005219051090188e+00
1.000006211654147714e+00
1.000007453085091536e+00
1.000009001725185476e+00
1.000010929873624832e+00
1.000013326836801220e+00
1.000016302685299507e+00
1.000019992804969560e+00
1.000024563387863941e+00
1.000030218029096973e+00
1.000037205615721403e+00
1.000045829712004508e+00
1.000056459659562469e+00
1.000069543617228884e+00
1.000085623759274789e+00
1.000105353824891630e+00
1.000129519157303859e+00
1.000159059275411932e+00
1.000195092868563007e+00
1.000238944876180369e+00
1.000292174984407811e+00
1.000356606413470129e+00
1.000434353250948760e+00
1.000527843775947279e+00
1.000639836189594067e+00
1.000773421902741989e+00
1.000932010040052944e+00
1.001119285149813853e+00
1.001339128374210130e+00
1.001595490742784644e+00
1.001892206137808161e+00
1.002232731340838345e+00
1.002619802085038536e+00
1.003054998066229331e+00
1.003538217385561815e+00
1.004067072862374621e+00
1.004636239732428882e+00
1.005236806398757121e+00
1.005855705841799619e+00
1.006475331860771316e+00
1.007073465957330383e+00
1.007623649331907290e+00
1.008096120294600606e+00
1.008459390707044045e+00
1.008682449756394428e+00
1.008737461454694451e+00
1.008602678497137362e+00
1.008265159333113559e+00
1.007722789953344744e+00
1.006985122641712138e+00
1.006072683684944735e+00
1.005014672660248909e+00
1.003845335993052146e+00
1.002599665213842250e+00
1.001309346906458231e+00
1.000000000000000000e+00
