1.000000000000000000e+00
1.002144608997751707e+00
1.004258079654760882e+00
1.006298418880126500e+00
1.008213641694464480e+00
1.009946319975124629e+00
1.011440250451675960e+00
1.012647535510071028e+00
1.013534547946860487e+00
1.014085707232699418e+00
1.014304602933077115e+00
1.014212596387508603e+00
1.013845478514910470e+00
1.013248990937546834e+00
1.012474033060811740e+00
1.011572234525076164e+00
1.010592346767469785e+00
1.009577669760941321e+00
1.008564529479941463e+00
1.007581682185953120e+00
1.006650446091466478e+00
1.005785338863740552e+00
1.004995014571834266e+00
1.004283329779735112e+00
1.003650412339847087e+00
1.003093649015994737e+00
1.002608544275991331e+00
1.002189430414000881e+00
1.001830028594379529e+00
1.001523872576421281e+00
1.001264613361933620e+00
1.001046225409833790e+00
1.000863134785103803e+00
1.000710287760251838e+00
1.000583175771578404e+00
1.000477829793122719e+00
1.000390794463114075e+00
1.000319089863620281e+00
1.000260166792046768e+00
1.000211859685196769e+00
1.000172340036495688e+00
1.000140072139465319e+00
1.000113772243796273e+00
1.000092371673628522e+00
1.000074984084899476e+00
1.000060876790632935e+00
1.000049445927561287e+00
1.000040195148717004e+00
1.000032717484791167e+00
1.000026680006946167e+00
1.000021810934272892e+00
1.000017888852107406e+00
1.000014733737263128e+00
1.000012199518973022e+00
1.000010167937410932e+00
1.000008543493415836e+00
1.000007249312572677e+00
1.000006223773605152e+00
1.000005417774986638e+00
1.000004792534842535e+00
1.000004317837738910e+00
1.000003970658193575e+00
1.000003734104894848e+00
1.000003596642106141e+00
1.000003551555801007e+00
1.000003596642106141e+00
1.000003734104894848e+00
1.000003970658193575e+00
1.000004317837738910e+00
1.000004792534842535e+00
1.000005417774986638e+00
1.000006223773605152e+00
1.000007249312572677e+00
1.000008543493415836e+00
1.000010167937410932e+00
1.000012199518973022e+00
1.000014733737263128e+00
1.000017888852107406e+00
1.000021810934272892e+00
1.000026680006946167e+00
1.000032717484791167e+00
1.000040195148717004e+00
1.000049445927561287e+00
1.000060876790632935e+00
1.000074984084899476e+00
1.000092371673628522e+00
1.000113772243796273e+00
1.000140072139465319e+00
1.000172340036495688e+00
1.000211859685196769e+00
1.000260166792046768e+00
1.000319089863620281e+00
1.000390794463114075e+00
1.000477829793122719e+00
1.000583175771578404e+00
1.000710287760251838e+00
1.000863134785103803e+00
1.001046225409833790e+00
1.001264613361933620e+00
1.001523872576421059e+00
1.001830028594379529e+00
1.002189430414000659e+00
1.002608544275991331e+00
1.003093649015994737e+00
1.003650412339846865e+00
1.004283329779734668e+00
1.004995014571833822e+00
1.005785338863740552e+00
1.006650446091466256e+00
1.007581682185952454e+00
1.008564529479941019e+00
1.009577669760940655e+00
1.010592346767469119e+00
1.011572234525075498e+00
1.012474033060810852e+00
1.013248990937545946e+00
1.013845478514909360e+00
1.014212596387507714e+00
1.014304602933076449e+00
1.014085707232698530e+00
1.013534547946859599e+00
1.012647535510070140e+00
1.011440250451675071e+00
1.009946319975124185e+00
1.008213641694464036e+00
1.006298418880126055e+00
1.004258079654760660e+00
1.002144608997751485e+00
1.000000000000000000e+00
