1.000000000000000000e+00
1.071063665257013797e+00
1.144545861928367936e+00
1.220650548257607770e+00
1.297787782653622157e+00
1.373096479206483700e+00
1.443059857040343674e+00
1.504152843945960161e+00
1.553419365566136801e+00
1.588880058062108747e+00
1.609715266298954894e+00
1.616229201945821536e+00
1.609650739955178933e+00
1.591848574155682261e+00
1.565033508664612105e+00
1.531499162464940333e+00
1.493426813591349545e+00
1.452759116143007789e+00
1.411134306895392099e+00
1.369866749402755213e+00
1.329959006522317910e+00
1.292132720648573763e+00
1.256868649255094228e+00
1.224449213340268683e+00
1.194999400137078949e+00
1.168523703902469624e+00
1.144938050575525557e+00
1.124096457447472552e+00
1.105812655227492725e+00
1.089877153518711950e+00
1.076070341469833158e+00
1.064172238906916368e+00
1.053969486574555692e+00
1.045260110919043584e+00
1.037856533845742391e+00
1.031587229965228447e+00
1.026297368192521375e+00
1.021848714045909157e+00
1.018119015024890439e+00
1.015001044544583841e+00
1.012401440020131327e+00
1.010239437438880561e+00
1.008445577542450122e+00
1.006960436876285891e+00
1.005733419730009848e+00
1.004721633678822279e+00
1.003888861381048159e+00
1.003204633886547459e+00
1.002643405435307278e+00
1.002183826118850263e+00
1.001808106455533309e+00
1.001501466578186283e+00
1.001251662093315176e+00
1.001048578541908984e+00
1.000883886615027141e+00
1.000750750731652206e+00
1.000643584182052237e+00
1.000557844710928901e+00
1.000489865115129051e+00
1.000436714129087523e+00
1.000396083547844039e+00
1.000366198181284583e+00
1.000345745839800182e+00
1.000333825120228504e+00
1.000329909295840425e+00
1.000333825120228504e+00
1.000345745839800182e+00
1.000366198181284583e+00
1.000396083547844039e+00
1.000436714129087523e+00
1.000489865115129051e+00
1.000557844710928901e+00
1.000643584182052237e+00
1.000750750731652206e+00
1.000883886615027141e+00
1.001048578541908984e+00
1.001251662093315176e+00
1.001501466578186283e+00
1.001808106455533309e+00
1.002183826118850263e+00
1.002643405435307278e+00
1.003204633886547459e+00
1.003888861381048159e+00
1.004721633678822279e+00
1.005733419730009848e+00
1.006960436876285891e+00
1.008445577542450122e+00
1.010239437438880339e+00
1.012401440020131327e+00
1.015001044544584063e+00
1.018119015024890439e+00
1.021848714045909157e+00
1.026297368192521153e+00
1.031587229965228225e+00
1.037856533845742169e+00
1.045260110919043361e+00
1.053969486574555026e+00
1.064172238906916368e+00
1.076070341469832936e+00
1.089877153518711728e+00
1.105812655227492947e+00
1.124096457447472108e+00
1.144938050575526001e+00
1.168523703902469624e+00
1.194999400137078949e+00
1.224449213340268461e+00
1.256868649255094006e+00
1.292132720648574429e+00
1.329959006522317910e+00
1.369866749402754991e+00
1.411134306895392321e+00
1.452759116143007345e+00
1.493426813591349767e+00
1.531499162464939889e+00
1.565033508664610551e+00
1.591848574155683371e+00
1.609650739955179155e+00
1.616229201945819982e+00
1.609715266298953784e+00
1.588880058062107858e+00
1.553419365566136356e+00
1.504152843945958606e+00
1.443059857040342786e+00
1.373096479206484144e+00
1.297787782653622157e+00
1.220650548257607104e+00
1.144545861928367492e+00
1.071063665257013131e+00
1.000000000000000000e+00
