1.000000000000000000e+00
7.421835910338161479e-01
7.849998974150330655e-01
9.782775269823370534e-01
1.172708408789968404e+00
1.315947146158036318e+00
1.413975576005648715e+00
1.484248552066096183e+00
1.536476855985469570e+00
1.573216771592245156e+00
1.595441279908436094e+00
1.605591552470031047e+00
1.607441877201355007e+00
1.604598548088947085e+00
1.599245338817243622e+00
1.591849430613584859e+00
1.581787816238278133e+00
1.568411194902287642e+00
1.551953332253805273e+00
1.533877898963426523e+00
1.516586750644238313e+00
1.502705608447439722e+00
1.494292559370600237e+00
1.492270659190379378e+00
1.496237403927979992e+00
1.504640616817070065e+00
1.515197494172685566e+00
1.525394912995396091e+00
1.532932939336539180e+00
1.536030075898259906e+00
1.533568296692566779e+00
1.525099335858084437e+00
1.510755132225253039e+00
1.491108248570881090e+00
1.467019826622329548e+00
1.439500218370945772e+00
1.409595576090205915e+00
1.378304640568819517e+00
1.346524201778757979e+00
1.315018723304766990e+00
1.284408603259721726e+00
1.255171710729645618e+00
1.227653593994100678e+00
1.202082715542604596e+00
1.178588007458525100e+00
1.157216853569826398e+00
1.137952257495342678e+00
1.120728452185267621e+00
1.105444567741056705e+00
1.091976226236691883e+00
1.080185099953921313e+00
1.069926574341730330e+00
1.061055716414055716e+00
1.053431776640551876e+00
1.046921457840181091e+00
1.041401175733268181e+00
1.036758518198573675e+00
1.032893087920151665e+00
1.029716888809058206e+00
1.027154392257867421e+00
1.025142396153188473e+00
1.023629768333883527e+00
1.022577147151714660e+00
1.021956654989773616e+00
1.021751665838696921e+00
1.021956654990062718e+00
1.022577147152306631e+00
1.023629768334819445e+00
1.025142396154529845e+00
1.027154392259699289e+00
1.029716888811497366e+00
1.032893087923357767e+00
1.036758518202749002e+00
1.041401175738688734e+00
1.046921457847189929e+00
1.053431776649602858e+00
1.061055716425738371e+00
1.069926574356789839e+00
1.080185099973318685e+00
1.091976226261650806e+00
1.105444567773150144e+00
1.120728452226491756e+00
1.137952257548247470e+00
1.157216853637644149e+00
1.178588007545368743e+00
1.202082715653681966e+00
1.227653594136017379e+00
1.255171710910780281e+00
1.284408603490680090e+00
1.315018723598992079e+00
1.346524202153275063e+00
1.378304641045234646e+00
1.409595576695958030e+00
1.439500219140922521e+00
1.467019827600966941e+00
1.491108249814881992e+00
1.510755133807101691e+00
1.525099337870574834e+00
1.533568299254596479e+00
1.536030079162123752e+00
1.532932943496972955e+00
1.525394918300356562e+00
1.515197500935761665e+00
1.504640625430844425e+00
1.496237414877298333e+00
1.492270673063799791e+00
1.494292576868048839e+00
1.502705630381988344e+00
1.516586777936300034e+00
1.533877932626128482e+00
1.551953373368156752e+00
1.568411244579192010e+00
1.581787875561161183e+00
1.591849500551939744e+00
1.599245420101323534e+00
1.604598641043385454e+00
1.607441981551881005e+00
1.605591667157360236e+00
1.595441402956296661e+00
1.573216900073277857e+00
1.536476986111362297e+00
1.484248679406089400e+00
1.413975695816855227e+00
1.315947253783228632e+00
1.172708500041168334e+00
9.782775984150030579e-01
7.849999464504608948e-01
7.421836159727018822e-01
1.000000000000000000e+00
