1.000000000000000000e+00
7.902835360538030818e-01
8.019047601691658977e-01
9.609937015608666089e-01
1.152843091798935626e+00
1.311487169342691494e+00
1.421414707183487947e+00
1.492417021740663818e+00
1.538738152304994555e+00
1.570253220291084162e+00
1.591871211000239539e+00
1.605574874032267285e+00
1.612079067164342572e+00
1.611640884429486054e+00
1.604527060657762849e+00
1.591468976300119742e+00
1.574022422635307672e+00
1.554605806894872932e+00
1.536131613016197495e+00
1.521365778467456575e+00
1.512273710963373929e+00
1.509590289112467509e+00
1.512731664643477414e+00
1.520027956892162413e+00
1.529159122877718158e+00
1.537645081494228405e+00
1.543265885044814878e+00
1.544341377483413824e+00
1.539854993987844978e+00
1.529445855135607157e+00
1.513312012313228427e+00
1.492069183696733248e+00
1.466600636381736322e+00
1.437921630128069506e+00
1.407070420076280470e+00
1.375029245141127676e+00
1.342673353843434114e+00
1.310743410260668096e+00
1.279835770308534126e+00
1.250405369274904643e+00
1.222776749083580139e+00
1.197159711535319859e+00
1.173667005906164018e+00
1.152332250239845202e+00
1.133126916592123168e+00
1.115975687806668670e+00
1.100769838968561842e+00
1.087378536482612956e+00
1.075658106315386275e+00
1.065459421206255364e+00
1.056633611344788726e+00
1.049036327092882637e+00
1.042530785604584898e+00
1.036989822955380003e+00
1.032297154981267617e+00
1.028348027298612299e+00
1.025049410643746217e+00
1.022319873586170491e+00
1.020089242024924792e+00
1.018298134375010155e+00
1.016897443326306050e+00
1.015847819581686462e+00
1.015119199938336658e+00
1.014690411222035626e+00
1.014548872591989559e+00
1.014690411223735822e+00
1.015119199941826533e+00
1.015847819587150092e+00
1.016897443334026763e+00
1.018298134385394293e+00
1.020089242038512811e+00
1.022319873603669604e+00
1.025049410666062366e+00
1.028348027326905667e+00
1.032297155016990819e+00
1.036989823000374455e+00
1.042530785661166970e+00
1.049036327163952453e+00
1.056633611433988262e+00
1.065459421318146083e+00
1.075658106455696483e+00
1.087378536658524242e+00
1.100769839189094323e+00
1.115975688083144179e+00
1.133126916938789863e+00
1.152332250674637404e+00
1.173667006451702077e+00
1.197159712220180028e+00
1.222776749943927932e+00
1.250405370356603818e+00
1.279835771669859845e+00
1.310743411975845207e+00
1.342673356007190177e+00
1.375029247874587135e+00
1.407070423534589665e+00
1.437921634510214819e+00
1.466600641943094363e+00
1.492069190765044295e+00
1.513312021308639954e+00
1.529445866595510184e+00
1.539855008597033281e+00
1.544341396109714548e+00
1.543265908779819284e+00
1.537645111697667932e+00
1.529159161222788166e+00
1.520028005407444205e+00
1.512731725745462441e+00
1.509590365621208408e+00
1.512273806092720552e+00
1.521365895780481425e+00
1.536131756335181953e+00
1.554605980152774292e+00
1.574022629651785188e+00
1.591469220461939393e+00
1.604527344485915163e+00
1.611641209031194677e+00
1.612079431602944757e+00
1.605575274699175825e+00
1.591871641124784409e+00
1.570253669750083514e+00
1.538738607871463326e+00
1.492417467833032196e+00
1.421415127056232075e+00
1.311487546523680159e+00
1.152843411474335333e+00
9.609939516008306759e-01
8.019049316228373803e-01
7.902836231688860069e-01
1.000000000000000000e+00
