1.000000000000000000e+00
7.488398332730251683e-01
7.856018098856457632e-01
9.738564209529229077e-01
1.168729540552803758e+00
1.314478780029588068e+00
1.413717112364171635e+00
1.483387791400857303e+00
1.534343901436689528e+00
1.570240330580782828e+00
1.592465965270946526e+00
1.603333736645932595e+00
1.606229424082538326e+00
1.604298804774099807e+00
1.599334560698858487e+00
1.591622424767721977e+00
1.580655306281577133e+00
1.566164196201238923e+00
1.548875045450423871e+00
1.530658484357523497e+00
1.514089031998189006e+00
1.501685318675759273e+00
1.495176402395217208e+00
1.495054172339267851e+00
1.500510890723540047e+00
1.509709434503331948e+00
1.520244171530057642e+00
1.529633863826617368e+00
1.535725298705876929e+00
1.536946278909381958e+00
1.532402107714743611e+00
1.521846080599698947e+00
1.505569345616310839e+00
1.484254039532779013e+00
1.458823395120472766e+00
1.430309923143215034e+00
1.399751694229245835e+00
1.368118772828829321e+00
1.336267063493177032e+00
1.304914567860346875e+00
1.274634487864741539e+00
1.245860019467812663e+00
1.218896535214917920e+00
1.193937822882263911e+00
1.171083952339884382e+00
1.150359105133751170e+00
1.131728301987305008e+00
1.115112413543045022e+00
1.100401162756790674e+00
1.087464049559211832e+00
1.076159273719086817e+00
1.066340820398338662e+00
1.057863920674974922e+00
1.050589118635022690e+00
1.044385176768674928e+00
1.039131039217732866e+00
1.034717052922393465e+00
1.031045623494572405e+00
1.028031458205447946e+00
1.025601524492351313e+00
1.023694829912809245e+00
1.022262109075911640e+00
1.021265484985809380e+00
1.020678156403449277e+00
1.020484149051296141e+00
1.020678156403253434e+00
1.021265484985407479e+00
1.022262109075290581e+00
1.023694829911950155e+00
1.025601524491222216e+00
1.028031458204012871e+00
1.031045623492787833e+00
1.034717052920203884e+00
1.039131039215082319e+00
1.044385176765488588e+00
1.050589118631229280e+00
1.057863920670495173e+00
1.066340820393079980e+00
1.076159273712955056e+00
1.087464049552098189e+00
1.100401162748584794e+00
1.115112413533614344e+00
1.131728301976503204e+00
1.150359105121381065e+00
1.171083952325696176e+00
1.193937822865891674e+00
1.218896535195830966e+00
1.245860019445222955e+00
1.274634487837455143e+00
1.304914567826564786e+00
1.336267063450194970e+00
1.368118772772660030e+00
1.399751694154069526e+00
1.430309923040659958e+00
1.458823394978705723e+00
1.484254039335379138e+00
1.505569345340926457e+00
1.521846080216560981e+00
1.532402107185135254e+00
1.536946278184224246e+00
1.535725297724711114e+00
1.529633862517109533e+00
1.520244169808186774e+00
1.509709432273997010e+00
1.500510887880975863e+00
1.495054168766103642e+00
1.495176397958925874e+00
1.501685313221706730e+00
1.514089025340082273e+00
1.530658476268504931e+00
1.548875035660479016e+00
1.566164184407244919e+00
1.580655292173608784e+00
1.591622408069184758e+00
1.599334541211535177e+00
1.604298782417421743e+00
1.606229398922429885e+00
1.603333708918718292e+00
1.592465935411414790e+00
1.570240299252303906e+00
1.534343869542739380e+00
1.483387760051817272e+00
1.413717082793205959e+00
1.314478753476830519e+00
1.168729518139695944e+00
9.738564035619988735e-01
7.856017980835217074e-01
7.488398273303829011e-01
1.000000000000000000e+00
