1.000000000000000000e+00
7.419748512489855452e-01
7.849634865220150859e-01
9.783752739808864174e-01
1.172777685971400530e+00
1.315933486451053680e+00
1.413923228030885326e+00
1.484212522718692862e+00
1.536476744539523320e+00
1.573241223260386068e+00
1.595468355872866617e+00
1.605602882841434820e+00
1.607428677664723082e+00
1.604563677432350843e+00
1.599202514116268681e+00
1.591818510139538789e+00
1.581786724252416176e+00
1.568447782298371784e+00
1.552021086923967674e+00
1.533957458370418081e+00
1.516652277823479444e+00
1.502733115439789380e+00
1.494266979467580692e+00
1.492189552460783997e+00
1.496110785173368374e+00
1.504487744945554706e+00
1.515042145598528123e+00
1.525260658553577509e+00
1.532839488874493616e+00
1.535991153924270103e+00
1.533591004113195932e+00
1.525184648029338508e+00
1.510899082084223632e+00
1.491303384434899737e+00
1.467256643988134046e+00
1.439768386778253584e+00
1.409884883702022584e+00
1.378605649304736280e+00
1.346828646161721377e+00
1.315319703757316105e+00
1.284700627418231766e+00
1.255450631082404733e+00
1.227916481438158680e+00
1.202327699121747306e+00
1.178814102065752989e+00
1.157423790373536709e+00
1.138140326380395750e+00
1.120898361443048330e+00
1.105597323357548234e+00
1.092113031163817416e+00
1.080307272482488479e+00
1.070035483938716725e+00
1.061152734996479108e+00
1.053518243120875386e+00
1.046998653810166768e+00
1.041470310292355927e+00
1.036820720134051355e+00
1.032949403677176470e+00
1.029768284926331656e+00
1.027201761174008077e+00
1.025186564499632302e+00
1.023671507016390869e+00
1.022617182681035297e+00
1.021995681651305166e+00
1.021790358390821885e+00
1.021995681651590493e+00
1.022617182681619274e+00
1.023671507017314353e+00
1.025186564500956132e+00
1.027201761175816408e+00
1.029768284928739952e+00
1.032949403680343270e+00
1.036820720138176499e+00
1.041470310297713420e+00
1.046998653817096336e+00
1.053518243129827114e+00
1.061152735008037862e+00
1.070035483953621691e+00
1.080307272501692895e+00
1.092113031188535865e+00
1.105597323389342579e+00
1.120898361483899874e+00
1.138140326432836691e+00
1.157423790440776701e+00
1.178814102151876542e+00
1.202327699231926283e+00
1.227916481578953833e+00
1.255450631262137628e+00
1.284700627647435756e+00
1.315319704049341842e+00
1.346828646533476670e+00
1.378605649777676856e+00
1.409884884303394426e+00
1.439768387542696981e+00
1.467256644959766376e+00
1.491303385670013970e+00
1.510899083654777320e+00
1.525184650027447741e+00
1.533591006656889633e+00
1.535991157164733556e+00
1.532839493005051734e+00
1.525260663820403595e+00
1.515042152312974233e+00
1.504487753497425029e+00
1.496110796044096025e+00
1.492189566234794817e+00
1.494266996839877404e+00
1.502733137217693304e+00
1.516652304920842242e+00
1.533957491793086048e+00
1.552021127745137674e+00
1.568447831620915833e+00
1.581786783151969633e+00
1.591818579578687443e+00
1.599202594820101853e+00
1.604563769723176936e+00
1.607428781270073825e+00
1.605602996709276642e+00
1.595468478040693583e+00
1.573241350821558804e+00
1.536476873732890214e+00
1.484212649145507212e+00
1.413923346982616902e+00
1.315933593304210447e+00
1.172777776568317609e+00
9.783753449018453008e-01
7.849635352066136607e-01
7.419748760096415152e-01
1.000000000000000000e+00
