1.000000000000000000e+00
7.373446550093376572e-01
7.834907536475010925e-01
9.792060147519997537e-01
1.172638088446822824e+00
1.313843887569985824e+00
1.410892183150711299e+00
1.481413638301931845e+00
1.534349911397419053e+00
1.571619807376477551e+00
1.593988786379054723e+00
1.603962339730095055e+00
1.605483184134068653e+00
1.602368263234823953e+00
1.597012661969585023e+00
1.590016339153150327e+00
1.580730279280053718e+00
1.568305395711337313e+00
1.552673985637173182e+00
1.535018039233187803e+00
1.517585657319369785e+00
1.503025485609521095e+00
1.493574697108268401e+00
1.490422752858060251e+00
1.493437734738552125e+00
1.501274707735564373e+00
1.511758986172853314e+00
1.522383611334987119e+00
1.530773917978497822e+00
1.535024957595006789e+00
1.533878647398531969e+00
1.526755160365408814e+00
1.513678916342952707e+00
1.495145635431189834e+00
1.471970268621649591e+00
1.445143551160551487e+00
1.415712682083454022e+00
1.384691930657232284e+00
1.353002559083871015e+00
1.321437966906147787e+00
1.290648614277663420e+00
1.261141263225269427e+00
1.233287751958710210e+00
1.207339458333427151e+00
1.183444563148326800e+00
1.161666067044198281e+00
1.141999200682059179e+00
1.124387394791592776e+00
1.108736363324438035e+00
1.094926124988218508e+00
1.082820971383863018e+00
1.072277506091427801e+00
1.063150946489091586e+00
1.055299913019931646e+00
1.048589939826662709e+00
1.042895934210343656e+00
1.038103796157164638e+00
1.034111387500076917e+00
1.030829016166011858e+00
1.028179576474656409e+00
1.026098462941479550e+00
1.024533353283475279e+00
1.023443936703460455e+00
1.022801646101952899e+00
1.022589437476782770e+00
1.022801646101718642e+00
1.023443936702980395e+00
1.024533353282733650e+00
1.026098462940450817e+00
1.028179576473305046e+00
1.030829016164288348e+00
1.034111387497928192e+00
1.038103796154520087e+00
1.042895934207129338e+00
1.048589939822783368e+00
1.055299913015288027e+00
1.063150946483575554e+00
1.072277506084910348e+00
1.082820971376205810e+00
1.094926124979260784e+00
1.108736363314009932e+00
1.124387394779492899e+00
1.141999200668054382e+00
1.161666067027997684e+00
1.183444563129565807e+00
1.207339458311608826e+00
1.233287751933154874e+00
1.261141263195017403e+00
1.290648614241324266e+00
1.321437966861705560e+00
1.353002559028382512e+00
1.384691930586451347e+00
1.415712681991297073e+00
1.445143551038398977e+00
1.471970268457455377e+00
1.495145635208394941e+00
1.513678916039210787e+00
1.526755159951162844e+00
1.533878646835564075e+00
1.535024956835091103e+00
1.530773916962383296e+00
1.522383609991786235e+00
1.511758984419932839e+00
1.501274705478566451e+00
1.493437731870971508e+00
1.490422749259326274e+00
1.493574692639378254e+00
1.503025480105935729e+00
1.517585650582439216e+00
1.535018031023565932e+00
1.552673975675458173e+00
1.568305383691057653e+00
1.580730264894940840e+00
1.590016322135107796e+00
1.597012642129002291e+00
1.602368240495252838e+00
1.605483158560093049e+00
1.603962311555297671e+00
1.593988756040729537e+00
1.571619775550046727e+00
1.534349879006545736e+00
1.481413606478869216e+00
1.410892153144757133e+00
1.313843860628422178e+00
1.172638065693590637e+00
9.792059970769199095e-01
7.834907416348793063e-01
7.373446489531229053e-01
1.000000000000000000e+00
