1.000000000000000000e+00
8.529563361253926779e-01
8.446550984107406013e-01
9.559609120131630222e-01
1.120740604699432375e+00
1.282166120166849499e+00
1.410395689565763222e+00
1.499139024310693902e+00
1.554900455233682699e+00
1.587371145059037980e+00
1.604239323461268629e+00
1.610057978578063764e+00
1.607311023784833148e+00
1.597918475397064553e+00
1.584185511385034717e+00
1.568949734443234156e+00
1.555142290450494569e+00
1.545141082696141810e+00
1.540249034070913847e+00
1.540483257616274804e+00
1.544700088354171275e+00
1.550963625161559500e+00
1.557014965728940048e+00
1.560709310342065947e+00
1.560334427020031667e+00
1.554779127565871777e+00
1.543564457283042923e+00
1.526774877258303631e+00
1.504933031992094827e+00
1.478855867117259582e+00
1.449518651296768379e+00
1.417941871172785362e+00
1.385106681037119758e+00
1.351898399952939034e+00
1.319074160190690570e+00
1.287249484238526920e+00
1.256898534245572741e+00
1.228363422925414339e+00
1.201868881614235107e+00
1.177539503531585430e+00
1.155417595735820369e+00
1.135480336740213536e+00
1.117655446150130016e+00
1.101834946061567067e+00
1.087886856204878239e+00
1.075664840676992640e+00
1.065015935193766472e+00
1.055786547711828449e+00
1.047826955771384405e+00
1.040994531468503848e+00
1.035155917406337833e+00
1.030188360067190390e+00
1.025980384975530457e+00
1.022431973759188040e+00
1.019454378815408457e+00
1.016969688104393477e+00
1.014910231456004785e+00
1.013217901127039910e+00
1.011843443348840799e+00
1.010745764222887200e+00
1.009891282390982248e+00
1.009253352180674357e+00
1.008811774116266324e+00
1.008552404481654508e+00
1.008466871713404212e+00
1.008552404484919673e+00
1.008811774122964744e+00
1.009253352191151976e+00
1.009891282405769752e+00
1.010745764242743761e+00
1.011843443374773166e+00
1.013217901160362366e+00
1.014910231498397541e+00
1.016969688157989271e+00
1.019454378882885592e+00
1.022431973843912267e+00
1.025980385081717072e+00
1.030188360200100961e+00
1.035155917572545770e+00
1.040994531676214141e+00
1.047826956030845746e+00
1.055786548035839489e+00
1.065015935598329966e+00
1.075664841182129017e+00
1.087886856835666549e+00
1.101834946849470143e+00
1.117655447134686453e+00
1.135480337971204179e+00
1.155417597276053421e+00
1.177539505460481806e+00
1.201868884032459395e+00
1.228363425960879773e+00
1.256898538061196113e+00
1.287249489042288531e+00
1.319074166248625390e+00
1.351898407605915731e+00
1.385106690722339273e+00
1.417941883451205864e+00
1.449518666887662732e+00
1.478855886941242037e+00
1.504933057223688531e+00
1.526774909388614931e+00
1.543564498192186329e+00
1.554779179603062111e+00
1.560334493086983798e+00
1.560709393972183223e+00
1.557015071151196750e+00
1.550963757334328230e+00
1.544700252950970354e+00
1.540483460943013583e+00
1.540249282892394822e+00
1.545141383948053004e+00
1.555142650811626837e+00
1.568950159743691231e+00
1.584186005835378053e+00
1.597919040650190858e+00
1.607311657894048951e+00
1.610058674988510408e+00
1.604240070246144567e+00
1.587371924649872312e+00
1.554901244859470122e+00
1.499139797240876426e+00
1.410396417067787622e+00
1.282166773883474775e+00
1.120741158986547692e+00
9.559613457423509209e-01
8.446553959140304935e-01
8.529564873112762680e-01
1.000000000000000000e+00
