1.000000000000000000e+00
8.410077791057464225e-01
8.347031692226593025e-01
9.543853873493741702e-01
1.125190510632374963e+00
1.287095481614186854e+00
1.411752800565071020e+00
1.495987962581686759e+00
1.548731932992334581e+00
1.580630966292696282e+00
1.599113546957681375e+00
1.607829049215685924e+00
1.608187153019299487e+00
1.601161045362900825e+00
1.588414901654879419e+00
1.572548777514890972e+00
1.556672612710596759e+00
1.543679183335448180e+00
1.535568209207668788e+00
1.533054554731091645e+00
1.535539023870944098e+00
1.541386697492552305e+00
1.548380071457998053e+00
1.554199970121443952e+00
1.556820718340779175e+00
1.554760882532308264e+00
1.547182831166530104e+00
1.533869334615951763e+00
1.515120391919266396e+00
1.491612769646179171e+00
1.464255299392864584e+00
1.434060923672149990e+00
1.402045677508589439e+00
1.369156912361341183e+00
1.336228270349036240e+00
1.303956609346109241e+00
1.272895464956736555e+00
1.243459999920550896e+00
1.215939212004384817e+00
1.190512116519628849e+00
1.167265507948684000e+00
1.146211656237127174e+00
1.127304886283091223e+00
1.110456433996984460e+00
1.095547291790971434e+00
1.082438976104476147e+00
1.070982293227808357e+00
1.061024267114280661e+00
1.052413439887506463e+00
1.045003774538346031e+00
1.038657389051513391e+00
1.033246338722156210e+00
1.028653643704277254e+00
1.024773735459304502e+00
1.021512471261103450e+00
1.018786841967121992e+00
1.016524475976072983e+00
1.014663022293557537e+00
1.013149478216615051e+00
1.011939512383661643e+00
1.010996821711723559e+00
1.010292550844037684e+00
1.009804794880793111e+00
1.009518200051917836e+00
1.009423672290349572e+00
1.009518200051227055e+00
1.009804794879376910e+00
1.010292550841828119e+00
1.010996821708607163e+00
1.011939512379486317e+00
1.013149478211173404e+00
1.014663022286584226e+00
1.016524475967226948e+00
1.018786841955978684e+00
1.021512471247118858e+00
1.024773735441810940e+00
1.028653643682445162e+00
1.033246338694945976e+00
1.038657389017637378e+00
1.045003774496200188e+00
1.052413439835101716e+00
1.061024267049137437e+00
1.070982293146839792e+00
1.082438976003829323e+00
1.095547291665826206e+00
1.110456433841302548e+00
1.127304886089292246e+00
1.146211655995668544e+00
1.167265507647525347e+00
1.190512116143532806e+00
1.215939211534011077e+00
1.243459999331302912e+00
1.272895464217244754e+00
1.303956608416287688e+00
1.336228269177573980e+00
1.369156910882509681e+00
1.402045675638169620e+00
1.434060921302347413e+00
1.464255296386002714e+00
1.491612765827066589e+00
1.515120387066182461e+00
1.533869328450288450e+00
1.547182823341408886e+00
1.554760872620637002e+00
1.556820705823554141e+00
1.554199954377272874e+00
1.548380051754956188e+00
1.541386672983615203e+00
1.535538993594349089e+00
1.533054517617635115e+00
1.535568164098205068e+00
1.543679129014079221e+00
1.556672547961471142e+00
1.572548701212147515e+00
1.588414812894032080e+00
1.601160943636410483e+00
1.608187038428243287e+00
1.607828922694450435e+00
1.599113410472121188e+00
1.580630822958819071e+00
1.548731787058221565e+00
1.495987819225315762e+00
1.411752665491043057e+00
1.287095360487120033e+00
1.125190408460825742e+00
9.543853079998529942e-01
8.347031152335808724e-01
8.410077518416629871e-01
1.000000000000000000e+00
