1.000000000000000000e+00
1.033403784591856223e+00
1.075935806818337559e+00
1.131055465490810263e+00
1.198133957797263172e+00
1.273784356239266335e+00
1.353050411992290369e+00
1.430479339998967925e+00
1.501014688826519006e+00
1.560625728277155622e+00
1.606633672914960842e+00
1.637760406585827555e+00
1.653973600951234468e+00
1.656217769275365237e+00
1.646109490043438539e+00
1.625650986507831242e+00
1.596991613979964253e+00
1.562247790402914172e+00
1.523379800200228118e+00
1.482117544441830637e+00
1.439924913212053514e+00
1.397992445430652930e+00
1.357249175269047869e+00
1.318386295434947675e+00
1.281887048449093847e+00
1.248058850641760920e+00
1.217064961829549485e+00
1.188954022373086117e+00
1.163686518769394995e+00
1.141157757211292090e+00
1.121217271974016105e+00
1.103684816708234928e+00
1.088363217825464968e+00
1.075048437668060242e+00
1.063537221229071017e+00
1.053632698262376044e+00
1.045148292901202591e+00
1.037910262557427910e+00
1.031759151943556496e+00
1.026550410068112429e+00
1.022154380437512611e+00
1.018455839083003411e+00
1.015353222446961245e+00
1.012757658179747500e+00
1.010591886746004642e+00
1.008789140396752160e+00
1.007292028337319012e+00
1.006051462503232852e+00
1.005025646877143908e+00
1.004179144344482966e+00
1.003482028301176499e+00
1.002909121222995470e+00
1.002439318846588323e+00
1.002054996200106851e+00
1.001741490202991747e+00
1.001486652716727654e+00
1.001280467597449819e+00
1.001114725337134637e+00
1.000982749173592090e+00
1.000879167016271554e+00
1.000799724112537259e+00
1.000741132021955915e+00
1.000700950143088130e+00
1.000677496727043092e+00
1.000669787003058975e+00
1.000677496727043092e+00
1.000700950143088130e+00
1.000741132021955915e+00
1.000799724112537259e+00
1.000879167016271554e+00
1.000982749173592090e+00
1.001114725337134637e+00
1.001280467597449819e+00
1.001486652716727654e+00
1.001741490202991747e+00
1.002054996200106851e+00
1.002439318846588323e+00
1.002909121222995470e+00
1.003482028301176499e+00
1.004179144344482966e+00
1.005025646877143908e+00
1.006051462503232852e+00
1.007292028337319012e+00
1.008789140396752160e+00
1.010591886746004642e+00
1.012757658179747500e+00
1.015353222446961245e+00
1.018455839083003189e+00
1.022154380437512611e+00
1.026550410068112651e+00
1.031759151943556496e+00
1.037910262557427910e+00
1.045148292901202369e+00
1.053632698262375822e+00
1.063537221229070795e+00
1.075048437668060242e+00
1.088363217825464302e+00
1.103684816708234484e+00
1.121217271974015661e+00
1.141157757211292090e+00
1.163686518769395439e+00
1.188954022373085229e+00
1.217064961829549929e+00
1.248058850641761364e+00
1.281887048449094291e+00
1.318386295434947675e+00
1.357249175269047647e+00
1.397992445430654040e+00
1.439924913212053736e+00
1.482117544441829970e+00
1.523379800200229006e+00
1.562247790402914616e+00
1.596991613979964253e+00
1.625650986507831020e+00
1.646109490043437873e+00
1.656217769275367013e+00
1.653973600951236245e+00
1.637760406585827111e+00
1.606633672914960176e+00
1.560625728277155178e+00
1.501014688826519672e+00
1.430479339998966815e+00
1.353050411992289925e+00
1.273784356239267446e+00
1.198133957797264726e+00
1.131055465490809597e+00
1.075935806818336671e+00
1.033403784591854668e+00
1.000000000000000000e+00
