1.000000000000000000e+00
7.654293817330946048e-01
7.903411567761198242e-01
9.670268127211496534e-01
1.162185098815323503e+00
1.313990985004641399e+00
1.417148119764922054e+00
1.486380277226393876e+00
1.534668023520066038e+00
1.568449244502477358e+00
1.590477712785777431e+00
1.602849163328109450e+00
1.607826557855069449e+00
1.607279989320065772e+00
1.602150950794651862e+00
1.592622583610703080e+00
1.578841432326575811e+00
1.561651519699876589e+00
1.542889612964363666e+00
1.525115394150542203e+00
1.510955299873205426e+00
1.502379326972572038e+00
1.500194364624895638e+00
1.503896902040205319e+00
1.511871909833320871e+00
1.521817307435107125e+00
1.531237713548915025e+00
1.537875542547076479e+00
1.540002975291216103e+00
1.536555982558921896e+00
1.527133189204708419e+00
1.511902479557522438e+00
1.491460435293112452e+00
1.466681204999634280e+00
1.438579060185062986e+00
1.408197250768311815e+00
1.376526970113893356e+00
1.344454676359604806e+00
1.312733177563466080e+00
1.281970957926185983e+00
1.252634434316263423e+00
1.225058606618630419e+00
1.199462524523943863e+00
1.175966923871055503e+00
1.154612187349713048e+00
1.135375425852453546e+00
1.118185963293289120e+00
1.102938860753917449e+00
1.089506361412321045e+00
1.077747300636005434e+00
1.067514627045662357e+00
1.058661237290185797e+00
1.051044352909606960e+00
1.044528671980678780e+00
1.038988518669820449e+00
1.034309195805618087e+00
1.030387723054121407e+00
1.027133118999934647e+00
1.024466361286641813e+00
1.022320136161794624e+00
1.020638468010519162e+00
1.019376301076283076e+00
1.018499089610956032e+00
1.017982439024977648e+00
1.017811828941753038e+00
1.017982439024837760e+00
1.018499089610670261e+00
1.019376301075842539e+00
1.020638468009910538e+00
1.022320136160998816e+00
1.024466361285634175e+00
1.027133118998686534e+00
1.030387723052600180e+00
1.034309195803793102e+00
1.038988518667645522e+00
1.044528671978115719e+00
1.051044352906618462e+00
1.058661237286727230e+00
1.067514627041695530e+00
1.077747300631485494e+00
1.089506361407210244e+00
1.102938860748172711e+00
1.118185963286856710e+00
1.135375425845246866e+00
1.154612187341603535e+00
1.175966923861817115e+00
1.199462524513198680e+00
1.225058606605752498e+00
1.252634434300235133e+00
1.281970957905393949e+00
1.312733177535383655e+00
1.344454676320414155e+00
1.376526970057896149e+00
1.408197250687185376e+00
1.438579060066884630e+00
1.466681204827673390e+00
1.491460435044354771e+00
1.511902479201021166e+00
1.527133188699826505e+00
1.536555981853678476e+00
1.540002974321035500e+00
1.537875541234144716e+00
1.531237711802472701e+00
1.521817305152525446e+00
1.511871906901474327e+00
1.503896898335964183e+00
1.500194360013134220e+00
1.502379321300268522e+00
1.510955292959556884e+00
1.525115385775637433e+00
1.542889602862134169e+00
1.561651507563025731e+00
1.578841417829767391e+00
1.592622566452438715e+00
1.602150930749999036e+00
1.607279966291034867e+00
1.607826531908230328e+00
1.602849134719360524e+00
1.590477681980508429e+00
1.568449212194584108e+00
1.534667990637455626e+00
1.486380244901574388e+00
1.417148089260983568e+00
1.313990957605173815e+00
1.162185075691031688e+00
9.670267947920272444e-01
7.903411446224056780e-01
7.654293756195275078e-01
1.000000000000000000e+00
