1.000000000000000000e+00
7.562056310806481996e-01
7.874415257344483665e-01
9.706437486864141206e-01
1.165909465147977109e+00
1.314457641083517592e+00
1.415347806045430534e+00
1.484690642779772807e+00
1.534391528919968550e+00
1.569334523544962945e+00
1.591469706952595597e+00
1.603004701812216215e+00
1.606855050449959021e+00
1.605621297500984257e+00
1.600699251570677717e+00
1.592275866249235561e+00
1.580079928814312806e+00
1.564313577987018089e+00
1.546215816532109599e+00
1.528014521525757452e+00
1.512366328318436315e+00
1.501590627565661640e+00
1.497024268689286508e+00
1.498706924719125144e+00
1.505443097053374091e+00
1.515152702585189415e+00
1.525357088235081759e+00
1.533651017426955088e+00
1.538058780567818529e+00
1.537233018695051134e+00
1.530504738224584216e+00
1.517821962879033926e+00
1.499623170803997541e+00
1.476686547439860941e+00
1.449984546876199376e+00
1.420560893250085055e+00
1.389437037365495842e+00
1.357548212396156195e+00
1.325705368922768024e+00
1.294577659804497349e+00
1.264689974013543772e+00
1.236430621267688990e+00
1.210065188267579916e+00
1.185753548099514276e+00
1.163567866435488485e+00
1.143510156680595635e+00
1.125528484579542132e+00
1.109531327711764659e+00
1.095399881948851961e+00
1.082998301074478587e+00
1.072181980178158245e+00
1.062804066850430385e+00
1.054720421328412705e+00
1.047793258788453308e+00
1.041893702361331497e+00
1.036903460352215811e+00
1.032715820080922553e+00
1.029236126917385530e+00
1.026381892681794250e+00
1.024082654063818376e+00
1.022279679976157984e+00
1.020925607251357059e+00
1.019984066958573132e+00
1.019429348770156452e+00
1.019246137996560275e+00
1.019429348769973265e+00
1.019984066958199209e+00
1.020925607250778411e+00
1.022279679975357736e+00
1.024082654062767217e+00
1.026381892680456875e+00
1.029236126915721972e+00
1.032715820078880631e+00
1.036903460349743344e+00
1.041893702358357432e+00
1.047793258784907477e+00
1.054720421324221835e+00
1.062804066845503437e+00
1.072181980172403071e+00
1.082998301067785940e+00
1.095399881941107934e+00
1.109531327702830250e+00
1.125528484569253473e+00
1.143510156668730460e+00
1.163567866421759689e+00
1.185753548083500419e+00
1.210065188248664825e+00
1.236430621244964945e+00
1.264689973985644533e+00
1.294577659769385658e+00
1.325705368877402313e+00
1.357548212336084470e+00
1.389437037284249499e+00
1.420560893138403502e+00
1.449984546721021061e+00
1.476686547223084567e+00
1.499623170500979930e+00
1.517821962456906704e+00
1.530504737640477009e+00
1.537233017894401144e+00
1.538058779483059579e+00
1.533651015976753573e+00
1.525357086324350853e+00
1.515152700105681038e+00
1.505443093884276440e+00
1.498706920726496250e+00
1.497024263722898763e+00
1.501590621452209007e+00
1.512366320851573853e+00
1.528014512456066898e+00
1.546215805562906498e+00
1.564313564783204491e+00
1.580079913029296401e+00
1.592275847568777714e+00
1.600699229765017995e+00
1.605621272473079397e+00
1.606855022272264177e+00
1.603004670754881289e+00
1.591469673511538563e+00
1.569334488469410260e+00
1.534391493220906622e+00
1.484690607693717856e+00
1.415347772945587002e+00
1.314457611354687083e+00
1.165909440046030143e+00
9.706437292018182950e-01
7.874415125058906728e-01
7.562056244173195330e-01
1.000000000000000000e+00
