1.000000000000000000e+00
1.024326333245424658e+00
1.059930081174085492e+00
1.110998460620714834e+00
1.176775445454643076e+00
1.253320934611124482e+00
1.335009974312706849e+00
1.415804201908192006e+00
1.490235019288941309e+00
1.554031882372298501e+00
1.604391022948314038e+00
1.639952305069566796e+00
1.660590899679662114e+00
1.667127173542137797e+00
1.661029208695109949e+00
1.644149015377126544e+00
1.618508439786498387e+00
1.586136499902600194e+00
1.548953494015349985e+00
1.508695017473606459e+00
1.466868564063229741e+00
1.424735597536428644e+00
1.383312520441539739e+00
1.343384748166873921e+00
1.305529038695294020e+00
1.270140231378382278e+00
1.237459511057206862e+00
1.207602164685000812e+00
1.180583499704801254e+00
1.156342140587925282e+00
1.134760325455469010e+00
1.115681111201287656e+00
1.098922587710674748e+00
1.084289322337941730e+00
1.071581323788430851e+00
1.060600845004310067e+00
1.051157349100515059e+00
1.043070949481989196e+00
1.036174611409863333e+00
1.030315372190565126e+00
1.025354804271498388e+00
1.021168912289823316e+00
1.017647623227153408e+00
1.014693999372412225e+00
1.012223277430946533e+00
1.010161814135440927e+00
1.008445999153823491e+00
1.007021179810031919e+00
1.005840628877676446e+00
1.004864576148473576e+00
1.004059316261080692e+00
1.003396399044756082e+00
1.002851904046947240e+00
1.002405797664450260e+00
1.002041369111509539e+00
1.001744740099997699e+00
1.001504442380622750e+00
1.001311057038557273e+00
1.001156909523488903e+00
1.001035814721459083e+00
1.000942866867075010e+00
1.000874269691885088e+00
1.000827202866977350e+00
1.000799721495802874e+00
1.000790686129097828e+00
1.000799721495802874e+00
1.000827202866977350e+00
1.000874269691885088e+00
1.000942866867075010e+00
1.001035814721459083e+00
1.001156909523488903e+00
1.001311057038557273e+00
1.001504442380622750e+00
1.001744740099997699e+00
1.002041369111509539e+00
1.002405797664450260e+00
1.002851904046947240e+00
1.003396399044756082e+00
1.004059316261080692e+00
1.004864576148473576e+00
1.005840628877676446e+00
1.007021179810031919e+00
1.008445999153823491e+00
1.010161814135440927e+00
1.012223277430946533e+00
1.014693999372412225e+00
1.017647623227153408e+00
1.021168912289823094e+00
1.025354804271498388e+00
1.030315372190565348e+00
1.036174611409863333e+00
1.043070949481989196e+00
1.051157349100514837e+00
1.060600845004309845e+00
1.071581323788430629e+00
1.084289322337941508e+00
1.098922587710674081e+00
1.115681111201287212e+00
1.134760325455468566e+00
1.156342140587925060e+00
1.180583499704801698e+00
1.207602164684999702e+00
1.237459511057207084e+00
1.270140231378382056e+00
1.305529038695294020e+00
1.343384748166874143e+00
1.383312520441539517e+00
1.424735597536430198e+00
1.466868564063229741e+00
1.508695017473605349e+00
1.548953494015350874e+00
1.586136499902600194e+00
1.618508439786497943e+00
1.644149015377125878e+00
1.661029208695108617e+00
1.667127173542138463e+00
1.660590899679663446e+00
1.639952305069566352e+00
1.604391022948312928e+00
1.554031882372297835e+00
1.490235019288941976e+00
1.415804201908190896e+00
1.335009974312705738e+00
1.253320934611125370e+00
1.176775445454644187e+00
1.110998460620713946e+00
1.059930081174084826e+00
1.024326333245422660e+00
1.000000000000000000e+00
