1.000000000000000000e+00
1.006165317337772258e+00
1.012241565663217546e+00
1.018107616745967947e+00
1.023612861703646626e+00
1.028590619606113865e+00
1.032877786477028437e+00
1.036335677734431915e+00
1.038867521929999205e+00
1.040429424180916218e+00
1.041033447158713487e+00
1.040743249028648565e+00
1.039664050410874507e+00
1.037929366486872285e+00
1.035686953413767375e+00
1.033085958062410548e+00
1.030266565755268537e+00
1.027352727551413381e+00
1.024447961451012690e+00
1.021633825713665900e+00
1.018970458679978153e+00
1.016498531364841584e+00
1.014242015678446851e+00
1.012211283672326712e+00
1.010406183675815139e+00
1.008818862592255616e+00
1.007436206609412466e+00
1.006241850449350661e+00
1.005217758848964360e+00
1.004345416921288647e+00
1.003606683133268174e+00
1.002984364483419766e+00
1.002462572031154853e+00
1.002026909296505730e+00
1.001664538428527429e+00
1.001364160908772671e+00
1.001115941813010668e+00
1.000911399782179023e+00
1.000743279051650836e+00
1.000605415177008517e+00
1.000492602393456165e+00
1.000400467723778997e+00
1.000325354859135318e+00
1.000264219334608740e+00
1.000214535478381794e+00
1.000174214919504534e+00
1.000141536004345744e+00
1.000115083223861445e+00
1.000093695637228608e+00
1.000076423249829149e+00
1.000062490333800236e+00
1.000051264744746815e+00
1.000042232372740925e+00
1.000034975958426831e+00
1.000029157598639973e+00
1.000024504355867316e+00
1.000020796469507811e+00
1.000017857742796723e+00
1.000015547747204137e+00
1.000013755546061978e+00
1.000012394691835782e+00
1.000011399297460191e+00
1.000010721022433158e+00
1.000010326849810616e+00
1.000010197561755909e+00
1.000010326849810616e+00
1.000010721022433158e+00
1.000011399297460191e+00
1.000012394691835782e+00
1.000013755546061978e+00
1.000015547747204137e+00
1.000017857742796723e+00
1.000020796469507811e+00
1.000024504355867316e+00
1.000029157598639973e+00
1.000034975958426831e+00
1.000042232372740925e+00
1.000051264744746815e+00
1.000062490333800236e+00
1.000076423249829149e+00
1.000093695637228608e+00
1.000115083223861445e+00
1.000141536004345744e+00
1.000174214919504534e+00
1.000214535478381794e+00
1.000264219334608740e+00
1.000325354859135318e+00
1.000400467723778997e+00
1.000492602393456165e+00
1.000605415177008517e+00
1.000743279051650836e+00
1.000911399782179023e+00
1.001115941813010668e+00
1.001364160908772671e+00
1.001664538428527207e+00
1.002026909296505730e+00
1.002462572031154853e+00
1.002984364483419766e+00
1.003606683133268174e+00
1.004345416921288425e+00
1.005217758848964360e+00
1.006241850449350439e+00
1.007436206609412466e+00
1.008818862592255394e+00
1.010406183675814917e+00
1.012211283672326267e+00
1.014242015678446407e+00
1.016498531364841362e+00
1.018970458679977709e+00
1.021633825713665233e+00
1.024447961451012246e+00
1.027352727551412714e+00
1.030266565755267871e+00
1.033085958062409437e+00
1.035686953413766043e+00
1.037929366486871174e+00
1.039664050410873175e+00
1.040743249028647455e+00
1.041033447158712821e+00
1.040429424180914886e+00
1.038867521929997650e+00
1.036335677734429694e+00
1.032877786477027326e+00
1.028590619606112977e+00
1.023612861703645738e+00
1.018107616745967281e+00
1.012241565663217324e+00
1.006165317337771814e+00
1.000000000000000000e+00
