1.000000000000000000e+00
9.831911907424650821e-01
9.982942108292921501e-01
1.051649904728516827e+00
1.134987157577453498e+00
1.233785495036764601e+00
1.333280144658775646e+00
1.422207652991795745e+00
1.494371912707391115e+00
1.548374880724396219e+00
1.586182705318113895e+00
1.611324321809225912e+00
1.627367730879758723e+00
1.637002484267087388e+00
1.641747002649621479e+00
1.642106696416403722e+00
1.637951754966277207e+00
1.628921047874070771e+00
1.614735595202711371e+00
1.595379630628475320e+00
1.571158781227380175e+00
1.542669984597305755e+00
1.510722582462803443e+00
1.476243342049449403e+00
1.440187356299829968e+00
1.403466471503733937e+00
1.366899136196408460e+00
1.331180706549448534e+00
1.296870783840747388e+00
1.264393351490478823e+00
1.234045639743325706e+00
1.206012271760954491e+00
1.180382015895916181e+00
1.157165209431143538e+00
1.136310549612308485e+00
1.117720445708572097e+00
1.101264497694606437e+00
1.086790931816563610e+00
1.074136002610753149e+00
1.063131485210345506e+00
1.053610448142030975e+00
1.045411528962043590e+00
1.038381943571181631e+00
1.032379452857768332e+00
1.027273493366059220e+00
1.022945656293746008e+00
1.019289674370440490e+00
1.016211051194400916e+00
1.013626443821509460e+00
1.011462887677115674e+00
1.009656933662542055e+00
1.008153750827262440e+00
1.006906234146748513e+00
1.005874145623263383e+00
1.005023307873774918e+00
1.004324862307131028e+00
1.003754598634125861e+00
1.003292358520340155e+00
1.002921513425976796e+00
1.002628514850791852e+00
1.002402514118353016e+00
1.002235048325826883e+00
1.002119789016202356e+00
1.002052350387258484e+00
1.002030154347057556e+00
1.002052350387258484e+00
1.002119789016202356e+00
1.002235048325826883e+00
1.002402514118353016e+00
1.002628514850791852e+00
1.002921513425976796e+00
1.003292358520340155e+00
1.003754598634125861e+00
1.004324862307131028e+00
1.005023307873774918e+00
1.005874145623263383e+00
1.006906234146748513e+00
1.008153750827262440e+00
1.009656933662542055e+00
1.011462887677115674e+00
1.013626443821509460e+00
1.016211051194400916e+00
1.019289674370440713e+00
1.022945656293745342e+00
1.027273493366059220e+00
1.032379452857768332e+00
1.038381943571181631e+00
1.045411528962043590e+00
1.053610448142031197e+00
1.063131485210345506e+00
1.074136002610752927e+00
1.086790931816563388e+00
1.101264497694606881e+00
1.117720445708571653e+00
1.136310549612308041e+00
1.157165209431143316e+00
1.180382015895914183e+00
1.206012271760954935e+00
1.234045639743325484e+00
1.264393351490478823e+00
1.296870783840748276e+00
1.331180706549447645e+00
1.366899136196409348e+00
1.403466471503733271e+00
1.440187356299830412e+00
1.476243342049449403e+00
1.510722582462802777e+00
1.542669984597306643e+00
1.571158781227380841e+00
1.595379630628475098e+00
1.614735595202711815e+00
1.628921047874070105e+00
1.637951754966276097e+00
1.642106696416401945e+00
1.641747002649619480e+00
1.637002484267087610e+00
1.627367730879758279e+00
1.611324321809223692e+00
1.586182705318111896e+00
1.548374880724392666e+00
1.494371912707389782e+00
1.422207652991792859e+00
1.333280144658773647e+00
1.233785495036763491e+00
1.134987157577452832e+00
1.051649904728514606e+00
9.982942108292902628e-01
9.831911907424630837e-01
1.000000000000000000e+00
