1.000000000000000000e+00
9.665193085059485822e-01
9.758825218983698813e-01
1.034737448114508407e+00
1.130190047802256625e+00
1.242033795500706583e+00
1.351009517309362806e+00
1.443500200287155977e+00
1.513091351159252307e+00
1.559734707887136418e+00
1.587557915537671338e+00
1.602382183276496619e+00
1.609718446294626126e+00
1.613588330934510484e+00
1.616153652626711956e+00
1.617931252814714060e+00
1.618313050893875005e+00
1.616151818621971437e+00
1.610255889985049427e+00
1.599720909102246846e+00
1.584092058956861004e+00
1.563388951473987598e+00
1.538040134787077795e+00
1.508772345331081954e+00
1.476489252658037543e+00
1.442161827806016205e+00
1.406741381746257513e+00
1.371098303917646311e+00
1.335984653727268157e+00
1.302016384914720160e+00
1.269670299305290628e+00
1.239291117234218254e+00
1.211104797512361220e+00
1.185235113655518147e+00
1.161721317561549283e+00
1.140535418350225649e+00
1.121598152326494402e+00
1.104793129368587534e+00
1.089978933081799717e+00
1.076999151024050194e+00
1.065690439489590302e+00
1.055888803400703901e+00
1.047434310634165033e+00
1.040174473008337985e+00
1.033966521771002567e+00
1.028678790126065445e+00
1.024191393768468794e+00
1.020396375888111162e+00
1.017197457975610009e+00
1.014509513567315446e+00
1.012257859777385249e+00
1.010377441623852901e+00
1.008811966994398457e+00
1.007513035626847353e+00
1.006439293565886794e+00
1.005555634977364887e+00
1.004832465685518539e+00
1.004245037060519152e+00
1.003772854643572909e+00
1.003399162892584462e+00
1.003110505427973198e+00
1.002896358950262856e+00
1.002748838413642485e+00
1.002662470925528737e+00
1.002634036080394253e+00
1.002662470925528737e+00
1.002748838413642485e+00
1.002896358950262856e+00
1.003110505427973198e+00
1.003399162892584462e+00
1.003772854643572909e+00
1.004245037060519152e+00
1.004832465685518539e+00
1.005555634977364887e+00
1.006439293565886794e+00
1.007513035626847353e+00
1.008811966994398457e+00
1.010377441623852901e+00
1.012257859777385249e+00
1.014509513567315446e+00
1.017197457975610009e+00
1.020396375888111384e+00
1.024191393768469016e+00
1.028678790126064779e+00
1.033966521771002567e+00
1.040174473008338429e+00
1.047434310634165477e+00
1.055888803400704123e+00
1.065690439489590524e+00
1.076999151024049528e+00
1.089978933081799495e+00
1.104793129368587090e+00
1.121598152326495290e+00
1.140535418350224539e+00
1.161721317561548394e+00
1.185235113655517480e+00
1.211104797512359443e+00
1.239291117234218254e+00
1.269670299305290406e+00
1.302016384914719271e+00
1.335984653727269045e+00
1.371098303917645644e+00
1.406741381746258179e+00
1.442161827806015095e+00
1.476489252658037099e+00
1.508772345331081510e+00
1.538040134787076463e+00
1.563388951473987376e+00
1.584092058956860782e+00
1.599720909102245070e+00
1.610255889985048317e+00
1.616151818621968550e+00
1.618313050893871896e+00
1.617931252814709620e+00
1.616153652626706627e+00
1.613588330934507376e+00
1.609718446294621463e+00
1.602382183276490402e+00
1.587557915537665121e+00
1.559734707887127980e+00
1.513091351159246978e+00
1.443500200287149982e+00
1.351009517309357255e+00
1.242033795500702364e+00
1.130190047802253961e+00
1.034737448114504632e+00
9.758825218983673278e-01
9.665193085059462508e-01
1.000000000000000000e+00
