1.000000000000000000e+00
1.045765493961074322e+00
1.098199445547937358e+00
1.159727990802129183e+00
1.229591366290430088e+00
1.304790314253875927e+00
1.380999286349766209e+00
1.453451660287922831e+00
1.517723671769703131e+00
1.570320890877515252e+00
1.609005656218911895e+00
1.632865211709737530e+00
1.642174166073335329e+00
1.638131925483770512e+00
1.622554715352318544e+00
1.597582727981125439e+00
1.565438027928379494e+00
1.528246850303993210e+00
1.487924698204843965e+00
1.446114374022001048e+00
1.404164138395686212e+00
1.363133555178191569e+00
1.323816564664932471e+00
1.286773801613083412e+00
1.252368512668121658e+00
1.220802358554568423e+00
1.192148849841771607e+00
1.166383206149909979e+00
1.143408130672834089e+00
1.123075441273166497e+00
1.105203770127126450e+00
1.089592693199069151e+00
1.076033720266700300e+00
1.064318594714670718e+00
1.054245339426536976e+00
1.045622453838654486e+00
1.038271626145327975e+00
1.032029279386982967e+00
1.026747224384296109e+00
1.022292648561182293e+00
1.018547629089372686e+00
1.015408322314736100e+00
1.012783949466223410e+00
1.010595671254989281e+00
1.008775420971173897e+00
1.007264746755732965e+00
1.006013698453374960e+00
1.004979782383994324e+00
1.004126998041649399e+00
1.003424963696304184e+00
1.002848132722348407e+00
1.002375098841410850e+00
1.001987986025242083e+00
1.001671917285593905e+00
1.001414555756956482e+00
1.001205711171160306e+00
1.001037004884533621e+00
1.000901586934371590e+00
1.000793899085334226e+00
1.000709478413279285e+00
1.000644796617443211e+00
1.000597130919622435e+00
1.000564463080245714e+00
1.000545403723162252e+00
1.000539139808358291e+00
1.000545403723162252e+00
1.000564463080245714e+00
1.000597130919622435e+00
1.000644796617443211e+00
1.000709478413279285e+00
1.000793899085334226e+00
1.000901586934371590e+00
1.001037004884533621e+00
1.001205711171160306e+00
1.001414555756956482e+00
1.001671917285593905e+00
1.001987986025242083e+00
1.002375098841410850e+00
1.002848132722348407e+00
1.003424963696304184e+00
1.004126998041649399e+00
1.004979782383994324e+00
1.006013698453374960e+00
1.007264746755732965e+00
1.008775420971173897e+00
1.010595671254989281e+00
1.012783949466223410e+00
1.015408322314735878e+00
1.018547629089372686e+00
1.022292648561182515e+00
1.026747224384296109e+00
1.032029279386982967e+00
1.038271626145327753e+00
1.045622453838654264e+00
1.054245339426536754e+00
1.064318594714670496e+00
1.076033720266699634e+00
1.089592693199069151e+00
1.105203770127126006e+00
1.123075441273166497e+00
1.143408130672834755e+00
1.166383206149909313e+00
1.192148849841772051e+00
1.220802358554568645e+00
1.252368512668122102e+00
1.286773801613082968e+00
1.323816564664932471e+00
1.363133555178192236e+00
1.404164138395686434e+00
1.446114374022000160e+00
1.487924698204844187e+00
1.528246850303992765e+00
1.565438027928379494e+00
1.597582727981124551e+00
1.622554715352316990e+00
1.638131925483771623e+00
1.642174166073336661e+00
1.632865211709735531e+00
1.609005656218910341e+00
1.570320890877514364e+00
1.517723671769702909e+00
1.453451660287921055e+00
1.380999286349765098e+00
1.304790314253876371e+00
1.229591366290431198e+00
1.159727990802128295e+00
1.098199445547936026e+00
1.045765493961072989e+00
1.000000000000000000e+00
