1.000000000000000000e+00
1.041708622172040632e+00
1.082877110345791039e+00
1.122680140968065565e+00
1.160034046488801485e+00
1.193711268637865475e+00
1.222506262066190841e+00
1.245409492333648505e+00
1.261748960158468602e+00
1.271271304555493975e+00
1.274152730269604961e+00
1.270947601762681956e+00
1.262494477163769169e+00
1.249803543755113822e+00
1.233946854697340445e+00
1.215966241821271776e+00
1.196806285735250608e+00
1.177273394238605775e+00
1.158017831763497707e+00
1.139533474309133654e+00
1.122169642397822464e+00
1.106149957682748708e+00
1.091594230938668808e+00
1.078540542596041263e+00
1.066965708372774602e+00
1.056803141750089825e+00
1.047957718728048881e+00
1.040317644875396130e+00
1.033763561563749489e+00
1.028175249843114480e+00
1.023436333431184453e+00
1.019437375690445791e+00
1.016077730513462285e+00
1.013266458453654373e+00
1.010922566840265935e+00
1.008974781846060598e+00
1.007361014732351068e+00
1.006027645205503029e+00
1.004928712287661341e+00
1.004025076977040021e+00
1.003283600548436683e+00
1.002676366781275474e+00
1.002179964845340887e+00
1.001774841227853097e+00
1.001444723249336199e+00
1.001176112797490969e+00
1.000957846422782849e+00
1.000780716498751222e+00
1.000637147451494124e+00
1.000520920874767405e+00
1.000426943496385057e+00
1.000351052320529677e+00
1.000289851748459524e+00
1.000240578012698167e+00
1.000200986804538283e+00
1.000169260503505297e+00
1.000143931913801687e+00
1.000123821867581198e+00
1.000107988464867592e+00
1.000095686084927271e+00
1.000086332626644925e+00
1.000079483719602980e+00
1.000074812898086085e+00
1.000072096952090650e+00
1.000071205867990143e+00
1.000072096952090650e+00
1.000074812898086085e+00
1.000079483719602980e+00
1.000086332626644925e+00
1.000095686084927271e+00
1.000107988464867592e+00
1.000123821867581198e+00
1.000143931913801687e+00
1.000169260503505297e+00
1.000200986804538283e+00
1.000240578012698167e+00
1.000289851748459524e+00
1.000351052320529677e+00
1.000426943496385057e+00
1.000520920874767405e+00
1.000637147451494124e+00
1.000780716498751222e+00
1.000957846422782849e+00
1.001176112797490969e+00
1.001444723249336199e+00
1.001774841227853097e+00
1.002179964845340887e+00
1.002676366781275474e+00
1.003283600548436683e+00
1.004025076977040021e+00
1.004928712287661341e+00
1.006027645205503029e+00
1.007361014732351068e+00
1.008974781846060598e+00
1.010922566840265713e+00
1.013266458453654373e+00
1.016077730513462285e+00
1.019437375690445791e+00
1.023436333431184453e+00
1.028175249843114258e+00
1.033763561563749489e+00
1.040317644875395908e+00
1.047957718728049104e+00
1.056803141750089603e+00
1.066965708372774602e+00
1.078540542596041041e+00
1.091594230938668586e+00
1.106149957682749152e+00
1.122169642397822020e+00
1.139533474309133432e+00
1.158017831763497707e+00
1.177273394238605997e+00
1.196806285735249942e+00
1.215966241821270888e+00
1.233946854697339557e+00
1.249803543755113600e+00
1.262494477163768281e+00
1.270947601762680845e+00
1.274152730269604517e+00
1.271271304555492865e+00
1.261748960158467492e+00
1.245409492333647394e+00
1.222506262066190175e+00
1.193711268637865697e+00
1.160034046488800374e+00
1.122680140968064899e+00
1.082877110345791261e+00
1.041708622172040410e+00
1.000000000000000000e+00
