1.000000000000000000e+00
7.700434093459522789e-01
7.926875155608723578e-01
9.667163618802994129e-01
1.161925662252091040e+00
1.315365736356177040e+00
1.419810461076467023e+00
1.489239179537861446e+00
1.537020485932129921e+00
1.570282388553670305e+00
1.592173085867819138e+00
1.604760493040264357e+00
1.610020254768232739e+00
1.609507865565029672e+00
1.603998180926093475e+00
1.593724871575037616e+00
1.579064561393599631e+00
1.561161876420471106e+00
1.542100470605519913e+00
1.524545691279407311e+00
1.511064342340529221e+00
1.503436989118970057e+00
1.502221411873440937e+00
1.506679360980929694e+00
1.515029788999259441e+00
1.524897484861823971e+00
1.533802768950487616e+00
1.539569884685177081e+00
1.540589091443153702e+00
1.535922854883121191e+00
1.525284133715795187e+00
1.508931108296269308e+00
1.487522372225509537e+00
1.461966982613616128e+00
1.433291311155301839e+00
1.402533437733522570e+00
1.370667637066696587e+00
1.338556504352629739e+00
1.306925841552878609e+00
1.276356758423446314e+00
1.247289794422941744e+00
1.220036698045996904e+00
1.194796465367431004e+00
1.171673150868245417e+00
1.150693736386095845e+00
1.131824955642759978e+00
1.114988431705685512e+00
1.100073815897170348e+00
1.086949845173717843e+00
1.075473385070906840e+00
1.065496617341057384e+00
1.056872581667880784e+00
1.049459301868064021e+00
1.043122728245253095e+00
1.037738716269817507e+00
1.033194242651704675e+00
1.029388036842288745e+00
1.026230781629656530e+00
1.023645012526918530e+00
1.021564823204384798e+00
1.019935463916016749e+00
1.018712901994752285e+00
1.017863398058474589e+00
1.017363138412719525e+00
1.017197952966164776e+00
1.017363138413689860e+00
1.017863398060467661e+00
1.018712901997876008e+00
1.019935463920441432e+00
1.021564823210350470e+00
1.023645012534745380e+00
1.026230781639767775e+00
1.029388036855228838e+00
1.033194242668176832e+00
1.037738716290699026e+00
1.043122728271669519e+00
1.049459301901436881e+00
1.056872581709998205e+00
1.065496617394176226e+00
1.075473385137863946e+00
1.086949845258095682e+00
1.100073816003477312e+00
1.114988431839605276e+00
1.131824955811446820e+00
1.150693736598582761e+00
1.171673151135925295e+00
1.194796465704703436e+00
1.220036698471077541e+00
1.247289794958909237e+00
1.276356759099584792e+00
1.306925842406392313e+00
1.338556505430911425e+00
1.370667638430194346e+00
1.402533439459482834e+00
1.433291313342595963e+00
1.461966985388967188e+00
1.487522375751460180e+00
1.508931112781349393e+00
1.525284139427320218e+00
1.535922862163107361e+00
1.540589100727719485e+00
1.539569896527499315e+00
1.533802784047106238e+00
1.524897504081212718e+00
1.515029813410824655e+00
1.506679391881419861e+00
1.502221450806761505e+00
1.503437037884632232e+00
1.511064402985618171e+00
1.524545766068834185e+00
1.542100561964791616e+00
1.561161986843326188e+00
1.579064693303379840e+00
1.593725027125059146e+00
1.603998361724922495e+00
1.609508072323548422e+00
1.610020486890809233e+00
1.604760748218717392e+00
1.592173359770404639e+00
1.570282674713318283e+00
1.537020775917077087e+00
1.489239463435824140e+00
1.419810728251719834e+00
1.315365976357838251e+00
1.161925865684090953e+00
9.667165210374416562e-01
7.926876247312270030e-01
7.700434648308340790e-01
1.000000000000000000e+00
