1.000000000000000000e+00
8.809253773542728982e-01
8.697534235155345295e-01
9.614951294318839770e-01
1.109456301175950177e+00
1.266033625182137357e+00
1.399924171141847307e+00
1.498222311511414162e+00
1.561141488391561083e+00
1.595244549164205772e+00
1.608478164195466853e+00
1.607820706195433269e+00
1.598818552977819163e+00
1.585892784584845172e+00
1.572631764874856009e+00
1.561800970102401598e+00
1.555161393352181065e+00
1.553307529247042185e+00
1.555682422207432136e+00
1.560808096705002646e+00
1.566667958371246838e+00
1.571131362506650975e+00
1.572318472990032356e+00
1.568843521486708026e+00
1.559921008499554285e+00
1.545354663097010528e+00
1.525446677506984594e+00
1.500866947805529872e+00
1.472514710686259054e+00
1.441394031303451673e+00
1.408514181153048161e+00
1.374818034066060068e+00
1.341136611317386818e+00
1.308165378489974939e+00
1.276457102682663436e+00
1.246426320381290864e+00
1.218361213370004581e+00
1.192439597115847016e+00
1.168746598661949410e+00
1.147292348883352631e+00
1.128028609776907887e+00
1.110863707487836249e+00
1.095675466813252008e+00
1.082322067663953780e+00
1.070650891724516329e+00
1.060505518153017634e+00
1.051731076511299712e+00
1.044178185532055547e+00
1.037705707135172739e+00
1.032182533245846745e+00
1.027488603534996159e+00
1.023515328872263819e+00
1.020165570643071229e+00
1.017353301895792539e+00
1.015003053691428070e+00
1.013049229695323961e+00
1.011435354305537215e+00
1.010113304536691015e+00
1.009042563386562286e+00
1.008189522311730313e+00
1.007526852473733747e+00
1.007032958303409664e+00
1.006691522377589187e+00
1.006491147324847457e+00
1.006425098208655111e+00
1.006491147326384006e+00
1.006691522380741555e+00
1.007032958308342607e+00
1.007526852480696844e+00
1.008189522321082165e+00
1.009042563398780956e+00
1.010113304552398450e+00
1.011435354325527447e+00
1.013049229720609512e+00
1.015003053723279258e+00
1.017353301935806309e+00
1.020165570693253088e+00
1.023515328935115987e+00
1.027488603613651241e+00
1.032182533344218722e+00
1.037705707258160137e+00
1.044178185685787463e+00
1.051731076703449563e+00
1.060505518393208835e+00
1.070650892024832546e+00
1.082322068039590413e+00
1.095675467283358628e+00
1.110863708076590406e+00
1.128028610514913099e+00
1.147292349809431400e+00
1.168746599825480459e+00
1.192439598579798643e+00
1.218361215214875726e+00
1.246426322710229240e+00
1.276457105628113098e+00
1.308165382222282513e+00
1.341136616055852437e+00
1.374818040093098936e+00
1.408514188832050928e+00
1.441394041101100809e+00
1.472514723199821240e+00
1.500866963795437936e+00
1.525446697934484508e+00
1.545354689165699957e+00
1.559921041698392186e+00
1.568843563630311300e+00
1.572318526250128690e+00
1.571131429426624759e+00
1.566668041854141658e+00
1.560808199964588194e+00
1.555682548671684318e+00
1.553307682403635814e+00
1.555161576525550648e+00
1.561801186152587562e+00
1.572632015812262640e+00
1.585893071107276286e+00
1.598818873961082687e+00
1.607821058205436637e+00
1.608478541126605377e+00
1.595244942126060383e+00
1.561141885945146024e+00
1.498222700293817766e+00
1.399924536829566746e+00
1.266033953650598232e+00
1.109456579639663376e+00
9.614953473307741305e-01
8.697535729904757318e-01
8.809254533222510286e-01
1.000000000000000000e+00
