1.000000000000000000e+00
1.050427911459290042e+00
1.106687383117380463e+00
1.170806957124907788e+00
1.241918390162567221e+00
1.317097423914385779e+00
1.392201917322212656e+00
1.462702586741497779e+00
1.524428461509775179e+00
1.574128283761460079e+00
1.609783220204490384e+00
1.630667077387900177e+00
1.637204716526403647e+00
1.630707780925489514e+00
1.613067000598893408e+00
1.586461703239470999e+00
1.553122066247063282e+00
1.515157245488026883e+00
1.474447017444293628e+00
1.432586280419530622e+00
1.390868994528693392e+00
1.350298758775628771e+00
1.311615445368399024e+00
1.275329959475453911e+00
1.241761631753829809e+00
1.211074723017048216e+00
1.183311985136108913e+00
1.158424242424109130e+00
1.136295629612165348e+00
1.116764540413957896e+00
1.099640582690400548e+00
1.084717961262303909e+00
1.071785759318763853e+00
1.060635592673619731e+00
1.051067086771388270e+00
1.042891586689228989e+00
1.035934463394000193e+00
1.030036330299251013e+00
1.025053435960316728e+00
1.020857453540682469e+00
1.017334846637097723e+00
1.014385954743008966e+00
1.011923910234619362e+00
1.009873472175244480e+00
1.008169840158140040e+00
1.006757493433380946e+00
1.005589086217898442e+00
1.004624418873420133e+00
1.003829496069890803e+00
1.003175676676244521e+00
1.002638915523629715e+00
1.002199094005672642e+00
1.001839434405265905e+00
1.001545991606587194e+00
1.001307215250965887e+00
1.001113575253318011e+00
1.000957243776759986e+00
1.000831827161618337e+00
1.000732141842611833e+00
1.000654028906316384e+00
1.000594202598956262e+00
1.000550128764272850e+00
1.000519929855207657e+00
1.000502313811292732e+00
1.000496524722634284e+00
1.000502313811292732e+00
1.000519929855207657e+00
1.000550128764272850e+00
1.000594202598956262e+00
1.000654028906316384e+00
1.000732141842611833e+00
1.000831827161618337e+00
1.000957243776759986e+00
1.001113575253318011e+00
1.001307215250965887e+00
1.001545991606587194e+00
1.001839434405265905e+00
1.002199094005672642e+00
1.002638915523629715e+00
1.003175676676244521e+00
1.003829496069890803e+00
1.004624418873420133e+00
1.005589086217898442e+00
1.006757493433380946e+00
1.008169840158140040e+00
1.009873472175244480e+00
1.011923910234619362e+00
1.014385954743008744e+00
1.017334846637097723e+00
1.020857453540682691e+00
1.025053435960316728e+00
1.030036330299251013e+00
1.035934463393999971e+00
1.042891586689228767e+00
1.051067086771388048e+00
1.060635592673619509e+00
1.071785759318763187e+00
1.084717961262303909e+00
1.099640582690400104e+00
1.116764540413957896e+00
1.136295629612166014e+00
1.158424242424108463e+00
1.183311985136109357e+00
1.211074723017048438e+00
1.241761631753830031e+00
1.275329959475453467e+00
1.311615445368399024e+00
1.350298758775629437e+00
1.390868994528693614e+00
1.432586280419529956e+00
1.474447017444293850e+00
1.515157245488026883e+00
1.553122066247062838e+00
1.586461703239470111e+00
1.613067000598891410e+00
1.630707780925490624e+00
1.637204716526404980e+00
1.630667077387897956e+00
1.609783220204488607e+00
1.574128283761458746e+00
1.524428461509774291e+00
1.462702586741495558e+00
1.392201917322211546e+00
1.317097423914385557e+00
1.241918390162567665e+00
1.170806957124906678e+00
1.106687383117379131e+00
1.050427911459288932e+00
1.000000000000000000e+00
