1.000000000000000000e+00
9.424694901708160488e-01
9.434166865964802584e-01
1.009147119435024553e+00
1.119922644682335378e+00
1.248068376854175154e+00
1.369090782682280683e+00
1.467067154961380959e+00
1.535649290012131463e+00
1.576239172680871325e+00
1.594934487701656911e+00
1.599516847811986109e+00
1.597203496318546856e+00
1.593367675880283274e+00
1.591109465093605513e+00
1.591428201003893372e+00
1.593736749433298350e+00
1.596499905428307331e+00
1.597838382181708150e+00
1.596001718035336969e+00
1.589670242738441264e+00
1.578091211251880788e+00
1.561082701898472092e+00
1.538950478095104213e+00
1.512361349040851399e+00
1.482207188756602401e+00
1.449481893840423474e+00
1.415182728005972335e+00
1.380239398829809172e+00
1.345469115820530748e+00
1.311553294208462006e+00
1.279030742841653634e+00
1.248302399794432693e+00
1.219643419294451414e+00
1.193219318662869455e+00
1.169103766798320843e+00
1.147296344353927688e+00
1.127739202192677537e+00
1.110331994951681223e+00
1.094944791417358454e+00
1.081428887715615073e+00
1.069625596477553842e+00
1.059373175060740468e+00
1.050512104549065961e+00
1.042888950972842288e+00
1.036359040329393411e+00
1.030788166499571723e+00
1.026053531148137576e+00
1.022044090844732800e+00
1.018660461537560513e+00
1.015814505915205945e+00
1.013428706237190724e+00
1.011435404565503182e+00
1.009775974306967861e+00
1.008399971655883798e+00
1.007264302816184287e+00
1.006332432586508174e+00
1.005573651753853159e+00
1.004962414481203936e+00
1.004477752208607466e+00
1.004102767247180950e+00
1.003824206985695744e+00
1.003632118232071324e+00
1.003519580487294727e+00
1.003482516735108465e+00
1.003519580487294727e+00
1.003632118232071102e+00
1.003824206985695744e+00
1.004102767247180727e+00
1.004477752208607244e+00
1.004962414481203936e+00
1.005573651753853381e+00
1.006332432586507952e+00
1.007264302816184509e+00
1.008399971655883798e+00
1.009775974306967194e+00
1.011435404565502738e+00
1.013428706237190502e+00
1.015814505915205723e+00
1.018660461537559625e+00
1.022044090844732134e+00
1.026053531148136244e+00
1.030788166499570835e+00
1.036359040329391634e+00
1.042888950972840068e+00
1.050512104549063741e+00
1.059373175060737804e+00
1.069625596477550511e+00
1.081428887715610410e+00
1.094944791417352237e+00
1.110331994951674561e+00
1.127739202192669765e+00
1.147296344353918807e+00
1.169103766798307742e+00
1.193219318662853246e+00
1.219643419294431652e+00
1.248302399794406270e+00
1.279030742841624768e+00
1.311553294208424703e+00
1.345469115820484340e+00
1.380239398829752995e+00
1.415182728005899948e+00
1.449481893840334434e+00
1.482207188756489602e+00
1.512361349040711289e+00
1.538950478094929242e+00
1.561082701898254488e+00
1.578091211251611892e+00
1.589670242738108863e+00
1.596001718034926853e+00
1.597838382181207884e+00
1.596499905427701149e+00
1.593736749432573374e+00
1.591428201003035836e+00
1.591109465092606978e+00
1.593367675879141965e+00
1.597203496317264104e+00
1.599516847810573239e+00
1.594934487700139680e+00
1.576239172679283262e+00
1.535649290010524970e+00
1.467067154959806441e+00
1.369090782680798091e+00
1.248068376852844441e+00
1.119922644681209389e+00
1.009147119434143036e+00
9.434166865958762971e-01
9.424694901705084060e-01
1.000000000000000000e+00
