1.000000000000000000e+00
1.025553062539276805e+00
1.050751630991355823e+00
1.075088515606980932e+00
1.097917051411614331e+00
1.118513965939503363e+00
1.136171138776079115e+00
1.150292353986974714e+00
1.160473085620013611e+00
1.166548071792259389e+00
1.168600824466286436e+00
1.166938373883098512e+00
1.162041037021003920e+00
1.154499728942399051e+00
1.144952607054084526e+00
1.134029856500706313e+00
1.122311618103803754e+00
1.110300562329717966e+00
1.098408048470238541e+00
1.086951331731364601e+00
1.076158739977311152e+00
1.066179853366115760e+00
1.057098196565618098e+00
1.048944567862072796e+00
1.041709733809438765e+00
1.035355732856106714e+00
1.029825427361098278e+00
1.025050221978049736e+00
1.020956044487687953e+00
1.017467785188064688e+00
1.014512434903658056e+00
1.012021168346799449e+00
1.009930603634698443e+00
1.008183440909792505e+00
1.006728650503374789e+00
1.005521348532370185e+00
1.004522467882022596e+00
1.003698306504916316e+00
1.003020013277688083e+00
1.002463054183406310e+00
1.002006687920470318e+00
1.001633469638357754e+00
1.001328793798917483e+00
1.001080481622596219e+00
1.000878414726397603e+00
1.000714213991720225e+00
1.000580961085842269e+00
1.000472959138129836e+00
1.000385528637179888e+00
1.000314834512864515e+00
1.000257740482364044e+00
1.000211686987522164e+00
1.000174589372796907e+00
1.000144753307093515e+00
1.000120804811545749e+00
1.000101632601124946e+00
1.000086340770664384e+00
1.000074210149991760e+00
1.000064666916730571e+00
1.000057257289208135e+00
1.000051627327830595e+00
1.000047507053913431e+00
1.000044698253549802e+00
1.000043065474108372e+00
1.000042529845810435e+00
1.000043065474108372e+00
1.000044698253549802e+00
1.000047507053913431e+00
1.000051627327830595e+00
1.000057257289208135e+00
1.000064666916730571e+00
1.000074210149991760e+00
1.000086340770664384e+00
1.000101632601124946e+00
1.000120804811545749e+00
1.000144753307093515e+00
1.000174589372796907e+00
1.000211686987522164e+00
1.000257740482364044e+00
1.000314834512864515e+00
1.000385528637179888e+00
1.000472959138129836e+00
1.000580961085842269e+00
1.000714213991720225e+00
1.000878414726397603e+00
1.001080481622596219e+00
1.001328793798917483e+00
1.001633469638357754e+00
1.002006687920470318e+00
1.002463054183406310e+00
1.003020013277688083e+00
1.003698306504916316e+00
1.004522467882022596e+00
1.005521348532370185e+00
1.006728650503374567e+00
1.008183440909792505e+00
1.009930603634698443e+00
1.012021168346799449e+00
1.014512434903658056e+00
1.017467785188064466e+00
1.020956044487687953e+00
1.025050221978049514e+00
1.029825427361098500e+00
1.035355732856106270e+00
1.041709733809438765e+00
1.048944567862072352e+00
1.057098196565617654e+00
1.066179853366115982e+00
1.076158739977310708e+00
1.086951331731364156e+00
1.098408048470238318e+00
1.110300562329717744e+00
1.122311618103803310e+00
1.134029856500705424e+00
1.144952607054083416e+00
1.154499728942399051e+00
1.162041037021002809e+00
1.166938373883097624e+00
1.168600824466285992e+00
1.166548071792258279e+00
1.160473085620012501e+00
1.150292353986973160e+00
1.136171138776078449e+00
1.118513965939503141e+00
1.097917051411613443e+00
1.075088515606980266e+00
1.050751630991356045e+00
1.025553062539276583e+00
1.000000000000000000e+00
