1.000000000000000000e+00
8.427477052726701778e-01
8.360454198545559379e-01
9.543979198258435437e-01
1.124273956468728741e+00
1.286102086227225660e+00
1.411280325253011503e+00
1.496163181648948459e+00
1.549336036242392911e+00
1.581320999885649892e+00
1.599589426038277251e+00
1.607913807841571119e+00
1.607845946692505246e+00
1.600486858581031901e+00
1.587593733929117290e+00
1.571809606830500972e+00
1.556230324168988766e+00
1.543683472509412846e+00
1.536071313885770895e+00
1.534004695437574783e+00
1.536798045626420084e+00
1.542763679745406513e+00
1.549669947862226005e+00
1.555217490952385040e+00
1.557423824092182496e+00
1.554861767830012065e+00
1.546748221682455737e+00
1.532913205484644825e+00
1.513692671249724730e+00
1.489786994255995367e+00
1.462117247685650767e+00
1.431699319914121915e+00
1.399545335378472810e+00
1.366594213178269790e+00
1.333668621239324503e+00
1.301453436796246033e+00
1.270490307903892280e+00
1.241183325448851349e+00
1.213811653614558450e+00
1.188545911158409574e+00
1.165465974461968424e+00
1.144578611545780777e+00
1.125833936518697564e+00
1.109140107707606848e+00
1.094376003227770067e+00
1.081401820563079985e+00
1.070067685198546892e+00
1.060220437011406558e+00
1.051708807482473418e+00
1.044387217752655639e+00
1.038118426094421620e+00
1.032775240146161400e+00
1.028241489128780106e+00
1.024412427715776897e+00
1.021194718703945625e+00
1.018506117780251241e+00
1.016274961551823397e+00
1.014439540202838330e+00
1.012947418940710609e+00
1.011754757836837992e+00
1.010825667638497016e+00
1.010131629408704157e+00
1.009650998160422697e+00
1.009368604678327452e+00
1.009275465144177764e+00
1.009368604677598702e+00
1.009650998158928781e+00
1.010131629406372911e+00
1.010825667635208314e+00
1.011754757832432183e+00
1.012947418934968091e+00
1.014439540195478440e+00
1.016274961542485977e+00
1.018506117768486874e+00
1.021194718689180547e+00
1.024412427697304340e+00
1.028241489105722550e+00
1.032775240117420168e+00
1.038118426058635135e+00
1.044387217708128368e+00
1.051708807427103487e+00
1.060220436942574285e+00
1.070067685112992883e+00
1.081401820456739715e+00
1.094376003095562044e+00
1.109140107543171938e+00
1.125833936314061257e+00
1.144578611290918202e+00
1.165465974144247463e+00
1.188545910761870106e+00
1.213811653118976208e+00
1.241183324828550649e+00
1.270490307126185714e+00
1.301453435819439841e+00
1.333668620010142858e+00
1.366594211628582745e+00
1.399545333421117865e+00
1.431699317437688190e+00
1.462117244547995742e+00
1.489786990276388945e+00
1.513692666199531134e+00
1.532913199076570532e+00
1.546748213558658769e+00
1.554861757549524715e+00
1.557423811118465506e+00
1.555217474642039521e+00
1.549669927456096108e+00
1.542763654363491055e+00
1.536798014268200063e+00
1.534004656990004323e+00
1.536071267142389063e+00
1.543683416206104386e+00
1.556230257044179055e+00
1.571809527719106425e+00
1.587593641898389141e+00
1.600486753111098892e+00
1.607845827893757962e+00
1.607913676685901461e+00
1.599589284563982972e+00
1.581320851321230680e+00
1.549335884989015755e+00
1.496163033071256532e+00
1.411280185260251674e+00
1.286101960685288370e+00
1.124273850563465071e+00
9.543978375638381140e-01
8.360453638733975623e-01
8.427476769982050753e-01
1.000000000000000000e+00
