1.000000000000000000e+00
7.800017379043726606e-01
7.967495691593201590e-01
9.633802731922173068e-01
1.157290569575531336e+00
1.313563932552521019e+00
1.420650798306723805e+00
1.490571123516074348e+00
1.537344900632672040e+00
1.569600628337922243e+00
1.591391451139636981e+00
1.604710521993958805e+00
1.610844102471846950e+00
1.610621642613127680e+00
1.604482537202397863e+00
1.592849706211244110e+00
1.576676609923753469e+00
1.557785170909051775e+00
1.538750375457907493e+00
1.522371561953585362e+00
1.510977195945293561e+00
1.505850184405915781e+00
1.506964871888454738e+00
1.513077711131767478e+00
1.522087642882181235e+00
1.531519912472834921e+00
1.538990300484686102e+00
1.542552479983337221e+00
1.540889596800338657e+00
1.533359455256494197e+00
1.519930675916567830e+00
1.501055439706546535e+00
1.477519213212886040e+00
1.450296395245529002e+00
1.420428613781673066e+00
1.388932435904725038e+00
1.356736501905535297e+00
1.324644314088892383e+00
1.293317351542733862e+00
1.263273036928406423e+00
1.234892694156050963e+00
1.208435555411499163e+00
1.184055832571712319e+00
1.161820724070956379e+00
1.141727930572991712e+00
1.123721795591344330e+00
1.107707587507912539e+00
1.093563722466185828e+00
1.081151919007920625e+00
1.070325397727149186e+00
1.060935311195103647e+00
1.052835625525043728e+00
1.045886686307317959e+00
1.039957696570158241e+00
1.034928319046434231e+00
1.030689593806419557e+00
1.027144338424345937e+00
1.024207173477574395e+00
1.021804292784732837e+00
1.019873076265032319e+00
1.018361624119272779e+00
1.017228274358968232e+00
1.016441151488808758e+00
1.015977782169233512e+00
1.015824803637895402e+00
1.015977782170320198e+00
1.016441151491041195e+00
1.017228274362464546e+00
1.018361624124219711e+00
1.019873076271695878e+00
1.021804292793464519e+00
1.024207173488840494e+00
1.027144338438741755e+00
1.030689593824713812e+00
1.034928319069585045e+00
1.039957696599390635e+00
1.045886686344176253e+00
1.052835625571463041e+00
1.060935311253525359e+00
1.070325397800631739e+00
1.081151919100318270e+00
1.093563722582336695e+00
1.107707587653903536e+00
1.123721795774817567e+00
1.141727930803578595e+00
1.161820724360775658e+00
1.184055832936048658e+00
1.208435555869648237e+00
1.234892694732408591e+00
1.263273037653868336e+00
1.293317352456480274e+00
1.324644315240734782e+00
1.356736503358900281e+00
1.388932437740531212e+00
1.420428616103332820e+00
1.450296398185404456e+00
1.477519216940547553e+00
1.501055444439328923e+00
1.519930681932871730e+00
1.533359462912374571e+00
1.540889606549787016e+00
1.542552492402397002e+00
1.538990316299212679e+00
1.531519932588842448e+00
1.522087668416834072e+00
1.513077743441769707e+00
1.506964912591407080e+00
1.505850235389225134e+00
1.510977259356843128e+00
1.522371640168341367e+00
1.538750471014540100e+00
1.557785286409360204e+00
1.576676747884766749e+00
1.592849868856313966e+00
1.604482726177604457e+00
1.610621858625175040e+00
1.610844344868320510e+00
1.604710788344227979e+00
1.591391736911181631e+00
1.569600926778314198e+00
1.537345202947229650e+00
1.490571419375642304e+00
1.420651076641402444e+00
1.313564182499892707e+00
1.157290781382726230e+00
9.633804388697470023e-01
7.967496827877514898e-01
7.800017956509847084e-01
1.000000000000000000e+00
