1.000000000000000000e+00
8.497375109798066539e-01
8.415698019606568936e-01
9.546189479797246857e-01
1.120659155971077237e+00
1.282051444108930793e+00
1.409282949186727807e+00
1.496822496822770576e+00
1.551792379576747871e+00
1.584139986949803625e+00
1.601489311996916243e+00
1.608147696532747917e+00
1.606302396876940763e+00
1.597615401990949868e+00
1.584225236716388929e+00
1.568917300216758237e+00
1.554680828415995864e+00
1.544033830743648750e+00
1.538457570241739791e+00
1.538139467395090110e+00
1.542061910657007928e+00
1.548352100809958554e+00
1.554750856780085400e+00
1.559062933147578267e+00
1.559495337710437912e+00
1.554845805734780484e+00
1.544549853790118332e+00
1.528621964536350797e+00
1.507534741845834247e+00
1.482075125029731710e+00
1.453205835120260581e+00
1.421948446580118874e+00
1.389294791767968995e+00
1.356146806004363548e+00
1.323281204485412088e+00
1.291333835261403662e+00
1.260798393213989232e+00
1.232034767929723218e+00
1.205283190961468742e+00
1.180681279581830001e+00
1.158281908959749806e+00
1.138070529908211892e+00
1.119981078888665271e+00
1.103910017274815747e+00
1.089728312541593747e+00
1.077291360112183405e+00
1.066446963210828880e+00
1.057041557388016528e+00
1.048924900655825887e+00
1.041953460269898324e+00
1.035992721267782857e+00
1.030918625934246879e+00
1.026618331783734961e+00
1.022990451544131041e+00
1.019944914155511029e+00
1.017402562398229460e+00
1.015294581327610191e+00
1.013561832703541388e+00
1.012154154255472838e+00
1.011029668902643452e+00
1.010154137804278651e+00
1.009500382105845029e+00
1.009047791188026899e+00
1.008781929804305477e+00
1.008694252397413171e+00
1.008781929803413524e+00
1.009047791186198584e+00
1.009500382102991312e+00
1.010154137800252094e+00
1.011029668897248213e+00
1.012154154248439797e+00
1.013561832694524378e+00
1.015294581316167122e+00
1.017402562383806552e+00
1.019944914137405068e+00
1.022990451521470945e+00
1.026618331755440261e+00
1.030918625898966212e+00
1.035992721223841340e+00
1.041953460215214511e+00
1.048924900587819620e+00
1.057041557303477708e+00
1.066446963105772916e+00
1.077291359981650931e+00
1.089728312379406150e+00
1.103910017073268302e+00
1.119981078638134342e+00
1.138070529596656666e+00
1.158281908572075691e+00
1.180681279099071279e+00
1.205283190359741186e+00
1.232034767178895818e+00
1.260798392275954027e+00
1.291333834087878385e+00
1.323281203015109098e+00
1.356146804159402253e+00
1.389294789449299961e+00
1.421948443661801731e+00
1.453205831442313078e+00
1.482075120389403367e+00
1.507534735987130281e+00
1.528621957137739518e+00
1.544549844450636700e+00
1.554845793958915090e+00
1.559495322892620717e+00
1.559062914557505009e+00
1.554750833550524902e+00
1.548352071929227636e+00
1.542061874968749580e+00
1.538139423608760437e+00
1.538457516958178450e+00
1.544033766501591964e+00
1.554680751766829072e+00
1.568917209835732907e+00
1.584225131557347899e+00
1.597615281487050121e+00
1.606302261180153401e+00
1.608147546769747027e+00
1.601489150499425307e+00
1.584139817398124928e+00
1.551792206984682343e+00
1.496822327301096767e+00
1.409282789462497520e+00
1.282051300852625975e+00
1.120659035078459986e+00
9.546188540206740347e-01
8.415697379746868156e-01
8.497374786436878713e-01
1.000000000000000000e+00
