1.000000000000000000e+00
9.654471671285548284e-01
9.744293171045237401e-01
1.033602222218653166e+00
1.129778820315147536e+00
1.242407831310780253e+00
1.351968407183727461e+00
1.444712372176503612e+00
1.514214448859979578e+00
1.560497844112537003e+00
1.587801460351855098e+00
1.602063933183652145e+00
1.608898279656879815e+00
1.612401318005651341e+00
1.614778556851625746e+00
1.616559420939732261e+00
1.617121618496871305e+00
1.615284082152987910e+00
1.609810214139151263e+00
1.599747885449756435e+00
1.584598292431096400e+00
1.564345154853851616e+00
1.539391183488216575e+00
1.510447385831609202e+00
1.478410599182833352e+00
1.444252005812299400e+00
1.408928162313395127e+00
1.373317886139846733e+00
1.338183312412396742e+00
1.304150950206510062e+00
1.271707816240960076e+00
1.241207980829813318e+00
1.212885595637343883e+00
1.186871348930353287e+00
1.163210127064168820e+00
1.141878368009356270e+00
1.122800151136133850e+00
1.105861485561670632e+00
1.090922558443365720e+00
1.077827908981193517e+00
1.066414626102059060e+00
1.056518746779272711e+00
1.047980072771208526e+00
1.040645637862677608e+00
1.034372054219533377e+00
1.029026951719110183e+00
1.024489702844329608e+00
1.020651601330542002e+00
1.017415637609303314e+00
1.014695989798255704e+00
1.012417326547401908e+00
1.010513998036676409e+00
1.008929174076366175e+00
1.007613973613623370e+00
1.006526617869553109e+00
1.005631629602981914e+00
1.004899093351889983e+00
1.004303985655977005e+00
1.003825579932895229e+00
1.003446927602913430e+00
1.003154414995119259e+00
1.002937394315248421e+00
1.002787886333790679e+00
1.002700352313836474e+00
1.002671532918416375e+00
1.002700352313836474e+00
1.002787886333790679e+00
1.002937394315248421e+00
1.003154414995119259e+00
1.003446927602913430e+00
1.003825579932895229e+00
1.004303985655977005e+00
1.004899093351889983e+00
1.005631629602981914e+00
1.006526617869553109e+00
1.007613973613623370e+00
1.008929174076366175e+00
1.010513998036676631e+00
1.012417326547401908e+00
1.014695989798255704e+00
1.017415637609303314e+00
1.020651601330542224e+00
1.024489702844329830e+00
1.029026951719109517e+00
1.034372054219533377e+00
1.040645637862678052e+00
1.047980072771208970e+00
1.056518746779272933e+00
1.066414626102059282e+00
1.077827908981192850e+00
1.090922558443365498e+00
1.105861485561670410e+00
1.122800151136134739e+00
1.141878368009355160e+00
1.163210127064167931e+00
1.186871348930352843e+00
1.212885595637342329e+00
1.241207980829813762e+00
1.271707816240960076e+00
1.304150950206509618e+00
1.338183312412398074e+00
1.373317886139846733e+00
1.408928162313396459e+00
1.444252005812299178e+00
1.478410599182834018e+00
1.510447385831610090e+00
1.539391183488217019e+00
1.564345154853853614e+00
1.584598292431099065e+00
1.599747885449758433e+00
1.609810214139154816e+00
1.615284082152990575e+00
1.617121618496874857e+00
1.616559420939735814e+00
1.614778556851629743e+00
1.612401318005659112e+00
1.608898279656887365e+00
1.602063933183659472e+00
1.587801460351863314e+00
1.560497844112543442e+00
1.514214448859989348e+00
1.444712372176512494e+00
1.351968407183735676e+00
1.242407831310788469e+00
1.129778820315155086e+00
1.033602222218657607e+00
9.744293171045267377e-01
9.654471671285552725e-01
1.000000000000000000e+00
