1.000000000000000000e+00
7.448481517934323337e-01
7.847683864196498549e-01
9.756809002508474160e-01
1.170166275780561760e+00
1.314351631236591045e+00
1.412769747850914692e+00
1.482693748796962030e+00
1.534345790555100342e+00
1.570744034662016064e+00
1.593020202496946869e+00
1.603549897638527622e+00
1.605940878066653976e+00
1.603602654455986043e+00
1.598544000149864308e+00
1.591138894812820892e+00
1.580797409121204034e+00
1.567023303507699250e+00
1.550261768705715415e+00
1.532160092675783680e+00
1.515206917622649918e+00
1.501992966963571208e+00
1.494440842286049120e+00
1.493288256849906626e+00
1.497953912946577759e+00
1.506756397474105169e+00
1.517353621319976309e+00
1.527241586334649792e+00
1.534181399219282760e+00
1.536481874314680418e+00
1.533123036360280578e+00
1.523746221595975614e+00
1.508554973541274880e+00
1.488171840829503489e+00
1.463486988759486351e+00
1.435521987606218852e+00
1.405320599967449624e+00
1.373869811065528523e+00
1.342049013155120596e+00
1.310602597531702829e+00
1.280130397394077191e+00
1.251090703914503388e+00
1.223811381757116790e+00
1.198505575956984703e+00
1.175289427032345291e+00
1.154200002324542229e+00
1.135212281475398877e+00
1.118254509909079708e+00
1.103221578417628024e+00
1.089986325601640438e+00
1.078408817584711521e+00
1.068343756977610415e+00
1.059646227240649052e+00
1.052176002313483405e+00
1.045800654423876042e+00
1.040397682611392316e+00
1.035855866020210181e+00
1.032076023244682617e+00
1.028971334627550194e+00
1.026467360218993541e+00
1.024501863249278610e+00
1.023024528092588703e+00
1.021996643076239053e+00
1.021390802114257701e+00
1.021190664817436256e+00
1.021390802114052310e+00
1.021996643075818501e+00
1.023024528091939667e+00
1.024501863248379996e+00
1.026467360217813152e+00
1.028971334626048728e+00
1.032076023242816332e+00
1.035855866017918903e+00
1.040397682608617869e+00
1.045800654420539155e+00
1.052176002309508585e+00
1.059646227235953253e+00
1.068343756972095937e+00
1.078408817578277556e+00
1.089986325594173300e+00
1.103221578409010473e+00
1.118254509899175186e+00
1.135212281464055284e+00
1.154200002311560169e+00
1.175289427017474519e+00
1.198505575939863732e+00
1.223811381737225812e+00
1.251090703891076794e+00
1.280130397365954575e+00
1.310602597497144250e+00
1.342049013111509481e+00
1.373869811009008846e+00
1.405320599892393885e+00
1.435521987504537744e+00
1.463486988619746798e+00
1.488171840635852394e+00
1.508554973272155930e+00
1.523746221222717523e+00
1.533123035845654680e+00
1.536481873611587723e+00
1.534181398269824248e+00
1.527241585069692986e+00
1.517353619659350006e+00
1.506756395327116804e+00
1.497953910212241668e+00
1.493288253415746336e+00
1.494440838024318152e+00
1.501992961724262887e+00
1.515206911224259434e+00
1.532160084897144614e+00
1.550261759284401686e+00
1.567023292150850011e+00
1.580797395531712057e+00
1.591138878727876182e+00
1.598543981383003132e+00
1.603602632932846772e+00
1.605940853851206107e+00
1.603549870956168855e+00
1.593020173763294967e+00
1.570744004514045278e+00
1.534345759863052328e+00
1.482693718631150182e+00
1.412769719398544899e+00
1.314351605689284552e+00
1.170166254214853208e+00
9.756808835149304304e-01
7.847683750600261687e-01
7.448481460728304526e-01
1.000000000000000000e+00
