1.000000000000000000e+00
7.464955728174734739e-01
7.858171363754209438e-01
9.762791568962533306e-01
1.171225140487775374e+00
1.316169148037429348e+00
1.415036241257662919e+00
1.484999117500898080e+00
1.536479020212020652e+00
1.572694497872878738e+00
1.594864182384459150e+00
1.605358281226079598e+00
1.607734087308636095e+00
1.605336882566469336e+00
1.600121230714126375e+00
1.592440930169140678e+00
1.581734982075776452e+00
1.567579362911921903e+00
1.550508277083841646e+00
1.532240780670122149e+00
1.515294583603589373e+00
1.502239499525275690e+00
1.494937954200972863e+00
1.494049613745372707e+00
1.498919922020356177e+00
1.507815603341552402e+00
1.518371416498091708e+00
1.528087571915548892e+00
1.534749703311206082e+00
1.536702272916970813e+00
1.532963542772115328e+00
1.523209390550035680e+00
1.507670591176310415e+00
1.486988331941165642e+00
1.462063193109696346e+00
1.433920249289293958e+00
1.403601543728977497e+00
1.372088797160534890e+00
1.340254050461771484e+00
1.308833408830308187e+00
1.278418324481674473e+00
1.249459176247424974e+00
1.222276725156016264e+00
1.197077992461606399e+00
1.173974025617877892e+00
1.152997799979982751e+00
1.134121124834888805e+00
1.117269890220908390e+00
1.102337328579152453e+00
1.089195198744061788e+00
1.077702953546330722e+00
1.067715047010674878e+00
1.059086589279873980e+00
1.051677579722299249e+00
1.045355950797492772e+00
1.039999644300431347e+00
1.035497922796639214e+00
1.031752096142795283e+00
1.028675818581971990e+00
1.026195087773513759e+00
1.024248054378655182e+00
1.022784730096339745e+00
1.021766663585292223e+00
1.021166637504463681e+00
1.020968425748430830e+00
1.021166637504834940e+00
1.021766663586054280e+00
1.022784730097541006e+00
1.024248054380370476e+00
1.026195087775845893e+00
1.028675818585063295e+00
1.031752096146837827e+00
1.035497922801876580e+00
1.039999644307189497e+00
1.045355950806180934e+00
1.051677579733454326e+00
1.059086589294183867e+00
1.067715047029011322e+00
1.077702953569813049e+00
1.089195198774108420e+00
1.102337328617580159e+00
1.117269890270019106e+00
1.134121124897614408e+00
1.152997800060031164e+00
1.173974025719963787e+00
1.197077992591691453e+00
1.222276725321657764e+00
1.249459176458204368e+00
1.278418324749724944e+00
1.308833409171014983e+00
1.340254050894637228e+00
1.372088797710335317e+00
1.403601544427210079e+00
1.433920250176060840e+00
1.462063194236137287e+00
1.486988333372611493e+00
1.507670592996344983e+00
1.523209392865714662e+00
1.532963545720626319e+00
1.536702276673981737e+00
1.534749708101185606e+00
1.528087578024045934e+00
1.518371424285857918e+00
1.507815613259789300e+00
1.498919934625925432e+00
1.494049629714092386e+00
1.494937974336757902e+00
1.502239524762689404e+00
1.515294615001693046e+00
1.532240819395895404e+00
1.550508324383313541e+00
1.567579420065537965e+00
1.581735050331223968e+00
1.592441010641260313e+00
1.600121324241453813e+00
1.605336989521834345e+00
1.607734207378899383e+00
1.605358413198342493e+00
1.594864323991760147e+00
1.572694645750915887e+00
1.536479170000074390e+00
1.484999264093838534e+00
1.415036379189006377e+00
1.316169271939432894e+00
1.171225245533809023e+00
9.762792391184069718e-01
7.858171928086928881e-01
7.464956015148395130e-01
1.000000000000000000e+00
