1.000000000000000000e+00
8.836009960433360844e-01
8.720265665446390591e-01
9.614754285873766682e-01
1.107171533283817677e+00
1.262602009987225937e+00
1.396513773465984043e+00
1.495443052917561522e+00
1.558973231932705650e+00
1.593304764766126258e+00
1.606366243040080910e+00
1.605356282893255271e+00
1.596111349109669897e+00
1.583271885679284452e+00
1.570502833435495793e+00
1.560500469607756013e+00
1.554855467973191852e+00
1.553955171490408294e+00
1.557058210889677330e+00
1.562564510986794941e+00
1.568412358081816116e+00
1.572496229825723013e+00
1.573011659413132035e+00
1.568674108182863902e+00
1.558803214069016230e+00
1.543295935427682286e+00
1.522526970379046496e+00
1.497215186178136204e+00
1.468286641878830734e+00
1.436753815150979108e+00
1.403620600882244940e+00
1.369815231558896285e+00
1.336148716049193830e+00
1.303294191327697638e+00
1.271781992103280690e+00
1.242005592274859183e+00
1.214234360435881399e+00
1.188629981040985051e+00
1.165264248380645906e+00
1.144136664130494196e+00
1.125190840538968118e+00
1.108329139703160271e+00
1.093425286730143053e+00
1.080334905565112580e+00
1.068904063702628360e+00
1.058975995069973752e+00
1.050396214376473791e+00
1.043016252955428769e+00
1.036696244491925212e+00
1.031306575646593116e+00
1.026728796295532264e+00
1.022855960392440977e+00
1.019592543764395121e+00
1.016854061129293330e+00
1.014566482325933716e+00
1.012665527784769592e+00
1.011095905921194582e+00
1.009810540454293637e+00
1.008769823536959764e+00
1.007940920822692821e+00
1.007297146929633902e+00
1.006817423907151454e+00
1.006485830975590856e+00
1.006291250715324770e+00
1.006227114765461339e+00
1.006291250711087049e+00
1.006485830966900918e+00
1.006817423893571650e+00
1.007297146910475449e+00
1.007940920796993822e+00
1.008769823503433027e+00
1.009810540411267388e+00
1.011095905866530087e+00
1.012665527715769898e+00
1.014566482239207534e+00
1.016854061020599165e+00
1.019592543628450088e+00
1.022855960222661231e+00
1.026728796083736128e+00
1.031306575382612278e+00
1.036696244163134661e+00
1.043016252546151268e+00
1.050396213867236694e+00
1.058975994436590851e+00
1.068904062915041253e+00
1.080334904585940281e+00
1.093425285512859002e+00
1.108329138189791507e+00
1.125190838657192050e+00
1.144136661789949105e+00
1.165264245468250248e+00
1.188629977414975558e+00
1.214234355918206498e+00
1.242005586641457437e+00
1.271781985071669174e+00
1.303294182541137047e+00
1.336148705056499963e+00
1.369815217788883599e+00
1.403620583611484118e+00
1.436753793463614759e+00
1.468286614617076324e+00
1.497215151882414830e+00
1.522526927217395354e+00
1.543295881115269497e+00
1.558803145780777388e+00
1.568674022465379458e+00
1.573011552106162059e+00
1.572496096009071476e+00
1.568412192068760813e+00
1.562564306390382685e+00
1.557057960791033535e+00
1.553954868737915218e+00
1.554855105636576695e+00
1.560500041601585286e+00
1.570502335311501518e+00
1.583271315564431347e+00
1.596110708732919159e+00
1.605355578594477972e+00
1.606365486590653591e+00
1.593303973767486559e+00
1.558972429532034409e+00
1.495442266639734674e+00
1.396513033150345251e+00
1.262601345119799046e+00
1.107170970311927682e+00
9.614749888977219827e-01
8.720262655457322598e-01
8.836008433104030058e-01
1.000000000000000000e+00
