1.000000000000000000e+00
1.071644765703995583e+00
1.142734253961829261e+00
1.211987320250893063e+00
1.277484061113521863e+00
1.336921884434664864e+00
1.387974864150739895e+00
1.428668274385574533e+00
1.457680451054531812e+00
1.474510515323699256e+00
1.479492792297912418e+00
1.473679990640430537e+00
1.458643405210346300e+00
1.436244682827600316e+00
1.408424017668303163e+00
1.377032293298900312e+00
1.343717361230451823e+00
1.309861842254221198e+00
1.276562734529530507e+00
1.244640774629743429e+00
1.214668220649778529e+00
1.187005924296575143e+00
1.161843124359634105e+00
1.139235714828453316e+00
1.119140570653380795e+00
1.101444823172573528e+00
1.085989838479674008e+00
1.072590170166919821e+00
1.061048033295737714e+00
1.051163960990196822e+00
1.042744319630103389e+00
1.035606315804795230e+00
1.029581056289658347e+00
1.024515139324563062e+00
1.020271172278673921e+00
1.016727533494949265e+00
1.013777627752655563e+00
1.011328826462458474e+00
1.009301235344583381e+00
1.007626393203461257e+00
1.006245974441285274e+00
1.005110543967126402e+00
1.004178394987182532e+00
1.003414486718846588e+00
1.002789489393219213e+00
1.002278937169944317e+00
1.001862485095099453e+00
1.001523263423183874e+00
1.001247321047891159e+00
1.001023149090108033e+00
1.000841275603232772e+00
1.000693922670306213e+00
1.000574717732527930e+00
1.000478451694237103e+00
1.000400877118061471e+00
1.000338540602476511e+00
1.000288644188354947e+00
1.000248931350136372e+00
1.000217593780042380e+00
1.000193195766053478e+00
1.000174613496691123e+00
1.000160987101565757e+00
1.000151683662088953e+00
1.000146269808173116e+00
1.000144492862152346e+00
1.000146269808173116e+00
1.000151683662088953e+00
1.000160987101565757e+00
1.000174613496691123e+00
1.000193195766053478e+00
1.000217593780042380e+00
1.000248931350136372e+00
1.000288644188354947e+00
1.000338540602476511e+00
1.000400877118061471e+00
1.000478451694237103e+00
1.000574717732527930e+00
1.000693922670306213e+00
1.000841275603232772e+00
1.001023149090108033e+00
1.001247321047891159e+00
1.001523263423183874e+00
1.001862485095099453e+00
1.002278937169944317e+00
1.002789489393219213e+00
1.003414486718846588e+00
1.004178394987182532e+00
1.005110543967126402e+00
1.006245974441285274e+00
1.007626393203461257e+00
1.009301235344583381e+00
1.011328826462458474e+00
1.013777627752655563e+00
1.016727533494949265e+00
1.020271172278673699e+00
1.024515139324563062e+00
1.029581056289657903e+00
1.035606315804795230e+00
1.042744319630103389e+00
1.051163960990196822e+00
1.061048033295737936e+00
1.072590170166919599e+00
1.085989838479674452e+00
1.101444823172573306e+00
1.119140570653380795e+00
1.139235714828453316e+00
1.161843124359634105e+00
1.187005924296575587e+00
1.214668220649778307e+00
1.244640774629742985e+00
1.276562734529531173e+00
1.309861842254221420e+00
1.343717361230451379e+00
1.377032293298899646e+00
1.408424017668301831e+00
1.436244682827600982e+00
1.458643405210345634e+00
1.473679990640429427e+00
1.479492792297912196e+00
1.474510515323699922e+00
1.457680451054530923e+00
1.428668274385573644e+00
1.387974864150739673e+00
1.336921884434665753e+00
1.277484061113522307e+00
1.211987320250892619e+00
1.142734253961829483e+00
1.071644765703995361e+00
1.000000000000000000e+00
