1.000000000000000000e+00
1.078122992507771993e+00
1.155978032025267721e+00
1.232327827019390698e+00
1.305095264113023790e+00
1.371677431223713661e+00
1.429376360227347487e+00
1.475849012240882052e+00
1.509474479392293844e+00
1.529564390965385989e+00
1.536391848552285166e+00
1.531063851623073013e+00
1.515294188992288182e+00
1.491141597663602658e+00
1.460766357229040135e+00
1.426237620705441467e+00
1.389403137570054847e+00
1.351818002427036980e+00
1.314720938901876801e+00
1.279044138261983043e+00
1.245443701613268894e+00
1.214340384256798133e+00
1.185963327413660062e+00
1.160392105118922768e+00
1.137594459880154618e+00
1.117458540593646799e+00
1.099819389287968630e+00
1.084479976576385951e+00
1.071227375560406259e+00
1.059844782286347042e+00
1.050120104368350349e+00
1.041851793563538964e+00
1.034852522564693400e+00
1.028951219569847142e+00
1.023993887313685791e+00
1.019843552343176363e+00
1.016379618432973864e+00
1.013496836290646241e+00
1.011104050075321004e+00
1.009122839069342081e+00
1.007486139090691069e+00
1.006136901769922432e+00
1.005026829487950524e+00
1.004115208495625744e+00
1.003367851536626665e+00
1.002756153320552013e+00
1.002256256723106365e+00
1.001848324026616055e+00
1.001515905372230897e+00
1.001245395488588485e+00
1.001025569388166003e+00
1.000847187849944087e+00
1.000702663960719052e+00
1.000585782638039989e+00
1.000491465812641367e+00
1.000415576741881640e+00
1.000354757714615905e+00
1.000306296163615105e+00
1.000268014908076486e+00
1.000238182897799311e+00
1.000215443420165773e+00
1.000198757263250693e+00
1.000187358808042770e+00
1.000180723456003840e+00
1.000178545193124213e+00
1.000180723456003840e+00
1.000187358808042770e+00
1.000198757263250693e+00
1.000215443420165773e+00
1.000238182897799311e+00
1.000268014908076486e+00
1.000306296163615105e+00
1.000354757714615905e+00
1.000415576741881640e+00
1.000491465812641367e+00
1.000585782638039989e+00
1.000702663960719052e+00
1.000847187849944087e+00
1.001025569388166003e+00
1.001245395488588485e+00
1.001515905372230897e+00
1.001848324026616055e+00
1.002256256723106365e+00
1.002756153320552013e+00
1.003367851536626665e+00
1.004115208495625744e+00
1.005026829487950524e+00
1.006136901769922432e+00
1.007486139090691069e+00
1.009122839069342081e+00
1.011104050075321004e+00
1.013496836290646241e+00
1.016379618432973642e+00
1.019843552343176363e+00
1.023993887313685569e+00
1.028951219569847142e+00
1.034852522564692956e+00
1.041851793563538964e+00
1.050120104368350349e+00
1.059844782286346820e+00
1.071227375560406481e+00
1.084479976576385729e+00
1.099819389287969074e+00
1.117458540593646577e+00
1.137594459880154618e+00
1.160392105118922546e+00
1.185963327413660284e+00
1.214340384256798577e+00
1.245443701613268894e+00
1.279044138261982599e+00
1.314720938901877689e+00
1.351818002427037424e+00
1.389403137570054403e+00
1.426237620705441023e+00
1.460766357229038803e+00
1.491141597663603546e+00
1.515294188992288182e+00
1.531063851623071237e+00
1.536391848552284722e+00
1.529564390965386655e+00
1.509474479392292734e+00
1.475849012240880942e+00
1.429376360227347487e+00
1.371677431223714771e+00
1.305095264113024234e+00
1.232327827019390032e+00
1.155978032025267721e+00
1.078122992507771993e+00
1.000000000000000000e+00
