1.000000000000000000e+00
7.737193227955615482e-01
7.941341186174954991e-01
9.654815795008704349e-01
1.160323089898198878e+00
1.314878644962475862e+00
1.420291208289266471e+00
1.489850400100473982e+00
1.537209625062758489e+00
1.570072604923915760e+00
1.591923827150971693e+00
1.604799292977079128e+00
1.610413906184097632e+00
1.610044649399377859e+00
1.604327554081709017e+00
1.593551958068301078e+00
1.578301206178050808e+00
1.559975398679169789e+00
1.540854642260657714e+00
1.523672335528298172e+00
1.510922671255184646e+00
1.504210214511471522e+00
1.503876412354568481e+00
1.508988775223693457e+00
1.517637074880211046e+00
1.527398372546932892e+00
1.535819709068076078e+00
1.540805016260057503e+00
1.540851083960410817e+00
1.535130440224055981e+00
1.523453059668449683e+00
1.506152037516098607e+00
1.483936070890883974e+00
1.457741158775477164e+00
1.428601494214373213e+00
1.397548750918906624e+00
1.365541309581539631e+00
1.333420432287720336e+00
1.301888306513977467e+00
1.271502420610024942e+00
1.242681191585199185e+00
1.215716635860160322e+00
1.190790839102783050e+00
1.167993873570564833e+00
1.147341558402757755e+00
1.128792044203900113e+00
1.112260640638484066e+00
1.097632618587256914e+00
1.084773932720764389e+00
1.073539949789003467e+00
1.063782352227496508e+00
1.055354431465387322e+00
1.048115002590730649e+00
1.041931170807392171e+00
1.036680167090860527e+00
1.032250450491022375e+00
1.028542251129970664e+00
1.025467703538243347e+00
1.022950696197747256e+00
1.020926541040076296e+00
1.019341546756330041e+00
1.018152562342233169e+00
1.017326542320302840e+00
1.016840172365614414e+00
1.016679583313444324e+00
1.016840172366691997e+00
1.017326542322515959e+00
1.018152562345700840e+00
1.019341546761239448e+00
1.020926541046693004e+00
1.022950696206422094e+00
1.025467703549442833e+00
1.028542251144291875e+00
1.032250450509236250e+00
1.036680167113929185e+00
1.041931170836547071e+00
1.048115002627526104e+00
1.055354431511775992e+00
1.063782352285940425e+00
1.073539949862595044e+00
1.084773932813405839e+00
1.097632618703853646e+00
1.112260640785217580e+00
1.128792044388546412e+00
1.147341558635130765e+00
1.167993873863036658e+00
1.190790839470988516e+00
1.215716636323875388e+00
1.242681192169476256e+00
1.271502421346657030e+00
1.301888307443364923e+00
1.333420433461337984e+00
1.365541311065062935e+00
1.397548752796292648e+00
1.428601496593121967e+00
1.457741161793421059e+00
1.483936074724870435e+00
1.506152042393070101e+00
1.523453065879375901e+00
1.535130448141249548e+00
1.540851094058622195e+00
1.540805029141425697e+00
1.535819725490715104e+00
1.527398393456008918e+00
1.517637101439546887e+00
1.508988808844664575e+00
1.503876454717967714e+00
1.504210267577114957e+00
1.510922737253565407e+00
1.523672416928348206e+00
1.540854741707054387e+00
1.559975518890691637e+00
1.578301349795022901e+00
1.593552127433725207e+00
1.604327750941638930e+00
1.610044874519843461e+00
1.610414158908650695e+00
1.604799570787616592e+00
1.591924125330690831e+00
1.570072916435268473e+00
1.537209940731727675e+00
1.489850709142204188e+00
1.420291499130823087e+00
1.314878906229639766e+00
1.160323311360943244e+00
9.654817527669644628e-01
7.941342374653759251e-01
7.737193831983394388e-01
1.000000000000000000e+00
