1.000000000000000000e+00
1.021072779617230752e+00
1.041849587591458404e+00
1.061912712786959201e+00
1.080733040970701220e+00
1.097720416984101055e+00
1.112297246611067436e+00
1.123976216526176630e+00
1.132424645494805926e+00
1.137503299843213522e+00
1.139274883300999797e+00
1.137984612548703200e+00
1.134020457622563649e+00
1.127862896094410594e+00
1.120033596844951518e+00
1.111050207382644484e+00
1.101391457866717216e+00
1.091474006769829419e+00
1.081640353508555696e+00
1.072155886357867960e+00
1.063212626270724215e+00
1.054937260074516159e+00
1.047401405819746500e+00
1.040632534844918800e+00
1.034624464094811680e+00
1.029346757904666454e+00
1.024752711727158649e+00
1.020785828548992580e+00
1.017384853695155300e+00
1.014487522713950485e+00
1.012033217924408035e+00
1.009964737655599576e+00
1.008229370677667491e+00
1.006779446015230173e+00
1.005572501587242096e+00
1.004571187999863113e+00
1.003742998704433287e+00
1.003059895811728497e+00
1.002497882537506824e+00
1.002036558477346295e+00
1.001658682342861262e+00
1.001349757988501787e+00
1.001097653041186586e+00
1.000892254760346711e+00
1.000725164500358089e+00
1.000589429979005685e+00
1.000479313194645004e+00
1.000390091058283470e+00
1.000317885442062904e+00
1.000259519261117003e+00
1.000212395303994306e+00
1.000174394736706551e+00
1.000143792476815285e+00
1.000119186931843984e+00
1.000099441897754016e+00
1.000083638703443079e+00
1.000071036957739024e+00
1.000061042501668052e+00
1.000053181389523926e+00
1.000047078917747578e+00
1.000042442892601802e+00
1.000039050478310321e+00
1.000036738099556510e+00
1.000035393988854882e+00
1.000034953073230204e+00
1.000035393988854882e+00
1.000036738099556510e+00
1.000039050478310321e+00
1.000042442892601802e+00
1.000047078917747578e+00
1.000053181389523926e+00
1.000061042501668052e+00
1.000071036957739024e+00
1.000083638703443079e+00
1.000099441897754016e+00
1.000119186931843984e+00
1.000143792476815285e+00
1.000174394736706551e+00
1.000212395303994306e+00
1.000259519261117003e+00
1.000317885442062904e+00
1.000390091058283470e+00
1.000479313194645004e+00
1.000589429979005685e+00
1.000725164500358089e+00
1.000892254760346711e+00
1.001097653041186586e+00
1.001349757988501787e+00
1.001658682342861262e+00
1.002036558477346295e+00
1.002497882537506824e+00
1.003059895811728497e+00
1.003742998704433287e+00
1.004571187999863113e+00
1.005572501587241874e+00
1.006779446015230173e+00
1.008229370677667491e+00
1.009964737655599576e+00
1.012033217924408035e+00
1.014487522713950263e+00
1.017384853695155300e+00
1.020785828548992358e+00
1.024752711727158871e+00
1.029346757904666010e+00
1.034624464094811680e+00
1.040632534844918355e+00
1.047401405819746056e+00
1.054937260074516159e+00
1.063212626270723771e+00
1.072155886357867516e+00
1.081640353508555252e+00
1.091474006769829197e+00
1.101391457866716550e+00
1.111050207382643595e+00
1.120033596844950408e+00
1.127862896094410150e+00
1.134020457622562539e+00
1.137984612548702090e+00
1.139274883300999353e+00
1.137503299843212412e+00
1.132424645494804816e+00
1.123976216526174854e+00
1.112297246611066548e+00
1.097720416984100611e+00
1.080733040970700332e+00
1.061912712786958535e+00
1.041849587591458404e+00
1.021072779617230308e+00
1.000000000000000000e+00
