1.000000000000000000e+00
1.009574623722133024e+00
1.035197344455821344e+00
1.082114924176639681e+00
1.148531402804778168e+00
1.228613672973215110e+00
1.314889528666459695e+00
1.400061360076156447e+00
1.478173245098253874e+00
1.545121602429224916e+00
1.598628271940530921e+00
1.637892574326152761e+00
1.663145726117206680e+00
1.675260952158384775e+00
1.675479802528423878e+00
1.665246090064737228e+00
1.646109490242828821e+00
1.619662113543253179e+00
1.587485901145099243e+00
1.551103181355896865e+00
1.511931450381060804e+00
1.471246315093523993e+00
1.430155789487691509e+00
1.389587055662373949e+00
1.350284830806737002e+00
1.312819216653119625e+00
1.277600393972190718e+00
1.244897568708657642e+00
1.214859940943599614e+00
1.187537961176240664e+00
1.162903636438592736e+00
1.140869086178612823e+00
1.121302899755405535e+00
1.104044112386972865e+00
1.088913804486146164e+00
1.075724454521088891e+00
1.064287251920693400e+00
1.054417616527720813e+00
1.045939184916339082e+00
1.038686519640916073e+00
1.032506781426921538e+00
1.027260581185017507e+00
1.022822202030345240e+00
1.019079353747457173e+00
1.015932595111161740e+00
1.013294534302353167e+00
1.011088895028178225e+00
1.009249516197020080e+00
1.007719336185704861e+00
1.006449398766498415e+00
1.005397906417529574e+00
1.004529337740348138e+00
1.003813638742013570e+00
1.003225492493441617e+00
1.002743667854590459e+00
1.002350445289941661e+00
1.002031116047593207e+00
1.001773549938675956e+00
1.001567826461633892e+00
1.001405923929890029e+00
1.001281461471786649e+00
1.001189489192563009e+00
1.001126322354889631e+00
1.001089416098172480e+00
1.001077277943732025e+00
1.001089416098172480e+00
1.001126322354889631e+00
1.001189489192563009e+00
1.001281461471786649e+00
1.001405923929890029e+00
1.001567826461633892e+00
1.001773549938675956e+00
1.002031116047593207e+00
1.002350445289941661e+00
1.002743667854590459e+00
1.003225492493441617e+00
1.003813638742013570e+00
1.004529337740348138e+00
1.005397906417529352e+00
1.006449398766498415e+00
1.007719336185704861e+00
1.009249516197020080e+00
1.011088895028178447e+00
1.013294534302353167e+00
1.015932595111161740e+00
1.019079353747457173e+00
1.022822202030345240e+00
1.027260581185017285e+00
1.032506781426921538e+00
1.038686519640916295e+00
1.045939184916339082e+00
1.054417616527720813e+00
1.064287251920693400e+00
1.075724454521088669e+00
1.088913804486145942e+00
1.104044112386972865e+00
1.121302899755404425e+00
1.140869086178612379e+00
1.162903636438592514e+00
1.187537961176240664e+00
1.214859940943599836e+00
1.244897568708656754e+00
1.277600393972190940e+00
1.312819216653118959e+00
1.350284830806736780e+00
1.389587055662373505e+00
1.430155789487691287e+00
1.471246315093525547e+00
1.511931450381061248e+00
1.551103181355895533e+00
1.587485901145100353e+00
1.619662113543252735e+00
1.646109490242827933e+00
1.665246090064736117e+00
1.675479802528421658e+00
1.675260952158385885e+00
1.663145726117207346e+00
1.637892574326152095e+00
1.598628271940529588e+00
1.545121602429223362e+00
1.478173245098253652e+00
1.400061360076154893e+00
1.314889528666458363e+00
1.228613672973215332e+00
1.148531402804778390e+00
1.082114924176638793e+00
1.035197344455819790e+00
1.009574623722131248e+00
1.000000000000000000e+00
