1.000000000000000000e+00
7.376152423782822432e-01
7.842689076309847795e-01
9.804344107535774011e-01
1.174169354791181341e+00
1.315590547232318830e+00
1.412815985248444539e+00
1.483471673232099164e+00
1.536474245042465547e+00
1.573729874550102714e+00
1.596010144205775250e+00
1.605837491483787627e+00
1.607175037362380765e+00
1.603860416024113222e+00
1.598307715760210135e+00
1.591131304540964742e+00
1.581689141618991767e+00
1.569131027766914377e+00
1.553382394071943562e+00
1.535616797098681596e+00
1.518076331630788145e+00
1.503408267789130948e+00
1.493852979400049685e+00
1.490605957298823503e+00
1.493541749814613517e+00
1.501320263165278002e+00
1.511768864348443708e+00
1.522379691413442426e+00
1.530774805547947537e+00
1.535044571307209615e+00
1.533925785264164787e+00
1.526833843403572644e+00
1.513789218679772786e+00
1.495284723214290734e+00
1.472133437068247064e+00
1.445325129624797533e+00
1.415906747107674946e+00
1.384892816967368212e+00
1.353205188239534840e+00
1.321638027100099588e+00
1.290842627914129404e+00
1.261326575996089217e+00
1.233462471493317114e+00
1.207502364191248567e+00
1.183595004065167933e+00
1.161803856420430048e+00
1.142124517422523189e+00
1.124500693698806897e+00
1.108838297154862707e+00
1.095017478837682967e+00
1.082902609118705728e+00
1.072350327957517502e+00
1.063215856709217366e+00
1.055357796052225572e+00
1.048641643943348578e+00
1.042942261123124492e+00
1.038145495530735429e+00
1.034149155335359893e+00
1.030863496183376249e+00
1.028211363773331888e+00
1.026128109347199890e+00
1.024561373917444840e+00
1.023470817409402711e+00
1.022827851452980719e+00
1.022615419149704552e+00
1.022827851453186776e+00
1.023470817409826372e+00
1.024561373918117635e+00
1.026128109348169781e+00
1.028211363774667264e+00
1.030863496185167039e+00
1.034149155337734438e+00
1.038145495533856266e+00
1.042942261127214554e+00
1.048641643948687641e+00
1.055357796059187114e+00
1.063215856718288777e+00
1.072350327969319173e+00
1.082902609134042571e+00
1.095017478857582827e+00
1.108838297180655630e+00
1.124500693732186862e+00
1.142124517465658018e+00
1.161803856476076646e+00
1.183595004136840823e+00
1.207502364283401519e+00
1.233462471611606492e+00
1.261326576147689060e+00
1.290842628108119339e+00
1.321638027347979305e+00
1.353205188555850702e+00
1.384892817370553919e+00
1.415906747621101580e+00
1.445325130278132031e+00
1.472133437899209474e+00
1.495284724270939947e+00
1.513789220023478155e+00
1.526833845112846033e+00
1.533925787439598620e+00
1.535044574077716106e+00
1.530774809078534027e+00
1.522379695914499287e+00
1.511768870086459771e+00
1.501320270474334029e+00
1.493541759107719358e+00
1.490605969077553272e+00
1.493852994260729261e+00
1.503408286423858042e+00
1.518076354821974672e+00
1.535616825706336730e+00
1.553382429012794219e+00
1.569131069982911519e+00
1.581689192029539948e+00
1.591131363969911838e+00
1.598307784828609579e+00
1.603860495006977249e+00
1.607175126022671874e+00
1.605837588914359904e+00
1.596010248719997637e+00
1.573729983657035758e+00
1.536474355526197044e+00
1.483471781336704653e+00
1.412816086955417161e+00
1.315590638595659723e+00
1.174169432261713997e+00
9.804344714094367363e-01
7.842689492783793126e-01
7.376152635640944588e-01
1.000000000000000000e+00
