1.000000000000000000e+00
1.033683864689783460e+00
1.066913755757879834e+00
1.099020930826323905e+00
1.129141220744492635e+00
1.156302488067157519e+00
1.179551897094064161e+00
1.198089747437879771e+00
1.211379050161194293e+00
1.219209538173172458e+00
1.221708308122639641e+00
1.219302403713824035e+00
1.212647744492464597e+00
1.202542313240085203e+00
1.189840023134088876e+00
1.175377097891979083e+00
1.159917260541888817e+00
1.144117153070021597e+00
1.128510007270950632e+00
1.113503771239936047e+00
1.099389367703659026e+00
1.086355076552871779e+00
1.074503781883561659e+00
1.063870699443906442e+00
1.054440018510225396e+00
1.046159564018919408e+00
1.038953085912567964e+00
1.032730125182250047e+00
1.027393618333216407e+00
1.022845516154459178e+00
1.018990738250912020e+00
1.015739785945632079e+00
1.013010311142475750e+00
1.010727900514297284e+00
1.008826291585504409e+00
1.007247195272228391e+00
1.005939861239588007e+00
1.004860489445524863e+00
1.003971563848548909e+00
1.003241162232156203e+00
1.002642278883312699e+00
1.002152183758088011e+00
1.001751832054044167e+00
1.001425331111336803e+00
1.001159466687126409e+00
1.000943287386776293e+00
1.000767743978172364e+00
1.000625379133216031e+00
1.000510062577280257e+00
1.000416766487842724e+00
1.000341376122124259e+00
1.000280530963675973e+00
1.000231492083903939e+00
1.000192031863353703e+00
1.000160342674123015e+00
1.000134961566146119e+00
1.000114708412996656e+00
1.000098635350063159e+00
1.000085985677076517e+00
1.000076160698142980e+00
1.000068693238147732e+00
1.000063226807843320e+00
1.000059499595318258e+00
1.000057332643105257e+00
1.000056621732391848e+00
1.000057332643105257e+00
1.000059499595318258e+00
1.000063226807843320e+00
1.000068693238147732e+00
1.000076160698142980e+00
1.000085985677076517e+00
1.000098635350063159e+00
1.000114708412996656e+00
1.000134961566146119e+00
1.000160342674123015e+00
1.000192031863353703e+00
1.000231492083903939e+00
1.000280530963675973e+00
1.000341376122124259e+00
1.000416766487842724e+00
1.000510062577280257e+00
1.000625379133216031e+00
1.000767743978172364e+00
1.000943287386776293e+00
1.001159466687126409e+00
1.001425331111336803e+00
1.001751832054044167e+00
1.002152183758088011e+00
1.002642278883312699e+00
1.003241162232156203e+00
1.003971563848548909e+00
1.004860489445524863e+00
1.005939861239588007e+00
1.007247195272228391e+00
1.008826291585504187e+00
1.010727900514297284e+00
1.013010311142475750e+00
1.015739785945632079e+00
1.018990738250912020e+00
1.022845516154458956e+00
1.027393618333216407e+00
1.032730125182249825e+00
1.038953085912568186e+00
1.046159564018919186e+00
1.054440018510225396e+00
1.063870699443906220e+00
1.074503781883561215e+00
1.086355076552872223e+00
1.099389367703658582e+00
1.113503771239935602e+00
1.128510007270950410e+00
1.144117153070021820e+00
1.159917260541888373e+00
1.175377097891978417e+00
1.189840023134087987e+00
1.202542313240085203e+00
1.212647744492463486e+00
1.219302403713822924e+00
1.221708308122639419e+00
1.219209538173171348e+00
1.211379050161193183e+00
1.198089747437878660e+00
1.179551897094063717e+00
1.156302488067157519e+00
1.129141220744491525e+00
1.099020930826323239e+00
1.066913755757880056e+00
1.033683864689783238e+00
1.000000000000000000e+00
