1.000000000000000000e+00
8.684592129214296907e-01
8.580054271096626550e-01
9.580968845448825100e-01
1.113780799673799615e+00
1.273168080101406030e+00
1.405217722113606849e+00
1.499710244767136658e+00
1.559615426716083109e+00
1.592959113092472956e+00
1.607637789631373604e+00
1.609568279589628226e+00
1.602936909577471480e+00
1.591086931015275985e+00
1.577119896596879789e+00
1.563944324816994635e+00
1.553938141267938944e+00
1.548536044838427550e+00
1.547992954859578552e+00
1.551428674535066277e+00
1.557120657599633695e+00
1.562930831650057195e+00
1.566737207103972684e+00
1.566772974505893368e+00
1.561826937350554001e+00
1.551305846543080458e+00
1.535189013312759476e+00
1.513916757391624346e+00
1.488251590836419114e+00
1.459141214553320909e+00
1.427600937833697348e+00
1.394623311845636149e+00
1.361115863690276040e+00
1.327863790807675803e+00
1.295512685929785635e+00
1.264566043408356766e+00
1.235392795365005014e+00
1.208240977401221938e+00
1.183254543933174974e+00
1.160491192694406593e+00
1.139939754689077933e+00
1.121536248626208376e+00
1.105178101492509946e+00
1.090736322953802073e+00
1.078065615559651746e+00
1.067012527579218828e+00
1.057421829190334783e+00
1.049141330257822968e+00
1.042025370245149629e+00
1.035937206301506208e+00
1.030750510467653758e+00
1.026350165776611645e+00
1.022632527029759153e+00
1.019505287460614529e+00
1.016887068867864619e+00
1.014706831052353486e+00
1.012903177058775528e+00
1.011423614025638518e+00
1.010223815397438329e+00
1.009266918716973160e+00
1.008522883970163653e+00
1.007967930226989939e+00
1.007584062815478854e+00
1.007358699182788087e+00
1.007284398650687418e+00
1.007358699186005957e+00
1.007584062822079130e+00
1.007967930237314347e+00
1.008522883984735330e+00
1.009266918736537955e+00
1.010223815422988558e+00
1.011423614058468257e+00
1.012903177100537899e+00
1.014706831105148366e+00
1.016887068934329896e+00
1.019505287544060668e+00
1.022632527134333058e+00
1.026350165907488732e+00
1.030750510631300187e+00
1.035937206505989749e+00
1.042025370500545556e+00
1.049141330576713882e+00
1.057421829588444329e+00
1.067012528076217714e+00
1.078065616180173825e+00
1.090736323728743296e+00
1.105178102460686818e+00
1.121536249836475374e+00
1.139939756203058652e+00
1.160491194589996500e+00
1.183254546309074451e+00
1.208240980382806695e+00
1.235392799111910689e+00
1.264566048124311060e+00
1.295512691875319478e+00
1.327863798316534449e+00
1.361115873190459347e+00
1.394623323886268862e+00
1.427600953118916216e+00
1.459141233984535990e+00
1.488251615564033514e+00
1.513916788876843444e+00
1.535189053399201420e+00
1.551305897536211731e+00
1.561827002100667494e+00
1.566773056487147819e+00
1.566737310478300005e+00
1.562930961300908805e+00
1.557120819117126409e+00
1.551428874131729696e+00
1.547993199194507952e+00
1.548536340727046046e+00
1.553938495254343799e+00
1.563944742587979331e+00
1.577120382225949857e+00
1.591087486050112076e+00
1.602937532032340684e+00
1.609568962973403128e+00
1.607638522212597065e+00
1.592959877640397037e+00
1.559616200926064788e+00
1.499711002466471044e+00
1.405218435167790769e+00
1.273168720739831450e+00
1.113781342787056872e+00
9.580973094612034169e-01
8.580057185234017947e-01
8.684593609958756177e-01
1.000000000000000000e+00
