1.000000000000000000e+00
7.401722093674087954e-01
7.846610727023578535e-01
9.792228058584591111e-01
1.173366004004642749e+00
1.315804835126149097e+00
1.413468255309620059e+00
1.483903233310871039e+00
1.536475752118866556e+00
1.573448601779846800e+00
1.595698151205342086e+00
1.605700517093713087e+00
1.607318610667056058e+00
1.604266768085889305e+00
1.598832178644164381e+00
1.591543584091244856e+00
1.581763549882417186e+00
1.568749170786768232e+00
1.552596791342464755e+00
1.534644563831115249e+00
1.517228652936651656e+00
1.502989192530968410e+00
1.494067943459817194e+00
1.491508988594557383e+00
1.495030697694818000e+00
1.503171765283593420e+00
1.513694966928958108e+00
1.524086951099605569e+00
1.532011732950125271e+00
1.535630635060314830e+00
1.533761750019329906e+00
1.525897363228372106e+00
1.512121186607560119e+00
1.492971573541420405e+00
1.469289319834841345e+00
1.442076368593568914e+00
1.412379692778777951e+00
1.381205284834547964e+00
1.349461127359627310e+00
1.317924813219378821e+00
1.287230319649645738e+00
1.257868526852250479e+00
1.230196794037556662e+00
1.204453857808092332e+00
1.180777264166911200e+00
1.159221372170520903e+00
1.139774635005510683e+00
1.122375374431433981e+00
1.106925637125499184e+00
1.093302982385478073e+00
1.081370225142443742e+00
1.070983268131433741e+00
1.061997220045268975e+00
1.054271026318855053e+00
1.047670846307820813e+00
1.042072402826454303e+00
1.037362513014168597e+00
1.033439987434271456e+00
1.030216060083152918e+00
1.027614487583653924e+00
1.025571432528035176e+00
1.024035224463072824e+00
1.022966072710904228e+00
1.022335788135662726e+00
1.022127555925403941e+00
1.022335788135914747e+00
1.022966072711420704e+00
1.024035224463890170e+00
1.025571432529209126e+00
1.027614487585261749e+00
1.030216060085299867e+00
1.033439987437102525e+00
1.037362513017867860e+00
1.042072402831274669e+00
1.047670846314076032e+00
1.054271026326963678e+00
1.061997220055773683e+00
1.070983268145024425e+00
1.081370225160009246e+00
1.093302982408155266e+00
1.106925637154750897e+00
1.122375374469120946e+00
1.139774635054009444e+00
1.159221372232849490e+00
1.180777264246912761e+00
1.204453857910635195e+00
1.230196794168818331e+00
1.257868527020066240e+00
1.287230319863933881e+00
1.317924813492706182e+00
1.349461127707900721e+00
1.381205285277944839e+00
1.412379693342902698e+00
1.442076369310956174e+00
1.469289320746899330e+00
1.492971574700954651e+00
1.512121188082043544e+00
1.525897365104157855e+00
1.533761752407060586e+00
1.535630638101737944e+00
1.532011736826566439e+00
1.524086956042073560e+00
1.513694973229789520e+00
1.503171773308974002e+00
1.495030707897177180e+00
1.491509001523195987e+00
1.494067959767901854e+00
1.502989212976961308e+00
1.517228678378660378e+00
1.534644595213130680e+00
1.552596829671314183e+00
1.568749217097077597e+00
1.581763605183592825e+00
1.591543649287111117e+00
1.598832254415817777e+00
1.604266854735743042e+00
1.607318707937819724e+00
1.605700623994885223e+00
1.595698265891394074e+00
1.573448721520299909e+00
1.536475873383562174e+00
1.483903351973349327e+00
1.413468366953607447e+00
1.315804935415115340e+00
1.173366089038719640e+00
9.792228724289520070e-01
7.846611184043660314e-01
7.401722326128791218e-01
1.000000000000000000e+00
