1.000000000000000000e+00
7.426063469108278303e-01
7.850745272467120062e-01
9.780798262783708674e-01
1.172567377820542545e+00
1.315974009894626429e+00
1.414081354921260969e+00
1.484321638963224554e+00
1.536477079595738093e+00
1.573166988150081602e+00
1.595386167318888937e+00
1.605568600200411700e+00
1.607468891365519514e+00
1.604669458011787730e+00
1.599332001952517013e+00
1.591911446110837236e+00
1.581789007348612941e+00
1.568336033770566518e+00
1.551815444076907635e+00
1.533716804663865618e+00
1.516454839503308616e+00
1.502651277335063984e+00
1.494345973459736632e+00
1.492436368408223801e+00
1.496494800597965913e+00
1.504950504803551414e+00
1.515511678367089665e+00
1.525665741930315011e+00
1.533120663952699303e+00
1.536107103665035778e+00
1.533520444247214787e+00
1.524924793937445289e+00
1.510462056842123202e+00
1.490711806719967170e+00
1.466539301586416544e+00
1.438956533510822089e+00
1.409009391183711379e+00
1.377695033618100418e+00
1.345907868350014969e+00
1.314409590426555807e+00
1.283817749494538418e+00
1.254607494845939142e+00
1.227121912352259425e+00
1.201587327193370358e+00
1.178130883081019098e+00
1.156798518551147570e+00
1.137572110479696308e+00
1.120385048596247657e+00
1.105135863591137912e+00
1.091699781490236054e+00
1.079938243257493324e+00
1.069706532452673553e+00
1.060859712440003877e+00
1.053257101474499802e+00
1.046765519107118347e+00
1.041261528280246873e+00
1.036632879751502312e+00
1.032779343062818489e+00
1.029613083958601294e+00
1.027058723847119825e+00
1.025053193804113416e+00
1.023545474429855329e+00
1.022496293896169250e+00
1.021877839777579844e+00
1.021673525564914753e+00
1.021877839777876718e+00
1.022496293896777653e+00
1.023545474430816782e+00
1.025053193805490537e+00
1.027058723848999655e+00
1.029613083961103071e+00
1.032779343066104527e+00
1.036632879755779779e+00
1.041261528285795990e+00
1.046765519114288168e+00
1.053257101483752844e+00
1.060859712451938996e+00
1.069706532468047921e+00
1.079938243277282828e+00
1.091699781515683698e+00
1.105135863623839754e+00
1.120385048638229408e+00
1.137572110533545011e+00
1.156798518620141270e+00
1.178130883169327792e+00
1.201587327306275155e+00
1.227121912496457634e+00
1.254607495029925524e+00
1.283817749729065483e+00
1.314409590725254429e+00
1.345907868730149559e+00
1.377695034101582561e+00
1.409009391798372146e+00
1.438956534292052947e+00
1.466539302579300097e+00
1.490711807982040726e+00
1.510462058446942368e+00
1.524924795979181846e+00
1.533520446846532659e+00
1.536107106976486225e+00
1.533120668173887813e+00
1.525665747312825671e+00
1.515511685229060213e+00
1.504950513543216406e+00
1.496494811707111738e+00
1.492436382483815605e+00
1.494345991211714963e+00
1.502651299588199096e+00
1.516454867191362021e+00
1.533716838814776606e+00
1.551815485787577664e+00
1.568336084168236555e+00
1.581789067532554327e+00
1.591911517064587889e+00
1.599332084416825062e+00
1.604669552316004610e+00
1.607468997231698005e+00
1.605568716554510722e+00
1.595386292156632857e+00
1.573167118501971329e+00
1.536477211618224592e+00
1.484321768160449029e+00
1.414081476480471000e+00
1.315974119089992289e+00
1.172567470402440470e+00
9.780798987517722587e-01
7.850745769956820608e-01
7.426063722122134836e-01
1.000000000000000000e+00
