1.000000000000000000e+00
8.467906629914664363e-01
8.396916872923217978e-01
9.556424022075048486e-01
1.123868059261639463e+00
1.285764645466589418e+00
1.412220790521608871e+00
1.498599764582933203e+00
1.552738500003230993e+00
1.584880337305501818e+00
1.602591039361012770e+00
1.609928195426419295e+00
1.608777492739002613e+00
1.600537625585886969e+00
1.587175582563025378e+00
1.571424342979412581e+00
1.556340919976809234e+00
1.544605213983050840e+00
1.537908008392763648e+00
1.536641086197060746e+00
1.539942272635661080e+00
1.546020778869261036e+00
1.552623077401950935e+00
1.557497293741852973e+00
1.558754578620895614e+00
1.555081719543706775e+00
1.545807928921819174e+00
1.530858915485646010e+00
1.510642106894469983e+00
1.485903568721929746e+00
1.457586710723709711e+00
1.426710920593937670e+00
1.394278123381707868e+00
1.361208170512710369e+00
1.328299839363889179e+00
1.296212397614199041e+00
1.265462363433695892e+00
1.236430602774808873e+00
1.209375775059976066e+00
1.184451078203232033e+00
1.161722100618761688e+00
1.141184298808354702e+00
1.122779172976072770e+00
1.106408624124317175e+00
1.091947268269522597e+00
1.079252682122562979e+00
1.068173682559045989e+00
1.058556818275705469e+00
1.050251291037110901e+00
1.043112537231868808e+00
1.037004696618028632e+00
1.031802180458669449e+00
1.027390530332961571e+00
1.023666735046750320e+00
1.020539148554520992e+00
1.017927128177672724e+00
1.015760490628706325e+00
1.013978863968002964e+00
1.012530996861548571e+00
1.011374072386612921e+00
1.010473062013153012e+00
1.009800146041405444e+00
1.009334219416891720e+00
1.009060496161423792e+00
1.008970221335277140e+00
1.009060496164591481e+00
1.009334219423389634e+00
1.009800146051569758e+00
1.010473062027499536e+00
1.011374072405877733e+00
1.012530996886709778e+00
1.013978864000336433e+00
1.015760490669843863e+00
1.017927128229687117e+00
1.020539148620011938e+00
1.023666735128988536e+00
1.027390530436044447e+00
1.031802180587710005e+00
1.037004696779416424e+00
1.043112537433580789e+00
1.050251291289113542e+00
1.058556818590446147e+00
1.068173682952092474e+00
1.079252682613396130e+00
1.091947268882548894e+00
1.106408624890163894e+00
1.122779173933235564e+00
1.141184300005313457e+00
1.161722102116696576e+00
1.184451080079525154e+00
1.209375777412728503e+00
1.236430605728706444e+00
1.265462367147577094e+00
1.296212402290879639e+00
1.328299845262844503e+00
1.361208177966452881e+00
1.394278132816769045e+00
1.426710932557621270e+00
1.457586725917787263e+00
1.485903588044565238e+00
1.510642131491401141e+00
1.530858946811136878e+00
1.545807968809013833e+00
1.555081770282312981e+00
1.558754643037938648e+00
1.557497375278204865e+00
1.552623180173926531e+00
1.546020907701119551e+00
1.539942433045744741e+00
1.536641284318005063e+00
1.537908250804312926e+00
1.544605507434228642e+00
1.556341270972271928e+00
1.571424757205357459e+00
1.587176064136798015e+00
1.600538176139911561e+00
1.608778110400854944e+00
1.609928873829836293e+00
1.602591766895991698e+00
1.584881096852751581e+00
1.552739269363865082e+00
1.498600517695624967e+00
1.412221499377412703e+00
1.285765282429903289e+00
1.123868599346957708e+00
9.556428248301603867e-01
8.396919771838287083e-01
8.467908103122508967e-01
1.000000000000000000e+00
