1.000000000000000000e+00
8.201279778608512316e-01
8.200713895580118429e-01
9.564781175715910688e-01
1.137960180966111956e+00
1.300100583730022574e+00
1.418565898204728004e+00
1.495843213365176227e+00
1.544304976057482737e+00
1.575384681493978700e+00
1.595804834130173155e+00
1.608092249825148423e+00
1.612551773405479283e+00
1.609108852178051885e+00
1.598468295174798159e+00
1.582530312382474547e+00
1.564184572550290531e+00
1.546694316543652192e+00
1.532940109394184125e+00
1.524786231884764476e+00
1.522749636042209032e+00
1.526024601697301142e+00
1.532798218562327008e+00
1.540722314101115487e+00
1.547397675600374667e+00
1.550762138327068662e+00
1.549329275296505326e+00
1.542275320319026699e+00
1.529405243091970679e+00
1.511042240563325922e+00
1.487883053737607097e+00
1.460851484659662525e+00
1.430970274717380031e+00
1.399260802285125171e+00
1.366672376105497744e+00
1.334038303119402968e+00
1.302053760555222262e+00
1.271269994055749697e+00
1.242099790264453718e+00
1.214830023200240028e+00
1.189638029480446058e+00
1.166609455619765257e+00
1.145755966549139249e+00
1.127031790732541339e+00
1.110348515523780222e+00
1.095587860226344024e+00
1.082612369521579909e+00
1.071274110107746536e+00
1.061421538255255426e+00
1.052904751170601116e+00
1.045579352595033207e+00
1.039309161993221986e+00
1.033967983719953354e+00
1.029440632586766657e+00
1.025623388802079594e+00
1.022424030788941618e+00
1.019761570556279473e+00
1.017565794169377424e+00
1.015776690039434271e+00
1.014343830504109256e+00
1.013225757538888772e+00
1.012389411295541830e+00
1.011809630275276817e+00
1.011468744008886977e+00
1.011356272797754308e+00
1.011468744011489562e+00
1.011809630280615879e+00
1.012389411303896924e+00
1.013225757550684447e+00
1.014343830519956580e+00
1.015776690060142595e+00
1.017565794196005680e+00
1.019761570590179689e+00
1.022424030831838637e+00
1.025623388856134799e+00
1.029440632654703869e+00
1.033967983805191171e+00
1.039309162100029660e+00
1.045579352728754907e+00
1.052904751337918388e+00
1.061421538464525360e+00
1.071274110369424770e+00
1.082612369848763301e+00
1.095587860635441224e+00
1.110348516035383648e+00
1.127031791372528291e+00
1.145755967350085003e+00
1.166609456622751173e+00
1.189638030737393493e+00
1.214830024776911932e+00
1.242099792244328649e+00
1.271269996545066894e+00
1.302053763689483556e+00
1.334038307071804930e+00
1.366672381097831845e+00
1.399260808601829442e+00
1.430970282723523557e+00
1.460851494823842245e+00
1.487883066660718345e+00
1.511042257014257428e+00
1.529405264051022950e+00
1.542275347029383292e+00
1.549329309323298043e+00
1.550762181622171942e+00
1.547397730569198604e+00
1.540722383665294348e+00
1.532798306209535832e+00
1.526024711506870357e+00
1.522749772672990831e+00
1.524786400509889450e+00
1.532940315565441747e+00
1.546694565965665014e+00
1.564184870741383904e+00
1.582530664197696613e+00
1.598468704172933297e+00
1.609109319837422669e+00
1.612552298239466442e+00
1.608092826514686768e+00
1.595805452857529172e+00
1.575385327696843696e+00
1.544305630792756734e+00
1.495843854365235925e+00
1.418566501543440772e+00
1.300101125833051041e+00
1.137960640562789338e+00
9.564784771717389500e-01
8.200716362035442852e-01
8.201281032011313865e-01
1.000000000000000000e+00
