1.000000000000000000e+00
1.035710048227412861e+00
1.080056330861034031e+00
1.136308369183622435e+00
1.203834429238769044e+00
1.279345812817433758e+00
1.358023779098041839e+00
1.434551428240512516e+00
1.503985261779347216e+00
1.562379746751067611e+00
1.607119258523555416e+00
1.636975987624254891e+00
1.651962191902063060e+00
1.653063987054588901e+00
1.641935460498343158e+00
1.620609309100853546e+00
1.591255563795613170e+00
1.556000135860042599e+00
1.516801899163568779e+00
1.475380047117874183e+00
1.433180820570172820e+00
1.391372718010870591e+00
1.350860688652769204e+00
1.312311717971540670e+00
1.276186140923099899e+00
1.242770706869734232e+00
1.212210779064465838e+00
1.184540078804363628e+00
1.159707122852999817e+00
1.137598010174734942e+00
1.118055546986029158e+00
1.100894905785170685e+00
1.085916132167857873e+00
1.072913870991532903e+00
1.061684701017670873e+00
1.052032458747169663e+00
1.043771907656432685e+00
1.036731075296846161e+00
1.030752542489088652e+00
1.025693929402982540e+00
1.021427784890368340e+00
1.017841049491753580e+00
1.014834229955650313e+00
1.012320394352814068e+00
1.010224072079313418e+00
1.008480122135928969e+00
1.007032615805300013e+00
1.005833765881390729e+00
1.004842923546984235e+00
1.004025655436201481e+00
1.003352906961964663e+00
1.002800253261390218e+00
1.002347235781102297e+00
1.001976780296643721e+00
1.001674690787102362e+00
1.001429212860101670e+00
1.001230660175023601e+00
1.001071097408824384e+00
1.000944073644299603e+00
1.000844400554856017e+00
1.000767970353449110e+00
1.000711609123529300e+00
1.000672961827549834e+00
1.000650405974333745e+00
1.000642991610167121e+00
1.000650405974333745e+00
1.000672961827549834e+00
1.000711609123529300e+00
1.000767970353449110e+00
1.000844400554856017e+00
1.000944073644299603e+00
1.001071097408824384e+00
1.001230660175023601e+00
1.001429212860101670e+00
1.001674690787102362e+00
1.001976780296643721e+00
1.002347235781102297e+00
1.002800253261390218e+00
1.003352906961964663e+00
1.004025655436201481e+00
1.004842923546984235e+00
1.005833765881390729e+00
1.007032615805300013e+00
1.008480122135928969e+00
1.010224072079313418e+00
1.012320394352814068e+00
1.014834229955650313e+00
1.017841049491753358e+00
1.021427784890368340e+00
1.025693929402982763e+00
1.030752542489088652e+00
1.036731075296846161e+00
1.043771907656432463e+00
1.052032458747169441e+00
1.061684701017670651e+00
1.072913870991532903e+00
1.085916132167857207e+00
1.100894905785170241e+00
1.118055546986028714e+00
1.137598010174734942e+00
1.159707122853000261e+00
1.184540078804362739e+00
1.212210779064466282e+00
1.242770706869734454e+00
1.276186140923100343e+00
1.312311717971540670e+00
1.350860688652768982e+00
1.391372718010871479e+00
1.433180820570172820e+00
1.475380047117873294e+00
1.516801899163569223e+00
1.556000135860042599e+00
1.591255563795612726e+00
1.620609309100852657e+00
1.641935460498341826e+00
1.653063987054590012e+00
1.651962191902064392e+00
1.636975987624253781e+00
1.607119258523553862e+00
1.562379746751066500e+00
1.503985261779347216e+00
1.434551428240510740e+00
1.358023779098040729e+00
1.279345812817434425e+00
1.203834429238770376e+00
1.136308369183621103e+00
1.080056330861032921e+00
1.035710048227411306e+00
1.000000000000000000e+00
