1.000000000000000000e+00
1.015796957481231555e+00
1.031369368711124723e+00
1.046404861969521871e+00
1.060510541553252528e+00
1.073249489692919667e+00
1.084194177776063084e+00
1.092982960115878033e+00
1.099367076150390643e+00
1.103239389708726925e+00
1.104641312901754491e+00
1.103749465067282109e+00
1.100847328492175148e+00
1.096288872403618164e+00
1.090460929591466011e+00
1.083749614223461055e+00
1.076514006869525364e+00
1.069068331777486502e+00
1.061672296365568480e+00
1.054528290109838728e+00
1.047783706943403281e+00
1.041536627490890821e+00
1.035843319320647327e+00
1.030726350630788879e+00
1.026182469538956976e+00
1.022189720307396188e+00
1.018713523168654822e+00
1.015711630540907517e+00
1.013137995893203191e+00
1.010945664248146247e+00
1.009088828329325782e+00
1.007524203517813355e+00
1.006211867721932496e+00
1.005115696232810718e+00
1.004203501703993862e+00
1.003446968851578802e+00
1.002821454275689472e+00
1.002305704959274957e+00
1.001881534878826585e+00
1.001533487746539164e+00
1.001248504959266539e+00
1.001015611019290708e+00
1.000825623650219320e+00
1.000670892208442631e+00
1.000545065474459649e+00
1.000442888233889160e+00
1.000360025008061760e+00
1.000292908695744831e+00
1.000238611606959482e+00
1.000194736305116017e+00
1.000159323749427953e+00
1.000130776390952381e+00
1.000107794083938462e+00
1.000089320902552981e+00
1.000074501183973341e+00
1.000062643340835500e+00
1.000053190192823349e+00
1.000045694755202330e+00
1.000039800590487582e+00
1.000035225978403552e+00
1.000031751290197723e+00
1.000029209067977876e+00
1.000027476410227045e+00
1.000026469353155756e+00
1.000026139016427562e+00
1.000026469353155756e+00
1.000027476410227045e+00
1.000029209067977876e+00
1.000031751290197723e+00
1.000035225978403552e+00
1.000039800590487582e+00
1.000045694755202330e+00
1.000053190192823349e+00
1.000062643340835500e+00
1.000074501183973341e+00
1.000089320902552981e+00
1.000107794083938462e+00
1.000130776390952381e+00
1.000159323749427953e+00
1.000194736305116017e+00
1.000238611606959482e+00
1.000292908695744831e+00
1.000360025008061760e+00
1.000442888233889160e+00
1.000545065474459649e+00
1.000670892208442631e+00
1.000825623650219320e+00
1.001015611019290708e+00
1.001248504959266539e+00
1.001533487746539164e+00
1.001881534878826585e+00
1.002305704959274957e+00
1.002821454275689472e+00
1.003446968851578802e+00
1.004203501703993640e+00
1.005115696232810718e+00
1.006211867721932496e+00
1.007524203517813355e+00
1.009088828329325782e+00
1.010945664248146025e+00
1.013137995893203191e+00
1.015711630540907295e+00
1.018713523168655044e+00
1.022189720307395744e+00
1.026182469538956976e+00
1.030726350630788435e+00
1.035843319320646883e+00
1.041536627490890599e+00
1.047783706943402837e+00
1.054528290109838284e+00
1.061672296365568036e+00
1.069068331777486280e+00
1.076514006869524698e+00
1.083749614223459945e+00
1.090460929591464678e+00
1.096288872403617498e+00
1.100847328492174038e+00
1.103749465067280999e+00
1.104641312901753603e+00
1.103239389708725593e+00
1.099367076150389533e+00
1.092982960115875812e+00
1.084194177776061752e+00
1.073249489692919001e+00
1.060510541553251640e+00
1.046404861969521205e+00
1.031369368711124501e+00
1.015796957481231111e+00
1.000000000000000000e+00
