1.000000000000000000e+00
1.015648177414508746e+00
1.045106600251226148e+00
1.093212613992341042e+00
1.158776251005009694e+00
1.236955265250984537e+00
1.321199811084405651e+00
1.404797003608718953e+00
1.481954649000613244e+00
1.548384466075064081e+00
1.601438893492328486e+00
1.639940196105994952e+00
1.663864204892722576e+00
1.674005753447624034e+00
1.671693432215500819e+00
1.658571144556537202e+00
1.636437216617844248e+00
1.607125223579840112e+00
1.572414307748460915e+00
1.533962326508904628e+00
1.493258815765328373e+00
1.451595992351903952e+00
1.410055790544286314e+00
1.369510274914207182e+00
1.330632317794433694e+00
1.293913374817936779e+00
1.259685484701746905e+00
1.228145117638536732e+00
1.199377063306231062e+00
1.173377089310373877e+00
1.150072562896117923e+00
1.129340595336514541e+00
1.111023541992267161e+00
1.094941883900525159e+00
1.080904644283591676e+00
1.068717570533928907e+00
1.058189352001810857e+00
1.049136156862756852e+00
1.041384765792410905e+00
1.034774562521658448e+00
1.029158616416937289e+00
1.024404063615656835e+00
1.020391963542944813e+00
1.017016778661455234e+00
1.014185598264747634e+00
1.011817202742598232e+00
1.009841043387430082e+00
1.008196194569125126e+00
1.006830319887787040e+00
1.005698681503052638e+00
1.004763211943678458e+00
1.003991659998344055e+00
1.003356816448572886e+00
1.002835821111550008e+00
1.002409549626120722e+00
1.002062076383192668e+00
1.001780208752813595e+00
1.001553087109621654e+00
1.001371844955595725e+00
1.001229323562757179e+00
1.001119835914417777e+00
1.001038975238944140e+00
1.000983464051673266e+00
1.000951040308866169e+00
1.000940378006615727e+00
1.000951040308866169e+00
1.000983464051673266e+00
1.001038975238944140e+00
1.001119835914417777e+00
1.001229323562757179e+00
1.001371844955595725e+00
1.001553087109621654e+00
1.001780208752813595e+00
1.002062076383192668e+00
1.002409549626120722e+00
1.002835821111550008e+00
1.003356816448572886e+00
1.003991659998344055e+00
1.004763211943678458e+00
1.005698681503052638e+00
1.006830319887787040e+00
1.008196194569125126e+00
1.009841043387430304e+00
1.011817202742598232e+00
1.014185598264747634e+00
1.017016778661455234e+00
1.020391963542944813e+00
1.024404063615656613e+00
1.029158616416937289e+00
1.034774562521658670e+00
1.041384765792410905e+00
1.049136156862756852e+00
1.058189352001810635e+00
1.068717570533928685e+00
1.080904644283591454e+00
1.094941883900524937e+00
1.111023541992266050e+00
1.129340595336514097e+00
1.150072562896117478e+00
1.173377089310373877e+00
1.199377063306231284e+00
1.228145117638535844e+00
1.259685484701747127e+00
1.293913374817936335e+00
1.330632317794433916e+00
1.369510274914206738e+00
1.410055790544286092e+00
1.451595992351905506e+00
1.493258815765328373e+00
1.533962326508902851e+00
1.572414307748462026e+00
1.607125223579839890e+00
1.636437216617843804e+00
1.658571144556536536e+00
1.671693432215499264e+00
1.674005753447624922e+00
1.663864204892723686e+00
1.639940196105994952e+00
1.601438893492327820e+00
1.548384466075063637e+00
1.481954649000613911e+00
1.404797003608718287e+00
1.321199811084404763e+00
1.236955265250985425e+00
1.158776251005010138e+00
1.093212613992340376e+00
1.045106600251225260e+00
1.015648177414507192e+00
1.000000000000000000e+00
