1.000000000000000000e+00
1.080319029179740653e+00
1.160796154549411208e+00
1.240375022663123161e+00
1.316962737001611483e+00
1.387791522983812698e+00
1.449901917069893242e+00
1.500649557775891152e+00
1.538126546695775643e+00
1.561414197014046712e+00
1.570636172554665588e+00
1.566836098275065536e+00
1.551740623199684643e+00
1.527479141228156090e+00
1.496319518906643387e+00
1.460456503365434200e+00
1.421866672159278311e+00
1.382227040083393144e+00
1.342885293519416434e+00
1.304866722818615266e+00
1.268903932077005248e+00
1.235478219182964077e+00
1.204864717690149911e+00
1.177176225888543648e+00
1.152402840833506081e+00
1.130446056942080890e+00
1.111146988366609412e+00
1.094308969374904850e+00
1.079715102487945444e+00
1.067141458282899968e+00
1.056366654137948835e+00
1.047178499586248757e+00
1.039378324284099486e+00
1.032783520088976559e+00
1.027228742810857964e+00
1.022566138262856805e+00
1.018664884564086881e+00
1.015410279568740526e+00
1.012702548975600969e+00
1.010455506600727471e+00
1.008595162601202189e+00
1.007058347083206629e+00
1.005791394439171205e+00
1.004748916900735312e+00
1.003892683215970472e+00
1.003190609215973472e+00
1.002615860600531539e+00
1.002146063930775766e+00
1.001762619063068627e+00
1.001450104683103692e+00
1.001195767876850162e+00
1.000989088551529571e+00
1.000821409800986217e+00
1.000685625848985127e+00
1.000575919894027388e+00
1.000487544942842089e+00
1.000416641503641069e+00
1.000360086778535607e+00
1.000315370725442188e+00
1.000280495040785977e+00
1.000253891740206402e+00
1.000234358585148753e+00
1.000221009122081561e+00
1.000213235573313320e+00
1.000210683251681054e+00
1.000213235573313320e+00
1.000221009122081561e+00
1.000234358585148753e+00
1.000253891740206402e+00
1.000280495040785977e+00
1.000315370725442188e+00
1.000360086778535607e+00
1.000416641503641069e+00
1.000487544942842089e+00
1.000575919894027388e+00
1.000685625848985127e+00
1.000821409800986217e+00
1.000989088551529571e+00
1.001195767876850162e+00
1.001450104683103692e+00
1.001762619063068627e+00
1.002146063930775766e+00
1.002615860600531539e+00
1.003190609215973472e+00
1.003892683215970472e+00
1.004748916900735312e+00
1.005791394439171205e+00
1.007058347083206629e+00
1.008595162601202189e+00
1.010455506600727471e+00
1.012702548975600969e+00
1.015410279568740526e+00
1.018664884564086659e+00
1.022566138262856805e+00
1.027228742810857742e+00
1.032783520088976559e+00
1.039378324284099042e+00
1.047178499586248757e+00
1.056366654137948835e+00
1.067141458282899746e+00
1.079715102487945666e+00
1.094308969374904628e+00
1.111146988366609856e+00
1.130446056942080668e+00
1.152402840833506081e+00
1.177176225888543426e+00
1.204864717690150133e+00
1.235478219182964521e+00
1.268903932077005470e+00
1.304866722818615044e+00
1.342885293519417322e+00
1.382227040083393810e+00
1.421866672159278089e+00
1.460456503365433978e+00
1.496319518906642276e+00
1.527479141228157422e+00
1.551740623199685087e+00
1.566836098275064426e+00
1.570636172554665810e+00
1.561414197014047600e+00
1.538126546695775421e+00
1.500649557775890486e+00
1.449901917069893464e+00
1.387791522983814030e+00
1.316962737001612593e+00
1.240375022663122273e+00
1.160796154549410986e+00
1.080319029179740653e+00
1.000000000000000000e+00
