1.000000000000000000e+00
1.051205255080977841e+00
1.108106186655275716e+00
1.172664707090741887e+00
1.243992075499672945e+00
1.319173645961132513e+00
1.394095661573246492e+00
1.464267570504470539e+00
1.525561161458979909e+00
1.574767407925907969e+00
1.609906101139726875e+00
1.630284127051629950e+00
1.636352785045277036e+00
1.629443073249769558e+00
1.611458106476708174e+00
1.584583216439785724e+00
1.551049157001890944e+00
1.512961401418228879e+00
1.472193010974333527e+00
1.430330287692044511e+00
1.388657701545830792e+00
1.348169247626374911e+00
1.309595648264939793e+00
1.273439487950208671e+00
1.240012820599951215e+00
1.209473764361518988e+00
1.181860061849414167e+00
1.157118599124081548e+00
1.135130542918133090e+00
1.115732168029111016e+00
1.098731684018339205e+00
1.083922491441633662e+00
1.071093344611322218e+00
1.060035898794328135e+00
1.050550093609067259e+00
1.042447783432098207e+00
1.035554977734989723e+00
1.029713004463973736e+00
1.024778861013269537e+00
1.020624971962976080e+00
1.017138531663317913e+00
1.014220573487553345e+00
1.011784876289053337e+00
1.009756792152868510e+00
1.008072057616099082e+00
1.006675632718552205e+00
1.005520598053284420e+00
1.004567128913723684e+00
1.003781557191985030e+00
1.003135525414751816e+00
1.002605232796338397e+00
1.002170770081688866e+00
1.001815537935872413e+00
1.001525742451907286e+00
1.001289960783787958e+00
1.001098769795748300e+00
1.000944430818374586e+00
1.000820624013596616e+00
1.000722226396344450e+00
1.000645128183666799e+00
1.000586082802025434e+00
1.000542586553211821e+00
1.000512784601889082e+00
1.000495400593481188e+00
1.000489687836973118e+00
1.000495400593481188e+00
1.000512784601889082e+00
1.000542586553211821e+00
1.000586082802025434e+00
1.000645128183666799e+00
1.000722226396344450e+00
1.000820624013596616e+00
1.000944430818374586e+00
1.001098769795748300e+00
1.001289960783787958e+00
1.001525742451907286e+00
1.001815537935872413e+00
1.002170770081688866e+00
1.002605232796338397e+00
1.003135525414751816e+00
1.003781557191985030e+00
1.004567128913723684e+00
1.005520598053284420e+00
1.006675632718552205e+00
1.008072057616099082e+00
1.009756792152868510e+00
1.011784876289053337e+00
1.014220573487553123e+00
1.017138531663317913e+00
1.020624971962976302e+00
1.024778861013269537e+00
1.029713004463973736e+00
1.035554977734989501e+00
1.042447783432097985e+00
1.050550093609067037e+00
1.060035898794327913e+00
1.071093344611321552e+00
1.083922491441633662e+00
1.098731684018338761e+00
1.115732168029111016e+00
1.135130542918133756e+00
1.157118599124080882e+00
1.181860061849414612e+00
1.209473764361519210e+00
1.240012820599951437e+00
1.273439487950208227e+00
1.309595648264939793e+00
1.348169247626375800e+00
1.388657701545831236e+00
1.430330287692044067e+00
1.472193010974333971e+00
1.512961401418229324e+00
1.551049157001890944e+00
1.584583216439785280e+00
1.611458106476706620e+00
1.629443073249771112e+00
1.636352785045278813e+00
1.630284127051628396e+00
1.609906101139725765e+00
1.574767407925907303e+00
1.525561161458979687e+00
1.464267570504468985e+00
1.394095661573246048e+00
1.319173645961132957e+00
1.243992075499673833e+00
1.172664707090741221e+00
1.108106186655274605e+00
1.051205255080976952e+00
1.000000000000000000e+00
