1.000000000000000000e+00
1.058004487623050327e+00
1.115361792803464924e+00
1.170953419580464283e+00
1.223239107555879945e+00
1.270437143956701487e+00
1.310782558558233335e+00
1.342796637852782027e+00
1.365503937292374959e+00
1.378552907409274386e+00
1.382226128900144291e+00
1.377354924980922268e+00
1.365171792721001642e+00
1.347139363098289522e+00
1.324788781598145171e+00
1.299588769510488184e+00
1.272854368698667082e+00
1.245694794572262287e+00
1.218994064293461799e+00
1.193415750426344957e+00
1.169423282446614643e+00
1.147308582431905588e+00
1.127223640115665892e+00
1.109211394895972091e+00
1.093233754339042685e+00
1.079195671555347902e+00
1.066964953399401672e+00
1.056387942547187153e+00
1.047301480962568698e+00
1.039541683774313885e+00
1.032950081563570155e+00
1.027377662581363760e+00
1.022687290250619219e+00
1.018754902493131942e+00
1.015469828618942083e+00
1.012734492930307706e+00
1.010463715035514243e+00
1.008583766411594862e+00
1.007031301079161612e+00
1.005752244751558999e+00
1.004700700544457037e+00
1.003837909202764056e+00
1.003131286747680706e+00
1.002553551477605609e+00
1.002081944501821642e+00
1.001697542705989541e+00
1.001384659634662722e+00
1.001130327737328907e+00
1.000923854374745403e+00
1.000756443623048497e+00
1.000620876018261773e+00
1.000511238785513290e+00
1.000422699673841453e+00
1.000351318182237437e+00
1.000293888656334840e+00
1.000247810418552374e+00
1.000210980743142519e+00
1.000181707087592242e+00
1.000158635536923857e+00
1.000140692906358320e+00
1.000127040382845500e+00
1.000117036971365447e+00
1.000110211353623546e+00
1.000106241070875202e+00
1.000104938216149764e+00
1.000106241070875202e+00
1.000110211353623546e+00
1.000117036971365447e+00
1.000127040382845500e+00
1.000140692906358320e+00
1.000158635536923857e+00
1.000181707087592242e+00
1.000210980743142519e+00
1.000247810418552374e+00
1.000293888656334840e+00
1.000351318182237437e+00
1.000422699673841453e+00
1.000511238785513290e+00
1.000620876018261773e+00
1.000756443623048497e+00
1.000923854374745403e+00
1.001130327737328907e+00
1.001384659634662722e+00
1.001697542705989541e+00
1.002081944501821642e+00
1.002553551477605609e+00
1.003131286747680706e+00
1.003837909202764056e+00
1.004700700544457037e+00
1.005752244751558999e+00
1.007031301079161612e+00
1.008583766411594862e+00
1.010463715035514243e+00
1.012734492930307706e+00
1.015469828618941861e+00
1.018754902493131942e+00
1.022687290250619219e+00
1.027377662581363760e+00
1.032950081563570155e+00
1.039541683774313885e+00
1.047301480962568920e+00
1.056387942547186931e+00
1.066964953399402116e+00
1.079195671555347680e+00
1.093233754339042685e+00
1.109211394895971869e+00
1.127223640115665892e+00
1.147308582431906254e+00
1.169423282446614198e+00
1.193415750426344513e+00
1.218994064293461799e+00
1.245694794572262287e+00
1.272854368698666416e+00
1.299588769510487296e+00
1.324788781598144505e+00
1.347139363098289300e+00
1.365171792721000532e+00
1.377354924980921158e+00
1.382226128900144291e+00
1.378552907409274164e+00
1.365503937292373626e+00
1.342796637852780472e+00
1.310782558558232891e+00
1.270437143956701931e+00
1.223239107555879501e+00
1.170953419580463839e+00
1.115361792803465368e+00
1.058004487623050105e+00
1.000000000000000000e+00
