1.000000000000000000e+00
7.409132850016174610e-01
7.840517158734761072e-01
9.775161495539457235e-01
1.171500883498231005e+00
1.314126610905522519e+00
1.411796223740761080e+00
1.482015073358486701e+00
1.534347836702524948e+00
1.571217698751181002e+00
1.593543513231476583e+00
1.603766836869804591e+00
1.605685547624572385e+00
1.602938862637081519e+00
1.597742833267277840e+00
1.590580719006399635e+00
1.580815322202983264e+00
1.567751974194769415e+00
1.551563112453618665e+00
1.533658574496910898e+00
1.516413652805077561e+00
1.502462625239125105e+00
1.493901924088489430e+00
1.491708650890809063e+00
1.495533827953451800e+00
1.503865535449560920e+00
1.514441534034639325e+00
1.524749484736733551e+00
1.532474828068379091e+00
1.535812367441236281e+00
1.533617485462658525e+00
1.525417181971427505e+00
1.511323402258342163e+00
1.491894635398732127e+00
1.467983794757289573e+00
1.440598025021758710e+00
1.410784140181320812e+00
1.379544224452667667e+00
1.347780039097923765e+00
1.316261800605701637e+00
1.285615815644278515e+00
1.256325590652686675e+00
1.228741776613604841e+00
1.203097265592856679e+00
1.179524697619821483e+00
1.158074455281423720e+00
1.138731882547465490e+00
1.121432966644049678e+00
1.106078087825241196e+00
1.092543697642532674e+00
1.080691956886924876e+00
1.070378471393040654e+00
1.061458324810107046e+00
1.053790635833651068e+00
1.047241873547318125e+00
1.041688156113662389e+00
1.037016740700072104e+00
1.033126890286389932e+00
1.029930278729295434e+00
1.027351071095744084e+00
1.025325793067938474e+00
1.023803081882663113e+00
1.022743392121217232e+00
1.022118712743322222e+00
1.021912336880550054e+00
1.022118712743103730e+00
1.022743392120768480e+00
1.023803081881970556e+00
1.025325793066978575e+00
1.027351071094483315e+00
1.029930278727689830e+00
1.033126890284391530e+00
1.037016740697614958e+00
1.041688156110682995e+00
1.047241873543729440e+00
1.053790635829365607e+00
1.061458324805032216e+00
1.070378471387065433e+00
1.080691956879930471e+00
1.092543697634386080e+00
1.106078087815803634e+00
1.121432966633156170e+00
1.138731882534930628e+00
1.158074455267011915e+00
1.179524697603236083e+00
1.203097265573682684e+00
1.228741776591260937e+00
1.256325590626336197e+00
1.285615815612676904e+00
1.316261800567012141e+00
1.347780039049419898e+00
1.379544224390367946e+00
1.410784140099461847e+00
1.440598024912103980e+00
1.467983794608256343e+00
1.491894635194316754e+00
1.511323401976859326e+00
1.525417181584107995e+00
1.533617484932225938e+00
1.535812366720602284e+00
1.532474827099702175e+00
1.524749483450926535e+00
1.514441532351443298e+00
1.503865533277841005e+00
1.495533825191121213e+00
1.491708647423275913e+00
1.493901919784585974e+00
1.502462619944054278e+00
1.516413646331513876e+00
1.533658566617646768e+00
1.551563102901102997e+00
1.567751962673001431e+00
1.580815308414128317e+00
1.590580702688747072e+00
1.597742814235892483e+00
1.602938840818293187e+00
1.605685523082219124e+00
1.603766809830079243e+00
1.593543484114261055e+00
1.571217668202748552e+00
1.534347805606813386e+00
1.482015042801300586e+00
1.411796194923445658e+00
1.314126585030668704e+00
1.171500861650970116e+00
9.775161325913838128e-01
7.840517043529664498e-01
7.409132791969668119e-01
1.000000000000000000e+00
