1.000000000000000000e+00
1.028521661257628006e+00
1.056651378198248503e+00
1.083822788815037574e+00
1.109310424139714479e+00
1.132301258900864083e+00
1.151999040926676265e+00
1.167734189619219931e+00
1.179054182005409457e+00
1.185777041214775229e+00
1.188001365400306319e+00
1.186076868546096730e+00
1.180546814976757064e+00
1.172076752716004311e+00
1.161382978583097580e+00
1.149170639874104394e+00
1.136086967967836481e+00
1.122691151614594540e+00
1.109439486058600988e+00
1.096682824522980049e+00
1.084672811254195679e+00
1.073573552407967036e+00
1.063475950773765222e+00
1.054412637487457394e+00
1.046372115770424660e+00
1.039311304636708400e+00
1.033166106193306621e+00
1.027859923430219702e+00
1.023310247106035797e+00
1.019433536362757131e+00
1.016148662802152991e+00
1.013379192728432576e+00
1.011054763159948688e+00
1.009111775604705663e+00
1.007493595298967648e+00
1.006150407542962144e+00
1.005038849739478213e+00
1.004121509104836774e+00
1.003366352189582811e+00
1.002746133161915854e+00
1.002237812806453077e+00
1.001822008775584472e+00
1.001482489175229196e+00
1.001205715482321734e+00
1.000980436556714093e+00
1.000797332684314700e+00
1.000648706810205901e+00
1.000528219102525762e+00
1.000430660506609337e+00
1.000351760833953163e+00
1.000288027055513007e+00
1.000236607740879746e+00
1.000195179938776269e+00
1.000161855183999249e+00
1.000135101711377317e+00
1.000113680338808875e+00
1.000096591837750015e+00
1.000083033934506371e+00
1.000072366377455557e+00
1.000064082764121842e+00
1.000057788050027208e+00
1.000053180861369073e+00
1.000050039909392341e+00
1.000048213959632060e+00
1.000047614947771724e+00
1.000048213959632060e+00
1.000050039909392341e+00
1.000053180861369073e+00
1.000057788050027208e+00
1.000064082764121842e+00
1.000072366377455557e+00
1.000083033934506371e+00
1.000096591837750015e+00
1.000113680338808875e+00
1.000135101711377317e+00
1.000161855183999249e+00
1.000195179938776269e+00
1.000236607740879746e+00
1.000288027055513007e+00
1.000351760833953163e+00
1.000430660506609337e+00
1.000528219102525762e+00
1.000648706810205901e+00
1.000797332684314700e+00
1.000980436556714093e+00
1.001205715482321734e+00
1.001482489175229196e+00
1.001822008775584472e+00
1.002237812806453077e+00
1.002746133161915854e+00
1.003366352189582811e+00
1.004121509104836774e+00
1.005038849739478213e+00
1.006150407542962144e+00
1.007493595298967426e+00
1.009111775604705663e+00
1.011054763159948688e+00
1.013379192728432576e+00
1.016148662802152991e+00
1.019433536362756909e+00
1.023310247106035797e+00
1.027859923430219480e+00
1.033166106193306844e+00
1.039311304636707955e+00
1.046372115770424660e+00
1.054412637487456950e+00
1.063475950773764778e+00
1.073573552407967258e+00
1.084672811254195235e+00
1.096682824522979605e+00
1.109439486058600766e+00
1.122691151614594540e+00
1.136086967967836037e+00
1.149170639874103506e+00
1.161382978583096470e+00
1.172076752716004311e+00
1.180546814976755954e+00
1.186076868546095842e+00
1.188001365400306097e+00
1.185777041214774119e+00
1.179054182005408347e+00
1.167734189619218377e+00
1.151999040926675599e+00
1.132301258900863861e+00
1.109310424139713591e+00
1.083822788815036908e+00
1.056651378198248725e+00
1.028521661257627784e+00
1.000000000000000000e+00
