1.000000000000000000e+00
1.063747013279030318e+00
1.126850573278869394e+00
1.188106941909479630e+00
1.245813941461921814e+00
1.297979650816938557e+00
1.342619272507418859e+00
1.378064665299334246e+00
1.403213228724527584e+00
1.417665554449036858e+00
1.421736038576495220e+00
1.416354198560150435e+00
1.402895944135051476e+00
1.382989660547753852e+00
1.358334635660386036e+00
1.330555512541676588e+00
1.301102219148927208e+00
1.271193983895315460e+00
1.241799753026784581e+00
1.213644993920920401e+00
1.187235194745853484e+00
1.162888066424610178e+00
1.140768572288725080e+00
1.120922900602845607e+00
1.103309108548252926e+00
1.087823349180344845e+00
1.074321389580664254e+00
1.062635619666431497e+00
1.052588020353513620e+00
1.043999678238147322e+00
1.036697456541169515e+00
1.030518398221223597e+00
1.025312373846065217e+00
1.020943411528080436e+00
1.017290069777790906e+00
1.014245142698830371e+00
1.011714923679875699e+00
1.009618199823386409e+00
1.007885104788964759e+00
1.006455921844439327e+00
1.005279900696528950e+00
1.004314129978744141e+00
1.003522490981287651e+00
1.002874706275975525e+00
1.002345488402249352e+00
1.001913787957373403e+00
1.001562136629539967e+00
1.001276078404049974e+00
1.001043680946786418e+00
1.000855118704819580e+00
1.000702319316639555e+00
1.000578665311640414e+00
1.000478743666725068e+00
1.000398136481691846e+00
1.000333246768511763e+00
1.000281154078313861e+00
1.000239495386129995e+00
1.000206367300745525e+00
1.000180246257690087e+00
1.000159923885200586e+00
1.000144455207797600e+00
1.000133117774027136e+00
1.000125380170087119e+00
1.000120878715741179e+00
1.000119401440714428e+00
1.000120878715741179e+00
1.000125380170087119e+00
1.000133117774027136e+00
1.000144455207797600e+00
1.000159923885200586e+00
1.000180246257690087e+00
1.000206367300745525e+00
1.000239495386129995e+00
1.000281154078313861e+00
1.000333246768511763e+00
1.000398136481691846e+00
1.000478743666725068e+00
1.000578665311640414e+00
1.000702319316639555e+00
1.000855118704819580e+00
1.001043680946786418e+00
1.001276078404049974e+00
1.001562136629539967e+00
1.001913787957373403e+00
1.002345488402249352e+00
1.002874706275975525e+00
1.003522490981287651e+00
1.004314129978744141e+00
1.005279900696528950e+00
1.006455921844439327e+00
1.007885104788964759e+00
1.009618199823386409e+00
1.011714923679875699e+00
1.014245142698830371e+00
1.017290069777790684e+00
1.020943411528080436e+00
1.025312373846065217e+00
1.030518398221223597e+00
1.036697456541169515e+00
1.043999678238147322e+00
1.052588020353513842e+00
1.062635619666431275e+00
1.074321389580664698e+00
1.087823349180344623e+00
1.103309108548252926e+00
1.120922900602845385e+00
1.140768572288725080e+00
1.162888066424610845e+00
1.187235194745853040e+00
1.213644993920919957e+00
1.241799753026784581e+00
1.271193983895315682e+00
1.301102219148926764e+00
1.330555512541675700e+00
1.358334635660385148e+00
1.382989660547754074e+00
1.402895944135051032e+00
1.416354198560149324e+00
1.421736038576494998e+00
1.417665554449037080e+00
1.403213228724526696e+00
1.378064665299333358e+00
1.342619272507418415e+00
1.297979650816939223e+00
1.245813941461921592e+00
1.188106941909479186e+00
1.126850573278869616e+00
1.063747013279030096e+00
1.000000000000000000e+00
