1.000000000000000000e+00
7.625142345623107110e-01
7.900250479024261141e-01
9.694503691338256512e-01
1.165054573833893325e+00
1.315996800114181520e+00
1.418517504412418750e+00
1.487871501783049277e+00
1.536684546150284936e+00
1.570844977055238845e+00
1.592819782145650453e+00
1.604756837590519014e+00
1.609174169939698196e+00
1.608221299898809464e+00
1.603007801348493633e+00
1.593712864125940154e+00
1.580326302207489375e+00
1.563461749213787666e+00
1.544750810517682149e+00
1.526649598375591443e+00
1.511810940341908438e+00
1.502340379946295101e+00
1.499237118899479526e+00
1.502187163669447934e+00
1.509715736310426104e+00
1.519588583591115150e+00
1.529305785144126739e+00
1.536549194743251467e+00
1.539497884653536097e+00
1.536984991203434792e+00
1.528514059361422595e+00
1.514176205845210843e+00
1.494513800298470585e+00
1.470368941327138579e+00
1.442742852959005395e+00
1.412680380700232385e+00
1.381184481859025093e+00
1.349159581518866169e+00
1.317379474902859116e+00
1.286474298366888647e+00
1.256931177644952546e+00
1.229103882594551944e+00
1.203227766933370635e+00
1.179437215011013285e+00
1.157783641774596584e+00
1.138252757596240228e+00
1.120780317962513539e+00
1.105265949187698604e+00
1.091584901155128184e+00
1.079597751798082150e+00
1.069158197368532681e+00
1.060119125130918327e+00
1.052337194678414578e+00
1.045676161014898575e+00
1.040009164644803530e+00
1.035220196871399212e+00
1.031204926446023684e+00
1.027871049551843052e+00
1.025138300841109906e+00
1.022938240169505075e+00
1.021213908552936589e+00
1.019919428083693846e+00
1.019019604167593629e+00
1.018489574356332694e+00
1.018314535979362168e+00
1.018489574357067440e+00
1.019019604169103310e+00
1.019919428086061730e+00
1.021213908556295236e+00
1.022938240174040558e+00
1.025138300847072692e+00
1.027871049559564431e+00
1.031204926455929316e+00
1.035220196884042876e+00
1.040009164660877339e+00
1.045676161035294260e+00
1.052337194704263235e+00
1.060119125163643483e+00
1.069158197409939115e+00
1.079597751850442711e+00
1.091584901221322790e+00
1.105265949271357462e+00
1.120780318068221204e+00
1.138252757729776077e+00
1.157783641943269437e+00
1.179437215224047986e+00
1.203227767202428744e+00
1.229103882934394099e+00
1.256931178074273348e+00
1.286474298909402680e+00
1.317379475588667859e+00
1.349159582386283862e+00
1.381184482956866688e+00
1.412680382090807152e+00
1.442742854721972945e+00
1.470368943564495767e+00
1.494513803140926855e+00
1.514176209460361466e+00
1.528514063964058645e+00
1.536984997068395975e+00
1.539497892131460821e+00
1.536549204279236580e+00
1.529305797299153058e+00
1.519588599065309076e+00
1.509715755966556605e+00
1.502187188554111819e+00
1.499237150258603046e+00
1.502340419231086077e+00
1.511810989201317845e+00
1.526649658631508144e+00
1.544750884118771372e+00
1.563461838162243156e+00
1.580326408449528763e+00
1.593712989393133439e+00
1.603007946937018424e+00
1.608221466383161546e+00
1.609174356839676800e+00
1.604757043041518560e+00
1.592820002649374622e+00
1.570845207394882870e+00
1.536684779533755929e+00
1.487871730235313050e+00
1.418517719383677544e+00
1.315996993208394139e+00
1.165054737505597071e+00
9.694504971936873661e-01
7.900251357536621777e-01
7.625142792175229056e-01
1.000000000000000000e+00
