1.000000000000000000e+00
1.061193224751505237e+00
1.126406642333132258e+00
1.196736345528888856e+00
1.270979517966432493e+00
1.346285962798714486e+00
1.418863334882621174e+00
1.484704367444185769e+00
1.540246100250163952e+00
1.582859796848145928e+00
1.611107705940376000e+00
1.624763584146187156e+00
1.624647379206685116e+00
1.612351835500162034e+00
1.589937965800565900e+00
1.559656899480440950e+00
1.523730119820489559e+00
1.484197850555404097e+00
1.442830485716188438e+00
1.401090555165545481e+00
1.360130843203678275e+00
1.320815614800463500e+00
1.283754606190721237e+00
1.249342342085541624e+00
1.217797870493241952e+00
1.189201961723320933e+00
1.163530211355391364e+00
1.140681415511752173e+00
1.120501167428211264e+00
1.102800961378419764e+00
1.087373265017049784e+00
1.074003093029230360e+00
1.062476623876748683e+00
1.052587373935380599e+00
1.044140396408481442e+00
1.036954916735493448e+00
1.030865758353130213e+00
1.025723856563462766e+00
1.021396106205349374e+00
1.017764742030587088e+00
1.014726409674145291e+00
1.012191049940011967e+00
1.010080689563338741e+00
1.008328207230341445e+00
1.006876123907768816e+00
1.005675450871732490e+00
1.004684616645532325e+00
1.003868484793901672e+00
1.003197467658631714e+00
1.002646736193666843e+00
1.002195522662774563e+00
1.001826510756767874e+00
1.001525306384533076e+00
1.001279981759602089e+00
1.001080685255754776e+00
1.000919309694597414e+00
1.000789212143224249e+00
1.000684978856106078e+00
1.000602229630716655e+00
1.000537456517063051e+00
1.000487892497522013e+00
1.000451406416421385e+00
1.000426421078194572e+00
1.000411852043880057e+00
1.000407065238953175e+00
1.000411852043880057e+00
1.000426421078194572e+00
1.000451406416421385e+00
1.000487892497522013e+00
1.000537456517063051e+00
1.000602229630716655e+00
1.000684978856106078e+00
1.000789212143224249e+00
1.000919309694597414e+00
1.001080685255754776e+00
1.001279981759602089e+00
1.001525306384533076e+00
1.001826510756767874e+00
1.002195522662774563e+00
1.002646736193666843e+00
1.003197467658631714e+00
1.003868484793901672e+00
1.004684616645532325e+00
1.005675450871732490e+00
1.006876123907768816e+00
1.008328207230341445e+00
1.010080689563338741e+00
1.012191049940011744e+00
1.014726409674145291e+00
1.017764742030587310e+00
1.021396106205349374e+00
1.025723856563462766e+00
1.030865758353129991e+00
1.036954916735493226e+00
1.044140396408481219e+00
1.052587373935380377e+00
1.062476623876748016e+00
1.074003093029230360e+00
1.087373265017049562e+00
1.102800961378419542e+00
1.120501167428211930e+00
1.140681415511751728e+00
1.163530211355391808e+00
1.189201961723320933e+00
1.217797870493241952e+00
1.249342342085541624e+00
1.283754606190721015e+00
1.320815614800464610e+00
1.360130843203678497e+00
1.401090555165545259e+00
1.442830485716188882e+00
1.484197850555404097e+00
1.523730119820490225e+00
1.559656899480441172e+00
1.589937965800565012e+00
1.612351835500164032e+00
1.624647379206686670e+00
1.624763584146186268e+00
1.611107705940375556e+00
1.582859796848145928e+00
1.540246100250163952e+00
1.484704367444184880e+00
1.418863334882620952e+00
1.346285962798715596e+00
1.270979517966433159e+00
1.196736345528888634e+00
1.126406642333131813e+00
1.061193224751504793e+00
1.000000000000000000e+00
