1.000000000000000000e+00
8.692860614874287073e-01
8.587574289812877071e-01
9.582775241117285070e-01
1.113462978091628974e+00
1.272701856278197763e+00
1.404915846961536596e+00
1.499691460330685233e+00
1.559809976363178752e+00
1.593201706464503875e+00
1.607770050665368711e+00
1.609505403173209004e+00
1.602687406402152126e+00
1.590734993309266043e+00
1.576787399892404906e+00
1.563749056525376879e+00
1.553960683110827912e+00
1.548802102507754741e+00
1.548472252144359684e+00
1.552047015518154716e+00
1.557779269538534628e+00
1.563526832592550653e+00
1.567180487371986342e+00
1.566997019499255073e+00
1.561793253023251227e+00
1.551003118770007072e+00
1.534628792877144488e+00
1.513127467809150639e+00
1.487272281433910992e+00
1.458015980208072992e+00
1.426374467059625673e+00
1.393337683037088937e+00
1.359808496897092045e+00
1.326566357050906531e+00
1.294250744830579558e+00
1.263359192393282981e+00
1.234255147190177038e+00
1.207181822552819916e+00
1.182279092442624746e+00
1.159601322312194371e+00
1.139134718117049472e+00
1.120813311939848678e+00
1.104533099919390748e+00
1.090164129891395106e+00
1.077560527125255296e+00
1.066568568941459683e+00
1.057032991118539433e+00
1.048801745269750674e+00
1.041729437833154970e+00
1.035679676267864169e+00
1.030526532618215141e+00
1.026155313264371927e+00
1.022462799616548290e+00
1.019357099951226031e+00
1.016757229015433417e+00
1.014592510365846856e+00
1.012801877177749388e+00
1.011333130668333524e+00
1.010142201333155798e+00
1.009192446755379002e+00
1.008454010589042493e+00
1.007903260165381232e+00
1.007522314730429303e+00
1.007298672295353192e+00
1.007224940181799644e+00
1.007298672298549969e+00
1.007522314736985836e+00
1.007903260175637250e+00
1.008454010603517581e+00
1.009192446774813900e+00
1.010142201358536607e+00
1.011333130700945659e+00
1.012801877219234870e+00
1.014592510418291349e+00
1.016757229081457936e+00
1.019357100034118835e+00
1.022462799720428972e+00
1.026155313394380819e+00
1.030526532780775995e+00
1.035679676470991240e+00
1.041729438086856252e+00
1.048801745586525280e+00
1.057032991514006426e+00
1.066568569435159208e+00
1.077560527741657115e+00
1.090164130661189779e+00
1.104533100881136765e+00
1.120813313142074774e+00
1.139134719620969349e+00
1.159601324195184580e+00
1.182279094802727748e+00
1.207181825514575424e+00
1.234255150912155763e+00
1.263359197077852381e+00
1.294250750736531508e+00
1.326566364509758067e+00
1.359808506333985090e+00
1.393337694997484943e+00
1.426374482242969144e+00
1.458015999509777672e+00
1.487272305996745869e+00
1.513127499084657268e+00
1.534628832696797618e+00
1.551003169424157502e+00
1.561793317343598275e+00
1.566997100937400633e+00
1.567180590062941192e+00
1.563526961388226777e+00
1.557779429992876219e+00
1.552047213803213310e+00
1.548472494875263061e+00
1.548802396453968333e+00
1.553961034770958927e+00
1.563749471544905845e+00
1.576787882312910227e+00
1.590735544662572831e+00
1.602688024710418935e+00
1.609506081984499071e+00
1.607770778324464356e+00
1.593202465856029093e+00
1.559810745333957582e+00
1.499692212886961862e+00
1.404916555161961123e+00
1.272702492543750008e+00
1.113463517487618182e+00
9.582779461122857834e-01
8.587577183909762546e-01
8.692862085420354212e-01
1.000000000000000000e+00
