1.000000000000000000e+00
8.088273995574403186e-01
8.121050148643275124e-01
9.564739540607402057e-01
1.142050227505247983e+00
1.303161412280087861e+00
1.418245724761735715e+00
1.492570495830771060e+00
1.539617649875710592e+00
1.570619892102153914e+00
1.591749573951050101e+00
1.605196872093354044e+00
1.611145999650721139e+00
1.609376694747466585e+00
1.600269875144452625e+00
1.585278069339552953e+00
1.566907973293790057e+00
1.548286242761481857e+00
1.532476892599986762e+00
1.521791989352892172e+00
1.517318320759238448e+00
1.518780851255112641e+00
1.524735348374336219e+00
1.532984144195454812e+00
1.541069415827701850e+00
1.546714728686189533e+00
1.548134930162920808e+00
1.544189933150011296e+00
1.534400471463685633e+00
1.518866295454092130e+00
1.498131615185673393e+00
1.473035445043326286e+00
1.444572646940455618e+00
1.413779733850973885e+00
1.381650328348833057e+00
1.349079197901085436e+00
1.316830610439026161e+00
1.285525590353152836e+00
1.255642730842963628e+00
1.227527928197635898e+00
1.201409343406397934e+00
1.177414832571813008e+00
1.155589905989059307e+00
1.135914936963680288e+00
1.118320846584982764e+00
1.102702859501848875e+00
1.088932183906992979e+00
1.076865641444414212e+00
1.066353381248605015e+00
1.057244874323324479e+00
1.049393413613805670e+00
1.042659351776961341e+00
1.036912300538524789e+00
1.032032498326391767e+00
1.027911530700002407e+00
1.024452563872050082e+00
1.021570227346517257e+00
1.019190258690641171e+00
1.017249002513720191e+00
1.015692837252931691e+00
1.014477587497222943e+00
1.013567966247973740e+00
1.012937080520122102e+00
1.012566024742457493e+00
1.012443579183559983e+00
1.012566024742290516e+00
1.012937080519779709e+00
1.013567966247444163e+00
1.014477587496478206e+00
1.015692837251943592e+00
1.017249002512444322e+00
1.019190258689025574e+00
1.021570227344492210e+00
1.024452563869539201e+00
1.027911530696898890e+00
1.032032498322573932e+00
1.036912300533848086e+00
1.042659351771241028e+00
1.049393413606817926e+00
1.057244874314788863e+00
1.066353381238176024e+00
1.076865641431649978e+00
1.088932183891339056e+00
1.102702859482577402e+00
1.118320846561148940e+00
1.135914936934033115e+00
1.155589905951930785e+00
1.177414832524960042e+00
1.201409343346786285e+00
1.227527928121136203e+00
1.255642730743931956e+00
1.285525590223889125e+00
1.316830610269011936e+00
1.349079197675986608e+00
1.381650328049196297e+00
1.413779733450562182e+00
1.444572646404134630e+00
1.473035444324532151e+00
1.498131614223404240e+00
1.518866294169600728e+00
1.534400469757041918e+00
1.544189930896858742e+00
1.548134927211882061e+00
1.546714724857303880e+00
1.541069410912113247e+00
1.532984137956070692e+00
1.524735340546520712e+00
1.518780841545910532e+00
1.517318308843696562e+00
1.521791974867372277e+00
1.532476875135216465e+00
1.548286221861800760e+00
1.566907948471843337e+00
1.585278040115159603e+00
1.600269841111120028e+00
1.609376655661244548e+00
1.611145955527565121e+00
1.605196823297507569e+00
1.591749521259007150e+00
1.570619836730975383e+00
1.539617593466774181e+00
1.492570440379702212e+00
1.418245672485350051e+00
1.303161365415093975e+00
1.142050188053790771e+00
9.564739235470275380e-01
8.121049942144238365e-01
8.088273891784285574e-01
1.000000000000000000e+00
