1.000000000000000000e+00
9.967528759829660245e-01
1.016322391932446889e+00
1.064612722597590100e+00
1.137248030330604509e+00
1.224778896816872908e+00
1.316622937171509244e+00
1.403750441246301106e+00
1.480068049572407674e+00
1.542612373418840832e+00
1.590904816577506597e+00
1.625951044356828357e+00
1.649313547016800996e+00
1.662499577292617881e+00
1.666704444482146386e+00
1.662817344413864751e+00
1.651554987643905292e+00
1.633611415105145070e+00
1.609761191027195393e+00
1.580898136706703871e+00
1.548019988840099392e+00
1.512180525961474675e+00
1.474430303941261178e+00
1.435761327466632986e+00
1.397064158251775323e+00
1.359100386754032996e+00
1.322489753685344382e+00
1.287709320309510908e+00
1.255101456940246107e+00
1.224887543645680754e+00
1.197184768629217633e+00
1.172024017033744148e+00
1.149367426343732790e+00
1.129124680481378151e+00
1.111167504705329323e+00
1.095342112567482484e+00
1.081479559425671422e+00
1.069404091774274201e+00
1.058939664254786361e+00
1.049914840477648381e+00
1.042166310834324205e+00
1.035541258934299158e+00
1.029898794715458532e+00
1.025110651524942629e+00
1.021061320105793202e+00
1.017647766973818202e+00
1.014778859851106496e+00
1.012374599743455894e+00
1.010365238552095146e+00
1.008690343096521946e+00
1.007297851151957691e+00
1.006143152464223700e+00
1.005188217485082136e+00
1.004400788502908703e+00
1.003753641635679816e+00
1.003223923514509730e+00
1.002792563143174664e+00
1.002443757124551915e+00
1.002164524982855465e+00
1.001944330496793656e+00
1.001774764640845694e+00
1.001649285785637833e+00
1.001563013135694735e+00
1.001512569906056305e+00
1.001495973400323036e+00
1.001512569906056305e+00
1.001563013135694735e+00
1.001649285785637833e+00
1.001774764640845694e+00
1.001944330496793656e+00
1.002164524982855465e+00
1.002443757124551915e+00
1.002792563143174664e+00
1.003223923514509730e+00
1.003753641635679816e+00
1.004400788502908703e+00
1.005188217485082136e+00
1.006143152464223700e+00
1.007297851151957691e+00
1.008690343096521946e+00
1.010365238552095146e+00
1.012374599743455894e+00
1.014778859851106718e+00
1.017647766973817758e+00
1.021061320105793202e+00
1.025110651524942629e+00
1.029898794715458532e+00
1.035541258934299158e+00
1.042166310834324428e+00
1.049914840477648603e+00
1.058939664254786361e+00
1.069404091774273979e+00
1.081479559425671644e+00
1.095342112567482040e+00
1.111167504705329101e+00
1.129124680481378151e+00
1.149367426343731013e+00
1.172024017033744148e+00
1.197184768629217855e+00
1.224887543645680754e+00
1.255101456940247440e+00
1.287709320309510019e+00
1.322489753685345271e+00
1.359100386754032330e+00
1.397064158251776211e+00
1.435761327466632320e+00
1.474430303941261178e+00
1.512180525961476008e+00
1.548019988840100947e+00
1.580898136706703427e+00
1.609761191027197169e+00
1.633611415105145515e+00
1.651554987643905514e+00
1.662817344413864751e+00
1.666704444482145719e+00
1.662499577292620545e+00
1.649313547016803438e+00
1.625951044356829245e+00
1.590904816577507708e+00
1.542612373418841276e+00
1.480068049572409450e+00
1.403750441246301550e+00
1.316622937171510577e+00
1.224778896816874685e+00
1.137248030330605619e+00
1.064612722597590100e+00
1.016322391932446445e+00
9.967528759829643592e-01
1.000000000000000000e+00
