1.000000000000000000e+00
7.457702212210842729e-01
7.856709395643979299e-01
9.766123433464956038e-01
1.171481519535664040e+00
1.316140056510467726e+00
1.414860996552209871e+00
1.484872318631670574e+00
1.536478672415614533e+00
1.572784386897098097e+00
1.594963322328545763e+00
1.605397271595213837e+00
1.607682464726639893e+00
1.605210674485311406e+00
1.599975547255009456e+00
1.592348109030298442e+00
1.581754038813512064e+00
1.567729240634874399e+00
1.550757001901711618e+00
1.532514835523621555e+00
1.515503355933365270e+00
1.502304095344364931e+00
1.494813835211399988e+00
1.493736818546000711e+00
1.498460145383758046e+00
1.507279674149533122e+00
1.517842590921868906e+00
1.527645677753002751e+00
1.534459429851864787e+00
1.536606837661467440e+00
1.533083326568326576e+00
1.523544219192365823e+00
1.508204101006557218e+00
1.487693060210808715e+00
1.462905432999155098e+00
1.434864123193217544e+00
1.404612080734760848e+00
1.373134022944630495e+00
1.341306220610585465e+00
1.309869565934093094e+00
1.279420362436211489e+00
1.250413573786855137e+00
1.223174079542043380e+00
1.197912452249207060e+00
1.174742692932961186e+00
1.153700149454999435e+00
1.134758468392600861e+00
1.117844903680885293e+00
1.102853646736273063e+00
1.089657079276621587e+00
1.078115006100272000e+00
1.068082021460289521e+00
1.059413216001994451e+00
1.051968454373114925e+00
1.045615456274013644e+00
1.040231903099734456e+00
1.035706773708291673e+00
1.031941090018259066e+00
1.028848228746195081e+00
1.026353931429034860e+00
1.024396122069872517e+00
1.022924620932443407e+00
1.021900824455105106e+00
1.021297404951432286e+00
1.021098069509176032e+00
1.021297404951789112e+00
1.021900824455838297e+00
1.022924620933599149e+00
1.024396122071523862e+00
1.026353931431281508e+00
1.028848228749174698e+00
1.031941090022158836e+00
1.035706773713348072e+00
1.040231903106264788e+00
1.045615456282414923e+00
1.051968454383911178e+00
1.059413216015856030e+00
1.068082021478066856e+00
1.078115006123057107e+00
1.089657079305801135e+00
1.102853646773620300e+00
1.117844903728651085e+00
1.134758468453652247e+00
1.153700149532963515e+00
1.174742693032449825e+00
1.197912452376054038e+00
1.223174079703644335e+00
1.250413573992587457e+00
1.279420362697948788e+00
1.309869566266891105e+00
1.341306221033526480e+00
1.373134023481952903e+00
1.404612081417274450e+00
1.434864124060140966e+00
1.462905434100491897e+00
1.487693061610428247e+00
1.508204102786163014e+00
1.523544221456598402e+00
1.533083329451274457e+00
1.536606841334838824e+00
1.534459434535087929e+00
1.527645683725253889e+00
1.517842598535900089e+00
1.507279683846599161e+00
1.498460157708495277e+00
1.493736834159408833e+00
1.494813854899727845e+00
1.502304120021532796e+00
1.515503386634872607e+00
1.532514873390306231e+00
1.550757048151572892e+00
1.567729296519578597e+00
1.581754105552893419e+00
1.592348187714592411e+00
1.599975638704473457e+00
1.605210779064714099e+00
1.607682582129553062e+00
1.605397400634891225e+00
1.594963460787388376e+00
1.572784531484927362e+00
1.536478818868766583e+00
1.484872461959321210e+00
1.414861131410500850e+00
1.316140177652058929e+00
1.171481622242168896e+00
9.766124237387485696e-01
7.856709947429437735e-01
7.457702492809660244e-01
1.000000000000000000e+00
