1.000000000000000000e+00
7.445984814522637052e-01
7.854422442484231270e-01
9.771532239700205791e-01
1.171889861693839130e+00
1.316085887366667651e+00
1.414574961384754248e+00
1.484667783674132435e+00
1.536478097916814889e+00
1.572927998532763327e+00
1.595121881526052832e+00
1.605460547320729514e+00
1.607601100746306688e+00
1.605008292530310854e+00
1.599738524968129960e+00
1.592192254404526830e+00
1.581776079258895296e+00
1.567962965461027203e+00
1.551154205863582103e+00
1.532958954297753973e+00
1.515848162004730160e+00
1.502420342188978353e+00
1.494626584082280552e+00
1.493242948173445050e+00
1.497724485915467252e+00
1.506415262872878635e+00
1.516983763947549191e+00
1.526922230939731451e+00
1.533977323530945069e+00
1.536437574188519894e+00
1.533261431871591807e+00
1.524070729440791805e+00
1.509053526112140275e+00
1.488821602362411900e+00
1.464258877411720672e+00
1.436384490529873936e+00
1.406242675393160724e+00
1.374822878549342153e+00
1.343008148777875777e+00
1.311547098353094576e+00
1.281043883726252552e+00
1.251960909102971309e+00
1.224629750932711536e+00
1.199266765887995412e+00
1.175990772955668007e+00
1.154840996091173411e+00
1.135794088684940251e+00
1.118779541410271916e+00
1.103693122847371200e+00
1.090408243739198868e+00
1.078785295517928233e+00
1.068679112845669632e+00
1.059944765187366356e+00
1.052441906916050218e+00
1.046037918999710437e+00
1.040610065262343120e+00
1.036046867912119973e+00
1.032248884343591300e+00
1.029129042853327070e+00
1.026612670686883222e+00
1.024637324920035564e+00
1.023152515724850220e+00
1.022119392861223997e+00
1.021510449769030382e+00
1.021309285218510166e+00
1.021510449769364559e+00
1.022119392861910558e+00
1.023152515725933354e+00
1.024637324921584325e+00
1.026612670688992424e+00
1.029129042856127718e+00
1.032248884347261919e+00
1.036046867916885050e+00
1.040610065268506412e+00
1.046037919007651196e+00
1.052441906926269377e+00
1.059944765200507844e+00
1.068679112862549019e+00
1.078785295539593792e+00
1.090408243766983976e+00
1.103693122882982713e+00
1.118779541455876325e+00
1.135794088743300678e+00
1.154840996165785949e+00
1.175990773050980431e+00
1.199266766009634999e+00
1.224629751087813911e+00
1.251960909300584124e+00
1.281043883977831310e+00
1.311547098673164324e+00
1.343008149184841127e+00
1.374822879066575076e+00
1.406242676050360352e+00
1.436384491364833371e+00
1.464258878472610048e+00
1.488821603710742902e+00
1.509053527826580643e+00
1.524070731622083397e+00
1.533261434648821808e+00
1.536437577727005177e+00
1.533977328041982391e+00
1.526922236692213941e+00
1.516983771281325888e+00
1.506415272213166512e+00
1.497724497787193743e+00
1.493242963213725405e+00
1.494626603048896829e+00
1.502420365962588544e+00
1.515848191582872539e+00
1.532958990779143438e+00
1.551154250421042269e+00
1.567963019299824179e+00
1.581776143553928371e+00
1.592192330206300133e+00
1.599738613067339443e+00
1.605008393278624768e+00
1.607601213848019128e+00
1.605460671631192771e+00
1.595122014907235597e+00
1.572928137814028071e+00
1.536478238991060952e+00
1.484667921734958984e+00
1.414575091286171871e+00
1.316086004055627257e+00
1.171889960626616878e+00
9.771533014106220660e-01
7.854422974031102234e-01
7.445985084839032986e-01
1.000000000000000000e+00
