1.000000000000000000e+00
9.539141272409810135e-01
9.587997785704441833e-01
1.021275589974546927e+00
1.124957561383462812e+00
1.245675700503271033e+00
1.361268387856119144e+00
1.456738299377130286e+00
1.525611444438383479e+00
1.568623230646973843e+00
1.591056905919794096e+00
1.599928090533188518e+00
1.601791613723143382e+00
1.601467564905771690e+00
1.601626404523441405e+00
1.602992694145132235e+00
1.604887137342892789e+00
1.605867217403059710e+00
1.604300454656919728e+00
1.598781902824749634e+00
1.588372404684085470e+00
1.572678372250255308e+00
1.551816288778758768e+00
1.526309673850886561e+00
1.496959375452368457e+00
1.464716183630037527e+00
1.430572638031233357e+00
1.395481116013906453e+00
1.360298656919865845e+00
1.325755235499810114e+00
1.292440616579523027e+00
1.260804724070668792e+00
1.231167004368785900e+00
1.203731117838538367e+00
1.178602188812330365e+00
1.155804649396858119e+00
1.135299372732515577e+00
1.116999300825781027e+00
1.100783146587110517e+00
1.086507013159320856e+00
1.074013950397535444e+00
1.063141579984931528e+00
1.053727984767018455e+00
1.045616088281380085e+00
1.038656757692934640e+00
1.032710855312006348e+00
1.027650446399818840e+00
1.023359348282787185e+00
1.019733180913516390e+00
1.016679054011087713e+00
1.014115002157497392e+00
1.011969257560785929e+00
1.010179431065370226e+00
1.008691655558874967e+00
1.007459732159816879e+00
1.006444308309572211e+00
1.005612107897825513e+00
1.004935226547387206e+00
1.004390499887190646e+00
1.003958948775085069e+00
1.003625302739756364e+00
1.003377601165434285e+00
1.003206870745475543e+00
1.003106877311094935e+00
1.003073950156622152e+00
1.003106877311094935e+00
1.003206870745475543e+00
1.003377601165434285e+00
1.003625302739756364e+00
1.003958948775085069e+00
1.004390499887190646e+00
1.004935226547387206e+00
1.005612107897825513e+00
1.006444308309572433e+00
1.007459732159816879e+00
1.008691655558874967e+00
1.010179431065370226e+00
1.011969257560786151e+00
1.014115002157497392e+00
1.016679054011087713e+00
1.019733180913516613e+00
1.023359348282787185e+00
1.027650446399818840e+00
1.032710855312005904e+00
1.038656757692934418e+00
1.045616088281380307e+00
1.053727984767018677e+00
1.063141579984931973e+00
1.074013950397535444e+00
1.086507013159319968e+00
1.100783146587110295e+00
1.116999300825781472e+00
1.135299372732516909e+00
1.155804649396857675e+00
1.178602188812329477e+00
1.203731117838538145e+00
1.231167004368784124e+00
1.260804724070669902e+00
1.292440616579523693e+00
1.325755235499810780e+00
1.360298656919867843e+00
1.395481116013907563e+00
1.430572638031236243e+00
1.464716183630039081e+00
1.496959375452371344e+00
1.526309673850890336e+00
1.551816288778763209e+00
1.572678372250262191e+00
1.588372404684094130e+00
1.598781902824759182e+00
1.604300454656931940e+00
1.605867217403073033e+00
1.604887137342909664e+00
1.602992694145151553e+00
1.601626404523464275e+00
1.601467564905800112e+00
1.601791613723174912e+00
1.599928090533221381e+00
1.591056905919829401e+00
1.568623230647008704e+00
1.525611444438422559e+00
1.456738299377167589e+00
1.361268387856153561e+00
1.245675700503303007e+00
1.124957561383490789e+00
1.021275589974567355e+00
9.587997785704582832e-01
9.539141272409870087e-01
1.000000000000000000e+00
