1.000000000000000000e+00
1.019571300662584390e+00
1.038866707401642442e+00
1.057498505109755849e+00
1.074976593027644478e+00
1.090754809772279232e+00
1.104298660883428429e+00
1.115156870167241410e+00
1.123020704524040791e+00
1.127759896423665920e+00
1.129430728078734347e+00
1.128258423978318215e+00
1.124600740654190467e+00
1.118901754654672676e+00
1.111644497430652079e+00
1.103309069824671251e+00
1.094340174477560934e+00
1.085125445802930244e+00
1.075984013056934474e+00
1.067163553227504336e+00
1.058843600165103371e+00
1.051142888426314759e+00
1.044128820815431125e+00
1.037827587879260438e+00
1.032233918498553837e+00
1.027319836221687988e+00
1.023042107508748577e+00
1.019348292001850398e+00
1.016181451403085578e+00
1.013483658278872435e+00
1.011198485587574858e+00
1.009272666537831764e+00
1.007657104212002164e+00
1.006307389898452254e+00
1.005183964267735153e+00
1.004252030262937634e+00
1.003481303118291423e+00
1.002845662416458783e+00
1.002322753947533895e+00
1.001893575291465721e+00
1.001542068209061664e+00
1.001254732678187542e+00
1.001020271305447906e+00
1.000829268454705101e+00
1.000673905384373841e+00
1.000547710654977607e+00
1.000445343794454267e+00
1.000362409482193016e+00
1.000295299171743757e+00
1.000241056993325994e+00
1.000197266869338630e+00
1.000161957972475424e+00
1.000133525909852494e+00
1.000110667294995759e+00
1.000092325651267711e+00
1.000077646861410097e+00
1.000065942630508964e+00
1.000056660659643715e+00
1.000049360433490131e+00
1.000043693707548309e+00
1.000039388941084573e+00
1.000036239062368937e+00
1.000034092076086178e+00
1.000032844131461651e+00
1.000032434766497058e+00
1.000032844131461651e+00
1.000034092076086178e+00
1.000036239062368937e+00
1.000039388941084573e+00
1.000043693707548309e+00
1.000049360433490131e+00
1.000056660659643715e+00
1.000065942630508964e+00
1.000077646861410097e+00
1.000092325651267711e+00
1.000110667294995759e+00
1.000133525909852494e+00
1.000161957972475424e+00
1.000197266869338630e+00
1.000241056993325994e+00
1.000295299171743757e+00
1.000362409482193016e+00
1.000445343794454267e+00
1.000547710654977607e+00
1.000673905384373841e+00
1.000829268454705101e+00
1.001020271305447906e+00
1.001254732678187542e+00
1.001542068209061664e+00
1.001893575291465721e+00
1.002322753947533895e+00
1.002845662416458783e+00
1.003481303118291423e+00
1.004252030262937634e+00
1.005183964267734931e+00
1.006307389898452254e+00
1.007657104212002164e+00
1.009272666537831764e+00
1.011198485587574858e+00
1.013483658278872213e+00
1.016181451403085578e+00
1.019348292001850176e+00
1.023042107508748799e+00
1.027319836221687543e+00
1.032233918498553837e+00
1.037827587879259994e+00
1.044128820815430680e+00
1.051142888426314759e+00
1.058843600165102927e+00
1.067163553227503892e+00
1.075984013056934030e+00
1.085125445802930022e+00
1.094340174477560268e+00
1.103309069824670141e+00
1.111644497430650969e+00
1.118901754654672231e+00
1.124600740654189357e+00
1.128258423978317104e+00
1.129430728078733681e+00
1.127759896423664809e+00
1.123020704524039681e+00
1.115156870167239411e+00
1.104298660883427541e+00
1.090754809772278566e+00
1.074976593027643590e+00
1.057498505109755182e+00
1.038866707401642442e+00
1.019571300662583946e+00
1.000000000000000000e+00
