1.000000000000000000e+00
8.158111520179617271e-01
8.166351923587290562e-01
9.556678700850409491e-01
1.138484624952548208e+00
1.300144049188038053e+00
1.417257938048999355e+00
1.493328168531252720e+00
1.541180333246229495e+00
1.572221180890881254e+00
1.592983945013004776e+00
1.605846494152484372e+00
1.611024089864050435e+00
1.608346584022897652e+00
1.598376776762263862e+00
1.582850405468091859e+00
1.564533450919347368e+00
1.546662228496488822e+00
1.532204031332595306e+00
1.523196957271073959e+00
1.520365482424668624e+00
1.523088691158743346e+00
1.529675262719605966e+00
1.537819241292433636e+00
1.545090608294451107e+00
1.549344184100880595e+00
1.548984112394317325e+00
1.543074082022790172e+00
1.531320126543506577e+00
1.513969316393844355e+00
1.491667845016395821e+00
1.465312850264446354e+00
1.435920125827040872e+00
1.404518759696952390e+00
1.372075516822417685e+00
1.339446706223189398e+00
1.307352774547818619e+00
1.276370142916039674e+00
1.246935118011926580e+00
1.219355517194388616e+00
1.193826602203597043e+00
1.170448823613412515e+00
1.149245650767639404e+00
1.130180374925391584e+00
1.113171235098911582e+00
1.098104549026623022e+00
1.084845761773450823e+00
1.073248475746111374e+00
1.063161618865004820e+00
1.054434958552538548e+00
1.046923190668866299e+00
1.040488834054112077e+00
1.035004149982651001e+00
1.030352286768626335e+00
1.026427826705710977e+00
1.023136888096237707e+00
1.020396911105805771e+00
1.018136233715048578e+00
1.016293543801727317e+00
1.014817275694034571e+00
1.013665004459774810e+00
1.012802878628818570e+00
1.012205121765550775e+00
1.011853625016709390e+00
1.011737646120729694e+00
1.011853625016458258e+00
1.012205121765035853e+00
1.012802878628018988e+00
1.013665004458648378e+00
1.014817275692533771e+00
1.016293543799779986e+00
1.018136233712567895e+00
1.020396911102676940e+00
1.023136888092327501e+00
1.026427826700839763e+00
1.030352286762581393e+00
1.035004149975173648e+00
1.040488834044873911e+00
1.046923190657464753e+00
1.054434958538471356e+00
1.063161618847645595e+00
1.073248475724673412e+00
1.084845761746946025e+00
1.098104548993788843e+00
1.113171235058134201e+00
1.130180374874590887e+00
1.149245650704119104e+00
1.170448823533650540e+00
1.193826602102973533e+00
1.219355517066806449e+00
1.246935117849297781e+00
1.276370142707626609e+00
1.307352774279326724e+00
1.339446705875580124e+00
1.372075516370365067e+00
1.404518759106869519e+00
1.435920125054568564e+00
1.465312849251395599e+00
1.491667843687066508e+00
1.513969314650833731e+00
1.531320124263150673e+00
1.543074079050519742e+00
1.548984108540381932e+00
1.549344179136898925e+00
1.545090601951155662e+00
1.537819233258630014e+00
1.529675252641799377e+00
1.523088678640361682e+00
1.520365467023756301e+00
1.523196938496406805e+00
1.532204008640694282e+00
1.546662201295638805e+00
1.564533418589872493e+00
1.582850367408551229e+00
1.598376732467127637e+00
1.608346533188835137e+00
1.611024032512081039e+00
1.605846430746049602e+00
1.592983876549829869e+00
1.572221108948157031e+00
1.541180259961769883e+00
1.493328096506439051e+00
1.417257870164211786e+00
1.300143988332155054e+00
1.138484573698084645e+00
9.556678303955563614e-01
8.166351654551758932e-01
8.158111384757915641e-01
1.000000000000000000e+00
