1.000000000000000000e+00
1.054188587435648916e+00
1.107743011592227322e+00
1.159608449108596506e+00
1.208352377721992221e+00
1.252327812318680067e+00
1.289907880834269660e+00
1.319730919337618325e+00
1.340898167076333358e+00
1.353084262564353768e+00
1.356547602682449449e+00
1.352053498362766337e+00
1.340740011293189760e+00
1.323961399998502930e+00
1.303139184274520135e+00
1.279640551426960871e+00
1.254692787864420733e+00
1.229333640328754029e+00
1.204392107336223372e+00
1.180491872550784027e+00
1.158069516570080726e+00
1.137400803666582361e+00
1.118629968734472735e+00
1.101798544870038699e+00
1.086871633632659595e+00
1.073760551652340967e+00
1.062341503722819436e+00
1.052470388685014191e+00
1.043994104603262585e+00
1.036758842659088131e+00
1.030615892192797034e+00
1.025425457767189297e+00
1.021058937900110486e+00
1.017400050845344683e+00
1.014345126005858688e+00
1.011802816422364693e+00
1.009693431534741670e+00
1.007948041387545235e+00
1.006507463778673950e+00
1.005321213981348327e+00
1.004346471704841148e+00
1.003547100868082298e+00
1.002892743513706275e+00
1.002357998837177577e+00
1.001921691010366322e+00
1.001566224532497662e+00
1.001277022661224425e+00
1.001042042594002979e+00
1.000851360117306799e+00
1.000696816135145495e+00
1.000571717614889611e+00
1.000470585889169595e+00
1.000388945813320829e+00
1.000323149917275556e+00
1.000270232353917654e+00
1.000227788096186510e+00
1.000193873450387683e+00
1.000166924520616840e+00
1.000145690773526885e+00
1.000129181313047733e+00
1.000116621883544665e+00
1.000107420981521056e+00
1.000101143776096047e+00
1.000097492822972667e+00
1.000096294812186981e+00
1.000097492822972667e+00
1.000101143776096047e+00
1.000107420981521056e+00
1.000116621883544665e+00
1.000129181313047733e+00
1.000145690773526885e+00
1.000166924520616840e+00
1.000193873450387683e+00
1.000227788096186510e+00
1.000270232353917654e+00
1.000323149917275556e+00
1.000388945813320829e+00
1.000470585889169595e+00
1.000571717614889611e+00
1.000696816135145495e+00
1.000851360117306799e+00
1.001042042594002979e+00
1.001277022661224425e+00
1.001566224532497662e+00
1.001921691010366322e+00
1.002357998837177577e+00
1.002892743513706275e+00
1.003547100868082298e+00
1.004346471704841148e+00
1.005321213981348327e+00
1.006507463778673950e+00
1.007948041387545235e+00
1.009693431534741670e+00
1.011802816422364693e+00
1.014345126005858466e+00
1.017400050845344683e+00
1.021058937900110486e+00
1.025425457767189297e+00
1.030615892192797034e+00
1.036758842659088131e+00
1.043994104603262807e+00
1.052470388685013969e+00
1.062341503722819658e+00
1.073760551652340745e+00
1.086871633632659595e+00
1.101798544870038477e+00
1.118629968734472735e+00
1.137400803666582805e+00
1.158069516570080282e+00
1.180491872550783583e+00
1.204392107336223372e+00
1.229333640328754029e+00
1.254692787864420067e+00
1.279640551426960204e+00
1.303139184274519469e+00
1.323961399998502708e+00
1.340740011293188649e+00
1.352053498362765227e+00
1.356547602682449449e+00
1.353084262564353324e+00
1.340898167076332026e+00
1.319730919337616992e+00
1.289907880834268994e+00
1.252327812318680511e+00
1.208352377721991777e+00
1.159608449108595840e+00
1.107743011592227766e+00
1.054188587435648694e+00
1.000000000000000000e+00
