1.000000000000000000e+00
8.229163884644981053e-01
8.219887204744134035e-01
9.562542175852718485e-01
1.136500331499368466e+00
1.298749753606981416e+00
1.418042101657885468e+00
1.496138164868094256e+00
1.545051464237479744e+00
1.576197596684704605e+00
1.596416298353638741e+00
1.608343927065251533e+00
1.612363377962086730e+00
1.608480630976738990e+00
1.597503939035860743e+00
1.581440995479404199e+00
1.563251566499844980e+00
1.546197967200382273e+00
1.533082686407790218e+00
1.525637314267721978e+00
1.524230241901771032e+00
1.527929868155720738e+00
1.534846055016821920e+00
1.542610634735950947e+00
1.548854930722758816e+00
1.551581903598851619e+00
1.549386304181624263e+00
1.541525462191934981e+00
1.527874176590078292e+00
1.508808377559762715e+00
1.485059043606639984e+00
1.457567303214604371e+00
1.427359481337157066e+00
1.395450470201220261e+00
1.362776508367693040e+00
1.330154186431363739e+00
1.298260585299495062e+00
1.267629088486754707e+00
1.238655908479860068e+00
1.211613242893939013e+00
1.186665929599965752e+00
1.163889342976598629e+00
1.143286999915344326e+00
1.124806911433109180e+00
1.108356137539037389e+00
1.093813303515836166e+00
1.081039040712792776e+00
1.069884447470578648e+00
1.060197745111120415e+00
1.051829345197192955e+00
1.044635559122005342e+00
1.038481178262485205e+00
1.033241138884217314e+00
1.028801465431120388e+00
1.025059662142754791e+00
1.021924698469538040e+00
1.019316710081478838e+00
1.017166515385113712e+00
1.015415027937509596e+00
1.014012628217168199e+00
1.012918543895733325e+00
1.012100275910531089e+00
1.011533098025242827e+00
1.011199649880143436e+00
1.011089637438912225e+00
1.011199649882816409e+00
1.011533098030727107e+00
1.012100275919112891e+00
1.012918543907847857e+00
1.014012628233442737e+00
1.015415027958774807e+00
1.017166515412455619e+00
1.019316710116284330e+00
1.021924698513575924e+00
1.025059662198240851e+00
1.028801465500847501e+00
1.033241138971688677e+00
1.038481178372076208e+00
1.044635559259191160e+00
1.051829345368817892e+00
1.060197745325744956e+00
1.069884447738908007e+00
1.081039041048235338e+00
1.093813303935187831e+00
1.108356138063372853e+00
1.124806912088906596e+00
1.143287000735929482e+00
1.163889344003992798e+00
1.186665930887268683e+00
1.211613244508395582e+00
1.238655910506818891e+00
1.267629091034819577e+00
1.298260588507166746e+00
1.330154190475654197e+00
1.362776513475258300e+00
1.395450476662717154e+00
1.427359489525618530e+00
1.457567313608835846e+00
1.485059056820628332e+00
1.508808394379169693e+00
1.527874198016648810e+00
1.541525489496162526e+00
1.549386338963224974e+00
1.551581947853148513e+00
1.548854986909173892e+00
1.542610705842363261e+00
1.534846144610786833e+00
1.527929980410899002e+00
1.524230381585595318e+00
1.525637486674442655e+00
1.533082897219119722e+00
1.546198222253444055e+00
1.563251871438952278e+00
1.581441355266965942e+00
1.597504357304380784e+00
1.608481109227368311e+00
1.612363914662082731e+00
1.608344516764045107e+00
1.596416931005155915e+00
1.576198257398670144e+00
1.545052133652048187e+00
1.496138820227721267e+00
1.418042718512277256e+00
1.298750307861600728e+00
1.136500801408320438e+00
9.562545852620868425e-01
8.219889726639330041e-01
8.229165166233749495e-01
1.000000000000000000e+00
