1.000000000000000000e+00
1.079759247133285083e+00
1.160195273204089661e+00
1.240521729197556322e+00
1.318721234120885599e+00
1.391948859617446077e+00
1.457055438478364495e+00
1.511138514983050074e+00
1.552010060691765281e+00
1.578491190596315707e+00
1.590496137704324520e+00
1.588926049538422758e+00
1.575434226021005912e+00
1.552137657819447902e+00
1.521338933373469038e+00
1.485299352240857296e+00
1.446079920809293373e+00
1.405448752671510704e+00
1.364843189201127016e+00
1.325371430872596790e+00
1.287839210580539184e+00
1.252789811702858191e+00
1.220549003099111962e+00
1.191269405895416522e+00
1.164971106417192814e+00
1.141576960716889078e+00
1.120942103914762678e+00
1.102877822233658600e+00
1.087170296425368221e+00
1.073594884321597887e+00
1.061926651132229171e+00
1.051947828824526532e+00
1.043452822821246295e+00
1.036251305523189004e+00
1.030169853881264252e+00
1.025052509321650929e+00
1.020760566422290516e+00
1.017171833502610312e+00
1.014179554160098418e+00
1.011691133486273708e+00
1.009626775536584198e+00
1.007918108723809381e+00
1.006506852186606960e+00
1.005343557892643291e+00
1.004386449364343070e+00
1.003600367643237901e+00
1.002955827715612536e+00
1.002428183487976687e+00
1.001996896007329774e+00
1.001644897541388968e+00
1.001358043023471200e+00
1.001124639952722051e+00
1.000935047910746389e+00
1.000781339247921231e+00
1.000657013085809233e+00
1.000556755487030269e+00
1.000476239398030653e+00
1.000411958729634732e+00
1.000361091677293146e+00
1.000321389080269352e+00
1.000291084268047248e+00
1.000268821440241096e+00
1.000253600174914714e+00
1.000244734163391769e+00
1.000241822734352581e+00
1.000244734163391769e+00
1.000253600174914714e+00
1.000268821440241096e+00
1.000291084268047248e+00
1.000321389080269352e+00
1.000361091677293146e+00
1.000411958729634732e+00
1.000476239398030653e+00
1.000556755487030269e+00
1.000657013085809233e+00
1.000781339247921231e+00
1.000935047910746389e+00
1.001124639952722051e+00
1.001358043023471200e+00
1.001644897541388968e+00
1.001996896007329774e+00
1.002428183487976687e+00
1.002955827715612536e+00
1.003600367643237901e+00
1.004386449364343070e+00
1.005343557892643291e+00
1.006506852186606960e+00
1.007918108723809381e+00
1.009626775536584198e+00
1.011691133486273708e+00
1.014179554160098418e+00
1.017171833502610312e+00
1.020760566422290294e+00
1.025052509321650929e+00
1.030169853881264030e+00
1.036251305523188782e+00
1.043452822821245851e+00
1.051947828824526532e+00
1.061926651132228949e+00
1.073594884321597664e+00
1.087170296425368443e+00
1.102877822233658378e+00
1.120942103914763122e+00
1.141576960716888856e+00
1.164971106417192814e+00
1.191269405895416078e+00
1.220549003099112406e+00
1.252789811702858414e+00
1.287839210580539406e+00
1.325371430872596346e+00
1.364843189201127682e+00
1.405448752671510926e+00
1.446079920809293151e+00
1.485299352240856630e+00
1.521338933373467484e+00
1.552137657819449235e+00
1.575434226021005912e+00
1.588926049538421204e+00
1.590496137704323854e+00
1.578491190596315930e+00
1.552010060691764615e+00
1.511138514983048742e+00
1.457055438478364273e+00
1.391948859617446965e+00
1.318721234120886265e+00
1.240521729197555212e+00
1.160195273204089217e+00
1.079759247133284861e+00
1.000000000000000000e+00
