1.000000000000000000e+00
7.844804178947030193e-01
7.983514900445245477e-01
9.610941130602478344e-01
1.153834181481238508e+00
1.311056491471474406e+00
1.419291435761673492e+00
1.489538119447023856e+00
1.535980645829229330e+00
1.567872732224442567e+00
1.589673950895005961e+00
1.603349842694085314e+00
1.609881334578439960e+00
1.609788693493731770e+00
1.603395964606627366e+00
1.591250812831854988e+00
1.574587379585829394e+00
1.555521024329348689e+00
1.536806595690166866e+00
1.521248247221633543e+00
1.511016817016141545e+00
1.507140421361219840e+00
1.509324857564553701e+00
1.516114751949063866e+00
1.525293720635596539e+00
1.534374532209742181e+00
1.541044396425823804e+00
1.543480705860397206e+00
1.540509898628376062e+00
1.531626372733871921e+00
1.516911880088631648e+00
1.496900686082084375e+00
1.472428743986737842e+00
1.444493188587949950e+00
1.414136562315926993e+00
1.382360871256389956e+00
1.350070482412903727e+00
1.318039621899019354e+00
1.286899029424390939e+00
1.257136382073720693e+00
1.229105805947330543e+00
1.203042737575379828e+00
1.179081339941439932e+00
1.157272503992990309e+00
1.137601134862256336e+00
1.120001933223893298e+00
1.104373255896187400e+00
1.090588901678251288e+00
1.078507843702308344e+00
1.067982040093567342e+00
1.058862518166296063e+00
1.051003957531194244e+00
1.044268004820062989e+00
1.038525545065058120e+00
1.033658137850310910e+00
1.029558804343460476e+00
1.026132327162321944e+00
1.023295200763310486e+00
1.020975346979385634e+00
1.019111689284033950e+00
1.017653660720542863e+00
1.016560704330751408e+00
1.015801811259398058e+00
1.015355130271568651e+00
1.015207672881639933e+00
1.015355130271536011e+00
1.015801811259333887e+00
1.016560704330656151e+00
1.017653660720415632e+00
1.019111689283878297e+00
1.020975346979204668e+00
1.023295200763112200e+00
1.026132327162115887e+00
1.029558804343271072e+00
1.033658137850157477e+00
1.038525545064983069e+00
1.044268004820126050e+00
1.051003957531468469e+00
1.058862518166884259e+00
1.067982040094596519e+00
1.078507843703948366e+00
1.090588901680705325e+00
1.104373255899706585e+00
1.120001933228755853e+00
1.137601134868778674e+00
1.157272504001491509e+00
1.179081339952209539e+00
1.203042737588616129e+00
1.229105805963035314e+00
1.257136382091547322e+00
1.286899029443402176e+00
1.318039621917379778e+00
1.350070482427412344e+00
1.382360871261855140e+00
1.414136562304356914e+00
1.444493188547525397e+00
1.472428743900548342e+00
1.496900685926709551e+00
1.516911879832619547e+00
1.531626372336357456e+00
1.540509898038108894e+00
1.543480705015498167e+00
1.541044395254654198e+00
1.534374530632941713e+00
1.525293718568981438e+00
1.516114749306317400e+00
1.509324854257966031e+00
1.507140417298437507e+00
1.511016812091719785e+00
1.521248241304431703e+00
1.536806588611083102e+00
1.555521015876986546e+00
1.574587369518094748e+00
1.591250800907218821e+00
1.603395950630481570e+00
1.609788677367212983e+00
1.609881316335450618e+00
1.603349822519904544e+00
1.589673929131205865e+00
1.567872709369023454e+00
1.535980622533801299e+00
1.489538096503090658e+00
1.419291414065947610e+00
1.311056471960972525e+00
1.153834165029621772e+00
9.610941003488653323e-01
7.983514814725697351e-01
7.844804136035501418e-01
1.000000000000000000e+00
