1.000000000000000000e+00
1.018818893771740841e+00
1.037372033249937209e+00
1.055286731550201473e+00
1.072092364781175089e+00
1.087264702112395121e+00
1.100290728412945507e+00
1.110737143062949794e+00
1.118307192896907720e+00
1.122875152651590325e+00
1.124494193838474487e+00
1.123379662055211670e+00
1.119874315002887810e+00
1.114404106007929940e+00
1.107432782774972813e+00
1.099421664171814861e+00
1.090798393747929529e+00
1.081936023435498440e+00
1.073141914554296861e+00
1.064654804456925508e+00
1.056647906725784791e+00
1.049235915515677853e+00
1.042484076455909348e+00
1.036417904890750474e+00
1.031032564168105736e+00
1.026301297021019687e+00
1.022182603581207827e+00
1.018626076179397044e+00
1.015576943160211743e+00
1.012979456433530157e+00
1.010779296179481257e+00
1.008925175069762759e+00
1.007369814850417988e+00
1.006070448542842888e+00
1.004988977682850892e+00
1.004091889687011019e+00
1.003350017818163131e+00
1.002738206436674773e+00
1.002234927669745979e+00
1.001821882264851471e+00
1.001483606927285441e+00
1.001207102474753974e+00
1.000981491244104626e+00
1.000797707946416093e+00
1.000648225221829390e+00
1.000526813184893449e+00
1.000428331021241624e+00
1.000348547995133508e+00
1.000283990898294562e+00
1.000231814894507520e+00
1.000189694803309326e+00
1.000155734055717449e+00
1.000128388799780055e+00
1.000106404902363799e+00
1.000088765865322360e+00
1.000074649935621673e+00
1.000063394932596550e+00
1.000054469537190904e+00
1.000047449986621650e+00
1.000042001293701910e+00
1.000037862264638866e+00
1.000034833724501082e+00
1.000032769478322869e+00
1.000031569640493112e+00
1.000031176058360227e+00
1.000031569640493112e+00
1.000032769478322869e+00
1.000034833724501082e+00
1.000037862264638866e+00
1.000042001293701910e+00
1.000047449986621650e+00
1.000054469537190904e+00
1.000063394932596550e+00
1.000074649935621673e+00
1.000088765865322360e+00
1.000106404902363799e+00
1.000128388799780055e+00
1.000155734055717449e+00
1.000189694803309326e+00
1.000231814894507520e+00
1.000283990898294562e+00
1.000348547995133508e+00
1.000428331021241624e+00
1.000526813184893449e+00
1.000648225221829390e+00
1.000797707946416093e+00
1.000981491244104626e+00
1.001207102474753974e+00
1.001483606927285441e+00
1.001821882264851471e+00
1.002234927669745979e+00
1.002738206436674773e+00
1.003350017818163131e+00
1.004091889687011019e+00
1.004988977682850670e+00
1.006070448542842888e+00
1.007369814850417988e+00
1.008925175069762759e+00
1.010779296179481257e+00
1.012979456433529935e+00
1.015576943160211743e+00
1.018626076179396822e+00
1.022182603581208049e+00
1.026301297021019243e+00
1.031032564168105736e+00
1.036417904890750030e+00
1.042484076455908903e+00
1.049235915515677853e+00
1.056647906725784347e+00
1.064654804456925064e+00
1.073141914554296417e+00
1.081936023435498218e+00
1.090798393747928863e+00
1.099421664171813751e+00
1.107432782774971702e+00
1.114404106007929496e+00
1.119874315002886700e+00
1.123379662055210559e+00
1.124494193838473821e+00
1.122875152651589215e+00
1.118307192896906610e+00
1.110737143062947574e+00
1.100290728412944397e+00
1.087264702112394232e+00
1.072092364781174201e+00
1.055286731550200807e+00
1.037372033249937209e+00
1.018818893771740397e+00
1.000000000000000000e+00
