1.000000000000000000e+00
9.847424153407607905e-01
1.000352081645625280e+00
1.053127602404104080e+00
1.135243423719491052e+00
1.232747648086165659e+00
1.331338491257888501e+00
1.419999913757845178e+00
1.492554350014889897e+00
1.547446034007119886e+00
1.586389704032385328e+00
1.612650258387974267e+00
1.629578949742459981e+00
1.639727878789810633e+00
1.644563868276075258e+00
1.644614781771785328e+00
1.639825443306996311e+00
1.629937006874625505e+00
1.614778639026435370e+00
1.594432549905579810e+00
1.569282721750731024e+00
1.539981215766748068e+00
1.507369950299615624e+00
1.472388996639181880e+00
1.435991889921977238e+00
1.399078571945279403e+00
1.362449249855954392e+00
1.326777930794424298e+00
1.292602157428690113e+00
1.260324788413786923e+00
1.230223884711849180e+00
1.202467400190359914e+00
1.177130133832196668e+00
1.154211119223478521e+00
1.133650233349377423e+00
1.115343282537397451e+00
1.099155176823755298e+00
1.084931054186827559e+00
1.072505384424530694e+00
1.061709188663477077e+00
1.052375571095901519e+00
1.044343787684410385e+00
1.037462082376590100e+00
1.031589512464227587e+00
1.026596966762299834e+00
1.022367557388901727e+00
1.018796541031276925e+00
1.015790900704681476e+00
1.013268695477052006e+00
1.011158264246919458e+00
1.009397350841837682e+00
1.007932201589636367e+00
1.006716673053951183e+00
1.005711376642953070e+00
1.004882878049387696e+00
1.004202962679114242e+00
1.003647973086870815e+00
1.003198220685413533e+00
1.002837471374365519e+00
1.002552503023760089e+00
1.002332731751483408e+00
1.002169903491566538e+00
1.002057847328502671e+00
1.001992287363119072e+00
1.001970710392720454e+00
1.001992287363119072e+00
1.002057847328502671e+00
1.002169903491566538e+00
1.002332731751483408e+00
1.002552503023760089e+00
1.002837471374365519e+00
1.003198220685413533e+00
1.003647973086870815e+00
1.004202962679114242e+00
1.004882878049387696e+00
1.005711376642953070e+00
1.006716673053951183e+00
1.007932201589636367e+00
1.009397350841837682e+00
1.011158264246919458e+00
1.013268695477052006e+00
1.015790900704681476e+00
1.018796541031277147e+00
1.022367557388901060e+00
1.026596966762299834e+00
1.031589512464227587e+00
1.037462082376590100e+00
1.044343787684410385e+00
1.052375571095901741e+00
1.061709188663477077e+00
1.072505384424530472e+00
1.084931054186827337e+00
1.099155176823755742e+00
1.115343282537397007e+00
1.133650233349376979e+00
1.154211119223478299e+00
1.177130133832194891e+00
1.202467400190360136e+00
1.230223884711849180e+00
1.260324788413786923e+00
1.292602157428691001e+00
1.326777930794423188e+00
1.362449249855955280e+00
1.399078571945278737e+00
1.435991889921977682e+00
1.472388996639181880e+00
1.507369950299614958e+00
1.539981215766748734e+00
1.569282721750731691e+00
1.594432549905579366e+00
1.614778639026435814e+00
1.629937006874624839e+00
1.639825443306994979e+00
1.644614781771783107e+00
1.644563868276073038e+00
1.639727878789810855e+00
1.629578949742459093e+00
1.612650258387971824e+00
1.586389704032383108e+00
1.547446034007116111e+00
1.492554350014888565e+00
1.419999913757842513e+00
1.331338491257886503e+00
1.232747648086164771e+00
1.135243423719490607e+00
1.053127602404101859e+00
1.000352081645623503e+00
9.847424153407587921e-01
1.000000000000000000e+00
