1.000000000000000000e+00
1.004177765658397226e+00
1.008295019502036594e+00
1.012269814738941287e+00
1.016000483400164356e+00
1.019374610398444903e+00
1.022282186594470232e+00
1.024629568461931983e+00
1.026351215966062602e+00
1.027417085829499976e+00
1.027834769563693795e+00
1.027646652750367817e+00
1.026923258933378102e+00
1.025754390023626339e+00
1.024239694683921842e+00
1.022480000728887450e+00
1.020570292365639897e+00
1.018594739795768200e+00
1.016623794281443338e+00
1.014713091621976204e+00
1.012903764352053093e+00
1.011223725195253831e+00
1.009689518304706324e+00
1.008308408189864780e+00
1.007080463201112774e+00
1.006000473755585656e+00
1.005059615661264560e+00
1.004246822373706882e+00
1.003549867083824543e+00
1.002956178539984089e+00
1.002453426597980091e+00
1.002029917803604064e+00
1.001674840550841772e+00
1.001378395644746844e+00
1.001131842966009433e+00
1.000927489412601901e+00
1.000758638013290680e+00
1.000619513409083394e+00
1.000505174925206520e+00
1.000411425226522599e+00
1.000334720010237710e+00
1.000272082252781081e+00
1.000221023092571437e+00
1.000179470398920634e+00
1.000145705361138670e+00
1.000118306955450898e+00
1.000096103848682860e+00
1.000078133127303648e+00
1.000063605160217639e+00
1.000051873884535647e+00
1.000042411824059618e+00
1.000034789194783391e+00
1.000028656509427849e+00
1.000023730156314183e+00
1.000019780491795185e+00
1.000016622046856929e+00
1.000014105505590223e+00
1.000012111165046624e+00
1.000010543632341431e+00
1.000009327555778205e+00
1.000008404222658465e+00
1.000007728887831293e+00
1.000007268724463882e+00
1.000007001312693378e+00
1.000006913603263881e+00
1.000007001312693378e+00
1.000007268724463882e+00
1.000007728887831293e+00
1.000008404222658465e+00
1.000009327555778205e+00
1.000010543632341431e+00
1.000012111165046624e+00
1.000014105505590223e+00
1.000016622046856929e+00
1.000019780491795185e+00
1.000023730156314183e+00
1.000028656509427849e+00
1.000034789194783391e+00
1.000042411824059618e+00
1.000051873884535647e+00
1.000063605160217639e+00
1.000078133127303648e+00
1.000096103848682860e+00
1.000118306955450898e+00
1.000145705361138670e+00
1.000179470398920634e+00
1.000221023092571437e+00
1.000272082252781081e+00
1.000334720010237710e+00
1.000411425226522599e+00
1.000505174925206520e+00
1.000619513409083394e+00
1.000758638013290680e+00
1.000927489412601901e+00
1.001131842966009433e+00
1.001378395644746844e+00
1.001674840550841772e+00
1.002029917803604064e+00
1.002453426597980091e+00
1.002956178539983867e+00
1.003549867083824543e+00
1.004246822373706660e+00
1.005059615661264560e+00
1.006000473755585434e+00
1.007080463201112552e+00
1.008308408189864336e+00
1.009689518304705880e+00
1.011223725195253831e+00
1.012903764352052649e+00
1.014713091621975538e+00
1.016623794281442894e+00
1.018594739795767312e+00
1.020570292365639231e+00
1.022480000728886340e+00
1.024239694683920510e+00
1.025754390023625229e+00
1.026923258933376548e+00
1.027646652750366707e+00
1.027834769563693129e+00
1.027417085829498644e+00
1.026351215966061492e+00
1.024629568461930207e+00
1.022282186594469122e+00
1.019374610398444458e+00
1.016000483400163690e+00
1.012269814738940621e+00
1.008295019502036372e+00
1.004177765658396781e+00
1.000000000000000000e+00
