1.000000000000000000e+00
8.591004506775087313e-01
8.497839898926129454e-01
9.565445859723271660e-01
1.117781657613659441e+00
1.278556194665768198e+00
1.408439677861991202e+00
1.499530770084390063e+00
1.556947447854538868e+00
1.589758062351056322e+00
1.605750569178567844e+00
1.610006781822760580e+00
1.605663523721946762e+00
1.595196438597744626e+00
1.581241817275893080e+00
1.566699005012757828e+00
1.554316630047771763e+00
1.546123984282780972e+00
1.543014562023841130e+00
1.544637082661804328e+00
1.549593556360866042e+00
1.555839546951560903e+00
1.561145817421399684e+00
1.563500837111610142e+00
1.561383487008698445e+00
1.553888150198259543e+00
1.540723100748055963e+00
1.522122175096355168e+00
1.498712062477317364e+00
1.471369754446807177e+00
1.441093124201024311e+00
1.408896600191364534e+00
1.375735532795839156e+00
1.342457549553037754e+00
1.309776485140803359e+00
1.278263587905318133e+00
1.248350914380850218e+00
1.220342571349838812e+00
1.194430389138717352e+00
1.170711505083450010e+00
1.149206106375762593e+00
1.129874196947544984e+00
1.112630719031498128e+00
1.097358697428773011e+00
1.083920308509036756e+00
1.072165930484431540e+00
1.061941326934789043e+00
1.053093168304192861e+00
1.045473118837952464e+00
1.038940718798375240e+00
1.033365280946149989e+00
1.028627001454250012e+00
1.024617462424535663e+00
1.021239678678349083e+00
1.018407817318393915e+00
1.016046695894177399e+00
1.014091144551284129e+00
1.012485299655764948e+00
1.011181881156465234e+00
1.010141493302498805e+00
1.009331978079922587e+00
1.008727842611944814e+00
1.008309775487843618e+00
1.008064262241112008e+00
1.007983306685525493e+00
1.008064262244406262e+00
1.008309775494601768e+00
1.008727842622515913e+00
1.009331978094841986e+00
1.010141493322531003e+00
1.011181881182626086e+00
1.012485299689380724e+00
1.014091144594047700e+00
1.016046695948239709e+00
1.018407817386455472e+00
1.021239678763802283e+00
1.024617462531629775e+00
1.028627001588286349e+00
1.033365281113755030e+00
1.038940719007815705e+00
1.045473119099554760e+00
1.053093168630850673e+00
1.061941327342621033e+00
1.072165930993601801e+00
1.083920309144800864e+00
1.097358698222809181e+00
1.112630720023611630e+00
1.129874198187842849e+00
1.149206107927455589e+00
1.170711507026453990e+00
1.194430391574308858e+00
1.220342574406685365e+00
1.248350918222804973e+00
1.278263592741526677e+00
1.309776491238757057e+00
1.342457557255432699e+00
1.375735542542191769e+00
1.408896612545585514e+00
1.441093139886184593e+00
1.471369774388453511e+00
1.498712087856432618e+00
1.522122207412566208e+00
1.540723141892755388e+00
1.553888202535586016e+00
1.561383553459982254e+00
1.563500921235684515e+00
1.561145923479490882e+00
1.555839679941688924e+00
1.549593722003296037e+00
1.544637287314668317e+00
1.543014812506354749e+00
1.546124287582292256e+00
1.554316992885864668e+00
1.566699433247153106e+00
1.581242315124250730e+00
1.595197007696122160e+00
1.605664162081669621e+00
1.610007482822388925e+00
1.605751320801439341e+00
1.589758846916830448e+00
1.556948242459488707e+00
1.499531547846616464e+00
1.408440409884536892e+00
1.278556852424749923e+00
1.117782215311477811e+00
9.565450223555876930e-01
8.497842892059122022e-01
8.591006027789485078e-01
1.000000000000000000e+00
