1.000000000000000000e+00
7.584623553635367887e-01
7.880893649474552953e-01
9.697144433498551264e-01
1.165016363235711339e+00
1.314391225063229252e+00
1.415818388692708485e+00
1.485101552939245284e+00
1.534435666805881837e+00
1.569087358252282627e+00
1.591195685553255190e+00
1.602938747698058108e+00
1.607076672425435060e+00
1.606033400657318921e+00
1.601087511207592184e+00
1.592412800323864897e+00
1.579829226852041746e+00
1.563692662094688268e+00
1.545394492375063100e+00
1.527256187141559085e+00
1.511940217954865551e+00
1.501689715619412446e+00
1.497714709992596704e+00
1.499918735148794591e+00
1.506996452992622970e+00
1.516805046186712636e+00
1.526854424276808730e+00
1.534770539044006066e+00
1.538636131619851799e+00
1.537173304461637358e+00
1.529780271172993755e+00
1.516461378292510043e+00
1.497696476605274940e+00
1.474289656864491649e+00
1.447225549194264271e+00
1.417549162230897553e+00
1.386275435631676878e+00
1.354328137273307808e+00
1.322504137915561540e+00
1.291457666253895242e+00
1.261699080066920109e+00
1.233603340610896160e+00
1.207424310022461755e+00
1.183311946627007227e+00
1.161330320895017643e+00
1.141475066790021975e+00
1.123689416078061276e+00
1.107878354907065210e+00
1.093920718103582157e+00
1.081679222734528434e+00
1.071008560953687017e+00
1.061761741293843375e+00
1.053794901694016239e+00
1.046970827573135976e+00
1.041161402331675978e+00
1.036249201785638174e+00
1.032128422564571713e+00
1.028705310524815175e+00
1.025898230866158611e+00
1.023637498286672942e+00
1.021865064005917478e+00
1.020534137254667684e+00
1.019608801988183933e+00
1.019063675026464777e+00
1.018883639300874444e+00
1.019063675026289806e+00
1.019608801987825997e+00
1.020534137254114571e+00
1.021865064005151646e+00
1.023637498285667968e+00
1.025898230864879856e+00
1.028705310523226224e+00
1.032128422562622161e+00
1.036249201783279394e+00
1.041161402328841135e+00
1.046970827569760010e+00
1.053794901690030761e+00
1.061761741289164673e+00
1.071008560948230048e+00
1.081679222728191947e+00
1.093920718096263567e+00
1.107878354898636841e+00
1.123689416068371694e+00
1.141475066778864234e+00
1.161330320882120404e+00
1.183311946611967702e+00
1.207424310004683976e+00
1.233603340589492836e+00
1.261699080040548093e+00
1.291457666220539924e+00
1.322504137872201557e+00
1.354328137215511152e+00
1.386275435552984270e+00
1.417549162122045514e+00
1.447225549042167270e+00
1.474289656650988656e+00
1.497696476305609536e+00
1.516461377873619565e+00
1.529780270591700964e+00
1.537173303662922041e+00
1.538636130535505187e+00
1.534770537591836570e+00
1.526854422360666153e+00
1.516805043697137423e+00
1.506996449807564975e+00
1.499918731133239147e+00
1.497714704995616541e+00
1.501689709467515677e+00
1.511940210441992338e+00
1.527256178018723043e+00
1.545394481345561122e+00
1.563692648822277986e+00
1.579829210987479193e+00
1.592412781549056966e+00
1.601087489288861576e+00
1.606033375495254711e+00
1.607076644092956696e+00
1.602938716468753633e+00
1.591195651928330124e+00
1.569087322986475463e+00
1.534435630914972926e+00
1.485101517664269455e+00
1.415818355412501672e+00
1.314391195170186766e+00
1.165016337994260853e+00
9.697144237575406889e-01
7.880893516467345483e-01
7.584623486643489176e-01
1.000000000000000000e+00
