1.000000000000000000e+00
8.826028936183729634e-01
8.710183272567133539e-01
9.610758248731343656e-01
1.107393204570294998e+00
1.263111269237083167e+00
1.396960677910339621e+00
1.495655175146926030e+00
1.558978525654627356e+00
1.593245345041459426e+00
1.606387216381598204e+00
1.605528657265040460e+00
1.596409474668020634e+00
1.583596492387191024e+00
1.570727414806572186e+00
1.560518552987807173e+00
1.554613351145983868e+00
1.553463877827507389e+00
1.556386319431348753e+00
1.561818399247037137e+00
1.567711888523074082e+00
1.571952701750921388e+00
1.572712188979130010e+00
1.568673757999079044e+00
1.559124037190551482e+00
1.543930951442060939e+00
1.523446845751549983e+00
1.498375727018380177e+00
1.469635789484782684e+00
1.438237420427318503e+00
1.405186716587577767e+00
1.371416966183040431e+00
1.337745857548995998e+00
1.304853871013943234e+00
1.273278657437250327e+00
1.243420522849145726e+00
1.215554914618119486e+00
1.189848713719251494e+00
1.166377998913833203e+00
1.145145680097126695e+00
1.126097977210463341e+00
1.109139156382560110e+00
1.094144247916589485e+00
1.080969686070129665e+00
1.069461951264877975e+00
1.059464380804610029e+00
1.050822359862864763e+00
1.043387122387887223e+00
1.037018390700101156e+00
1.031586069646596604e+00
1.026971191150254370e+00
1.023066281391013188e+00
1.019775298173422273e+00
1.017013261954414105e+00
1.014705681609653798e+00
1.012787855932949954e+00
1.011204114387646458e+00
1.009907045821837324e+00
1.008856751621640457e+00
1.008020149906891261e+00
1.007370349612671800e+00
1.006886107362128691e+00
1.006551375631438150e+00
1.006354947554921164e+00
1.006290201553932118e+00
1.006354947550823997e+00
1.006551375623036870e+00
1.006886107349000081e+00
1.007370349594149728e+00
1.008020149882046246e+00
1.008856751589228162e+00
1.009907045780241930e+00
1.011204114334800508e+00
1.012787855866246645e+00
1.014705681525814862e+00
1.017013261849340378e+00
1.019775298042007616e+00
1.023066281226894469e+00
1.026971190945524137e+00
1.031586069391428273e+00
1.037018390382293376e+00
1.043387121992290112e+00
1.050822359370661152e+00
1.059464380192428168e+00
1.069461950503673542e+00
1.080969685123783774e+00
1.094144246740147874e+00
1.109139154920011805e+00
1.126097975391936679e+00
1.145145677835325726e+00
1.166377996099518644e+00
1.189848710215484440e+00
1.215554910252917953e+00
1.243420517406098380e+00
1.273278650643536514e+00
1.304853862525048758e+00
1.337745846929226268e+00
1.371416952880856632e+00
1.405186699904478864e+00
1.438237399479065592e+00
1.469635763153621877e+00
1.498375693895277472e+00
1.523446804068059990e+00
1.543930898992646128e+00
1.559123971248249640e+00
1.568673675230418452e+00
1.572712085368332513e+00
1.571952572548512617e+00
1.567711728239383762e+00
1.561818201715966525e+00
1.556386077972528037e+00
1.553463585534694102e+00
1.554613001324909538e+00
1.560518139757521183e+00
1.570726933863868524e+00
1.583595941912125049e+00
1.596408856315901570e+00
1.605527977142527485e+00
1.606386485842536960e+00
1.593244581076315614e+00
1.558977750620208935e+00
1.495654415640256252e+00
1.396959962773721697e+00
1.263110626974822237e+00
1.107392660746379986e+00
9.610754001519079548e-01
8.710180365160359317e-01
8.826027460953148607e-01
1.000000000000000000e+00
