1.000000000000000000e+00
1.018442253402640274e+00
1.036623847048648850e+00
1.054179615679902815e+00
1.070648666687806561e+00
1.085517718499602768e+00
1.098284478703664524e+00
1.108524624416684645e+00
1.115947394516328739e+00
1.120429350141070257e+00
1.122022132782961146e+00
1.120936178068873357e+00
1.117506771309354496e+00
1.112150823464708616e+00
1.105322448911246980e+00
1.097473573056754637e+00
1.089023298159605968e+00
1.080337366812497812e+00
1.071717235129593826e+00
1.063397149125532737e+00
1.055547142583021847e+00
1.048279872965186321e+00
1.041659494579767697e+00
1.035711176205702744e+00
1.030430292867838604e+00
1.025790694177105777e+00
1.021751746594744104e+00
1.018264059885573225e+00
1.015273947863908788e+00
1.012726754879152313e+00
1.010569217772004036e+00
1.008751042033289025e+00
1.007225861701646741e+00
1.005951733397279613e+00
1.004891291538516640e+00
1.004011667926370643e+00
1.003284256686838960e+00
1.002684386137008055e+00
1.002190942885539560e+00
1.001785980351309613e+00
1.001454333604539171e+00
1.001183254609606221e+00
1.000962076155924807e+00
1.000781908600009817e+00
1.000635370649670675e+00
1.000516353495835897e+00
1.000419816389707117e+00
1.000341611074348824e+00
1.000278332156709027e+00
1.000227190431502544e+00
1.000185906255680601e+00
1.000152620258332625e+00
1.000125818911240527e+00
1.000104272748981282e+00
1.000086985294166730e+00
1.000073150999988281e+00
1.000062120761286089e+00
1.000053373762888054e+00
1.000046494628814120e+00
1.000041155008427829e+00
1.000037098887258447e+00
1.000034131043034513e+00
1.000032108183969148e+00
1.000030932409020856e+00
1.000030546721343061e+00
1.000030932409020856e+00
1.000032108183969148e+00
1.000034131043034513e+00
1.000037098887258447e+00
1.000041155008427829e+00
1.000046494628814120e+00
1.000053373762888054e+00
1.000062120761286089e+00
1.000073150999988281e+00
1.000086985294166730e+00
1.000104272748981282e+00
1.000125818911240527e+00
1.000152620258332625e+00
1.000185906255680601e+00
1.000227190431502544e+00
1.000278332156709027e+00
1.000341611074348824e+00
1.000419816389707117e+00
1.000516353495835897e+00
1.000635370649670675e+00
1.000781908600009817e+00
1.000962076155924807e+00
1.001183254609606221e+00
1.001454333604539171e+00
1.001785980351309613e+00
1.002190942885539560e+00
1.002684386137008055e+00
1.003284256686838960e+00
1.004011667926370643e+00
1.004891291538516418e+00
1.005951733397279613e+00
1.007225861701646741e+00
1.008751042033289025e+00
1.010569217772004036e+00
1.012726754879152091e+00
1.015273947863908788e+00
1.018264059885573003e+00
1.021751746594744326e+00
1.025790694177105333e+00
1.030430292867838604e+00
1.035711176205702300e+00
1.041659494579767253e+00
1.048279872965186321e+00
1.055547142583021403e+00
1.063397149125532293e+00
1.071717235129593382e+00
1.080337366812497590e+00
1.089023298159605302e+00
1.097473573056753526e+00
1.105322448911245869e+00
1.112150823464708171e+00
1.117506771309353386e+00
1.120936178068872247e+00
1.122022132782960480e+00
1.120429350141069147e+00
1.115947394516327629e+00
1.108524624416682425e+00
1.098284478703663414e+00
1.085517718499601880e+00
1.070648666687805672e+00
1.054179615679902149e+00
1.036623847048648850e+00
1.018442253402639830e+00
1.000000000000000000e+00
