1.000000000000000000e+00
8.345653750961548045e-01
8.303404142104293673e-01
9.556457649952465605e-01
1.130323422068345574e+00
1.292683738414940997e+00
1.415475511923826479e+00
1.497365791545705260e+00
1.548559464732887303e+00
1.580115072117981079e+00
1.599282741305197320e+00
1.609284693237810870e+00
1.611056808002902407e+00
1.605138249121190297e+00
1.592853874022755800e+00
1.576618395061767153e+00
1.559555139967556237e+00
1.544767829526262792e+00
1.534608017872207242e+00
1.530189880134182223e+00
1.531264229749120132e+00
1.536426647307168825e+00
1.543541927836926009e+00
1.550235996166043462e+00
1.554328617927793088e+00
1.554131628199959536e+00
1.548592219334810505e+00
1.537301614345844003e+00
1.520410118654532905e+00
1.498492747221037202e+00
1.472401986617422498e+00
1.443132385425149655e+00
1.411710168313164981e+00
1.379112208209422930e+00
1.346212990059982628e+00
1.313755219272398023e+00
1.282338686445892550e+00
1.252422137319615159e+00
1.224333627268827662e+00
1.198285776401070812e+00
1.174393262657478010e+00
1.152690690097879056e+00
1.133149612525758299e+00
1.115693981888621789e+00
1.100213646842746140e+00
1.086575775052635695e+00
1.074634237829316108e+00
1.064237098752334409e+00
1.055232406036746839e+00
1.047472514856746084e+00
1.040817170674593450e+00
1.035135575339796610e+00
1.030307639824045385e+00
1.026224604921055272e+00
1.022789186884160539e+00
1.019915380729429444e+00
1.017528031060623839e+00
1.015562259533729250e+00
1.013962819862163967e+00
1.012683435689409661e+00
1.011686163658898518e+00
1.010940813401089988e+00
1.010424447668562209e+00
1.010120979170607391e+00
1.010020875460412970e+00
1.010120979173546152e+00
1.010424447674590276e+00
1.010940813410521333e+00
1.011686163672211869e+00
1.012683435707289803e+00
1.013962819885522171e+00
1.015562259563752789e+00
1.017528031098830610e+00
1.019915380777752123e+00
1.022789186945019413e+00
1.026224604997501233e+00
1.030307639919900931e+00
1.035135575459832591e+00
1.040817170824776428e+00
1.047472515044528985e+00
1.055232406271445100e+00
1.064237099045589607e+00
1.074634238195697700e+00
1.086575775510383535e+00
1.100213647414727269e+00
1.115693982603547241e+00
1.133149613419739410e+00
1.152690691216418539e+00
1.174393264058036124e+00
1.198285778156365611e+00
1.224333629471102247e+00
1.252422140086173252e+00
1.282338689926251885e+00
1.313755223657561144e+00
1.346212995594419093e+00
1.379112215206523606e+00
1.411710177175045322e+00
1.443132396667865525e+00
1.472402000902711006e+00
1.498492765395744275e+00
1.520410141798671066e+00
1.537301643829704023e+00
1.548592256884699259e+00
1.554131675970578774e+00
1.554328678577192591e+00
1.550236072926363562e+00
1.543542024571026738e+00
1.536426768538223353e+00
1.531264380647496148e+00
1.530190066443855912e+00
1.534608245756968303e+00
1.544768105313752526e+00
1.559555469766539471e+00
1.576618784227653558e+00
1.592854326454194114e+00
1.605138766395832750e+00
1.611057388409966595e+00
1.609285330835769745e+00
1.599283425203982256e+00
1.580115786221195862e+00
1.548560188142570127e+00
1.497366499717549093e+00
1.415476178484426084e+00
1.292684337358362079e+00
1.130323929900363789e+00
9.556461623712065867e-01
8.303406867835781968e-01
8.345655136170341271e-01
1.000000000000000000e+00
