1.000000000000000000e+00
1.035517380078781580e+00
1.070559868175829710e+00
1.104422602553592370e+00
1.136191662844656447e+00
1.164837441475444324e+00
1.189350409356966454e+00
1.208883796119701426e+00
1.222870227398054510e+00
1.231089553766807843e+00
1.233679625461987950e+00
1.231095851887197501e+00
1.224035103192875340e+00
1.213343184114121787e+00
1.199923402759674129e+00
1.184658758133409373e+00
1.168354307448994156e+00
1.151701076335285068e+00
1.135259286619236807e+00
1.119456795324096587e+00
1.104598126346384213e+00
1.090879849319348560e+00
1.078408876067203925e+00
1.067221182541308488e+00
1.057299330906958268e+00
1.048587872645314389e+00
1.041006236798140083e+00
1.034459062841189159e+00
1.028844156298462487e+00
1.024058361588423782e+00
1.020001691917276743e+00
1.016580055588753861e+00
1.013706890880339273e+00
1.011303981044086031e+00
1.009301675917930519e+00
1.007638702573367739e+00
1.006261707444504827e+00
1.005124637904607265e+00
1.004188042648709089e+00
1.003418347246674447e+00
1.002787143258638158e+00
1.002270515621911384e+00
1.001848422872696043e+00
1.001504137453377297e+00
1.001223748256075963e+00
1.000995724140346210e+00
1.000810535007702118e+00
1.000660325774988646e+00
1.000538637995504576e+00
1.000440173727411786e+00
1.000360596391264734e+00
1.000296363680958756e+00
1.000244588015902103e+00
1.000202920491100933e+00
1.000169454759278098e+00
1.000142647741127711e+00
1.000121254492254197e+00
1.000104274950662342e+00
1.000090910644266584e+00
1.000080529753851755e+00
1.000072639205814795e+00
1.000066862714157123e+00
1.000062923906968937e+00
1.000060633863454118e+00
1.000059882558091973e+00
1.000060633863454118e+00
1.000062923906968937e+00
1.000066862714157123e+00
1.000072639205814795e+00
1.000080529753851755e+00
1.000090910644266584e+00
1.000104274950662342e+00
1.000121254492254197e+00
1.000142647741127711e+00
1.000169454759278098e+00
1.000202920491100933e+00
1.000244588015902103e+00
1.000296363680958756e+00
1.000360596391264734e+00
1.000440173727411786e+00
1.000538637995504576e+00
1.000660325774988646e+00
1.000810535007702118e+00
1.000995724140346210e+00
1.001223748256075963e+00
1.001504137453377297e+00
1.001848422872696043e+00
1.002270515621911384e+00
1.002787143258638158e+00
1.003418347246674447e+00
1.004188042648709089e+00
1.005124637904607265e+00
1.006261707444504827e+00
1.007638702573367739e+00
1.009301675917930297e+00
1.011303981044086031e+00
1.013706890880339273e+00
1.016580055588753861e+00
1.020001691917276743e+00
1.024058361588423560e+00
1.028844156298462487e+00
1.034459062841188937e+00
1.041006236798140305e+00
1.048587872645314167e+00
1.057299330906958268e+00
1.067221182541308266e+00
1.078408876067203481e+00
1.090879849319349004e+00
1.104598126346383768e+00
1.119456795324096143e+00
1.135259286619236585e+00
1.151701076335285290e+00
1.168354307448993712e+00
1.184658758133408929e+00
1.199923402759673241e+00
1.213343184114121565e+00
1.224035103192874452e+00
1.231095851887196391e+00
1.233679625461987506e+00
1.231089553766806732e+00
1.222870227398053400e+00
1.208883796119700316e+00
1.189350409356966010e+00
1.164837441475444546e+00
1.136191662844655337e+00
1.104422602553591704e+00
1.070559868175829932e+00
1.035517380078781358e+00
1.000000000000000000e+00
