1.000000000000000000e+00
1.062416196705009419e+00
1.124184947292536485e+00
1.184120812006190793e+00
1.240559036225480360e+00
1.291557329250168085e+00
1.335183380542924958e+00
1.369814707833862277e+00
1.394379793816626245e+00
1.408491548261318504e+00
1.412457736147969101e+00
1.407185405906948628e+00
1.394017170171197417e+00
1.374542717921838575e+00
1.350421976199633223e+00
1.323243025494786007e+00
1.294424116837159966e+00
1.265158597148517305e+00
1.236395381901678414e+00
1.208845283512150148e+00
1.183003768159735403e+00
1.159182329813465140e+00
1.137542718432255073e+00
1.118130195700095975e+00
1.100903569804384752e+00
1.085760922933615147e+00
1.072560731155132174e+00
1.061138563091093667e+00
1.051319812059965830e+00
1.042929035584381880e+00
1.035796500236167761e+00
1.029762497631680374e+00
1.024679935687680565e+00
1.020415635415570454e+00
1.016850688342820996e+00
1.013880159304359818e+00
1.011412357001921558e+00
1.009367841595121051e+00
1.007678294682644360e+00
1.006285341694024948e+00
1.005139388941343803e+00
1.004198516251358475e+00
1.003427450097553741e+00
1.002796630448820725e+00
1.002281376240355071e+00
1.001861148681231661e+00
1.001518907904719313e+00
1.001240556226175693e+00
1.001014460092310321e+00
1.000831042368912849e+00
1.000682436681632703e+00
1.000562195916962827e+00
1.000465047577697719e+00
1.000386689375331040e+00
1.000323619166933575e+00
1.000272994062786136e+00
1.000232514216590207e+00
1.000200327446577608e+00
1.000174951416040292e+00
1.000155210623624669e+00
1.000140185919261571e+00
1.000129174674929677e+00
1.000121660106713994e+00
1.000117288572082819e+00
1.000115853961357049e+00
1.000117288572082819e+00
1.000121660106713994e+00
1.000129174674929677e+00
1.000140185919261571e+00
1.000155210623624669e+00
1.000174951416040292e+00
1.000200327446577608e+00
1.000232514216590207e+00
1.000272994062786136e+00
1.000323619166933575e+00
1.000386689375331040e+00
1.000465047577697719e+00
1.000562195916962827e+00
1.000682436681632703e+00
1.000831042368912849e+00
1.001014460092310321e+00
1.001240556226175693e+00
1.001518907904719313e+00
1.001861148681231661e+00
1.002281376240355071e+00
1.002796630448820725e+00
1.003427450097553741e+00
1.004198516251358475e+00
1.005139388941343803e+00
1.006285341694024948e+00
1.007678294682644360e+00
1.009367841595121051e+00
1.011412357001921558e+00
1.013880159304359818e+00
1.016850688342820774e+00
1.020415635415570454e+00
1.024679935687680565e+00
1.029762497631680374e+00
1.035796500236167761e+00
1.042929035584381880e+00
1.051319812059966052e+00
1.061138563091093445e+00
1.072560731155132618e+00
1.085760922933614925e+00
1.100903569804384752e+00
1.118130195700095753e+00
1.137542718432255073e+00
1.159182329813465806e+00
1.183003768159734959e+00
1.208845283512149704e+00
1.236395381901678414e+00
1.265158597148517527e+00
1.294424116837159522e+00
1.323243025494785119e+00
1.350421976199632335e+00
1.374542717921838797e+00
1.394017170171196973e+00
1.407185405906947517e+00
1.412457736147968879e+00
1.408491548261318727e+00
1.394379793816625135e+00
1.369814707833861389e+00
1.335183380542924514e+00
1.291557329250168751e+00
1.240559036225480138e+00
1.184120812006190349e+00
1.124184947292536929e+00
1.062416196705009197e+00
1.000000000000000000e+00
