1.000000000000000000e+00
1.003775634096832015e+00
1.007496553790313110e+00
1.011088725111962683e+00
1.014460337387961708e+00
1.017509893202692695e+00
1.020138066059850246e+00
1.022260286588604128e+00
1.023817329399166809e+00
1.024781988126198584e+00
1.025161016749292608e+00
1.024992583245064592e+00
1.024340280176180507e+00
1.023285141891643102e+00
1.021917137606954462e+00
1.020327345597524360e+00
1.018601605134567656e+00
1.016816016877496898e+00
1.015034306644673645e+00
1.013306823045628580e+00
1.011670809737005516e+00
1.010151557980086823e+00
1.008764075103078195e+00
1.007514970238601260e+00
1.006404337037106522e+00
1.005427488286754656e+00
1.004576460857169673e+00
1.003841257843189450e+00
1.003210828421837286e+00
1.002673806850189697e+00
1.002219043053481196e+00
1.001835961213955573e+00
1.001514782121674108e+00
1.001246641711490026e+00
1.001023633578562277e+00
1.000838798272761121e+00
1.000686077393941220e+00
1.000560246255919772e+00
1.000456835288273227e+00
1.000372047419328725e+00
1.000302676383303835e+00
1.000246029139464810e+00
1.000199854290714674e+00
1.000162277454338389e+00
1.000131743888635683e+00
1.000106968247411299e+00
1.000086891063640238e+00
1.000070641409217753e+00
1.000057505104992472e+00
1.000046897837879145e+00
1.000038342560366944e+00
1.000031450588075410e+00
1.000025905863238140e+00
1.000021451909284265e+00
1.000017881059536595e+00
1.000015025598614882e+00
1.000012750506803050e+00
1.000010947544534234e+00
1.000009530456093643e+00
1.000008431108664331e+00
1.000007596415315669e+00
1.000006985918943769e+00
1.000006569938983070e+00
1.000006328204592565e+00
1.000006248917414187e+00
1.000006328204592565e+00
1.000006569938983070e+00
1.000006985918943769e+00
1.000007596415315669e+00
1.000008431108664331e+00
1.000009530456093643e+00
1.000010947544534234e+00
1.000012750506803050e+00
1.000015025598614882e+00
1.000017881059536595e+00
1.000021451909284265e+00
1.000025905863238140e+00
1.000031450588075410e+00
1.000038342560366944e+00
1.000046897837879145e+00
1.000057505104992472e+00
1.000070641409217753e+00
1.000086891063640238e+00
1.000106968247411299e+00
1.000131743888635683e+00
1.000162277454338389e+00
1.000199854290714674e+00
1.000246029139464810e+00
1.000302676383303835e+00
1.000372047419328725e+00
1.000456835288273227e+00
1.000560246255919772e+00
1.000686077393941220e+00
1.000838798272761121e+00
1.001023633578562277e+00
1.001246641711490026e+00
1.001514782121674108e+00
1.001835961213955573e+00
1.002219043053481196e+00
1.002673806850189475e+00
1.003210828421837286e+00
1.003841257843189227e+00
1.004576460857169673e+00
1.005427488286754434e+00
1.006404337037106300e+00
1.007514970238600815e+00
1.008764075103077751e+00
1.010151557980086823e+00
1.011670809737005072e+00
1.013306823045627914e+00
1.015034306644673201e+00
1.016816016877496232e+00
1.018601605134566990e+00
1.020327345597523250e+00
1.021917137606953130e+00
1.023285141891641992e+00
1.024340280176178952e+00
1.024992583245063482e+00
1.025161016749291942e+00
1.024781988126197252e+00
1.023817329399165921e+00
1.022260286588602352e+00
1.020138066059849136e+00
1.017509893202692250e+00
1.014460337387961264e+00
1.011088725111962017e+00
1.007496553790312888e+00
1.003775634096831570e+00
1.000000000000000000e+00
