1.000000000000000000e+00
1.009676779122113510e+00
1.019214480109712939e+00
1.028422485173632772e+00
1.037062829188295288e+00
1.044871712743469905e+00
1.051591013970361255e+00
1.057001680640725194e+00
1.060951667919602048e+00
1.063373291335180104e+00
1.064287851339759117e+00
1.063798309797000519e+00
1.062072956658004719e+00
1.059324051339683326e+00
1.055785397353220967e+00
1.051692017708893756e+00
1.047263945870086310e+00
1.042694987957705433e+00
1.038146377497450201e+00
1.033744630339717530e+00
1.029582606721470617e+00
1.025722733170914225e+00
1.022201443274336041e+00
1.019034084361831738e+00
1.016219747402419271e+00
1.013745672057615232e+00
1.011591038733828940e+00
1.009730078743517279e+00
1.008134514648986180e+00
1.006775391908257156e+00
1.005624387729692648e+00
1.004654690855013577e+00
1.003841542937072617e+00
1.003162522947522950e+00
1.002597643977943154e+00
1.002129319090493187e+00
1.001742240861513311e+00
1.001423208646503582e+00
1.001160928657597982e+00
1.000945804700641872e+00
1.000769731733966550e+00
1.000625900078644825e+00
1.000508614901801874e+00
1.000413133289370649e+00
1.000335519624230507e+00
1.000272518920965803e+00
1.000221447101255379e+00
1.000180096813645836e+00
1.000146657223012436e+00
1.000119646153349473e+00
1.000097853014819238e+00
1.000080291047328984e+00
1.000066157543819445e+00
1.000054800859895066e+00
1.000045693161365046e+00
1.000038408000484713e+00
1.000032601941257315e+00
1.000027999571832193e+00
1.000024381347356606e+00
1.000021573799674046e+00
1.000019441731992531e+00
1.000017882088075183e+00
1.000016819248122468e+00
1.000016201558577844e+00
1.000015998952135998e+00
1.000016201558577844e+00
1.000016819248122468e+00
1.000017882088075183e+00
1.000019441731992531e+00
1.000021573799674046e+00
1.000024381347356606e+00
1.000027999571832193e+00
1.000032601941257315e+00
1.000038408000484713e+00
1.000045693161365046e+00
1.000054800859895066e+00
1.000066157543819445e+00
1.000080291047328984e+00
1.000097853014819238e+00
1.000119646153349473e+00
1.000146657223012436e+00
1.000180096813645836e+00
1.000221447101255379e+00
1.000272518920965803e+00
1.000335519624230507e+00
1.000413133289370649e+00
1.000508614901801874e+00
1.000625900078644825e+00
1.000769731733966550e+00
1.000945804700641872e+00
1.001160928657597982e+00
1.001423208646503582e+00
1.001742240861513311e+00
1.002129319090493187e+00
1.002597643977942932e+00
1.003162522947522950e+00
1.003841542937072617e+00
1.004654690855013577e+00
1.005624387729692648e+00
1.006775391908256934e+00
1.008134514648986180e+00
1.009730078743517057e+00
1.011591038733828940e+00
1.013745672057615010e+00
1.016219747402419271e+00
1.019034084361831294e+00
1.022201443274335597e+00
1.025722733170914003e+00
1.029582606721470173e+00
1.033744630339716863e+00
1.038146377497449757e+00
1.042694987957704766e+00
1.047263945870085644e+00
1.051692017708892646e+00
1.055785397353219635e+00
1.059324051339682216e+00
1.062072956658003164e+00
1.063798309796999408e+00
1.064287851339758229e+00
1.063373291335178772e+00
1.060951667919600716e+00
1.057001680640722974e+00
1.051591013970359922e+00
1.044871712743469239e+00
1.037062829188294399e+00
1.028422485173632106e+00
1.019214480109712717e+00
1.009676779122113066e+00
1.000000000000000000e+00
