1.000000000000000000e+00
7.781620845763158600e-01
7.953326434510782361e-01
9.626811778832244926e-01
1.156507994524903493e+00
1.312140113272675546e+00
1.418642609465512461e+00
1.488341565338790362e+00
1.535188189470039433e+00
1.567602275833488656e+00
1.589497656836898587e+00
1.602861185213697581e+00
1.609058354250129996e+00
1.609001731406110247e+00
1.603158038261115026e+00
1.591906019410960660e+00
1.576106800667909091e+00
1.557484353941531285e+00
1.538549399988424327e+00
1.522091448773524869e+00
1.510481742724053777e+00
1.505079729793815657e+00
1.505944436694719890e+00
1.511902479145168510e+00
1.520894728387776285e+00
1.530456748586801918e+00
1.538187839239254950e+00
1.542107632060298883e+00
1.540857703004786750e+00
1.533755091368373735e+00
1.520733980031166555e+00
1.502221129153677781e+00
1.478986053852522131e+00
1.451995679086345969e+00
1.422290923124190476e+00
1.390892505382616884e+00
1.358736318934668619e+00
1.326634760482648723e+00
1.295258736733990279e+00
1.265134853800937265e+00
1.236652877052110577e+00
1.210079458911280215e+00
1.185575091587433905e+00
1.163212106329805318e+00
1.142992253284969895e+00
1.124862948491995640e+00
1.108731683105310228e+00
1.094478379553421199e+00
1.081965675781574765e+00
1.071047244872346260e+00
1.061574332014749933e+00
1.053400728798938202e+00
1.046386417457850326e+00
1.040400113433737506e+00
1.035320919773134341e+00
1.031039285896470759e+00
1.027457439491193725e+00
1.024489435888497946e+00
1.022060945796539722e+00
1.020108880598786127e+00
1.018580935080289906e+00
1.017435110597368020e+00
1.016639267312219985e+00
1.016170741969197433e+00
1.016016057483856594e+00
1.016170741968973612e+00
1.016639267311763017e+00
1.017435110596658143e+00
1.018580935079297589e+00
1.020108880597472290e+00
1.022060945794848630e+00
1.024489435886363653e+00
1.027457439488532076e+00
1.031039285893187607e+00
1.035320919769098458e+00
1.040400113428805229e+00
1.046386417451849349e+00
1.053400728791651364e+00
1.061574332005920995e+00
1.071047244861652370e+00
1.081965675768626900e+00
1.094478379537724422e+00
1.108731683086242814e+00
1.124862948468741575e+00
1.142992253256475355e+00
1.163212106294659653e+00
1.185575091543747739e+00
1.210079458856490486e+00
1.236652876982714977e+00
1.265134853712126084e+00
1.295258736619124162e+00
1.326634760332593643e+00
1.358736318736852411e+00
1.390892505119805334e+00
1.422290922772891264e+00
1.451995678614791840e+00
1.478986053218155350e+00
1.502221128300173625e+00
1.520733978885010496e+00
1.533755089835188823e+00
1.540857700965683197e+00
1.542107629368549837e+00
1.538187835717748753e+00
1.530456744026377214e+00
1.520894722546270339e+00
1.511902471746296550e+00
1.505944427425364385e+00
1.505079718298220071e+00
1.510481728594576190e+00
1.522091431540284479e+00
1.538549379114037219e+00
1.557484328830486486e+00
1.576106770700450799e+00
1.591905984006554808e+00
1.603157996967366161e+00
1.609001683999731425e+00
1.609058300833234423e+00
1.602861126293526173e+00
1.589497593383679463e+00
1.567602209309622463e+00
1.535188121813790163e+00
1.488341498881186720e+00
1.418642546772812985e+00
1.312140056927735055e+00
1.156507946874594461e+00
9.626811407997042380e-01
7.953326181918545235e-01
7.781620718166629702e-01
1.000000000000000000e+00
