1.000000000000000000e+00
7.964498955651417855e-01
8.046832399733840901e-01
9.584466681314037784e-01
1.148178257878241348e+00
1.307720644847021108e+00
1.419283300787817614e+00
1.491141451549550689e+00
1.537446466700748804e+00
1.568686131788597837e+00
1.590249478189061483e+00
1.604140215923923307e+00
1.610787790873478231e+00
1.610178550734527203e+00
1.602546051060553367e+00
1.588850347602773994e+00
1.571005862461827274e+00
1.551737983995086667e+00
1.534080113790827538e+00
1.520693335522760092e+00
1.513262149460503858e+00
1.512165114018339418e+00
1.516492018757530813e+00
1.524352166076129889e+00
1.533341541846697353e+00
1.541023726705432084e+00
1.545314858148934212e+00
1.544718899530346246e+00
1.538411044936800476e+00
1.526200604499667435e+00
1.508417955683195588e+00
1.485768075370195840e+00
1.459182956142349719e+00
1.429692907779948952e+00
1.398326028257428133e+00
1.366037475357871012e+00
1.333665614352262496e+00
1.301910007136211300e+00
1.271325729371373559e+00
1.242328947901923719e+00
1.215209552705535767e+00
1.190147599033195336e+00
1.167231205961510421e+00
1.146474304135170152e+00
1.127833211511405587e+00
1.111221453661541014e+00
1.096522558425707672e+00
1.083600769393780583e+00
1.072309762434437097e+00
1.062499534029894388e+00
1.054021675126734170e+00
1.046733261591344499e+00
1.040499591197997509e+00
1.035195984071156428e+00
1.030708843537940567e+00
1.026936150924834923e+00
1.023787543405064060e+00
1.021184100219177049e+00
1.019057940496087999e+00
1.017351716086332569e+00
1.016018065542475979e+00
1.015019080661017759e+00
1.014325824687180022e+00
1.013917931116328441e+00
1.013783303671282665e+00
1.013917931116268045e+00
1.014325824687057676e+00
1.015019080660831241e+00
1.016018065542217741e+00
1.017351716085999502e+00
1.019057940495671444e+00
1.021184100218670343e+00
1.023787543404457212e+00
1.026936150924126823e+00
1.030708843537119224e+00
1.035195984070222064e+00
1.040499591196957008e+00
1.046733261590203856e+00
1.054021675125509816e+00
1.062499534028604975e+00
1.072309762433112601e+00
1.083600769392449648e+00
1.096522558424401605e+00
1.111221453660262259e+00
1.127833211510123945e+00
1.146474304133770605e+00
1.167231205959743168e+00
1.190147599030584535e+00
1.215209552701247420e+00
1.242328947894572266e+00
1.271325729358735668e+00
1.301910007114855272e+00
1.333665614317007586e+00
1.366037475301062898e+00
1.398326028168001445e+00
1.429692907642225563e+00
1.459182955934536841e+00
1.485768075062646965e+00
1.508417955236448504e+00
1.526200603862472693e+00
1.538411044044393217e+00
1.544718898303289345e+00
1.545314856492966626e+00
1.541023724512543325e+00
1.533341538997349041e+00
1.524352162441877656e+00
1.516492014202552419e+00
1.512165108397891533e+00
1.513262142614716810e+00
1.520693327266010586e+00
1.534080103900155478e+00
1.551737972204689564e+00
1.571005848472349697e+00
1.588850331111647529e+00
1.602546031812573268e+00
1.610178528583102953e+00
1.610787765837901508e+00
1.604140188230848807e+00
1.590249448294829504e+00
1.568686100385184412e+00
1.537446434706537968e+00
1.491141420079699964e+00
1.419283271094372578e+00
1.307720618216620112e+00
1.148178235482267828e+00
9.584466508594151612e-01
8.046832283349987236e-01
7.964498897389192811e-01
1.000000000000000000e+00
