1.000000000000000000e+00
7.425897138079962101e-01
7.843443972408588039e-01
9.767302537008206720e-01
1.170942420428051856e+00
1.314234032196288648e+00
1.412214788598663340e+00
1.482302818011268952e+00
1.534346937325771210e+00
1.571019284868936827e+00
1.593324091858048241e+00
1.603674272236490728e+00
1.605790432858870798e+00
1.603217970333207676e+00
1.598085632910484444e+00
1.590827522327842525e+00
1.580822271831389125e+00
1.567456364187172380e+00
1.551017665780646704e+00
1.533019105136803395e+00
1.515887740689853658e+00
1.502242756391336087e+00
1.494108765817527607e+00
1.492361405880082925e+00
1.496551722807442086e+00
1.505093674993600583e+00
1.515688883981561874e+00
1.525826787486840974e+00
1.533223921566695847e+00
1.536123202143213184e+00
1.533433212290121972e+00
1.524730125998062125e+00
1.510165546714090867e+00
1.490325909823598360e+00
1.466080578704242798e+00
1.438443301243176764e+00
1.408459916117113853e+00
1.377126278038124596e+00
1.345334721780921949e+00
1.313844489818958516e+00
1.283270586536535474e+00
1.254085719303028812e+00
1.226630756966866187e+00
1.201130097303907185e+00
1.177709270061655822e+00
1.156412909346023810e+00
1.137221875745157540e+00
1.120068799557053074e+00
1.104851673114952471e+00
1.091445368560556739e+00
1.079711122399093837e+00
1.069504131082573029e+00
1.060679459854021456e+00
1.053096493443530290e+00
1.046622162005053314e+00
1.041133166412710587e+00
1.036517409185629957e+00
1.032674814833572929e+00
1.029517699088943861e+00
1.026970822196451971e+00
1.024971238370411708e+00
1.023468032387118143e+00
1.022422015356253544e+00
1.021805435026839959e+00
1.021601741341738867e+00
1.021805435026627906e+00
1.022422015355817893e+00
1.023468032386445570e+00
1.024971238369480009e+00
1.026970822195228283e+00
1.029517699087386662e+00
1.032674814831635146e+00
1.036517409183250304e+00
1.041133166409826671e+00
1.046622162001582534e+00
1.053096493439390269e+00
1.060679459849124928e+00
1.069504131076814524e+00
1.079711122392364331e+00
1.091445368552732553e+00
1.104851673105905707e+00
1.120068799546632743e+00
1.137221875733195775e+00
1.156412909332303895e+00
1.177709270045904200e+00
1.201130097285738163e+00
1.226630756945731981e+00
1.254085719278132505e+00
1.283270586506679356e+00
1.313844489782362901e+00
1.345334721734926742e+00
1.377126277978826252e+00
1.408459916038839577e+00
1.438443301137794617e+00
1.466080578560287284e+00
1.490325909625200174e+00
1.510165546439709239e+00
1.524730125619085053e+00
1.533433211769442250e+00
1.536123201433927887e+00
1.533223920611180402e+00
1.525826786216293085e+00
1.515688882316139630e+00
1.505093672842823915e+00
1.496551720070259384e+00
1.492361402443477258e+00
1.494108761552573217e+00
1.502242751146176891e+00
1.515887734280654486e+00
1.533019097340043491e+00
1.551017656332163153e+00
1.567456352793574759e+00
1.580822258196445063e+00
1.590827506190593876e+00
1.598085614086344419e+00
1.603217948748770993e+00
1.605790408577886907e+00
1.603674245483712069e+00
1.593324063049300188e+00
1.571019254643094776e+00
1.534346906556402823e+00
1.482302787772197483e+00
1.412214760079381737e+00
1.314234006588957060e+00
1.170942398808990870e+00
9.767302369192288891e-01
7.843443858465802832e-01
7.425897080683876439e-01
1.000000000000000000e+00
