1.000000000000000000e+00
1.032948949312097353e+00
1.065452485474019051e+00
1.096856385740173190e+00
1.126316352176767843e+00
1.152883139877848517e+00
1.175626474090453399e+00
1.193765389868604032e+00
1.206775015050313149e+00
1.214449062746372654e+00
1.216910407813011297e+00
1.214574853191111803e+00
1.208082039819872167e+00
1.198210895919969987e+00
1.185795611201851063e+00
1.171653693205257030e+00
1.156532292202966605e+00
1.141074236374719941e+00
1.125801892094020040e+00
1.111115175616357087e+00
1.097299509143157215e+00
1.084539808694015894e+00
1.072937312593397863e+00
1.062526910449251183e+00
1.053293431155271076e+00
1.045186006354559938e+00
1.038130117898284466e+00
1.032037275051491010e+00
1.026812476754118242e+00
1.022359727412351482e+00
1.018585920315553839e+00
1.015403404528771425e+00
1.012731526963151829e+00
1.010497404048049885e+00
1.008636135549940249e+00
1.007090631909495881e+00
1.005811188985705318e+00
1.004754911711064125e+00
1.003885061263992018e+00
1.003170378734322465e+00
1.002584421350030341e+00
1.002104934463960761e+00
1.001713272961153312e+00
1.001393878877231414e+00
1.001133817230991818e+00
1.000922368874382906e+00
1.000750677145331613e+00
1.000611443949967372e+00
1.000498670349358799e+00
1.000407436590064369e+00
1.000333716654747018e+00
1.000274222714086614e+00
1.000226275260115871e+00
1.000187695141750988e+00
1.000156714171342109e+00
1.000131901404094137e+00
1.000112102597185304e+00
1.000096390725303097e+00
1.000084025761786677e+00
1.000074422229773052e+00
1.000067123288141513e+00
1.000061780345794960e+00
1.000058137399016722e+00
1.000056019464492296e+00
1.000055324639431475e+00
1.000056019464492296e+00
1.000058137399016722e+00
1.000061780345794960e+00
1.000067123288141513e+00
1.000074422229773052e+00
1.000084025761786677e+00
1.000096390725303097e+00
1.000112102597185304e+00
1.000131901404094137e+00
1.000156714171342109e+00
1.000187695141750988e+00
1.000226275260115871e+00
1.000274222714086614e+00
1.000333716654747018e+00
1.000407436590064369e+00
1.000498670349358799e+00
1.000611443949967372e+00
1.000750677145331613e+00
1.000922368874382906e+00
1.001133817230991818e+00
1.001393878877231414e+00
1.001713272961153312e+00
1.002104934463960761e+00
1.002584421350030341e+00
1.003170378734322465e+00
1.003885061263992018e+00
1.004754911711064125e+00
1.005811188985705318e+00
1.007090631909495881e+00
1.008636135549940027e+00
1.010497404048049885e+00
1.012731526963151829e+00
1.015403404528771425e+00
1.018585920315553839e+00
1.022359727412351260e+00
1.026812476754118242e+00
1.032037275051490788e+00
1.038130117898284688e+00
1.045186006354559716e+00
1.053293431155271076e+00
1.062526910449250961e+00
1.072937312593397419e+00
1.084539808694016338e+00
1.097299509143156770e+00
1.111115175616356643e+00
1.125801892094019818e+00
1.141074236374720163e+00
1.156532292202966161e+00
1.171653693205256364e+00
1.185795611201850175e+00
1.198210895919969987e+00
1.208082039819871056e+00
1.214574853191110693e+00
1.216910407813011075e+00
1.214449062746371544e+00
1.206775015050312039e+00
1.193765389868602922e+00
1.175626474090452955e+00
1.152883139877848517e+00
1.126316352176766733e+00
1.096856385740172524e+00
1.065452485474019273e+00
1.032948949312097131e+00
1.000000000000000000e+00
