1.000000000000000000e+00
1.044236757330027743e+00
1.087909619811192385e+00
1.130144992050191366e+00
1.169789175872345988e+00
1.205531970025313981e+00
1.236085569606133916e+00
1.260372041450142033e+00
1.277675517282946593e+00
1.287728918086312957e+00
1.290724830907247878e+00
1.287259297012205872e+00
1.278230154005530528e+00
1.264715955420973481e+00
1.247858522137169413e+00
1.228764968990466944e+00
1.208436888616235105e+00
1.187727566317343220e+00
1.167323643394049038e+00
1.147745516540160216e+00
1.129360391677113107e+00
1.112402605604945194e+00
1.096996998488869890e+00
1.083182364548761267e+00
1.070933106886500008e+00
1.060178086266332587e+00
1.050816274228119296e+00
1.042729229758289744e+00
1.035790661697940651e+00
1.029873461805577373e+00
1.024854634890310479e+00
1.020618543029815584e+00
1.017058842678209007e+00
1.014079441643011448e+00
1.011594747320027965e+00
1.009529424169894884e+00
1.007817830428224370e+00
1.006403262879539851e+00
1.005237104467902931e+00
1.004277942168786852e+00
1.003490701163062049e+00
1.002845825051484230e+00
1.002318519732853686e+00
1.001888069810681570e+00
1.001537230261327460e+00
1.001251691973142233e+00
1.001019617144729201e+00
1.000831239005711470e+00
1.000678519578872550e+00
1.000554858995725382e+00
1.000454850026704534e+00
1.000374071858430858e+00
1.000308917648284224e+00
1.000256450943292297e+00
1.000214286621025739e+00
1.000180492565099000e+00
1.000153508809411118e+00
1.000132081363683367e+00
1.000115208364484420e+00
1.000102096580584021e+00
1.000092126641860313e+00
1.000084825660891852e+00
1.000079846180994547e+00
1.000076950618941085e+00
1.000076000580617075e+00
1.000076950618941085e+00
1.000079846180994547e+00
1.000084825660891852e+00
1.000092126641860313e+00
1.000102096580584021e+00
1.000115208364484420e+00
1.000132081363683367e+00
1.000153508809411118e+00
1.000180492565099000e+00
1.000214286621025739e+00
1.000256450943292297e+00
1.000308917648284224e+00
1.000374071858430858e+00
1.000454850026704534e+00
1.000554858995725382e+00
1.000678519578872550e+00
1.000831239005711470e+00
1.001019617144729201e+00
1.001251691973142233e+00
1.001537230261327460e+00
1.001888069810681570e+00
1.002318519732853686e+00
1.002845825051484230e+00
1.003490701163062049e+00
1.004277942168786852e+00
1.005237104467902931e+00
1.006403262879539851e+00
1.007817830428224370e+00
1.009529424169894884e+00
1.011594747320027743e+00
1.014079441643011448e+00
1.017058842678209007e+00
1.020618543029815584e+00
1.024854634890310479e+00
1.029873461805577373e+00
1.035790661697940651e+00
1.042729229758289522e+00
1.050816274228119518e+00
1.060178086266332365e+00
1.070933106886500008e+00
1.083182364548761045e+00
1.096996998488869890e+00
1.112402605604945638e+00
1.129360391677112885e+00
1.147745516540159993e+00
1.167323643394049038e+00
1.187727566317343442e+00
1.208436888616234439e+00
1.228764968990466055e+00
1.247858522137168524e+00
1.264715955420973259e+00
1.278230154005529640e+00
1.287259297012204762e+00
1.290724830907247433e+00
1.287728918086311847e+00
1.277675517282945261e+00
1.260372041450141145e+00
1.236085569606133250e+00
1.205531970025314203e+00
1.169789175872344877e+00
1.130144992050190700e+00
1.087909619811192607e+00
1.044236757330027521e+00
1.000000000000000000e+00
