1.000000000000000000e+00
9.943110033523898661e-01
1.013026385104056182e+00
1.062142353810284545e+00
1.136607756478131392e+00
1.226076050765252390e+00
1.319216241833399694e+00
1.406598571889780658e+00
1.482120045057250257e+00
1.543116609602979805e+00
1.589569964515612055e+00
1.622953286228415726e+00
1.645189242695783927e+00
1.657981698929566150e+00
1.662557067563215085e+00
1.659705004374273374e+00
1.649963018858836339e+00
1.633816481468911563e+00
1.611841036144794126e+00
1.584765921777627096e+00
1.553469565253002171e+00
1.518932352024994659e+00
1.482171640609948549e+00
1.444177740290859546e+00
1.405861772369797036e+00
1.368019783827156388e+00
1.331313069672283689e+00
1.296262257424491304e+00
1.263251785357310419e+00
1.232541399443126462e+00
1.204281754388367709e+00
1.178531834084467933e+00
1.155276535732679299e+00
1.134443308252058857e+00
1.115917171947046649e+00
1.099553774293308139e+00
1.085190370473218646e+00
1.072654775173366604e+00
1.061772431731122346e+00
1.052371801119097228e+00
1.044288298733942799e+00
1.037367011065976063e+00
1.031464414344406055e+00
1.026449298613496319e+00
1.022203077377160207e+00
1.018619637797163913e+00
1.015604861409467707e+00
1.013075921723969763e+00
1.010960443674886466e+00
1.009195591092365785e+00
1.007727132297349115e+00
1.006508520520297711e+00
1.005500014927513508e+00
1.004667859352807557e+00
1.003983529091987847e+00
1.003423051031262281e+00
1.002966398670010806e+00
1.002596961008253462e+00
1.002301082574842850e+00
1.002067670880675720e+00
1.001887867130655696e+00
1.001754775986512191e+00
1.001663250434273289e+00
1.001609728291239509e+00
1.001592117524020331e+00
1.001609728291239509e+00
1.001663250434273289e+00
1.001754775986512191e+00
1.001887867130655696e+00
1.002067670880675720e+00
1.002301082574842850e+00
1.002596961008253462e+00
1.002966398670010806e+00
1.003423051031262281e+00
1.003983529091987847e+00
1.004667859352807557e+00
1.005500014927513508e+00
1.006508520520297711e+00
1.007727132297349115e+00
1.009195591092365785e+00
1.010960443674886466e+00
1.013075921723969763e+00
1.015604861409467929e+00
1.018619637797163469e+00
1.022203077377160207e+00
1.026449298613496319e+00
1.031464414344406055e+00
1.037367011065976063e+00
1.044288298733943243e+00
1.052371801119097450e+00
1.061772431731122346e+00
1.072654775173366382e+00
1.085190370473219090e+00
1.099553774293307695e+00
1.115917171947046427e+00
1.134443308252058857e+00
1.155276535732677523e+00
1.178531834084468155e+00
1.204281754388367931e+00
1.232541399443126462e+00
1.263251785357311752e+00
1.296262257424490194e+00
1.331313069672284799e+00
1.368019783827155944e+00
1.405861772369797924e+00
1.444177740290859324e+00
1.482171640609948549e+00
1.518932352024996213e+00
1.553469565253003948e+00
1.584765921777627318e+00
1.611841036144795902e+00
1.633816481468912007e+00
1.649963018858836783e+00
1.659705004374273818e+00
1.662557067563215307e+00
1.657981698929569259e+00
1.645189242695787035e+00
1.622953286228417502e+00
1.589569964515614275e+00
1.543116609602981582e+00
1.482120045057253588e+00
1.406598571889782212e+00
1.319216241833401915e+00
1.226076050765255054e+00
1.136607756478133391e+00
1.062142353810284989e+00
1.013026385104056404e+00
9.943110033523885338e-01
1.000000000000000000e+00
