1.000000000000000000e+00
7.535115905196133612e-01
7.867202054521411636e-01
9.717883949074543892e-01
1.166958880932972065e+00
1.314499399824366366e+00
1.414766325668799452e+00
1.484206216197931694e+00
1.534357902367863069e+00
1.569650767142355852e+00
1.591818619173143379e+00
1.603106019630196499e+00
1.606607995993408533e+00
1.605131208454290137e+00
1.600214842663002512e+00
1.592072093393113841e+00
1.580333923670314000e+00
1.565023869659129430e+00
1.547195390075656540e+00
1.528954616433067404e+00
1.512939496249578797e+00
1.501551532616140605e+00
1.496275371519199870e+00
1.497315074023914727e+00
1.503611968866757298e+00
1.513168059600657367e+00
1.523524934011299958e+00
1.532244786784901391e+00
1.537284441232436905e+00
1.537213824979512422e+00
1.531282431832396762e+00
1.519368962887676089e+00
1.501860196986182450e+00
1.479501258431724198e+00
1.453248319555478396e+00
1.424142288482091567e+00
1.393211551354723410e+00
1.361404568173564700e+00
1.329548929305063965e+00
1.298331643145491654e+00
1.268295120270266585e+00
1.239843857605780864e+00
1.213257725185934222e+00
1.188708723729342331e+00
1.166278959711140040e+00
1.145978312864444293e+00
1.127760838274165955e+00
1.111539366290151820e+00
1.097198063074635410e+00
1.084602918655118042e+00
1.073610261136138000e+00
1.064073474461439961e+00
1.055848137976864942e+00
1.048795820632484332e+00
1.042786759692143850e+00
1.037701639724498692e+00
1.033432667111954917e+00
1.029884111669953306e+00
1.026972462531855701e+00
1.024626321757455383e+00
1.022786137108723459e+00
1.021403855603146837e+00
1.020442561972707551e+00
1.019876150954840854e+00
1.019689069181389574e+00
1.019876150954651006e+00
1.020442561972319195e+00
1.021403855602547095e+00
1.022786137107893234e+00
1.024626321756364478e+00
1.026972462530467700e+00
1.029884111668226687e+00
1.033432667109834391e+00
1.037701639721930080e+00
1.042786759689053433e+00
1.048795820628799724e+00
1.055848137972508205e+00
1.064073474456316504e+00
1.073610261130151233e+00
1.084602918648154724e+00
1.097198063066576523e+00
1.111539366280854813e+00
1.127760838263463850e+00
1.145978312852113046e+00
1.166278959696892104e+00
1.188708723712757820e+00
1.213257725166406731e+00
1.239843857582415998e+00
1.268295120241725193e+00
1.298331643109774669e+00
1.329548929259190881e+00
1.361404568113173674e+00
1.393211551273478399e+00
1.424142288370923604e+00
1.453248319401599931e+00
1.479501258217421400e+00
1.501860196687357929e+00
1.519368962472221085e+00
1.531282431258481402e+00
1.537213824193976341e+00
1.537284440169559119e+00
1.532244785365707074e+00
1.523524932143611510e+00
1.513168057179664183e+00
1.503611965775510706e+00
1.497315070132591019e+00
1.496275366681752095e+00
1.501551526663399194e+00
1.512939488979394120e+00
1.528954607600679472e+00
1.547195379390133851e+00
1.565023856792817858e+00
1.580333908285818101e+00
1.592072075186198532e+00
1.600214821412631272e+00
1.605131184068115946e+00
1.606607968542199005e+00
1.603105989375030571e+00
1.591818586594058393e+00
1.569650732967307949e+00
1.534357867582355928e+00
1.484206182009239150e+00
1.414766293417403675e+00
1.314499370860351402e+00
1.166958856479107132e+00
9.717883759273810984e-01
7.867201925669407014e-01
7.535115840295508738e-01
1.000000000000000000e+00
