1.000000000000000000e+00
7.460470782722892213e-01
7.850073931086993806e-01
9.751286321335725926e-01
1.169743353939260544e+00
1.314400925629235939e+00
1.413059293097567171e+00
1.482902159407141651e+00
1.534345207507975539e+00
1.570594751537673250e+00
1.592855673723171384e+00
1.603484330558845317e+00
1.606024702372437662e+00
1.603810060575185714e+00
1.598784665194043830e+00
1.591293526891668364e+00
1.580768009015790065e+00
1.566777587703312768e+00
1.549851560164474673e+00
1.531706273186589362e+00
1.514859245484143857e+00
1.501882408593622875e+00
1.494641919515397266e+00
1.493801850485656280e+00
1.498711837753328613e+00
1.507641960789504632e+00
1.518229220554100811e+00
1.527974990171818925e+00
1.534665220478903525e+00
1.536644157133926214e+00
1.532929605954068242e+00
1.523196971308503622e+00
1.507676673671248357e+00
1.487009724192438487e+00
1.462096709773415659e+00
1.433962866521836466e+00
1.403650512100007575e+00
1.372141710976623186e+00
1.340308878845900109e+00
1.308888496866721374e+00
1.278472373151548824e+00
1.249511208931179729e+00
1.222326046970022118e+00
1.197124147110852244e+00
1.174016753025773907e+00
1.153036996796223068e+00
1.134156809032908386e+00
1.117302170348660306e+00
1.102366377777249440e+00
1.089221233349623619e+00
1.077726215920288277e+00
1.067735792129091088e+00
1.059105074591263795e+00
1.051694057774131830e+00
1.045370664162020402e+00
1.040012822372397228e+00
1.035509780085829501e+00
1.031762831737529362e+00
1.028685616511844092e+00
1.026204118048572589e+00
1.024256474526254124e+00
1.022792687055251504e+00
1.021774295848976832e+00
1.021174077431523664e+00
1.020975801978357911e+00
1.021174077431321825e+00
1.021774295848563163e+00
1.022792687054613125e+00
1.024256474525370386e+00
1.026204118047411518e+00
1.028685616510367495e+00
1.031762831735694164e+00
1.035509780083577080e+00
1.040012822369669854e+00
1.045370664158741913e+00
1.051694057770228063e+00
1.059105074586653483e+00
1.067735792123679195e+00
1.077726215913977992e+00
1.089221233342303252e+00
1.102366377768806638e+00
1.117302170338962508e+00
1.134156809021809043e+00
1.153036996783527224e+00
1.174016753011237535e+00
1.197124147094119184e+00
1.222326046950578116e+00
1.249511208908264726e+00
1.278472373124006412e+00
1.308888496832813386e+00
1.340308878803008197e+00
1.372141710920883551e+00
1.403650512025775177e+00
1.433962866420990467e+00
1.462096709634471914e+00
1.487009723999460853e+00
1.507676673402557732e+00
1.523196970935245753e+00
1.532929605438758003e+00
1.536644156429113561e+00
1.534665219526231583e+00
1.527974988901585007e+00
1.518229218885467580e+00
1.507641958631059653e+00
1.498711835003385673e+00
1.493801847031148933e+00
1.494641915228178464e+00
1.501882403323487214e+00
1.514859239049496598e+00
1.531706265366046260e+00
1.549851550694944180e+00
1.566777576290544038e+00
1.580767995360523814e+00
1.591293510728526428e+00
1.598784646334282300e+00
1.603810038943234373e+00
1.606024678032590858e+00
1.603484303738291983e+00
1.592855644840342588e+00
1.570594721233006918e+00
1.534345176655840026e+00
1.482902129082971365e+00
1.413059264494905820e+00
1.314400899946884804e+00
1.169743332260564594e+00
9.751286153115880095e-01
7.850073816919999059e-01
7.460470725234994438e-01
1.000000000000000000e+00
