1.000000000000000000e+00
1.051022308143847006e+00
1.101427978564735843e+00
1.150217912062439396e+00
1.196048742204796955e+00
1.237382764438874627e+00
1.272703944601903725e+00
1.300743813691640272e+00
1.320664003830670730e+00
1.332158834965715410e+00
1.335465853963397675e+00
1.331295833841615428e+00
1.320709337451150267e+00
1.304971797909322051e+00
1.285414830389923102e+00
1.263322249103672634e+00
1.239849183896156060e+00
1.215974554959759812e+00
1.192482057182573163e+00
1.169962553313109055e+00
1.148830591737054263e+00
1.129348766060699560e+00
1.111655110430739946e+00
1.095790219624086070e+00
1.081722061136971336e+00
1.069367426115740205e+00
1.058609653544537066e+00
1.049312704634302928e+00
1.041331920123480748e+00
1.034521916744694181e+00
1.028742115189801964e+00
1.023860374363848136e+00
1.019755159636799968e+00
1.016316612417889065e+00
1.013446825037722654e+00
1.011059564765630192e+00
1.009079637067112234e+00
1.007442032279460165e+00
1.006090961933743033e+00
1.004978860475515434e+00
1.004065404282009188e+00
1.003316581652819783e+00
1.002703833875081330e+00
1.002203277617261579e+00
1.001795011983312333e+00
1.001462508879298996e+00
1.001192082348246082e+00
1.000972430766406296e+00
1.000794244913622233e+00
1.000649874661209360e+00
1.000533047159029465e+00
1.000438629798557688e+00
1.000362431772451322e+00
1.000301038666620013e+00
1.000251675156311526e+00
1.000212091499019573e+00
1.000180470103312125e+00
1.000155348992503690e+00
1.000135559470502367e+00
1.000120175733683725e+00
1.000108474559858296e+00
1.000099903547358116e+00
1.000094056679694088e+00
1.000090656259683630e+00
1.000089540497884455e+00
1.000090656259683630e+00
1.000094056679694088e+00
1.000099903547358116e+00
1.000108474559858296e+00
1.000120175733683725e+00
1.000135559470502367e+00
1.000155348992503690e+00
1.000180470103312125e+00
1.000212091499019573e+00
1.000251675156311526e+00
1.000301038666620013e+00
1.000362431772451322e+00
1.000438629798557688e+00
1.000533047159029465e+00
1.000649874661209360e+00
1.000794244913622233e+00
1.000972430766406296e+00
1.001192082348246082e+00
1.001462508879298996e+00
1.001795011983312333e+00
1.002203277617261579e+00
1.002703833875081330e+00
1.003316581652819783e+00
1.004065404282009188e+00
1.004978860475515434e+00
1.006090961933743033e+00
1.007442032279460165e+00
1.009079637067112234e+00
1.011059564765630192e+00
1.013446825037722432e+00
1.016316612417889065e+00
1.019755159636799968e+00
1.023860374363848136e+00
1.028742115189801964e+00
1.034521916744694181e+00
1.041331920123480970e+00
1.049312704634302706e+00
1.058609653544537288e+00
1.069367426115739983e+00
1.081722061136971336e+00
1.095790219624085848e+00
1.111655110430739946e+00
1.129348766060700004e+00
1.148830591737053819e+00
1.169962553313108611e+00
1.192482057182572941e+00
1.215974554959759812e+00
1.239849183896155393e+00
1.263322249103671968e+00
1.285414830389922436e+00
1.304971797909321829e+00
1.320709337451149157e+00
1.331295833841614318e+00
1.335465853963397231e+00
1.332158834965714966e+00
1.320664003830669397e+00
1.300743813691639161e+00
1.272703944601902837e+00
1.237382764438875071e+00
1.196048742204796289e+00
1.150217912062438730e+00
1.101427978564736287e+00
1.051022308143846784e+00
1.000000000000000000e+00
