1.000000000000000000e+00
7.571523932152941505e-01
7.877084588039331425e-01
9.702505151251866744e-01
1.165536284694953961e+00
1.314433340226016211e+00
1.415547218244158412e+00
1.484862566104695691e+00
1.534408233185133419e+00
1.569228706515247262e+00
1.591352562852530239e+00
1.602974879178534984e+00
1.606946490656068871e+00
1.605794205750843195e+00
1.600864281069021455e+00
1.592337172357245256e+00
1.579978937185835930e+00
1.564055812738129658e+00
1.545871115748623792e+00
1.527692936517106359e+00
1.512181436035446414e+00
1.501624810601456250e+00
1.497307005085159348e+00
1.499210378058599691e+00
1.506092806976520482e+00
1.515847221403438860e+00
1.525989567263217994e+00
1.534127272490841909e+00
1.538308947579287267e+00
1.537216365171811150e+00
1.530208852053291713e+00
1.517258257038520908e+00
1.498820629480746458e+00
1.475685219338319421e+00
1.448829748525288119e+00
1.419298596577190930e+00
1.388110558171908204e+00
1.356196097370183429e+00
1.324360272160726160e+00
1.293265969725691855e+00
1.263431966026136166e+00
1.235240947031298608e+00
1.208953553936876091e+00
1.184725473272572716e+00
1.162625448954544005e+00
1.142652794922694781e+00
1.124753528816319736e+00
1.108834646491710263e+00
1.094776339385174602e+00
1.082442147452219228e+00
1.071687162307378705e+00
1.062364466792015349e+00
1.054330033048135995e+00
1.047446312363042198e+00
1.041584744871273172e+00
1.036627401772444834e+00
1.032467951482545443e+00
1.029012117234257895e+00
1.026177769252517802e+00
1.023894771183318397e+00
1.022104678812600476e+00
1.020760369720791427e+00
1.019825665508691692e+00
1.019274993507044424e+00
1.019093122191885525e+00
1.019274993506864568e+00
1.019825665508323764e+00
1.020760369720222771e+00
1.022104678811813327e+00
1.023894771182285224e+00
1.026177769251203076e+00
1.029012117232623202e+00
1.032467951480539270e+00
1.036627401770016110e+00
1.041584744868352619e+00
1.047446312359561427e+00
1.054330033044023729e+00
1.062364466787182993e+00
1.071687162301736551e+00
1.082442147445660918e+00
1.094776339377590446e+00
1.108834646482964814e+00
1.124753528806253566e+00
1.142652794911090064e+00
1.162625448941118522e+00
1.184725473256910577e+00
1.208953553918366230e+00
1.235240947009038415e+00
1.263431965998763395e+00
1.293265969691172801e+00
1.324360272116019033e+00
1.356196097310833792e+00
1.388110558091437463e+00
1.419298596466318507e+00
1.448829748370918491e+00
1.475685219122295333e+00
1.498820629178337249e+00
1.517258256616724754e+00
1.530208851469043285e+00
1.537216364370272093e+00
1.538308946492515483e+00
1.534127271037011520e+00
1.525989565346635102e+00
1.515847218915149508e+00
1.506092803794957913e+00
1.499210374049090966e+00
1.497307000096851803e+00
1.501624804460578666e+00
1.512181428535324557e+00
1.527692927407992007e+00
1.545871104733258505e+00
1.564055799480335462e+00
1.579978921337312325e+00
1.592337153601603772e+00
1.600864259174459514e+00
1.605794180619143363e+00
1.606946462359998051e+00
1.602974847990183083e+00
1.591352529270984251e+00
1.569228671293497301e+00
1.534408197338120505e+00
1.484862530873170217e+00
1.415547185006234665e+00
1.314433310372198127e+00
1.165536259486956494e+00
9.702504955582689217e-01
7.877084455196772250e-01
7.571523865240195050e-01
1.000000000000000000e+00
