1.000000000000000000e+00
1.068425917475435805e+00
1.139702487878723858e+00
1.214279115896070627e+00
1.290676238814620458e+00
1.366039882563347518e+00
1.436779438676618614e+00
1.499236098803864214e+00
1.550283118138419791e+00
1.587757486597499712e+00
1.610664809072436254e+00
1.619160207667797113e+00
1.614359014552364746e+00
1.598054997530819143e+00
1.572420261373785655e+00
1.539740089549858748e+00
1.502210394670832505e+00
1.461804005823476249e+00
1.420198336025022545e+00
1.378750702489611291e+00
1.338506560423171177e+00
1.300227793801769449e+00
1.264431184627352822e+00
1.231430175619827816e+00
1.201375547688148471e+00
1.174292514320172565e+00
1.150113037577591424e+00
1.128703012074127487e+00
1.109884469422492526e+00
1.093453232607118686e+00
1.079192578167513128e+00
1.066883500719899347e+00
1.056312157213149971e+00
1.047275021933704142e+00
1.039582223008340689e+00
1.033059466385469305e+00
1.027548889571747948e+00
1.022909127926118211e+00
1.019014822725253788e+00
1.015755753219696578e+00
1.013035734606685612e+00
1.010771389985972268e+00
1.008890876444836326e+00
1.007332622819089085e+00
1.006044118726249881e+00
1.004980780488667014e+00
1.004104908913609373e+00
1.003384745979840176e+00
1.002793631767473048e+00
1.002309259000134123e+00
1.001913019955377626e+00
1.001589438916536956e+00
1.001325682522390403e+00
1.001111140108214448e+00
1.000937066257292729e+00
1.000796278167442654e+00
1.000682900986726853e+00
1.000592154914918153e+00
1.000520178552376516e+00
1.000463883670817067e+00
1.000420837258660045e+00
1.000389167344097885e+00
1.000367489715632052e+00
1.000354853240976505e+00
1.000350702034074724e+00
1.000354853240976505e+00
1.000367489715632052e+00
1.000389167344097885e+00
1.000420837258660045e+00
1.000463883670817067e+00
1.000520178552376516e+00
1.000592154914918153e+00
1.000682900986726853e+00
1.000796278167442654e+00
1.000937066257292729e+00
1.001111140108214448e+00
1.001325682522390403e+00
1.001589438916536956e+00
1.001913019955377626e+00
1.002309259000134123e+00
1.002793631767473048e+00
1.003384745979840176e+00
1.004104908913609373e+00
1.004980780488667014e+00
1.006044118726249881e+00
1.007332622819089085e+00
1.008890876444836326e+00
1.010771389985972046e+00
1.013035734606685612e+00
1.015755753219696800e+00
1.019014822725253788e+00
1.022909127926118211e+00
1.027548889571747726e+00
1.033059466385469083e+00
1.039582223008340467e+00
1.047275021933703920e+00
1.056312157213149305e+00
1.066883500719899347e+00
1.079192578167512906e+00
1.093453232607118464e+00
1.109884469422492970e+00
1.128703012074127043e+00
1.150113037577591868e+00
1.174292514320172565e+00
1.201375547688148693e+00
1.231430175619827594e+00
1.264431184627352600e+00
1.300227793801770559e+00
1.338506560423171177e+00
1.378750702489611069e+00
1.420198336025022989e+00
1.461804005823476027e+00
1.502210394670832949e+00
1.539740089549858748e+00
1.572420261373784545e+00
1.598054997530820476e+00
1.614359014552365412e+00
1.619160207667796003e+00
1.610664809072435588e+00
1.587757486597499268e+00
1.550283118138419791e+00
1.499236098803863104e+00
1.436779438676617948e+00
1.366039882563348407e+00
1.290676238814620902e+00
1.214279115896069960e+00
1.139702487878723414e+00
1.068425917475435138e+00
1.000000000000000000e+00
