1.000000000000000000e+00
7.453221718992152356e-01
7.848617250270356616e-01
9.754621338403212105e-01
1.169999959249941046e+00
1.314372231544499448e+00
1.412884685642380012e+00
1.482776104692240082e+00
1.534345558120197017e+00
1.570685250270575484e+00
1.592955389100606522e+00
1.603523923492494507e+00
1.605973706511155674e+00
1.603684431267345500e+00
1.598639420340030926e+00
1.591200951499800453e+00
1.580787137749228854e+00
1.566927446388403977e+00
1.550100284047771115e+00
1.531980437234834236e+00
1.515068281680632678e+00
1.501947411434865876e+00
1.494518294136757630e+00
1.493489555877649089e+00
1.498252489344416238e+00
1.507106325898992294e+00
1.517700520284747334e+00
1.527533044226328185e+00
1.534374731917340196e+00
1.536548371517268974e+00
1.533048938938591066e+00
1.523531284203400782e+00
1.508209635008774363e+00
1.487713897940954544e+00
1.462938409652580374e+00
1.434906229529677724e+00
1.404660576750204060e+00
1.373186508159606412e+00
1.341360666124398415e+00
1.309924316447965698e+00
1.279474116926006877e+00
1.250465352593217228e+00
1.223223184157237853e+00
1.197958422502072073e+00
1.174785264854879330e+00
1.153739215948192065e+00
1.134794043929930885e+00
1.117877093615496031e+00
1.102882621346846337e+00
1.089683052375830075e+00
1.078138217851327907e+00
1.068102724947598947e+00
1.059431667061971449e+00
1.051984904191325398e+00
1.045630146280912554e+00
1.040245061738992005e+00
1.035718614701593543e+00
1.031951811803204944e+00
1.028858014815833721e+00
1.026362951350241470e+00
1.024404533001662676e+00
1.022932569503576250e+00
1.021908448892558718e+00
1.021304837377430053e+00
1.021105438344493965e+00
1.021304837377225994e+00
1.021908448892141275e+00
1.022932569502931432e+00
1.024404533000770057e+00
1.026362951349069075e+00
1.028858014814342470e+00
1.031951811801351537e+00
1.035718614699318696e+00
1.040245061736237320e+00
1.045630146277600092e+00
1.051984904187380332e+00
1.059431667057311399e+00
1.068102724942127324e+00
1.078138217844945901e+00
1.089683052368425109e+00
1.102882621338302505e+00
1.117877093605679217e+00
1.134794043918691431e+00
1.153739215935333018e+00
1.174785264840152665e+00
1.197958422485119634e+00
1.223223184137542718e+00
1.250465352570017119e+00
1.279474116898144276e+00
1.309924316413703105e+00
1.341360666081120812e+00
1.373186508103457548e+00
1.404660576675553330e+00
1.434906229428428492e+00
1.462938409513285576e+00
1.487713897747735770e+00
1.508209634740037997e+00
1.523531283830416472e+00
1.533048938424045993e+00
1.536548370813948017e+00
1.534374730967191347e+00
1.527533042960029563e+00
1.517700518621908801e+00
1.507106323748691690e+00
1.498252486605457401e+00
1.493489552437402335e+00
1.494518289867411198e+00
1.501947406186442624e+00
1.515068275271713061e+00
1.531980429444299796e+00
1.550100274613077866e+00
1.566927435016294057e+00
1.580787124141897815e+00
1.591200935393565885e+00
1.598639401547643502e+00
1.603684409714027925e+00
1.605973682260985136e+00
1.603523896771444468e+00
1.592955360325140735e+00
1.570685220078631872e+00
1.534345527383115027e+00
1.482776074481725548e+00
1.412884657147461143e+00
1.314372205958961093e+00
1.169999937652402622e+00
9.754621170804071983e-01
7.848617136517133108e-01
7.453221661709531487e-01
1.000000000000000000e+00
