1.000000000000000000e+00
7.393443802250703190e-01
7.837947249698488106e-01
9.782564502482228308e-01
1.172009602516214111e+00
1.314011161644812686e+00
1.411400552783067086e+00
1.481748507727506103e+00
1.534348720560834156e+00
1.571398124773887295e+00
1.593743240769984970e+00
1.603853215327322168e+00
1.605592975934306610e+00
1.602683697690353126e+00
1.597421415250884547e+00
1.590338735953930271e+00
1.580789563727007518e+00
1.568008159390037681e+00
1.552060325072588620e+00
1.534257050069752992e+00
1.516920540457402211e+00
1.502694411950656450e+00
1.493739082798789530e+00
1.491125699747151812e+00
1.494600053938337947e+00
1.502722115423999361e+00
1.513266346661944040e+00
1.523721211369504003e+00
1.531744672617444181e+00
1.535487203896404473e+00
1.533754320826648865e+00
1.526026408281477842e+00
1.512377450322223815e+00
1.493338893295985015e+00
1.469747460502327296e+00
1.442603483630542582e+00
1.412954235728128838e+00
1.381807343542125865e+00
1.350073240333711677e+00
1.318532367123418814e+00
1.287821635165699918e+00
1.258434730874322893e+00
1.230731559133584785e+00
1.204953071159750255e+00
1.181238670963002280e+00
1.159644224046014527e+00
1.140159362865060588e+00
1.122723296616098265e+00
1.107238707904163233e+00
1.093583581672489258e+00
1.081620987702205827e+00
1.071206948948319138e+00
1.062196591711993765e+00
1.054448803997359851e+00
1.047829635870124898e+00
1.042214668060489124e+00
1.037490558187553313e+00
1.033555951980158261e+00
1.030321922659430456e+00
1.027712077227808107e+00
1.025662445063881600e+00
1.024121242699620682e+00
1.023048589300785016e+00
1.022416230227772171e+00
1.022207310952955250e+00
1.022416230227547462e+00
1.023048589300323385e+00
1.024121242698907253e+00
1.025662445062892836e+00
1.027712077226509146e+00
1.030321922657775779e+00
1.033555951978096576e+00
1.037490558185017120e+00
1.042214668057410920e+00
1.047829635866414089e+00
1.054448803992924510e+00
1.062196591706734417e+00
1.071206948942117654e+00
1.081620987694934755e+00
1.093583581664004711e+00
1.107238707894313556e+00
1.122723296604704712e+00
1.140159362851917324e+00
1.159644224030863313e+00
1.181238670945519820e+00
1.204953071139489129e+00
1.230731559109924600e+00
1.258434730846377914e+00
1.287821635132169185e+00
1.318532367082395185e+00
1.350073240282384512e+00
1.381807343476413097e+00
1.412954235642144729e+00
1.442603483515907170e+00
1.469747460347286205e+00
1.493338893084331209e+00
1.512377450032035275e+00
1.526026407883707359e+00
1.533754320283695183e+00
1.535487203160792458e+00
1.531744671630856702e+00
1.523721210062244369e+00
1.513266344952934883e+00
1.502722113220968492e+00
1.494600051137592978e+00
1.491125696231871967e+00
1.493739078434827006e+00
1.502694406579459407e+00
1.516920533887256894e+00
1.534257042068763344e+00
1.552060315368694710e+00
1.568008147683381148e+00
1.580789549716806297e+00
1.590338719376395371e+00
1.597421395919623288e+00
1.602683675530809149e+00
1.605592951010557101e+00
1.603853187868144126e+00
1.593743211201578136e+00
1.571398093753303415e+00
1.534348688986802101e+00
1.481748476703077522e+00
1.411400523527224449e+00
1.314011135376383033e+00
1.172009580334346879e+00
9.782564330220011595e-01
7.837947132668238170e-01
7.393443743269481061e-01
1.000000000000000000e+00
