1.000000000000000000e+00
7.598371299012847135e-01
7.885035898521739472e-01
9.691620761515702398e-01
1.164466385939498361e+00
1.314336190255675163e+00
1.416096580803607896e+00
1.485353430080293524e+00
1.534469949433000080e+00
1.568945764118943265e+00
1.591037976715524493e+00
1.602907353224686915e+00
1.607217562548907575e+00
1.606283781879821237e+00
1.601314814450628843e+00
1.592480365961668642e+00
1.579659737758506655e+00
1.563303872186862176e+00
1.544895303731635305e+00
1.526808654519343555e+00
1.511705656858797431e+00
1.501779861856371134e+00
1.498162935544503194e+00
1.500676358739847949e+00
1.507950100994690068e+00
1.517805814853204316e+00
1.527748838403504950e+00
1.535425773065938859e+00
1.538955741603585947e+00
1.537103171813277047e+00
1.529306700060778068e+00
1.515604189677043356e+00
1.496499835253937816e+00
1.472812724361890480e+00
1.445534270248108433e+00
1.415709803061019123e+00
1.384349998954414573e+00
1.352371481947999943e+00
1.320562491785897574e+00
1.289568186351625734e+00
1.259890140024371386e+00
1.231895278253885673e+00
1.205830428262806064e+00
1.181839616886638966e+00
1.159982085541495955e+00
1.140249674273888125e+00
1.122582750334487178e+00
1.106884240582642676e+00
1.093031596916526960e+00
1.080886705261868252e+00
1.070303863608744743e+00
1.061136021201900537e+00
1.053239503355157813e+00
1.046477455192326600e+00
1.040722230922045410e+00
1.035856938922224080e+00
1.031776331205542574e+00
1.028387201782456017e+00
1.025608434107699418e+00
1.023370814545108143e+00
1.021616707425555992e+00
1.020299668207917954e+00
1.019384054588116983e+00
1.018844681024644538e+00
1.018666549797563770e+00
1.018844681024475118e+00
1.019384054587771038e+00
1.020299668207383492e+00
1.021616707424815695e+00
1.023370814544136920e+00
1.025608434106464406e+00
1.028387201780921689e+00
1.031776331203661412e+00
1.035856938919950343e+00
1.040722230919314928e+00
1.046477455189078531e+00
1.053239503351327988e+00
1.061136021197411683e+00
1.070303863603517813e+00
1.080886705255809765e+00
1.093031596909542769e+00
1.106884240574617095e+00
1.122582750325280987e+00
1.140249674263309254e+00
1.159982085529290607e+00
1.181839616872425669e+00
1.205830428246013941e+00
1.231895278233655411e+00
1.259890139999394920e+00
1.289568186319928866e+00
1.320562491744506683e+00
1.352371481892538752e+00
1.384349998878488197e+00
1.415709802955438468e+00
1.445534270099871454e+00
1.472812724152928521e+00
1.496499834959590158e+00
1.515604189264343704e+00
1.529306699486635557e+00
1.537103171022742076e+00
1.538955740528497040e+00
1.535425771624128854e+00
1.527748836498849405e+00
1.517805812376323837e+00
1.507950097823764768e+00
1.500676354740380081e+00
1.498162930566520945e+00
1.501779855727886526e+00
1.511705649375796545e+00
1.526808645435232981e+00
1.544895292752058058e+00
1.563303858977378225e+00
1.579659721970734232e+00
1.592480347277382746e+00
1.601314792635413431e+00
1.606283756833564391e+00
1.607217534344297150e+00
1.602907322135306067e+00
1.591037943241822461e+00
1.568945729012978019e+00
1.534469913705419186e+00
1.485353394965217788e+00
1.416096547672782036e+00
1.314336160495711114e+00
1.164466360810679557e+00
9.691620566481374821e-01
7.885035766133509094e-01
7.598371232339975467e-01
1.000000000000000000e+00
