1.000000000000000000e+00
1.022570073110496525e+00
1.044824373903074033e+00
1.066315277462082101e+00
1.086474572732852195e+00
1.104667926340483275e+00
1.120274446565391546e+00
1.132770658365376493e+00
1.141799939115779816e+00
1.147214239754851706e+00
1.149082947257948462e+00
1.147671579857970858e+00
1.143398607472749351e+00
1.136781115125477859e+00
1.128379504470603090e+00
1.118748950491101901e+00
1.108402095414569022e+00
1.097784440543416062e+00
1.087261641828199954e+00
1.077116582278710544e+00
1.067553572371513049e+00
1.058707085993603636e+00
1.050652829384116416e+00
1.043419465751779240e+00
1.036999845507472040e+00
1.031361047673720943e+00
1.026452892620262070e+00
1.022214838417358385e+00
1.018581336144609883e+00
1.015485812449359093e+00
1.012863489747666490e+00
1.010653262427569921e+00
1.008798834470311379e+00
1.007249299761017181e+00
1.005959317683949195e+00
1.004889007648036570e+00
1.004003659441245588e+00
1.003273332999603751e+00
1.002672401714394201e+00
1.002179077707198385e+00
1.001774945222024149e+00
1.001444518937716355e+00
1.001174837084387814e+00
1.000955094272797830e+00
1.000776315487560408e+00
1.000631070391169608e+00
1.000513225639202419e+00
1.000417732081321454e+00
1.000340443334459151e+00
1.000277962124261455e+00
1.000227510895012273e+00
1.000186823411228998e+00
1.000154054362719203e+00
1.000127704301801757e+00
1.000106557562280063e+00
1.000089631118790567e+00
1.000076132633298531e+00
1.000065426197967788e+00
1.000057004518916326e+00
1.000050466493801249e+00
1.000045499319580200e+00
1.000041864427558602e+00
1.000039386683929665e+00
1.000037946418484314e+00
1.000037473955133205e+00
1.000037946418484314e+00
1.000039386683929665e+00
1.000041864427558602e+00
1.000045499319580200e+00
1.000050466493801249e+00
1.000057004518916326e+00
1.000065426197967788e+00
1.000076132633298531e+00
1.000089631118790567e+00
1.000106557562280063e+00
1.000127704301801757e+00
1.000154054362719203e+00
1.000186823411228998e+00
1.000227510895012273e+00
1.000277962124261455e+00
1.000340443334459151e+00
1.000417732081321454e+00
1.000513225639202419e+00
1.000631070391169608e+00
1.000776315487560408e+00
1.000955094272797830e+00
1.001174837084387814e+00
1.001444518937716355e+00
1.001774945222024149e+00
1.002179077707198385e+00
1.002672401714394201e+00
1.003273332999603751e+00
1.004003659441245588e+00
1.004889007648036570e+00
1.005959317683948973e+00
1.007249299761017181e+00
1.008798834470311379e+00
1.010653262427569921e+00
1.012863489747666490e+00
1.015485812449358871e+00
1.018581336144609883e+00
1.022214838417358163e+00
1.026452892620262292e+00
1.031361047673720499e+00
1.036999845507472040e+00
1.043419465751778796e+00
1.050652829384115972e+00
1.058707085993603858e+00
1.067553572371512605e+00
1.077116582278710100e+00
1.087261641828199510e+00
1.097784440543415840e+00
1.108402095414568356e+00
1.118748950491101013e+00
1.128379504470601979e+00
1.136781115125477637e+00
1.143398607472748241e+00
1.147671579857969748e+00
1.149082947257948017e+00
1.147214239754850595e+00
1.141799939115778706e+00
1.132770658365374938e+00
1.120274446565390880e+00
1.104667926340483053e+00
1.086474572732851307e+00
1.066315277462081434e+00
1.044824373903074255e+00
1.022570073110496081e+00
1.000000000000000000e+00
