1.000000000000000000e+00
1.034784626092646542e+00
1.069102642605744835e+00
1.102263603481824727e+00
1.133373500855489047e+00
1.161425756190102243e+00
1.185433568138102967e+00
1.204569034788456339e+00
1.218276952944539415e+00
1.226341115459689712e+00
1.228895038011248220e+00
1.226382739423867330e+00
1.219484666827642672e+00
1.209027464954330666e+00
1.195894669509720121e+00
1.180950572096957529e+00
1.164983712892698975e+00
1.148671389634281059e+00
1.132563057453323196e+00
1.117078638561577408e+00
1.102517241613718335e+00
1.089072140422235435e+00
1.076848650156477794e+00
1.065882451786869689e+00
1.056156762858684095e+00
1.047617445179841233e+00
1.040185654495658918e+00
1.033767987520957998e+00
1.028264297831665175e+00
1.023573467647319823e+00
1.019597467986666617e+00
1.016244039883725359e+00
1.013428303018133692e+00
1.011073558467979971e+00
1.009111508128393675e+00
1.007482070096584970e+00
1.006132930049520535e+00
1.005018934752991200e+00
1.004101405716000261e+00
1.003347428395333640e+00
1.002729154683503321e+00
1.002223142960342983e+00
1.001809750014696077e+00
1.001472581955380470e+00
1.001198006219224945e+00
1.000974723431649505e+00
1.000793395759203896e+00
1.000646327176162309e+00
1.000527190486157014e+00
1.000430795794448047e+00
1.000352895267335729e+00
1.000290019332829461e+00
1.000239339893283841e+00
1.000198556581651577e+00
1.000165802562129613e+00
1.000139566829774340e+00
1.000118630388323160e+00
1.000102014073574797e+00
1.000088936138712636e+00
1.000078778028028692e+00
1.000071057039142897e+00
1.000065404814287850e+00
1.000061550812862743e+00
1.000059310104561616e+00
1.000058574989617144e+00
1.000059310104561616e+00
1.000061550812862743e+00
1.000065404814287850e+00
1.000071057039142897e+00
1.000078778028028692e+00
1.000088936138712636e+00
1.000102014073574797e+00
1.000118630388323160e+00
1.000139566829774340e+00
1.000165802562129613e+00
1.000198556581651577e+00
1.000239339893283841e+00
1.000290019332829461e+00
1.000352895267335729e+00
1.000430795794448047e+00
1.000527190486157014e+00
1.000646327176162309e+00
1.000793395759203896e+00
1.000974723431649505e+00
1.001198006219224945e+00
1.001472581955380470e+00
1.001809750014696077e+00
1.002223142960342983e+00
1.002729154683503321e+00
1.003347428395333640e+00
1.004101405716000261e+00
1.005018934752991200e+00
1.006132930049520535e+00
1.007482070096584970e+00
1.009111508128393453e+00
1.011073558467979971e+00
1.013428303018133692e+00
1.016244039883725359e+00
1.019597467986666617e+00
1.023573467647319601e+00
1.028264297831665175e+00
1.033767987520957776e+00
1.040185654495659140e+00
1.047617445179841011e+00
1.056156762858684095e+00
1.065882451786869467e+00
1.076848650156477349e+00
1.089072140422235879e+00
1.102517241613717891e+00
1.117078638561576964e+00
1.132563057453322974e+00
1.148671389634281281e+00
1.164983712892698531e+00
1.180950572096957085e+00
1.195894669509719233e+00
1.209027464954330444e+00
1.219484666827641561e+00
1.226382739423866219e+00
1.228895038011247776e+00
1.226341115459688602e+00
1.218276952944538305e+00
1.204569034788455228e+00
1.185433568138102522e+00
1.161425756190102465e+00
1.133373500855487936e+00
1.102263603481824061e+00
1.069102642605745057e+00
1.034784626092646320e+00
1.000000000000000000e+00
