1.000000000000000000e+00
7.495538483758806825e-01
7.864726329741976718e-01
9.748892374685769191e-01
1.170114434411369864e+00
1.316253116471893136e+00
1.415757322153116338e+00
1.485533489319495359e+00
1.536480435598099881e+00
1.572308727035641951e+00
1.594439692259520980e+00
1.605196139548912493e+00
1.607961305175273470e+00
1.605874340467481121e+00
1.600723803160805314e+00
1.592799399813448202e+00
1.581608630832786355e+00
1.566905059939598166e+00
1.549438218497134256e+00
1.531095427135236386e+00
1.514455828764724066e+00
1.502029998052270221e+00
1.495529755301474362e+00
1.495426217011854408e+00
1.500892873264478622e+00
1.510079628279345387e+00
1.520575131516928469e+00
1.529899080668742473e+00
1.535903983663709615e+00
1.537025871309616987e+00
1.532378746963221738e+00
1.521723625126232271e+00
1.505357589821517905e+00
1.483966677830270697e+00
1.458476110879684651e+00
1.429918810595543821e+00
1.399332088731737977e+00
1.367684478246312230e+00
1.335829919051909842e+00
1.304484279416710857e+00
1.274218648990504743e+00
1.245464257403327668e+00
1.218524729794805195e+00
1.193592359632351885e+00
1.170765982431864138e+00
1.150068794182948828e+00
1.131465056790174062e+00
1.114875081044985450e+00
1.100188199175541115e+00
1.087273660015635190e+00
1.075989524250434481e+00
1.066189725096170715e+00
1.057729507093367882e+00
1.050469474700711947e+00
1.044278482302356537e+00
1.039035584925061650e+00
1.034631249392283125e+00
1.030968002392493865e+00
1.027960667499123959e+00
1.025536319215584857e+00
1.023634059672221097e+00
1.022204703241987200e+00
1.021210436287267154e+00
1.020624503463568145e+00
1.020430958266167920e+00
1.020624503463999133e+00
1.021210436288151779e+00
1.022204703243379420e+00
1.023634059674206176e+00
1.025536319218278258e+00
1.027960667502686887e+00
1.030968002397139927e+00
1.034631249398286323e+00
1.039035584932785916e+00
1.044278482312256617e+00
1.050469474713384033e+00
1.057729507109572031e+00
1.066189725116869047e+00
1.075989524276859344e+00
1.087273660049346002e+00
1.100188199218529839e+00
1.114875081099770959e+00
1.131465056859961571e+00
1.150068794271787764e+00
1.170765982544896389e+00
1.193592359776077583e+00
1.218524729977459753e+00
1.245464257635347627e+00
1.274218649285110194e+00
1.304484279790663726e+00
1.335829919526468679e+00
1.367684478848496532e+00
1.399332089495918918e+00
1.429918811565507264e+00
1.458476112111305678e+00
1.483966679394971955e+00
1.505357591810713602e+00
1.521723627657043387e+00
1.532378750185742211e+00
1.537025875416012211e+00
1.535903988899445904e+00
1.529899087345938158e+00
1.520575140029698069e+00
1.510079639120396555e+00
1.500892887041719526e+00
1.495426234463013371e+00
1.495529777304300145e+00
1.502030025627632881e+00
1.514455863070186314e+00
1.531095469447038226e+00
1.549438270178377985e+00
1.566905122390813254e+00
1.581608705417714367e+00
1.592799487749267273e+00
1.600723905361856714e+00
1.605874457339717454e+00
1.607961436377100206e+00
1.605196283757996278e+00
1.594439847002786959e+00
1.572308888639511126e+00
1.536480599297029181e+00
1.485533649531691092e+00
1.415757472900875724e+00
1.316253251885655340e+00
1.170114549213459920e+00
9.748893273213369293e-01
7.864726946395270701e-01
7.495538797314577062e-01
1.000000000000000000e+00
