1.000000000000000000e+00
1.007649451394651674e+00
1.032170148082034000e+00
1.078927351664799250e+00
1.145859671746172870e+00
1.226733127544878288e+00
1.313716739011497436e+00
1.399299796332523993e+00
1.477488254304087256e+00
1.544282762662688935e+00
1.597583302342358680e+00
1.636768063438269971e+00
1.662194248822473686e+00
1.674784678092502643e+00
1.675758002660644008e+00
1.666483641424870488e+00
1.648411944231662929e+00
1.623034321007935876e+00
1.591846905786930000e+00
1.556309418910976961e+00
1.517801754027274130e+00
1.477584456462351037e+00
1.436768386113687956e+00
1.396296245330468588e+00
1.356936084946014143e+00
1.319285143387334269e+00
1.283781521937594539e+00
1.250721046658497482e+00
1.220276939463317722e+00
1.192520387333899867e+00
1.167440605860471159e+00
1.144963455917693551e+00
1.124968053740260654e+00
1.107301107518177785e+00
1.091788925399699739e+00
1.078247183894390782e+00
1.066488636525006806e+00
1.056328993285295059e+00
1.047591222995544635e+00
1.040108531784853962e+00
1.033726258486127092e+00
1.028302906888163282e+00
1.023710509406068558e+00
1.019834489607535088e+00
1.016573164133887763e+00
1.013836999190850685e+00
1.011547713759835654e+00
1.009637301416518085e+00
1.008047025280192965e+00
1.006726426097994231e+00
1.005632371605078346e+00
1.004728165831444642e+00
1.003982729646843097e+00
1.003369858236984102e+00
1.002867557089308193e+00
1.002457455160155497e+00
1.002124291954442636e+00
1.001855474064066387e+00
1.001640696106649520e+00
1.001471620837531828e+00
1.001341613359774119e+00
1.001245524738663129e+00
1.001179520869943440e+00
1.001140953102308551e+00
1.001128267837900099e+00
1.001140953102308551e+00
1.001179520869943440e+00
1.001245524738663129e+00
1.001341613359774119e+00
1.001471620837531828e+00
1.001640696106649520e+00
1.001855474064066387e+00
1.002124291954442636e+00
1.002457455160155497e+00
1.002867557089308193e+00
1.003369858236984102e+00
1.003982729646843097e+00
1.004728165831444642e+00
1.005632371605078346e+00
1.006726426097994231e+00
1.008047025280192965e+00
1.009637301416518085e+00
1.011547713759835876e+00
1.013836999190850463e+00
1.016573164133887763e+00
1.019834489607535088e+00
1.023710509406068558e+00
1.028302906888163060e+00
1.033726258486127092e+00
1.040108531784854184e+00
1.047591222995544635e+00
1.056328993285295059e+00
1.066488636525006806e+00
1.078247183894390560e+00
1.091788925399699517e+00
1.107301107518177785e+00
1.124968053740259322e+00
1.144963455917693107e+00
1.167440605860470937e+00
1.192520387333899645e+00
1.220276939463318167e+00
1.250721046658496594e+00
1.283781521937594983e+00
1.319285143387333381e+00
1.356936084946013921e+00
1.396296245330468366e+00
1.436768386113688178e+00
1.477584456462352813e+00
1.517801754027275019e+00
1.556309418910975850e+00
1.591846905786931554e+00
1.623034321007935876e+00
1.648411944231662263e+00
1.666483641424869822e+00
1.675758002660642232e+00
1.674784678092504420e+00
1.662194248822475240e+00
1.636768063438270193e+00
1.597583302342358458e+00
1.544282762662688491e+00
1.477488254304087922e+00
1.399299796332523327e+00
1.313716739011496992e+00
1.226733127544879176e+00
1.145859671746173758e+00
1.078927351664798584e+00
1.032170148082032668e+00
1.007649451394649898e+00
1.000000000000000000e+00
