1.000000000000000000e+00
1.075551569824699571e+00
1.150671645240583629e+00
1.224080586364331147e+00
1.293758264965984894e+00
1.357230826807639179e+00
1.411968705332191210e+00
1.455801794969902252e+00
1.487255796052335377e+00
1.505741485488176545e+00
1.511575086636997023e+00
1.505853780481997584e+00
1.490239656939771562e+00
1.466712354334218649e+00
1.437339743584872709e+00
1.404096659020063198e+00
1.368742515997434461e+00
1.332754658082668575e+00
1.297306651978324510e+00
1.263278364619543792e+00
1.231285577510119467e+00
1.201719359129704401e+00
1.174788224405906689e+00
1.150558613142313114e+00
1.128991169170825648e+00
1.109971682227457901e+00
1.093336453564331512e+00
1.078892381762251551e+00
1.066432346582138591e+00
1.055746583565520424e+00
1.046630754589044310e+00
1.038891373880895808e+00
1.032349174142488168e+00
1.026840911634455900e+00
1.022220023300747904e+00
1.018356469316546997e+00
1.015136023864186221e+00
1.012459216552083818e+00
1.010240076627283434e+00
1.008404791270690826e+00
1.006890356755896443e+00
1.005643275923142177e+00
1.004618336099180054e+00
1.003777487187954343e+00
1.003088829190210918e+00
1.002525711037847156e+00
1.002065937642132809e+00
1.001691078869614726e+00
1.001385872305817992e+00
1.001137710773337686e+00
1.000936205349007402e+00
1.000772814855171999e+00
1.000640533318677416e+00
1.000533627577957274e+00
1.000447417988265197e+00
1.000378095968299297e+00
1.000322572909331242e+00
1.000278355705784383e+00
1.000243444850488661e+00
1.000216251662542355e+00
1.000195531780077474e+00
1.000180332557196961e+00
1.000169952459420530e+00
1.000163910961437752e+00
1.000161927823038477e+00
1.000163910961437752e+00
1.000169952459420530e+00
1.000180332557196961e+00
1.000195531780077474e+00
1.000216251662542355e+00
1.000243444850488661e+00
1.000278355705784383e+00
1.000322572909331242e+00
1.000378095968299297e+00
1.000447417988265197e+00
1.000533627577957274e+00
1.000640533318677416e+00
1.000772814855171999e+00
1.000936205349007402e+00
1.001137710773337686e+00
1.001385872305817992e+00
1.001691078869614726e+00
1.002065937642132809e+00
1.002525711037847156e+00
1.003088829190210918e+00
1.003777487187954343e+00
1.004618336099180054e+00
1.005643275923142177e+00
1.006890356755896443e+00
1.008404791270690826e+00
1.010240076627283434e+00
1.012459216552083818e+00
1.015136023864185999e+00
1.018356469316546997e+00
1.022220023300747682e+00
1.026840911634455900e+00
1.032349174142487724e+00
1.038891373880895808e+00
1.046630754589044310e+00
1.055746583565520202e+00
1.066432346582138813e+00
1.078892381762251329e+00
1.093336453564331956e+00
1.109971682227457679e+00
1.128991169170825648e+00
1.150558613142312891e+00
1.174788224405906689e+00
1.201719359129704845e+00
1.231285577510119467e+00
1.263278364619543348e+00
1.297306651978325620e+00
1.332754658082668797e+00
1.368742515997434017e+00
1.404096659020062532e+00
1.437339743584871155e+00
1.466712354334219537e+00
1.490239656939771118e+00
1.505853780481996251e+00
1.511575086636996579e+00
1.505741485488176989e+00
1.487255796052334267e+00
1.455801794969901364e+00
1.411968705332190988e+00
1.357230826807640067e+00
1.293758264965985338e+00
1.224080586364330481e+00
1.150671645240583629e+00
1.075551569824699571e+00
1.000000000000000000e+00
