1.000000000000000000e+00
1.076471282922955686e+00
1.154408052417721597e+00
1.233467679556650376e+00
1.311813931389082200e+00
1.386574506283008379e+00
1.454408836596164711e+00
1.512107304198882840e+00
1.557113527830195077e+00
1.587874051404483566e+00
1.603968829987063582e+00
1.606036291713728970e+00
1.595552416330699330e+00
1.574540917617812896e+00
1.545283386591351116e+00
1.510075483418631626e+00
1.471050127340150171e+00
1.430068947777280108e+00
1.388671619018242431e+00
1.348068142839331296e+00
1.309159287333622634e+00
1.272572904494666757e+00
1.238707074758095272e+00
1.207774034572020927e+00
1.179841247980827568e+00
1.154867722135545227e+00
1.132734828027856189e+00
1.113271607136205210e+00
1.096274952395594582e+00
1.081525253125209973e+00
1.068798165226560570e+00
1.057873162886718399e+00
1.048539480723211348e+00
1.040599987550786976e+00
1.033873457988837341e+00
1.028195633740751402e+00
1.023419396896138256e+00
1.019414315228834633e+00
1.016065765069560811e+00
1.013273791002908375e+00
1.010951822980764359e+00
1.009025339795619480e+00
1.007430542421963171e+00
1.006113080672055293e+00
1.005026861098704760e+00
1.004132952337689844e+00
1.003398595416957750e+00
1.002796320352277393e+00
1.002303166071859986e+00
1.001899997921901209e+00
1.001570915335795231e+00
1.001302741406964847e+00
1.001084585855067433e+00
1.000907473035215212e+00
1.000764027071037843e+00
1.000648206790431871e+00
1.000555083832185277e+00
1.000480658017987690e+00
1.000421704811475632e+00
1.000375650389945026e+00
1.000340470521640324e+00
1.000314610065415666e+00
1.000296920489132990e+00
1.000286613340202635e+00
1.000283228102056832e+00
1.000286613340202635e+00
1.000296920489132990e+00
1.000314610065415666e+00
1.000340470521640324e+00
1.000375650389945026e+00
1.000421704811475632e+00
1.000480658017987690e+00
1.000555083832185277e+00
1.000648206790431871e+00
1.000764027071037843e+00
1.000907473035215212e+00
1.001084585855067433e+00
1.001302741406964847e+00
1.001570915335795231e+00
1.001899997921901209e+00
1.002303166071859986e+00
1.002796320352277393e+00
1.003398595416957750e+00
1.004132952337689844e+00
1.005026861098704760e+00
1.006113080672055293e+00
1.007430542421963171e+00
1.009025339795619258e+00
1.010951822980764359e+00
1.013273791002908597e+00
1.016065765069560811e+00
1.019414315228834633e+00
1.023419396896138034e+00
1.028195633740751180e+00
1.033873457988837119e+00
1.040599987550786754e+00
1.048539480723210904e+00
1.057873162886718399e+00
1.068798165226560348e+00
1.081525253125209751e+00
1.096274952395594804e+00
1.113271607136204766e+00
1.132734828027856633e+00
1.154867722135545005e+00
1.179841247980827568e+00
1.207774034572020483e+00
1.238707074758095272e+00
1.272572904494667201e+00
1.309159287333622634e+00
1.348068142839330852e+00
1.388671619018242653e+00
1.430068947777279664e+00
1.471050127340149949e+00
1.510075483418631404e+00
1.545283386591349117e+00
1.574540917617813784e+00
1.595552416330699108e+00
1.606036291713726971e+00
1.603968829987062472e+00
1.587874051404483122e+00
1.557113527830194188e+00
1.512107304198881064e+00
1.454408836596163823e+00
1.386574506283008601e+00
1.311813931389082422e+00
1.233467679556649710e+00
1.154408052417721153e+00
1.076471282922955464e+00
1.000000000000000000e+00
