1.000000000000000000e+00
8.214752090283581332e-01
8.204707241725963662e-01
9.551600452427969623e-01
1.135540402320196263e+00
1.297482184728066201e+00
1.416266708854984291e+00
1.493932269181096562e+00
1.542629723018548393e+00
1.573778629732602408e+00
1.594165031745353955e+00
1.606368863648195644e+00
1.610726075655080969e+00
1.607195905365359279e+00
1.596534739138835812e+00
1.580701123342383774e+00
1.562623433302134712e+00
1.545561841968386974e+00
1.532347101452341542e+00
1.524760217423376307e+00
1.523225241722223844e+00
1.526857966183090110e+00
1.533797728934412463e+00
1.541684791708450408e+00
1.548140376266307960e+00
1.551144696292894309e+00
1.549263909170077946e+00
1.541726790743250808e+00
1.528383682343293470e+00
1.509592247476392535e+00
1.486071870872935463e+00
1.458758162432397976e+00
1.428676838598382792e+00
1.396845752602976720e+00
1.364206407596475046e+00
1.331581899967433813e+00
1.299656241955636338e+00
1.268969596416804846e+00
1.239924429504233538e+00
1.212798454077974153e+00
1.187761191212634238e+00
1.164891855857083991e+00
1.144197006356350910e+00
1.125626971746258809e+00
1.109090498545196812e+00
1.094467364132294840e+00
1.081618912472866567e+00
1.070396603254399892e+00
1.060648746820960442e+00
1.052225639981423821e+00
1.044983333588316743e+00
1.038786260588026922e+00
1.033508939582030495e+00
1.029036948590928757e+00
1.025267340104295544e+00
1.022108644021954893e+00
1.019480581356452920e+00
1.017313589590238321e+00
1.015548240942026448e+00
1.014134617748297273e+00
1.013031694731994170e+00
1.012206765975123490e+00
1.011634944696802929e+00
1.011298756159993539e+00
1.011187837852834281e+00
1.011298756159661583e+00
1.011634944696122806e+00
1.012206765974066114e+00
1.013031694730502474e+00
1.014134617746305089e+00
1.015548240939436742e+00
1.017313589586931188e+00
1.019480581352270709e+00
1.022108644016710421e+00
1.025267340097740787e+00
1.029036948582765287e+00
1.033508939571892604e+00
1.038786260575451870e+00
1.044983333572734097e+00
1.052225639962122594e+00
1.060648746797055786e+00
1.070396603224781362e+00
1.081618912436144386e+00
1.094467364086708860e+00
1.109090498488515708e+00
1.125626971675636856e+00
1.144197006268143468e+00
1.164891855746594818e+00
1.187761191073788858e+00
1.212798453902875773e+00
1.239924429282565965e+00
1.268969596135070876e+00
1.299656241596118367e+00
1.331581899506845357e+00
1.364206407004207922e+00
1.396845751838858840e+00
1.428676837609824224e+00
1.458758161150882415e+00
1.486071869209758312e+00
1.509592245317709969e+00
1.528383679544593088e+00
1.541726787123478548e+00
1.549263904505874256e+00
1.551144690313426056e+00
1.548140368649186582e+00
1.541684782077001659e+00
1.533797716856095672e+00
1.526857951168422156e+00
1.523225223223464653e+00
1.524760194833120863e+00
1.532347074104404738e+00
1.545561809146825727e+00
1.562623394267508514e+00
1.580701077385401998e+00
1.596534685668283382e+00
1.607195844029295051e+00
1.610726006483587325e+00
1.606368787196273296e+00
1.594164949208764392e+00
1.573778543008426567e+00
1.542629634685136475e+00
1.493932182377748719e+00
1.416266627051443683e+00
1.297482111392263660e+00
1.135540340531577375e+00
9.551599973575377600e-01
8.204706916785738935e-01
8.214751926566075113e-01
1.000000000000000000e+00
