1.000000000000000000e+00
7.407114827291615411e-01
7.840177451678257414e-01
9.776111214837195362e-01
1.171567078139854168e+00
1.314112558269594722e+00
1.411745523218682630e+00
1.481980623260235053e+00
1.534347948023693009e+00
1.571241204215852560e+00
1.593569523980967961e+00
1.603777969302260464e+00
1.605673332091697603e+00
1.602905695353569193e+00
1.597701498362513295e+00
1.590550169946916004e+00
1.580813045251545201e+00
1.567786044136567414e+00
1.551627806231993256e+00
1.533735578730329063e+00
1.516478076520484608e+00
1.502491040314140047e+00
1.493879311392986020e+00
1.491632141191534311e+00
1.495412679062121164e+00
1.503718116366374202e+00
1.514290777977770563e+00
1.524618293199885066e+00
1.532382478609309207e+00
1.535772396446111632e+00
1.533637018396495133e+00
1.525497380119693380e+00
1.511460589874263905e+00
1.492081706660320473e+00
1.468211604763739242e+00
1.440856587200760375e+00
1.411063551909047531e+00
1.379835311855487356e+00
1.348074752065542281e+00
1.316553406775473833e+00
1.285898945286567008e+00
1.256596179503691735e+00
1.228996945339615232e+00
1.203335165525813544e+00
1.179744344148832891e+00
1.158275563426039989e+00
1.138914713887921204e+00
1.121598192806818162e+00
1.106226672889526252e+00
1.092676799901672879e+00
1.080810849149443031e+00
1.070484478260134820e+00
1.061552774976750158e+00
1.053874827319656093e+00
1.047317049790488230e+00
1.041755490988704347e+00
1.037077330719978985e+00
1.033181752465710090e+00
1.029980352818810729e+00
1.027397225120411761e+00
1.025368831304649619e+00
1.023843754595443745e+00
1.022782406525678089e+00
1.022156744798036643e+00
1.021950043600292624e+00
1.022156744797817485e+00
1.022782406525227783e+00
1.023843754594748523e+00
1.025368831303686168e+00
1.027397225119146329e+00
1.029980352817199130e+00
1.033181752463703917e+00
1.037077330717512069e+00
1.041755490985712518e+00
1.047317049786884224e+00
1.053874827315351981e+00
1.061552774971652457e+00
1.070484478254131622e+00
1.080810849142414654e+00
1.092676799893484541e+00
1.106226672880038064e+00
1.121598192795863369e+00
1.138914713875311735e+00
1.158275563411537590e+00
1.179744344132137801e+00
1.203335165506507209e+00
1.228996945317111456e+00
1.256596179477148079e+00
1.285898945254732251e+00
1.316553406736503451e+00
1.348074752016699351e+00
1.379835311792779295e+00
1.411063551826697182e+00
1.440856587090515006e+00
1.468211604613997245e+00
1.492081706455056223e+00
1.511460589591766324e+00
1.525497379731164393e+00
1.533637017864625252e+00
1.535772395723773442e+00
1.532382477638614127e+00
1.524618291911684853e+00
1.514290776291722818e+00
1.503718114191224808e+00
1.495412676295609700e+00
1.491632137718820195e+00
1.493879307082563335e+00
1.502491035010779630e+00
1.516478070036353598e+00
1.533735570837680084e+00
1.551627796662763181e+00
1.567786032594331358e+00
1.580813031438163430e+00
1.590550153600480243e+00
1.597701479297959359e+00
1.602905673497144967e+00
1.605673307507264003e+00
1.603777942216279451e+00
1.593569494814005116e+00
1.571241173615371078e+00
1.534347916875273832e+00
1.481980592651593653e+00
1.411745494353098707e+00
1.314112532351417784e+00
1.171567056255723438e+00
9.776111044920487991e-01
7.840177336271192399e-01
7.407114769141484034e-01
1.000000000000000000e+00
