1.000000000000000000e+00
1.053838578448176522e+00
1.107044660325000374e+00
1.158569468212058862e+00
1.206990349711341004e+00
1.250672506485307922e+00
1.288001474231228904e+00
1.317626050770705826e+00
1.338654279405977698e+00
1.350763050931675036e+00
1.354208480784755642e+00
1.349749832895763779e+00
1.338516559844020071e+00
1.321853051733348217e+00
1.301170845024406164e+00
1.277827875685603187e+00
1.253043429446405899e+00
1.227848734600106795e+00
1.203067771724434243e+00
1.179320589255955065e+00
1.157041326012070881e+00
1.136504283802967530e+00
1.117853004923130555e+00
1.101128911123496534e+00
1.086297413073456841e+00
1.073270425249525095e+00
1.061924934533698517e+00
1.052117725521713343e+00
1.043696625292048097e+00
1.036508753404306704e+00
1.030406296254473997e+00
1.025250303806621188e+00
1.020912955949992984e+00
1.017278681887994862e+00
1.014244449546590987e+00
1.011719479172885183e+00
1.009624579323372906e+00
1.007891255643343698e+00
1.006460703354398190e+00
1.005282762650266060e+00
1.004314891358011774e+00
1.003521190226088988e+00
1.002871502028137796e+00
1.002340595374558996e+00
1.001907436870133061e+00
1.001554550339372351e+00
1.001267458681813549e+00
1.001034202050538724e+00
1.000844925102872152e+00
1.000691525770500023e+00
1.000567358124335504e+00
1.000466982309793140e+00
1.000385955087126133e+00
1.000320655148377869e+00
1.000268138042659238e+00
1.000226016188593192e+00
1.000192360064795949e+00
1.000165617233683024e+00
1.000144546365371312e+00
1.000128163886193855e+00
1.000115701282830116e+00
1.000106571452496595e+00
1.000100342807804799e+00
1.000096720127596095e+00
1.000095531399013193e+00
1.000096720127596095e+00
1.000100342807804799e+00
1.000106571452496595e+00
1.000115701282830116e+00
1.000128163886193855e+00
1.000144546365371312e+00
1.000165617233683024e+00
1.000192360064795949e+00
1.000226016188593192e+00
1.000268138042659238e+00
1.000320655148377869e+00
1.000385955087126133e+00
1.000466982309793140e+00
1.000567358124335504e+00
1.000691525770500023e+00
1.000844925102872152e+00
1.001034202050538724e+00
1.001267458681813549e+00
1.001554550339372351e+00
1.001907436870133061e+00
1.002340595374558996e+00
1.002871502028137796e+00
1.003521190226088988e+00
1.004314891358011774e+00
1.005282762650266060e+00
1.006460703354398190e+00
1.007891255643343698e+00
1.009624579323372906e+00
1.011719479172885183e+00
1.014244449546590765e+00
1.017278681887994862e+00
1.020912955949992984e+00
1.025250303806621188e+00
1.030406296254473997e+00
1.036508753404306704e+00
1.043696625292048319e+00
1.052117725521713121e+00
1.061924934533698739e+00
1.073270425249524873e+00
1.086297413073456841e+00
1.101128911123496312e+00
1.117853004923130555e+00
1.136504283802967974e+00
1.157041326012070437e+00
1.179320589255954621e+00
1.203067771724434243e+00
1.227848734600106795e+00
1.253043429446405232e+00
1.277827875685602521e+00
1.301170845024405498e+00
1.321853051733347995e+00
1.338516559844018960e+00
1.349749832895762669e+00
1.354208480784755642e+00
1.350763050931674591e+00
1.338654279405976366e+00
1.317626050770704493e+00
1.288001474231228238e+00
1.250672506485308366e+00
1.206990349711340560e+00
1.158569468212058196e+00
1.107044660325000818e+00
1.053838578448176300e+00
1.000000000000000000e+00
