1.000000000000000000e+00
1.078015588267996039e+00
1.157176244168732104e+00
1.236956726810545693e+00
1.315442151464834897e+00
1.389764083549485774e+00
1.456651491033505774e+00
1.513011927127270173e+00
1.556433105437144082e+00
1.585511188681441697e+00
1.599962593361691443e+00
1.600535909444351423e+00
1.588784507496188603e+00
1.566776310087842017e+00
1.536807869988536579e+00
1.501166829904714506e+00
1.461961996108929629e+00
1.421021132631408168e+00
1.379845501548950581e+00
1.339606039799311032e+00
1.301166464399880152e+00
1.265121233650822630e+00
1.231839549222507380e+00
1.201509574897120736e+00
1.174179415446009234e+00
1.149793097088621652e+00
1.128220915470162566e+00
1.109284206347741275e+00
1.092774978585015599e+00
1.078471032810214059e+00
1.066147247932286657e+00
1.055583703325307043e+00
1.046571250546540766e+00
1.038915076054653275e+00
1.032436718308822110e+00
1.026974926271493560e+00
1.022385675758963774e+00
1.018541597256209297e+00
1.015331014435804535e+00
1.012656746629038818e+00
1.010434790379109327e+00
1.008592964206429299e+00
1.007069575969625541e+00
1.005812152822697314e+00
1.004776258890669016e+00
1.003924414618218464e+00
1.003225123579174705e+00
1.002652006750581748e+00
1.002183040328234132e+00
1.001799890653366942e+00
1.001487338375007141e+00
1.001232783302693718e+00
1.001025821284382111e+00
1.000857884699510203e+00
1.000721938655628307e+00
1.000612225620156837e+00
1.000524051936351855e+00
1.000453610414201222e+00
1.000397833919944635e+00
1.000354275590910058e+00
1.000321011963801299e+00
1.000296565919412073e+00
1.000279846915053561e+00
1.000270106500484868e+00
1.000266907600135813e+00
1.000270106500484868e+00
1.000279846915053561e+00
1.000296565919412073e+00
1.000321011963801299e+00
1.000354275590910058e+00
1.000397833919944635e+00
1.000453610414201222e+00
1.000524051936351855e+00
1.000612225620156837e+00
1.000721938655628307e+00
1.000857884699510203e+00
1.001025821284382111e+00
1.001232783302693718e+00
1.001487338375007141e+00
1.001799890653366942e+00
1.002183040328234132e+00
1.002652006750581748e+00
1.003225123579174705e+00
1.003924414618218464e+00
1.004776258890669016e+00
1.005812152822697314e+00
1.007069575969625541e+00
1.008592964206429077e+00
1.010434790379109327e+00
1.012656746629039040e+00
1.015331014435804535e+00
1.018541597256209297e+00
1.022385675758963552e+00
1.026974926271493560e+00
1.032436718308821888e+00
1.038915076054653053e+00
1.046571250546540321e+00
1.055583703325307043e+00
1.066147247932286435e+00
1.078471032810213837e+00
1.092774978585015822e+00
1.109284206347740831e+00
1.128220915470163010e+00
1.149793097088621430e+00
1.174179415446009234e+00
1.201509574897120292e+00
1.231839549222507602e+00
1.265121233650823074e+00
1.301166464399880152e+00
1.339606039799310588e+00
1.379845501548951248e+00
1.421021132631407946e+00
1.461961996108929629e+00
1.501166829904714062e+00
1.536807869988535025e+00
1.566776310087843349e+00
1.588784507496188603e+00
1.600535909444349869e+00
1.599962593361690777e+00
1.585511188681441919e+00
1.556433105437143638e+00
1.513011927127268619e+00
1.456651491033505330e+00
1.389764083549486440e+00
1.315442151464835785e+00
1.236956726810544804e+00
1.157176244168731660e+00
1.078015588267995817e+00
1.000000000000000000e+00
