1.000000000000000000e+00
8.118808124351961641e-01
8.140574807997195128e-01
9.560961810429442487e-01
1.140500554913628672e+00
1.301879646798673296e+00
1.417847249627946171e+00
1.492904387041440240e+00
1.540270291370785305e+00
1.571275523683269837e+00
1.592257167469744772e+00
1.605479469635640921e+00
1.611124476782222814e+00
1.608978887857140494e+00
1.599494970017765860e+00
1.584249619559688904e+00
1.565870449115318364e+00
1.547542817293598993e+00
1.532298372457623792e+00
1.522335635987590585e+00
1.518584508437327951e+00
1.520616149388428928e+00
1.526873221690403293e+00
1.535104974512522924e+00
1.542860796232824461e+00
1.547918292791231609e+00
1.548573500142211845e+00
1.543775351869935752e+00
1.533126549106166303e+00
1.516792736225560656e+00
1.495364329826083694e+00
1.469707245186422595e+00
1.440826715970227712e+00
1.409756915722263360e+00
1.377480333006070978e+00
1.344875276529034824e+00
1.312687014303380639e+00
1.281517087191190063e+00
1.251825523256860917e+00
1.223941436310114428e+00
1.198078440647046827e+00
1.174352238676737104e+00
1.152798536834836352e+00
1.133390085276726245e+00
1.116052122811520331e+00
1.100675861427400370e+00
1.087129890380590380e+00
1.075269542842120618e+00
1.064944369624829745e+00
1.056003921534367507e+00
1.048302067577230545e+00
1.041700080594142319e+00
1.036068712299869299e+00
1.031289461653942752e+00
1.027255217900460593e+00
1.023870435281897029e+00
1.021050972256741796e+00
1.018723705272835289e+00
1.016826006507680846e+00
1.015305156853617996e+00
1.014117749903436616e+00
1.013229129695661701e+00
1.012612894298471344e+00
1.012250488655009883e+00
1.012130903143191762e+00
1.012250488654808267e+00
1.012612894298057453e+00
1.013229129695020880e+00
1.014117749902534449e+00
1.015305156852418067e+00
1.016826006506127644e+00
1.018723705270862645e+00
1.021050972254260891e+00
1.023870435278807944e+00
1.027255217896626549e+00
1.031289461649204320e+00
1.036068712294034189e+00
1.041700080586966504e+00
1.048302067568415374e+00
1.056003921523540168e+00
1.064944369611528163e+00
1.075269542825759483e+00
1.087129890360433837e+00
1.100675861402498068e+00
1.116052122780648137e+00
1.133390085238286549e+00
1.152798536786731054e+00
1.174352238616188204e+00
1.198078440570356396e+00
1.223941436212328426e+00
1.251825523131310014e+00
1.281517087028898549e+00
1.312687014092243309e+00
1.344875276252738505e+00
1.377480332642688321e+00
1.409756915242457165e+00
1.440826715334967867e+00
1.469707244344228947e+00
1.495364328709730239e+00
1.516792734748390492e+00
1.533126547158176090e+00
1.543775349313937229e+00
1.548573496810526029e+00
1.547918288483334459e+00
1.542860790714229102e+00
1.535104967514749008e+00
1.526873212911258770e+00
1.520616138491280189e+00
1.518584495048035610e+00
1.522335619689005215e+00
1.532298352784253748e+00
1.547542793732753275e+00
1.565870421124000655e+00
1.584249586606423676e+00
1.599494931653794971e+00
1.608978843812753023e+00
1.611124427074829280e+00
1.605479414670946126e+00
1.592257108117612896e+00
1.571275461313088373e+00
1.540270227833940631e+00
1.492904324589737541e+00
1.417847190758819931e+00
1.301879594024688336e+00
1.140500510478127616e+00
9.560961466556009425e-01
8.140574575105380406e-01
8.118808007215105871e-01
1.000000000000000000e+00
