1.000000000000000000e+00
7.462519490365852048e-01
7.857676380714008202e-01
9.763909206106619054e-01
1.171311555669108273e+00
1.316159760350819052e+00
1.414977545551895588e+00
1.484956519912868700e+00
1.536478904018308445e+00
1.572724767988524563e+00
1.594897558465910858e+00
1.605371358958478156e+00
1.607716644950515139e+00
1.605294422245177044e+00
1.600072398697844678e+00
1.592410073653933278e+00
1.581741846110220173e+00
1.567630141014638934e+00
1.550592050061356586e+00
1.532332743569081002e+00
1.515364297693537532e+00
1.502260563863478504e+00
1.494895568248733930e+00
1.493943957794415578e+00
1.498765131736316647e+00
1.507635539044686945e+00
1.518194048122046613e+00
1.527939665763268673e+00
1.534652909020607359e+00
1.536671016879725737e+00
1.533004586104719902e+00
1.523322605747925218e+00
1.507850432932822837e+00
1.487225546993806713e+00
1.462346448321586001e+00
1.434237495910642979e+00
1.403941046980499818e+00
1.372439834520960522e+00
1.340607322946926860e+00
1.309181225901224099e+00
1.278754624129832651e+00
1.249779434557193314e+00
1.222577799186064240e+00
1.197357929547474331e+00
1.174231862650660263e+00
1.153233368416019200e+00
1.134334871181007287e+00
1.117462717318169485e+00
1.102510459889503025e+00
1.089350065741384821e+00
1.077841104973696451e+00
1.067838077982952161e+00
1.059196087823833343e+00
1.051775088231958089e+00
1.045442939948787897e+00
1.040077497148578445e+00
1.035567927022550405e+00
1.031815442686544237e+00
1.028733605177076127e+00
1.026248326159262980e+00
1.024297680208338779e+00
1.022831614770780106e+00
1.021811627420385449e+00
1.021210463787244338e+00
1.021011875348522224e+00
1.021210463787610712e+00
1.021811627421137736e+00
1.022831614771966047e+00
1.024297680210032535e+00
1.026248326161566471e+00
1.028733605180129906e+00
1.031815442690538820e+00
1.035567927027726931e+00
1.040077497155259989e+00
1.045442939957379469e+00
1.051775088242992595e+00
1.059196087837992462e+00
1.067838078001100754e+00
1.077841104996944299e+00
1.089350065771139908e+00
1.102510459927567465e+00
1.117462717366828118e+00
1.134334871243170229e+00
1.153233368495367062e+00
1.174231862751873079e+00
1.197357929676470922e+00
1.222577799350347494e+00
1.249779434766276731e+00
1.278754624395761486e+00
1.309181226239273244e+00
1.340607323376457716e+00
1.372439835066568525e+00
1.403941047673451292e+00
1.434237496790743416e+00
1.462346449439593687e+00
1.487225548414561782e+00
1.507850434739277823e+00
1.523322608046324911e+00
1.533004589031211173e+00
1.536671020608647353e+00
1.534652913774735117e+00
1.527939671826011869e+00
1.518194055851470381e+00
1.507635548888652588e+00
1.498765144247579562e+00
1.493943973643816703e+00
1.494895588234254502e+00
1.502260588912747385e+00
1.515364328857701226e+00
1.532332782006338157e+00
1.550592097008321790e+00
1.567630197742092113e+00
1.581741913856495874e+00
1.592410153525611882e+00
1.600072491527328333e+00
1.605294528402593457e+00
1.607716764124984099e+00
1.605371489945887298e+00
1.594897699015877857e+00
1.572724914761640669e+00
1.536479052686446023e+00
1.484956665409280729e+00
1.414977682451274088e+00
1.316159883325849655e+00
1.171311659929506588e+00
9.763910022183174275e-01
7.857676940833229207e-01
7.462519775198769301e-01
1.000000000000000000e+00
