1.000000000000000000e+00
8.186730833520169393e-01
8.185558849192061670e-01
9.553954692876345245e-01
1.137002419581004897e+00
1.298822003989979379e+00
1.416777296663935148e+00
1.493634025557523781e+00
1.541892492098551948e+00
1.572980073182777883e+00
1.593562007241194456e+00
1.606112453291817399e+00
1.610896820728395351e+00
1.607800493439668799e+00
1.597479255923198282e+00
1.581782609864244682e+00
1.563564257958979464e+00
1.546079936357949380e+00
1.532234307680392149e+00
1.523939198293668973e+00
1.521767736261268045e+00
1.524963836301468145e+00
1.531747053083350352e+00
1.539780471718891208e+00
1.546656848833870113e+00
1.550292361138550179e+00
1.549172167745940465e+00
1.542443463006534010e+00
1.529885898901652164e+00
1.511803425320471517e+00
1.488880268553323560e+00
1.462033952000744375e+00
1.432286047399829343e+00
1.400660527424595569e+00
1.368111765294758086e+00
1.335479503284993541e+00
1.303465872116636337e+00
1.272628979181020359e+00
1.243387981557418032e+00
1.216035400337875050e+00
1.190753388733773344e+00
1.167631559993657309e+00
1.146684734245408732e+00
1.127869556716497357e+00
1.111099384252597799e+00
1.096257155908109571e+00
1.083206182476834423e+00
1.071798932916192548e+00
1.061883982592458198e+00
1.053311334953435097e+00
1.045936346790268034e+00
1.039622486850634520e+00
1.034243145012110121e+00
1.029682689485788227e+00
1.025836946167027808e+00
1.022613249784844580e+00
1.019930192617190645e+00
1.017717174316396633e+00
1.015913836450535346e+00
1.014469447998333607e+00
1.013342293283643336e+00
1.012499101578341332e+00
1.011914547609056969e+00
1.011570844172872130e+00
1.011457441663289547e+00
1.011570844172581474e+00
1.011914547608461223e+00
1.012499101577415850e+00
1.013342293282338824e+00
1.014469447996592777e+00
1.015913836448274488e+00
1.017717174313512052e+00
1.019930192613546893e+00
1.022613249780281786e+00
1.025836946161333474e+00
1.029682689478707225e+00
1.034243145003331366e+00
1.039622486839763660e+00
1.045936346776819903e+00
1.053311334936805288e+00
1.061883982571893537e+00
1.071798932890746903e+00
1.083206182445322519e+00
1.096257155869024169e+00
1.111099384204020879e+00
1.127869556655972438e+00
1.146684734169772568e+00
1.167631559898808957e+00
1.190753388614375963e+00
1.216035400186944226e+00
1.243387981365765560e+00
1.272628978936545252e+00
1.303465871803351606e+00
1.335479502881759206e+00
1.368111764773632721e+00
1.400660526748727985e+00
1.432286046520776734e+00
1.462033950855189390e+00
1.488880267059100371e+00
1.511803423371997246e+00
1.529885896364882036e+00
1.542443459713704446e+00
1.549172163490555532e+00
1.550292355671080147e+00
1.546656841858601750e+00
1.539780462892067048e+00
1.531747042012224558e+00
1.524963822543414338e+00
1.521767719321990731e+00
1.523939177624554997e+00
1.532234282677409354e+00
1.546079906368069246e+00
1.563564222303310602e+00
1.581782567887820790e+00
1.597479207077697971e+00
1.607800437397164606e+00
1.610896757513886612e+00
1.606112383413806910e+00
1.593561931795564490e+00
1.572979993905580853e+00
1.541892411346453606e+00
1.493633946199105722e+00
1.416777221872314252e+00
1.298821936941654043e+00
1.137002363100216851e+00
9.553954255326662093e-01
8.185558552430289847e-01
8.186730684066999553e-01
1.000000000000000000e+00
