1.000000000000000000e+00
7.765156211649627549e-01
7.946442548894522284e-01
9.632389101619595051e-01
1.157325961372809964e+00
1.312517625922882569e+00
1.418581013267875779e+00
1.488179449560149914e+00
1.535173531933213820e+00
1.567743273411581262e+00
1.589653713812704705e+00
1.602902466926903191e+00
1.608966706302621841e+00
1.608875102162755644e+00
1.603144129425112308e+00
1.592115790791555074e+00
1.576553425326558067e+00
1.558071092831354365e+00
1.539104072450986571e+00
1.522426898527877492e+00
1.510456191895441114e+00
1.504636724354609933e+00
1.505123691646514050e+00
1.510824342056338754e+00
1.519728229519314411e+00
1.529383142543473406e+00
1.537369283602492365e+00
1.541666371015980364e+00
1.540866883026031475e+00
1.534239368499437539e+00
1.521676704310767514e+00
1.503574806133070929e+00
1.480683444337117960e+00
1.453959812427912501e+00
1.424443145122777254e+00
1.393158313239646562e+00
1.361049129928344925e+00
1.328937958789853768e+00
1.297506404356033594e+00
1.267291572437455827e+00
1.238692929570352819e+00
1.211985688592746024e+00
1.187337609614343314e+00
1.164826979944265650e+00
1.144460260791855699e+00
1.126188452289389019e+00
1.109921646602010314e+00
1.095541536261495308e+00
1.082911847251616377e+00
1.071886796939109265e+00
1.062317754814245951e+00
1.054058324255966017e+00
1.046968077708231304e+00
1.040915174405208088e+00
1.035778075512314711e+00
1.031446550914809190e+00
1.027822148211240183e+00
1.024818270066772952e+00
1.022359982491114261e+00
1.020383654783814986e+00
1.018836512356680046e+00
1.017676166596718668e+00
1.016870171339899542e+00
1.016395643188530373e+00
1.016238972516667616e+00
1.016395643188364284e+00
1.016870171339560702e+00
1.017676166596193754e+00
1.018836512355949964e+00
1.020383654782854643e+00
1.022359982489885688e+00
1.024818270065234849e+00
1.027822148209339481e+00
1.031446550912491711e+00
1.035778075509500074e+00
1.040915174401816357e+00
1.046968077704170996e+00
1.054058324251122114e+00
1.062317754808489223e+00
1.071886796932278063e+00
1.082911847243525294e+00
1.095541536251906312e+00
1.109921646590625866e+00
1.126188452275804774e+00
1.144460260775538307e+00
1.164826979924467043e+00
1.187337609590018550e+00
1.211985688562410513e+00
1.238692929531884923e+00
1.267291572387818643e+00
1.297506404290867943e+00
1.328937958702969713e+00
1.361049129810974589e+00
1.393158313079483568e+00
1.424443144902719283e+00
1.453959812124482553e+00
1.480683443918507924e+00
1.503574805556874949e+00
1.521676703521437357e+00
1.534239367425686007e+00
1.540866881578455416e+00
1.541666369085196386e+00
1.537369281058200254e+00
1.529383139234472555e+00
1.519728225274191713e+00
1.510824336683814550e+00
1.505123684933863837e+00
1.504636716062504487e+00
1.510456181748657478e+00
1.522426886203901653e+00
1.539104057572155959e+00
1.558071074969190173e+00
1.576553404026891592e+00
1.592115765624195545e+00
1.603144100053053300e+00
1.608875068417939147e+00
1.608966668253897003e+00
1.602902424932715286e+00
1.589653668559056543e+00
1.567743225934399298e+00
1.535173483612790823e+00
1.488179402068111390e+00
1.418580968457056946e+00
1.312517585667423825e+00
1.157325927375598029e+00
9.632388837645958768e-01
7.946442369589568067e-01
7.765156121286277413e-01
1.000000000000000000e+00
