1.000000000000000000e+00
1.017310505116217012e+00
1.034375731613002225e+00
1.050853109296152388e+00
1.066310912146088086e+00
1.080268644482778040e+00
1.092256116870267357e+00
1.101875902000331031e+00
1.108855225379495435e+00
1.113077570060834187e+00
1.114590089838329634e+00
1.113588608803923075e+00
1.110386103177620321e+00
1.105372433330298332e+00
1.098972846935912795e+00
1.091611077841081245e+00
1.083680555827078118e+00
1.075525021219886135e+00
1.067428127611337318e+00
1.059610558997833296e+00
1.052232729329962257e+00
1.045401118504268201e+00
1.039176554692841314e+00
1.033583130197091471e+00
1.028616832216958654e+00
1.024253319772809645e+00
1.020454556141465075e+00
1.017174207772371108e+00
1.014361853631231991e+00
1.011966126690816647e+00
1.009936946257337320e+00
1.008227008939384994e+00
1.006792697811559112e+00
1.005594551525989644e+00
1.004597413236403947e+00
1.003770356752748505e+00
1.003086466424495615e+00
1.002522528922056511e+00
1.002058679735603919e+00
1.001678034809609263e+00
1.001366328018039376e+00
1.001111567790211598e+00
1.000903720722956303e+00
1.000734426080634565e+00
1.000596742351925750e+00
1.000484925213354970e+00
1.000394235108788665e+00
1.000320772003872039e+00
1.000261334569393368e+00
1.000213300977187636e+00
1.000174528574620192e+00
1.000143269879326891e+00
1.000118102562658429e+00
1.000097871338964550e+00
1.000081639929346178e+00
1.000068651510374718e+00
1.000058296283607984e+00
1.000050085006707778e+00
1.000043627510537991e+00
1.000038615389098551e+00
1.000034808191959446e+00
1.000032022573910551e+00
1.000030123966220152e+00
1.000029020430531101e+00
1.000028658442535301e+00
1.000029020430531101e+00
1.000030123966220152e+00
1.000032022573910551e+00
1.000034808191959446e+00
1.000038615389098551e+00
1.000043627510537991e+00
1.000050085006707778e+00
1.000058296283607984e+00
1.000068651510374718e+00
1.000081639929346178e+00
1.000097871338964550e+00
1.000118102562658429e+00
1.000143269879326891e+00
1.000174528574620192e+00
1.000213300977187636e+00
1.000261334569393368e+00
1.000320772003872039e+00
1.000394235108788665e+00
1.000484925213354970e+00
1.000596742351925750e+00
1.000734426080634565e+00
1.000903720722956303e+00
1.001111567790211598e+00
1.001366328018039376e+00
1.001678034809609263e+00
1.002058679735603919e+00
1.002522528922056511e+00
1.003086466424495615e+00
1.003770356752748505e+00
1.004597413236403725e+00
1.005594551525989644e+00
1.006792697811559112e+00
1.008227008939384994e+00
1.009936946257337320e+00
1.011966126690816425e+00
1.014361853631231991e+00
1.017174207772370886e+00
1.020454556141465297e+00
1.024253319772809201e+00
1.028616832216958654e+00
1.033583130197091027e+00
1.039176554692840870e+00
1.045401118504268201e+00
1.052232729329961813e+00
1.059610558997832852e+00
1.067428127611336874e+00
1.075525021219885913e+00
1.083680555827077452e+00
1.091611077841080135e+00
1.098972846935911463e+00
1.105372433330297666e+00
1.110386103177619210e+00
1.113588608803921964e+00
1.114590089838328746e+00
1.113077570060832855e+00
1.108855225379494325e+00
1.101875902000328811e+00
1.092256116870266025e+00
1.080268644482777374e+00
1.066310912146087198e+00
1.050853109296151722e+00
1.034375731613002003e+00
1.017310505116216568e+00
1.000000000000000000e+00
