1.000000000000000000e+00
7.760057377999736161e-01
7.950704979632317038e-01
9.647257195354991266e-01
1.159275237993727670e+00
1.314485242378378826e+00
1.420505417099553025e+00
1.490176350752956402e+00
1.537302424489447761e+00
1.569933011826756708e+00
1.591760852100452484e+00
1.604804618653673520e+00
1.610620361776014642e+00
1.610317681317119165e+00
1.604455073551469546e+00
1.593365170295250266e+00
1.577763988607102208e+00
1.559207641075269768e+00
1.540089633697380611e+00
1.523174623075497447e+00
1.510902366334409441e+00
1.504763221299225462e+00
1.504964545837934820e+00
1.510457593656027386e+00
1.519258393849111544e+00
1.528920915844777850e+00
1.537013942802873068e+00
1.541493974601952921e+00
1.540924995206727877e+00
1.534547330473259308e+00
1.522229668415841841e+00
1.504349673688910372e+00
1.481645205725432568e+00
1.455067298691777422e+00
1.425653678983484829e+00
1.394431107988012286e+00
1.362347511799969713e+00
1.330230603891003449e+00
1.298767818601142432e+00
1.268502033751089275e+00
1.239838079525357628e+00
1.213055921121602765e+00
1.188327366144232178e+00
1.165734027344319079e+00
1.145285002152261811e+00
1.126933300550295947e+00
1.110590476529825787e+00
1.096139220161034045e+00
1.083443873087289067e+00
1.072358963348928995e+00
1.062735935139284216e+00
1.054428290634601417e+00
1.047295376090227714e+00
1.041205041721045443e+00
1.036035390965108993e+00
1.031675814284385373e+00
1.028027479058363891e+00
1.025003422721763702e+00
1.022528372653383588e+00
1.020538394415486438e+00
1.018980450307011010e+00
1.017811933037221062e+00
1.017000224622268467e+00
1.016522318162050853e+00
1.016364529663900784e+00
1.016522318163169736e+00
1.017000224624566185e+00
1.017811933040820405e+00
1.018980450312106045e+00
1.020538394422351391e+00
1.022528372662381724e+00
1.025003422733377079e+00
1.028027479073208905e+00
1.031675814303258276e+00
1.036035390989003213e+00
1.041205041751230409e+00
1.047295376128306810e+00
1.054428290682585034e+00
1.062735935199708992e+00
1.072358963424978384e+00
1.083443873182978079e+00
1.096139220281407090e+00
1.110590476681237559e+00
1.126933300740736721e+00
1.145285002391811968e+00
1.165734027645682902e+00
1.188327366523458606e+00
1.213055921598985343e+00
1.239838080126598463e+00
1.268502034508797616e+00
1.298767819556748471e+00
1.330230605097283192e+00
1.362347513324249970e+00
1.394431109916351108e+00
1.425653681426060526e+00
1.455067301789846335e+00
1.481645209660225282e+00
1.504349678692986414e+00
1.522229674787370923e+00
1.534547338593774457e+00
1.540925005562762795e+00
1.541493987810651944e+00
1.537013959641351679e+00
1.528920937282083115e+00
1.519258421078758969e+00
1.510457628125806862e+00
1.504964589272502984e+00
1.504763275710053527e+00
1.510902434011147211e+00
1.523174706552549829e+00
1.540089735688906059e+00
1.559207764369965332e+00
1.577764135910766585e+00
1.593365344005737372e+00
1.604455275451627250e+00
1.610317912183111932e+00
1.610620620925431457e+00
1.604804903497044188e+00
1.591761157796950821e+00
1.569933331159706569e+00
1.537302748055554558e+00
1.490176667501359242e+00
1.420505715174949168e+00
1.314485510131173873e+00
1.159275464946944112e+00
9.647258970939066591e-01
7.950706197540824416e-01
7.760057996981418738e-01
1.000000000000000000e+00
