1.000000000000000000e+00
9.261040226281966881e-01
9.219482922696451421e-01
9.927321797618899879e-01
1.113342890174907618e+00
1.251085461349433547e+00
1.378620853575048599e+00
1.479344193981926736e+00
1.547530703756865078e+00
1.585599021954763987e+00
1.600518452399112723e+00
1.600679589376196921e+00
1.593764750346104542e+00
1.585608804511508652e+00
1.579812674021293661e+00
1.577854140402240146e+00
1.579495206648550143e+00
1.583334830359522716e+00
1.587386778219824990e+00
1.589588489013474604e+00
1.588179279173722147e+00
1.581923804168340997e+00
1.570190798808401400e+00
1.552919897821822826e+00
1.530518180140989282e+00
1.503725448471126880e+00
1.473478038611738317e+00
1.440789859168213338e+00
1.406659538786542374e+00
1.372005409569161616e+00
1.337625714855908754e+00
1.304179366150403308e+00
1.272182062508121048e+00
1.242012971769300034e+00
1.213927973792852333e+00
1.188076374471826346e+00
1.164518847944971736e+00
1.143245079096748329e+00
1.124190140882840083e+00
1.107249061608416296e+00
1.092289338204311067e+00
1.079161357441540403e+00
1.067706820539084944e+00
1.057765346725781042e+00
1.049179473102434423e+00
1.041798283235501943e+00
1.035479894065266526e+00
1.030093016437397591e+00
1.025517783629515289e+00
1.021646018065140993e+00
1.018381081382800701e+00
1.015637428774568640e+00
1.013339966052742458e+00
1.011423287831391127e+00
1.009830857786956360e+00
1.008514177226512931e+00
1.007431976029740550e+00
1.006549450231076559e+00
1.005837562810528940e+00
1.005272418382717969e+00
1.004834718133228444e+00
1.004509298283225105e+00
1.004284753325233925e+00
1.004153144048191448e+00
1.004109789769399352e+00
1.004153144048113955e+00
1.004284753325075163e+00
1.004509298282977525e+00
1.004834718132878502e+00
1.005272418382249011e+00
1.005837562809917429e+00
1.006549450230291631e+00
1.007431976028742238e+00
1.008514177225253494e+00
1.009830857785372737e+00
1.011423287829405160e+00
1.013339966050259111e+00
1.015637428771466899e+00
1.018381081378930686e+00
1.021646018060317074e+00
1.025517783623506984e+00
1.030093016429918462e+00
1.035479894055962413e+00
1.041798283223931199e+00
1.049179473088051484e+00
1.057765346707907339e+00
1.067706820516877375e+00
1.079161357413951583e+00
1.092289338170037150e+00
1.107249061565833692e+00
1.124190140829925078e+00
1.143245079030971389e+00
1.164518847863170281e+00
1.188076374370034882e+00
1.213927973666096172e+00
1.242012971611325289e+00
1.272182062311052908e+00
1.304179365904325039e+00
1.337625714548302591e+00
1.372005409184250402e+00
1.406659538304449786e+00
1.440789858563945147e+00
1.473478037853993117e+00
1.503725447520899206e+00
1.530518178950052377e+00
1.552919896331150573e+00
1.570190796946722811e+00
1.581923801851079947e+00
1.588179276302706944e+00
1.589588485477915203e+00
1.587386773899123638e+00
1.583334825128491108e+00
1.579495200385524933e+00
1.577854133000344605e+00
1.579812665402746896e+00
1.585608794644375763e+00
1.593764739262238939e+00
1.600679577188361735e+00
1.600518439314309260e+00
1.585599008279914290e+00
1.547530689892778533e+00
1.479344180402514031e+00
1.378620840792083246e+00
1.251085449867932686e+00
1.113342880448810801e+00
9.927321721606751082e-01
9.219482870624484683e-01
9.261040199845625986e-01
1.000000000000000000e+00
