1.000000000000000000e+00
8.148418465087388096e-01
8.159929138471433419e-01
9.557675907224075784e-01
1.138983955423765071e+00
1.300580832141641441e+00
1.417411032148164329e+00
1.493224138841529935e+00
1.540948572842182340e+00
1.571977465937565599e+00
1.592797301888214889e+00
1.605755959632916063e+00
1.611056698421755140e+00
1.608515157819828900e+00
1.598664988421585553e+00
1.583202976408123464e+00
1.564862858484529218e+00
1.546870981442494131e+00
1.532212857009259244e+00
1.522967580970069568e+00
1.519910592042588826e+00
1.522467680398650769e+00
1.528979334673521651e+00
1.537151846088973040e+00
1.544548955341142671e+00
1.549005665947847055e+00
1.548899106552105165e+00
1.543264663234589884e+00
1.531783120728346104e+00
1.514681823669411731e+00
1.492593593090587145e+00
1.466408217012148629e+00
1.437139170606789529e+00
1.405817007730240320e+00
1.373412512651941197e+00
1.340787502412967624e+00
1.308668581763183125e+00
1.277638370549440516e+00
1.248139007378122001e+00
1.220483530300222608e+00
1.194871689064413323e+00
1.171407655513883261e+00
1.150117877809369915e+00
1.130967943821209909e+00
1.113877786712419216e+00
1.098734903548795883e+00
1.085405491604126471e+00
1.073743561166855542e+00
1.063598178683449413e+00
1.054819046466196619e+00
1.047260647681189427e+00
1.040785187535084422e+00
1.035264550648374859e+00
1.030581475776080502e+00
1.026630126089691508e+00
1.023316208824934570e+00
1.020556774039255377e+00
1.018279799679190134e+00
1.016423649819030439e+00
1.014936475130691518e+00
1.013775609458472005e+00
1.012907003699673236e+00
1.012304727813374772e+00
1.011950563399046432e+00
1.011833702566695692e+00
1.011950563398807956e+00
1.012304727812885830e+00
1.012907003698914510e+00
1.013775609457403082e+00
1.014936475129268212e+00
1.016423649817184360e+00
1.018279799676839570e+00
1.020556774036292857e+00
1.023316208821234863e+00
1.026630126085086081e+00
1.030581475770370403e+00
1.035264550641318282e+00
1.040785187526374278e+00
1.047260647670449796e+00
1.054819046452958542e+00
1.063598178667128025e+00
1.073743561146715875e+00
1.085405491579244597e+00
1.098734903517988748e+00
1.113877786674172032e+00
1.130967943773565354e+00
1.150117877749784245e+00
1.171407655439023143e+00
1.194871688969893153e+00
1.220483530180235476e+00
1.248139007224940089e+00
1.277638370352772723e+00
1.308668581509289996e+00
1.340787502083500060e+00
1.373412512222432769e+00
1.405817007168178590e+00
1.437139169869160460e+00
1.466408216042455637e+00
1.492593591815265297e+00
1.514681821993763666e+00
1.531783118532144439e+00
1.543264660367635654e+00
1.548899102830197050e+00
1.549005661149608359e+00
1.544548949206058008e+00
1.537151838316608510e+00
1.528979324923327221e+00
1.522467668289205545e+00
1.519910577149113262e+00
1.522967562820132015e+00
1.532212835079183488e+00
1.546870955160623895e+00
1.564862827250611321e+00
1.583202939638365780e+00
1.598664945624686640e+00
1.608515108700778962e+00
1.611056643000490674e+00
1.605755898358187661e+00
1.592797235725444960e+00
1.571977396411535333e+00
1.540948502018480104e+00
1.493224069233371587e+00
1.417410966539345507e+00
1.300580773326137862e+00
1.138983905891059578e+00
9.557675523719373345e-01
8.159928878565537724e-01
8.148418334285024711e-01
1.000000000000000000e+00
