1.000000000000000000e+00
7.694689934552441102e-01
7.924694687215142475e-01
9.669141050692274808e-01
1.162170162838114251e+00
1.315429322729476436e+00
1.419724182037739979e+00
1.489138130411678196e+00
1.536990554192788405e+00
1.570317436693607904e+00
1.592214415844679376e+00
1.604754840429157614e+00
1.609955560260701857e+00
1.609416506982156436e+00
1.603935784434695089e+00
1.593740013058179139e+00
1.579174394345966626e+00
1.561343231745096372e+00
1.542297944246909580e+00
1.524691225037227094e+00
1.511099485703918610e+00
1.503329869432339150e+00
1.501974000361788075e+00
1.506324793270920503e+00
1.514622597453776587e+00
1.524500883056223666e+00
1.533476752178141389e+00
1.539362559572163169e+00
1.540532093068571973e+00
1.536030493714374945e+00
1.525555250099982052e+00
1.509352450297563930e+00
1.488072477601806387e+00
1.462619851673566229e+00
1.434019469640698041e+00
1.403310237583265785e+00
1.371468807943404311e+00
1.339361058968026263e+00
1.307716473142978231e+00
1.277119869751783376e+00
1.248015280742630129e+00
1.220717582562033332e+00
1.195428461404256959e+00
1.172254203406135176e+00
1.151223578080502019e+00
1.132304698946728250e+00
1.115420208806185309e+00
1.100460471199104617e+00
1.087294680369533140e+00
1.075779953849938186e+00
1.065768565057154449e+00
1.057113524433996865e+00
1.049672739306535929e+00
1.043311984286354299e+00
1.037906902807109955e+00
1.033344241420631082e+00
1.029522495509930691e+00
1.026352120714213001e+00
1.023755440368879777e+00
1.021666356764646455e+00
1.020029953666216294e+00
1.018802059585712572e+00
1.017948825802286406e+00
1.017446359893994234e+00
1.017280444311099430e+00
1.017446359894946140e+00
1.017948825804241508e+00
1.018802059588777009e+00
1.020029953670557266e+00
1.021666356770499773e+00
1.023755440376560077e+00
1.026352120724136174e+00
1.029522495522632086e+00
1.033344241436802147e+00
1.037906902827613331e+00
1.043311984312297103e+00
1.049672739339316818e+00
1.057113524475374877e+00
1.065768565109350918e+00
1.075779953915745768e+00
1.087294680452478124e+00
1.100460471303626564e+00
1.115420208937880853e+00
1.132304699112642865e+00
1.151223578289532590e+00
1.172254203669503170e+00
1.195428461736145032e+00
1.220717582980384019e+00
1.248015281270174803e+00
1.277119870417365188e+00
1.307716473983239425e+00
1.339361060029639505e+00
1.371468809285896429e+00
1.403310239282698157e+00
1.434019471794418354e+00
1.462619854406334685e+00
1.488072481073637210e+00
1.509352454713732694e+00
1.525555255723626047e+00
1.536030500882160199e+00
1.540532102209803522e+00
1.539362571231393861e+00
1.533476767041082489e+00
1.524500901977888345e+00
1.514622621487032861e+00
1.506324823692476889e+00
1.501974038691660018e+00
1.503329917442094210e+00
1.511099545408683964e+00
1.524691298666345007e+00
1.542298034187608469e+00
1.561343340451687434e+00
1.579174524203590613e+00
1.593740166186508933e+00
1.603935962417575078e+00
1.609416710520008120e+00
1.609955788767696960e+00
1.604755091633151221e+00
1.592214685480944913e+00
1.570317718395048745e+00
1.536990839658295860e+00
1.489138409883034919e+00
1.419724445045025929e+00
1.315429558985297787e+00
1.162170363093993242e+00
9.669142617413195584e-01
7.924695761876023870e-01
7.694690480741731564e-01
1.000000000000000000e+00
