1.000000000000000000e+00
8.702742970547622248e-01
8.592328487458107400e-01
9.574248028359426677e-01
1.111436805125004978e+00
1.270143047654417323e+00
1.402421657854988846e+00
1.497543994112335630e+00
1.557975213500271794e+00
1.591477576984363207e+00
1.605953787065131255e+00
1.607503382486328958e+00
1.600547696831642996e+00
1.588618043373876132e+00
1.574903391230063399e+00
1.562289834783824327e+00
1.553046986345216540e+00
1.548457099123498049e+00
1.548622761873877263e+00
1.552546281155193553e+00
1.558441157838392321e+00
1.564161109800414451e+00
1.567621405824256131e+00
1.567121286445608774e+00
1.561527031848422231e+00
1.550320128488978266e+00
1.533542614661121295e+00
1.511681119968717679e+00
1.485527457492397119e+00
1.456043484312538272e+00
1.424246602919665428e+00
1.391122779587955938e+00
1.357567401093150883e+00
1.324350551545204535e+00
1.292101699362231404e+00
1.261308581175891508e+00
1.232325622413250388e+00
1.205388101913238419e+00
1.180629182924491039e+00
1.158097757122787064e+00
1.137775727072578791e+00
1.119593878291259337e+00
1.103445880209225738e+00
1.089200229768254147e+00
1.076710136817415009e+00
1.065821468744406753e+00
1.056378940930857935e+00
1.048230773804047056e+00
1.041232047302322217e+00
1.035246977598887508e+00
1.030150324940012574e+00
1.025828119815280326e+00
1.022177870506147501e+00
1.019108390516547891e+00
1.016539360915203138e+00
1.014400721107027836e+00
1.012631962490792237e+00
1.011181383048323390e+00
1.010005347138894338e+00
1.009067583495206755e+00
1.008338545404692255e+00
1.007794850035336198e+00
1.007418808534344290e+00
1.007198054594592218e+00
1.007125276363767030e+00
1.007198054592800984e+00
1.007418808530670562e+00
1.007794850029599010e+00
1.008338545396599395e+00
1.009067583484356323e+00
1.010005347124745656e+00
1.011181383030177461e+00
1.012631962467752667e+00
1.014400721077969525e+00
1.016539360878709441e+00
1.019108390470850889e+00
1.022177870449050063e+00
1.025828119744045530e+00
1.030150324851248023e+00
1.035246977488382125e+00
1.041232047164858399e+00
1.048230773633159751e+00
1.056378940718532444e+00
1.065821468480711909e+00
1.076710136490035552e+00
1.089200229361914740e+00
1.103445879704966659e+00
1.119593877665523207e+00
1.137775726296073930e+00
1.158097756159033542e+00
1.180629181727997468e+00
1.205388100427196463e+00
1.232325620566592228e+00
1.261308578879563269e+00
1.292101696504451169e+00
1.324350547985455595e+00
1.357567396654534075e+00
1.391122774047582444e+00
1.424246595996548903e+00
1.456043475652568864e+00
1.485527446649858474e+00
1.511681106383942153e+00
1.533542597634115268e+00
1.550320107149237847e+00
1.561527005121960743e+00
1.567121253021297012e+00
1.567621364123183314e+00
1.564161057953954659e+00
1.558441093682831236e+00
1.552546202252840457e+00
1.548622665571837143e+00
1.548456982661377213e+00
1.553046847021347432e+00
1.562289670186405965e+00
1.574903199534754661e+00
1.588617823702704657e+00
1.600547449657405918e+00
1.607503110048723594e+00
1.605953493736798743e+00
1.591477269490298108e+00
1.557974900868325241e+00
1.497543687243862776e+00
1.402421368682488012e+00
1.270142787997471379e+00
1.111436585512162178e+00
9.574246316250585309e-01
8.592327317711558887e-01
8.702742377907229931e-01
1.000000000000000000e+00
