1.000000000000000000e+00
7.395349401316743121e-01
7.838250691546699844e-01
9.781663011549813769e-01
1.171948540250028259e+00
1.314025936603706146e+00
1.411448782692096504e+00
1.481780721025993897e+00
1.534348610910929667e+00
1.571376501366577472e+00
1.593719296457903001e+00
1.603842749753456864e+00
1.605603923043511072e+00
1.602714349334671384e+00
1.597460447658377358e+00
1.590368663901812418e+00
1.580793674552966710e+00
1.567978112333181961e+00
1.552000649694801115e+00
1.534184397695457669e+00
1.516858248490009498e+00
1.502664934159333887e+00
1.493757273651695749e+00
1.491195043898746464e+00
1.494712467242818033e+00
1.502860653313478956e+00
1.513409457376839740e+00
1.523847116336938257e+00
1.531834844387309769e+00
1.535528461186926430e+00
1.533739541749921997e+00
1.525954162724656449e+00
1.512250962478626004e+00
1.493164718090111531e+00
1.469534160800883615e+00
1.442360483012976813e+00
1.412690925915703222e+00
1.381532458291927723e+00
1.349794468133986181e+00
1.318256157146096452e+00
1.287553147265116493e+00
1.258177884707357030e+00
1.230489145272725793e+00
1.204726895636360817e+00
1.181029712557048139e+00
1.159452790216005669e+00
1.139985235360700733e+00
1.122565861653693320e+00
1.107097068525552785e+00
1.093456651782613198e+00
1.081507568497226401e+00
1.071105789179144452e+00
1.062106433614515177e+00
1.054368416866136693e+00
1.047757839235879951e+00
1.042150346312239018e+00
1.037432668300304783e+00
1.033503525799552847e+00
1.030274064977139581e+00
1.027667960670566982e+00
1.025621302624428521e+00
1.024082358565365336e+00
1.023011288488995030e+00
1.022379867415919907e+00
1.022171258799951410e+00
1.022379867415696086e+00
1.023011288488534953e+00
1.024082358564654571e+00
1.025621302623443531e+00
1.027667960669272684e+00
1.030274064975491122e+00
1.033503525797498934e+00
1.037432668297778360e+00
1.042150346309173248e+00
1.047757839232184240e+00
1.054368416861720448e+00
1.062106433609279144e+00
1.071105789172971390e+00
1.081507568489990190e+00
1.093456651774171506e+00
1.107097068515755067e+00
1.122565861642363272e+00
1.139985235347634740e+00
1.159452790200948602e+00
1.181029712539679810e+00
1.204726895616238469e+00
1.230489145249234140e+00
1.258177884679616554e+00
1.287553147231833561e+00
1.318256157105373694e+00
1.349794468083024057e+00
1.381532458226657711e+00
1.412690925830256017e+00
1.442360482898992213e+00
1.469534160646630783e+00
1.493164717879412073e+00
1.512250962189591430e+00
1.525954162328279073e+00
1.533739541208648083e+00
1.535528460453337685e+00
1.531834843403159896e+00
1.523847115032620492e+00
1.513409455671396397e+00
1.502860651114800605e+00
1.494712464447437439e+00
1.491195040390148607e+00
1.493757269296136281e+00
1.502664928798764121e+00
1.516858241933300766e+00
1.534184389711341634e+00
1.552000640011827803e+00
1.567978100652027695e+00
1.580793660573275528e+00
1.590368647360111964e+00
1.597460428368505436e+00
1.602714327222209301e+00
1.605603898172499600e+00
1.603842722352300409e+00
1.593719266951915126e+00
1.571376470411319559e+00
1.534348579403096213e+00
1.481780690066258677e+00
1.411448753496993280e+00
1.314025910389786445e+00
1.171948518114468429e+00
9.781662839651958929e-01
7.838250574768241830e-01
7.395349342464292430e-01
1.000000000000000000e+00
