1.000000000000000000e+00
9.883942063165812586e-01
1.005181083703418299e+00
1.056552675200539637e+00
1.135743715557175459e+00
1.230166925676468903e+00
1.326638274648897609e+00
1.414739123201304238e+00
1.488329022194914808e+00
1.545454096938359445e+00
1.587199903938938395e+00
1.616174981056831106e+00
1.635198602308830962e+00
1.646495042966970690e+00
1.651421057221051480e+00
1.650578613981173115e+00
1.644112548276104535e+00
1.632026692907859733e+00
1.614421098088171025e+00
1.591618387852492322e+00
1.564190874751276938e+00
1.532919785420985725e+00
1.498720230344987359e+00
1.462558584950702567e+00
1.425379211506215382e+00
1.388048704774468511e+00
1.351319572607654562e+00
1.315811545201656552e+00
1.282006992473853524e+00
1.250256530474362027e+00
1.220791229630202812e+00
1.193738488594736191e+00
1.169139357686653558e+00
1.146965755275964005e+00
1.127136565754369046e+00
1.109532029076308213e+00
1.094006140571853747e+00
1.080396995052356868e+00
1.068535151392859817e+00
1.058250180896871395e+00
1.049375609796217690e+00
1.041752485022463537e+00
1.035231791963613368e+00
1.029675940096267839e+00
1.024959512184069110e+00
1.020969448795700618e+00
1.017604814787688383e+00
1.014776269862412761e+00
1.012405342469361536e+00
1.010423585817215697e+00
1.008771676910845461e+00
1.007398504382153170e+00
1.006260278343273695e+00
1.005319685347070058e+00
1.004545103529447259e+00
1.003909886842943910e+00
1.003391722685556875e+00
1.002972063912776379e+00
1.002635633950762717e+00
1.002370002291006923e+00
1.002165226859975666e+00
1.002013559469925541e+00
1.001909210646224402e+00
1.001848170492835699e+00
1.001828082823829513e+00
1.001848170492835699e+00
1.001909210646224402e+00
1.002013559469925541e+00
1.002165226859975666e+00
1.002370002291006923e+00
1.002635633950762717e+00
1.002972063912776379e+00
1.003391722685556875e+00
1.003909886842943910e+00
1.004545103529447259e+00
1.005319685347070058e+00
1.006260278343273695e+00
1.007398504382153170e+00
1.008771676910845461e+00
1.010423585817215697e+00
1.012405342469361536e+00
1.014776269862412761e+00
1.017604814787688605e+00
1.020969448795699952e+00
1.024959512184069110e+00
1.029675940096267839e+00
1.035231791963613368e+00
1.041752485022463537e+00
1.049375609796218134e+00
1.058250180896871395e+00
1.068535151392859595e+00
1.080396995052356646e+00
1.094006140571854191e+00
1.109532029076307769e+00
1.127136565754368602e+00
1.146965755275963783e+00
1.169139357686651781e+00
1.193738488594736413e+00
1.220791229630202590e+00
1.250256530474361805e+00
1.282006992473854634e+00
1.315811545201655441e+00
1.351319572607655672e+00
1.388048704774468289e+00
1.425379211506215826e+00
1.462558584950702567e+00
1.498720230344986692e+00
1.532919785420986614e+00
1.564190874751277827e+00
1.591618387852492100e+00
1.614421098088171691e+00
1.632026692907859289e+00
1.644112548276103647e+00
1.650578613981171783e+00
1.651421057221050148e+00
1.646495042966972244e+00
1.635198602308831628e+00
1.616174981056830440e+00
1.587199903938938172e+00
1.545454096938357891e+00
1.488329022194915474e+00
1.414739123201303350e+00
1.326638274648897386e+00
1.230166925676469125e+00
1.135743715557175904e+00
1.056552675200538527e+00
1.005181083703417189e+00
9.883942063165795933e-01
1.000000000000000000e+00
