1.000000000000000000e+00
7.478010864136810376e-01
7.853745456222931409e-01
9.743271858866638935e-01
1.169111261181072781e+00
1.314455994269969175e+00
1.413475396741454171e+00
1.483207308793508039e+00
1.534344380139891273e+00
1.570373106011361042e+00
1.592611804862505531e+00
1.603389335815632144e+00
1.606151832354077991e+00
1.604116337789269986e+00
1.599132055459243640e+00
1.591505407482219692e+00
1.580704495575414148e+00
1.566398925028744671e+00
1.549241446637852349e+00
1.531046416677045441e+00
1.514368828844444570e+00
1.501748665290015161e+00
1.494966853393008055e+00
1.494579392925712513e+00
1.499836484639481382e+00
1.508939927024753880e+00
1.519498960370415430e+00
1.529025097278970735e+00
1.535342029368561567e+00
1.536846327214241192e+00
1.532610842111266747e+00
1.522360142256721449e+00
1.506363095938591412e+00
1.485286848833540008e+00
1.460046473935250555e+00
1.431671979476100143e+00
1.401203156662119920e+00
1.369614618641854076e+00
1.337768451830501970e+00
1.306389538749091361e+00
1.276057986765102736e+00
1.247213473915083304e+00
1.220167165042697732e+00
1.195117820168081213e+00
1.172169627340288622e+00
1.151350062131218266e+00
1.132626684181269550e+00
1.115922237963536068e+00
1.101127753432999512e+00
1.088113568625334704e+00
1.076738344732650177e+00
1.066856235026140132e+00
1.058322418401219878e+00
1.050997228757938995e+00
1.044749112297091331e+00
1.039456633079203884e+00
1.035009727947372449e+00
1.031310388803086342e+00
1.028272925793832115e+00
1.025823940931041456e+00
1.023902119079558748e+00
1.022457922737387337e+00
1.021453258792000662e+00
1.020861169469498231e+00
1.020665585770865968e+00
1.020861169469300611e+00
1.021453258791595431e+00
1.022457922736761171e+00
1.023902119078692108e+00
1.025823940929902145e+00
1.028272925792384385e+00
1.031310388801286448e+00
1.035009727945164215e+00
1.039456633076530689e+00
1.044749112293878124e+00
1.050997228754113832e+00
1.058322418396703490e+00
1.066856235020839261e+00
1.076738344726470897e+00
1.088113568618167770e+00
1.101127753424735678e+00
1.115922237954043217e+00
1.132626684170404241e+00
1.151350062118787321e+00
1.172169627326046903e+00
1.195117820151670340e+00
1.220167165023598788e+00
1.247213473892525126e+00
1.276057986737914929e+00
1.306389538715507781e+00
1.337768451787865409e+00
1.369614618586241894e+00
1.401203156587800702e+00
1.431671979374827819e+00
1.460046473795362232e+00
1.485286848638847079e+00
1.506363095667061280e+00
1.522360141879012696e+00
1.532610841589234107e+00
1.536846326499557103e+00
1.535342028401734726e+00
1.529025095988878924e+00
1.519498958674515343e+00
1.508939924829678203e+00
1.499836481841423375e+00
1.494579389409431025e+00
1.494966849028227962e+00
1.501748659924468043e+00
1.514368822294399619e+00
1.531046408718582663e+00
1.549241437004508226e+00
1.566398913421717332e+00
1.580704481689765961e+00
1.591505391046467377e+00
1.599132036279433011e+00
1.604116315787069258e+00
1.606151807594630387e+00
1.603389308530954516e+00
1.592611775479527036e+00
1.570373075182245559e+00
1.534344348753790666e+00
1.483207277943684455e+00
1.413475367641888081e+00
1.314455968141014397e+00
1.169111239126007229e+00
9.743271687737742326e-01
7.853745340090709792e-01
7.478010805662788085e-01
1.000000000000000000e+00
