1.000000000000000000e+00
7.517108369284092317e-01
7.869738636064824711e-01
9.739259753915343598e-01
1.169304355946870322e+00
1.316274889744322163e+00
1.416247541983335134e+00
1.485910028127170879e+00
1.536483513226620357e+00
1.572033985397150335e+00
1.594138102857840522e+00
1.605086604616537960e+00
1.608131209901214387e+00
1.606257037813366040e+00
1.601135269012421869e+00
1.593018925301992184e+00
1.581475315644692792e+00
1.566390771494732492e+00
1.548666504253918497e+00
1.530301373861473468e+00
1.513907539899537635e+00
1.501944636475062156e+00
1.496013210204916399e+00
1.496451287530270458e+00
1.502314947200990014e+00
1.511677621844919051e+00
1.522101450331756922e+00
1.531124569436192351e+00
1.536649398805473021e+00
1.537177380262578774e+00
1.531889392858951870e+00
1.520604951059109977e+00
1.503665998914968549e+00
1.481788332421227095e+00
1.455912951009984191e+00
1.427077082771980754e+00
1.396313857711848572e+00
1.364582001989682603e+00
1.332722454835530979e+00
1.301436777146323331e+00
1.271281797885986498e+00
1.242675424294813924e+00
1.215909421403890356e+00
1.191165934494590184e+00
1.168535419454368673e+00
1.148034390443922748e+00
1.129621977263637778e+00
1.113214719471730119e+00
1.098699334861638954e+00
1.085943412411280562e+00
1.074804117892228517e+00
1.065135083622517520e+00
1.056791697916941386e+00
1.049635026569149421e+00
1.043534597162867339e+00
1.038370263792131043e+00
1.034033349706787730e+00
1.030427241944310790e+00
1.027467587563620999e+00
1.025082217260619988e+00
1.023210899910398153e+00
1.021805011481172754e+00
1.020827183994343912e+00
1.020250984709162978e+00
1.020060662259436368e+00
1.020250984709636377e+00
1.020827183995315579e+00
1.021805011482700865e+00
1.023210899912574412e+00
1.025082217263570739e+00
1.027467587567517660e+00
1.030427241949385397e+00
1.034033349713333827e+00
1.038370263800540094e+00
1.043534597173626732e+00
1.049635026582895092e+00
1.056791697934486463e+00
1.065135083644887182e+00
1.074804117920734159e+00
1.085943412447581302e+00
1.098699334907848657e+00
1.113214719530521979e+00
1.129621977338407746e+00
1.148034390538958505e+00
1.168535419575112533e+00
1.191165934647918645e+00
1.215909421598512230e+00
1.242675424541761497e+00
1.271281798199235702e+00
1.301436777543595547e+00
1.332722455339303114e+00
1.364582002628531576e+00
1.396313858522134632e+00
1.427077083800042390e+00
1.455912952314970532e+00
1.481788334078768310e+00
1.503666001021886300e+00
1.520604953739471243e+00
1.531889396271754133e+00
1.537177384611369435e+00
1.536649404350205694e+00
1.531124576507322033e+00
1.522101459346436148e+00
1.511677633324536307e+00
1.502314961788747016e+00
1.496451306006731929e+00
1.496013233498942663e+00
1.501944665667285017e+00
1.513907576215720585e+00
1.530301418653476686e+00
1.548666558965803075e+00
1.566390837609968223e+00
1.581475394607061435e+00
1.593019018399132625e+00
1.601135377210759714e+00
1.606257161541488010e+00
1.608131348797732674e+00
1.605086757283513688e+00
1.594138266679863136e+00
1.572034156486974865e+00
1.536483686538879345e+00
1.485910197750479167e+00
1.416247701586521579e+00
1.316275033111011350e+00
1.169304477487929539e+00
9.739260705143062413e-01
7.869739288848108805e-01
7.517108701194511466e-01
1.000000000000000000e+00
