1.000000000000000000e+00
1.016348425263761568e+00
1.046278144300885504e+00
1.094576436683592169e+00
1.160104368370571404e+00
1.238111575496776418e+00
1.322137446163707875e+00
1.405529451819660602e+00
1.482518053909700484e+00
1.548805768864522703e+00
1.601718474063967390e+00
1.640050408963081852e+00
1.663759509411499415e+00
1.673637701619421492e+00
1.671024463659983139e+00
1.657583573585716508e+00
1.635136439883083659e+00
1.605538057045075018e+00
1.570584215541425577e+00
1.531943340726126701e+00
1.491109534441574125e+00
1.449374501896136591e+00
1.407815881930055024e+00
1.367298986159746432e+00
1.328488640774730278e+00
1.291867880512173938e+00
1.257760608915237333e+00
1.226355876379093157e+00
1.197732010512340795e+00
1.171879375749821595e+00
1.148720996686040774e+00
1.128130638854597967e+00
1.109948206532838322e+00
1.093992503023083263e+00
1.080071520583263611e+00
1.067990499761164669e+00
1.057558034175469341e+00
1.048590507176909714e+00
1.040915139448313820e+00
1.034371907694328963e+00
1.028814568826199372e+00
1.024110994939738450e+00
1.020142994426550098e+00
1.016805765498539182e+00
1.014007101394248656e+00
1.011666442257128873e+00
1.009713847463357350e+00
1.008088944101758866e+00
1.006739892261589553e+00
1.005622395537086433e+00
1.004698775413415790e+00
1.003937120629253554e+00
1.003310516885989268e+00
1.002796358076694760e+00
1.002375737252400922e+00
1.002032913574353756e+00
1.001754850301423083e+00
1.001530818249016352e+00
1.001352058981057391e+00
1.001211502140334497e+00
1.001103531692066673e+00
1.001023796379484576e+00
1.000969060316542869e+00
1.000937090332839396e+00
1.000926577414355645e+00
1.000937090332839396e+00
1.000969060316542869e+00
1.001023796379484576e+00
1.001103531692066673e+00
1.001211502140334497e+00
1.001352058981057391e+00
1.001530818249016352e+00
1.001754850301423083e+00
1.002032913574353756e+00
1.002375737252400922e+00
1.002796358076694760e+00
1.003310516885989268e+00
1.003937120629253554e+00
1.004698775413415790e+00
1.005622395537086433e+00
1.006739892261589553e+00
1.008088944101758866e+00
1.009713847463357572e+00
1.011666442257128873e+00
1.014007101394248656e+00
1.016805765498539182e+00
1.020142994426550098e+00
1.024110994939738228e+00
1.028814568826199372e+00
1.034371907694329185e+00
1.040915139448313820e+00
1.048590507176909714e+00
1.057558034175469119e+00
1.067990499761164447e+00
1.080071520583263389e+00
1.093992503023083041e+00
1.109948206532837434e+00
1.128130638854597523e+00
1.148720996686040330e+00
1.171879375749821595e+00
1.197732010512341017e+00
1.226355876379092269e+00
1.257760608915237555e+00
1.291867880512173716e+00
1.328488640774730500e+00
1.367298986159745988e+00
1.407815881930054802e+00
1.449374501896138145e+00
1.491109534441574125e+00
1.531943340726125147e+00
1.570584215541426909e+00
1.605538057045075018e+00
1.635136439883083659e+00
1.657583573585716064e+00
1.671024463659982029e+00
1.673637701619422824e+00
1.663759509411500970e+00
1.640050408963082296e+00
1.601718474063967390e+00
1.548805768864522925e+00
1.482518053909701816e+00
1.405529451819660602e+00
1.322137446163707653e+00
1.238111575496777750e+00
1.160104368370572292e+00
1.094576436683591725e+00
1.046278144300884838e+00
1.016348425263760014e+00
1.000000000000000000e+00
