1.000000000000000000e+00
1.048873152090753935e+00
1.103852620522374206e+00
1.167099924537144950e+00
1.237785836242034199e+00
1.312964501068788925e+00
1.388435213907803334e+00
1.459590546975730430e+00
1.522174521095402966e+00
1.572852806645933965e+00
1.609531079392801267e+00
1.631418605927690280e+00
1.638888506142669899e+00
1.633214237069196217e+00
1.616261726231562612e+00
1.590197864575946252e+00
1.557251039236680290e+00
1.519537085922944453e+00
1.478948588645645712e+00
1.437097137404049318e+00
1.395295312874265115e+00
1.354565696152493226e+00
1.315666346379914309e+00
1.279124784161885575e+00
1.245274929164858602e+00
1.214293402469310834e+00
1.186233071174964238e+00
1.161052741395378174e+00
1.138642588434336522e+00
1.118845341592783260e+00
1.101473492648018970e+00
1.086322930058883252e+00
1.073183457208144675e+00
1.061846661203879272e+00
1.052111578089754973e+00
1.043788563335529274e+00
1.036701731364998436e+00
1.030690279905705165e+00
1.025608967490266865e+00
1.021327967616477039e+00
1.017732282138655409e+00
1.014720860075343456e+00
1.012205536418293583e+00
1.010109878659956273e+00
1.008368006366699765e+00
1.006923430829004040e+00
1.005727947164613889e+00
1.004740599752617980e+00
1.003926733057621368e+00
1.003257133310716531e+00
1.002707261735178212e+00
1.002256576675059963e+00
1.001887939790127469e+00
1.001587100156065668e+00
1.001342249437138676e+00
1.001143641103283022e+00
1.000983266806150018e+00
1.000854583400820674e+00
1.000752284620449961e+00
1.000672112019616700e+00
1.000610700455759172e+00
1.000565454047478431e+00
1.000534449215157995e+00
1.000516362062259024e+00
1.000510417990876366e+00
1.000516362062259024e+00
1.000534449215157995e+00
1.000565454047478431e+00
1.000610700455759172e+00
1.000672112019616700e+00
1.000752284620449961e+00
1.000854583400820674e+00
1.000983266806150018e+00
1.001143641103283022e+00
1.001342249437138676e+00
1.001587100156065668e+00
1.001887939790127469e+00
1.002256576675059963e+00
1.002707261735178212e+00
1.003257133310716531e+00
1.003926733057621368e+00
1.004740599752617980e+00
1.005727947164613889e+00
1.006923430829004040e+00
1.008368006366699765e+00
1.010109878659956273e+00
1.012205536418293583e+00
1.014720860075343234e+00
1.017732282138655409e+00
1.021327967616477261e+00
1.025608967490266865e+00
1.030690279905705165e+00
1.036701731364998214e+00
1.043788563335529052e+00
1.052111578089754751e+00
1.061846661203879050e+00
1.073183457208144009e+00
1.086322930058883252e+00
1.101473492648018526e+00
1.118845341592783260e+00
1.138642588434337188e+00
1.161052741395377508e+00
1.186233071174964682e+00
1.214293402469311056e+00
1.245274929164858824e+00
1.279124784161885131e+00
1.315666346379914309e+00
1.354565696152493892e+00
1.395295312874265337e+00
1.437097137404048652e+00
1.478948588645645934e+00
1.519537085922944231e+00
1.557251039236679846e+00
1.590197864575945141e+00
1.616261726231560392e+00
1.633214237069197106e+00
1.638888506142671009e+00
1.631418605927688059e+00
1.609531079392799269e+00
1.572852806645932633e+00
1.522174521095402078e+00
1.459590546975728209e+00
1.388435213907802002e+00
1.312964501068788703e+00
1.237785836242034865e+00
1.167099924537143618e+00
1.103852620522372874e+00
1.048873152090752825e+00
1.000000000000000000e+00
