1.000000000000000000e+00
1.019195240807075020e+00
1.038119649223559149e+00
1.056393021748455840e+00
1.073534998473728796e+00
1.089010388689332753e+00
1.102295443316978485e+00
1.112947877368619887e+00
1.120664947079001994e+00
1.125318651007017889e+00
1.126963707600453724e+00
1.125820392092659938e+00
1.122238952593772821e+00
1.116654397616152261e+00
1.109540113867625966e+00
1.101366811994984207e+00
1.092570668966545977e+00
1.083532033939437200e+00
1.074564159228831972e+00
1.065910259126972459e+00
1.057746713857856902e+00
1.050190243232752341e+00
1.043307175679564658e+00
1.037123367106535854e+00
1.031633765462835362e+00
1.026811004783706904e+00
1.022612718529448905e+00
1.018987482323501004e+00
1.015879440476783024e+00
1.013231754310883304e+00
1.010989049385949690e+00
1.009099047621125900e+00
1.007513560452041768e+00
1.006188999130952721e+00
1.005086533952089356e+00
1.004172009386441689e+00
1.003415699072634171e+00
1.002791964465221008e+00
1.002278864090179411e+00
1.001857746752985223e+00
1.001512851392835746e+00
1.001230928168431289e+00
1.001000889358367285e+00
1.000813494345102583e+00
1.000661069954212889e+00
1.000537265425033295e+00
1.000436840036764030e+00
1.000355480700202415e+00
1.000289646490181372e+00
1.000236437016399194e+00
1.000193481620823555e+00
1.000158846582845040e+00
1.000130957762702444e+00
1.000108536387249503e+00
1.000090545958864707e+00
1.000076148534587483e+00
1.000064668870681350e+00
1.000055565153653347e+00
1.000048405241054983e+00
1.000042847514504230e+00
1.000038625604859455e+00
1.000035536387424928e+00
1.000033430766099407e+00
1.000032206872055074e+00
1.000031805397606277e+00
1.000032206872055074e+00
1.000033430766099407e+00
1.000035536387424928e+00
1.000038625604859455e+00
1.000042847514504230e+00
1.000048405241054983e+00
1.000055565153653347e+00
1.000064668870681350e+00
1.000076148534587483e+00
1.000090545958864707e+00
1.000108536387249503e+00
1.000130957762702444e+00
1.000158846582845040e+00
1.000193481620823555e+00
1.000236437016399194e+00
1.000289646490181372e+00
1.000355480700202415e+00
1.000436840036764030e+00
1.000537265425033295e+00
1.000661069954212889e+00
1.000813494345102583e+00
1.001000889358367285e+00
1.001230928168431289e+00
1.001512851392835746e+00
1.001857746752985223e+00
1.002278864090179411e+00
1.002791964465221008e+00
1.003415699072634171e+00
1.004172009386441689e+00
1.005086533952089134e+00
1.006188999130952721e+00
1.007513560452041768e+00
1.009099047621125900e+00
1.010989049385949690e+00
1.013231754310883082e+00
1.015879440476783024e+00
1.018987482323500782e+00
1.022612718529449127e+00
1.026811004783706460e+00
1.031633765462835362e+00
1.037123367106535410e+00
1.043307175679564214e+00
1.050190243232752341e+00
1.057746713857856458e+00
1.065910259126972015e+00
1.074564159228831528e+00
1.083532033939436978e+00
1.092570668966545311e+00
1.101366811994983097e+00
1.109540113867624855e+00
1.116654397616151817e+00
1.122238952593771710e+00
1.125820392092658828e+00
1.126963707600453057e+00
1.125318651007016779e+00
1.120664947079000884e+00
1.112947877368617666e+00
1.102295443316977375e+00
1.089010388689331865e+00
1.073534998473727908e+00
1.056393021748455174e+00
1.038119649223559149e+00
1.019195240807074576e+00
1.000000000000000000e+00
