1.000000000000000000e+00
7.450842313238644765e-01
7.848146834424948315e-01
9.755718795411042477e-01
1.170083590684992014e+00
1.314362071256598430e+00
1.412827063997829979e+00
1.482734756260369879e+00
1.534345674467696874e+00
1.570714798140484758e+00
1.592987963359008718e+00
1.603536953951693267e+00
1.605957175742616094e+00
1.603643343188538406e+00
1.598591564057234349e+00
1.591169949648626902e+00
1.580792514190630715e+00
1.566975775436491913e+00
1.550181460105752862e+00
1.532070582906652989e+00
1.515137681526020463e+00
1.501969978088807167e+00
1.494479080923649450e+00
1.493388221816386086e+00
1.498102435474222505e+00
1.506930640132512655e+00
1.517526504239719687e+00
1.527386985426979926e+00
1.534278019323994657e+00
1.536515373939685514e+00
1.533086522388418693e+00
1.523639538462395082e+00
1.508383296243604788e+00
1.487944018467506568e+00
1.463213956283882844e+00
1.435215428132754489e+00
1.404991930555623103e+00
1.373529491200203401e+00
1.341706134173692000e+00
1.310264694491404480e+00
1.279803423479663804e+00
1.250779114280670790e+00
1.223518283781074967e+00
1.198232913324896787e+00
1.175038174416768832e+00
1.153970355059316999e+00
1.135003830542344216e+00
1.118066396905644133e+00
1.103052628251934397e+00
1.089835156741069788e+00
1.078273931013054687e+00
1.068223605796067011e+00
1.059539269238060522e+00
1.052080737952015399e+00
1.045715652628360859e+00
1.040321596580402241e+00
1.035787441043130475e+00
1.032014098246219147e+00
1.028914838893390193e+00
1.026415306500037650e+00
1.024453338207421904e+00
1.022978680844669030e+00
1.021952672417729691e+00
1.021347942861815294e+00
1.021148173599588871e+00
1.021347942861610569e+00
1.021952672417310692e+00
1.022978680844022215e+00
1.024453338206526176e+00
1.026415306498861257e+00
1.028914838891893835e+00
1.032014098244359301e+00
1.035787441040847412e+00
1.040321596577637786e+00
1.045715652625036407e+00
1.052080737948055678e+00
1.059539269233382930e+00
1.068223605790574293e+00
1.078273931006646924e+00
1.089835156733634181e+00
1.103052628243354372e+00
1.118066396895784242e+00
1.135003830531053692e+00
1.153970355046397556e+00
1.175038174401971780e+00
1.198232913307861969e+00
1.223518283761284575e+00
1.250779114257360769e+00
1.279803423451675526e+00
1.310264694456999557e+00
1.341706134130254746e+00
1.373529491143878456e+00
1.404991930480781859e+00
1.435215428031304530e+00
1.463213956144385319e+00
1.487944018274097280e+00
1.508383295974710325e+00
1.523639538089316847e+00
1.533086521873888941e+00
1.536515373236550852e+00
1.534278018374284347e+00
1.527386984161473116e+00
1.517526502578143033e+00
1.506930637984067678e+00
1.498102432737829615e+00
1.493388218379505084e+00
1.494479076658515870e+00
1.501969972845446311e+00
1.515137675122989025e+00
1.532070575122829625e+00
1.550181450678675743e+00
1.566975764073126554e+00
1.580792500593546590e+00
1.591169933554602567e+00
1.598591545279433035e+00
1.603643321652401532e+00
1.605957151512163561e+00
1.603536927252588562e+00
1.592987934607249079e+00
1.570714767973459658e+00
1.534345643756110267e+00
1.482734726075128462e+00
1.412827035526939001e+00
1.314362045692649694e+00
1.170083569105462296e+00
9.755718627948221089e-01
7.848146720761383088e-01
7.450842255999982067e-01
1.000000000000000000e+00
