1.000000000000000000e+00
7.576089151202740624e-01
7.885267709385164192e-01
9.714052290875287987e-01
1.167020166462135577e+00
1.316206016017366531e+00
1.417532393162373561e+00
1.486969687591223055e+00
1.536551839923014029e+00
1.571337134928744383e+00
1.593369326030750210e+00
1.604857423805788663e+00
1.608664619054656741e+00
1.607328767530272096e+00
1.602206254888241421e+00
1.593487038473516249e+00
1.580945944539118964e+00
1.564856631785174201e+00
1.546527625108791826e+00
1.528229354659863981e+00
1.512621368911514441e+00
1.501988854610310176e+00
1.497611339910365214e+00
1.499466451421287205e+00
1.506307912516770431e+00
1.516025600980764887e+00
1.526133649998586472e+00
1.534238754715965047e+00
1.538389555839634326e+00
1.537268271848071244e+00
1.530234798570023091e+00
1.517261477433349048e+00
1.498804668191922929e+00
1.475653717681677080e+00
1.448786248494875695e+00
1.419246387110907781e+00
1.388052571683372927e+00
1.356134853606895563e+00
1.324297861082416983e+00
1.293204063410537952e+00
1.263371850080488468e+00
1.235183563477195268e+00
1.208899549365208825e+00
1.184675247782916774e+00
1.162579202875875684e+00
1.142610571471539771e+00
1.124715251716216002e+00
1.108800152194510558e+00
1.094745403951862706e+00
1.082414508416271737e+00
1.071662535997436771e+00
1.062342561664717522e+00
1.054310559600980968e+00
1.047428990179566588e+00
1.041569307310302284e+00
1.036613598759650756e+00
1.032455550803146327e+00
1.029000904665392735e+00
1.026167547816010606e+00
1.023885359746340429e+00
1.022095910216445525e+00
1.020752088577209005e+00
1.019817725769203154e+00
1.019267255883309131e+00
1.019085451484302629e+00
1.019267255883913315e+00
1.019817725770443939e+00
1.020752088579157446e+00
1.022095910219213977e+00
1.023885359750085211e+00
1.026167547820941994e+00
1.029000904671793393e+00
1.032455550811375522e+00
1.036613598770180333e+00
1.041569307323722660e+00
1.047428990196640264e+00
1.054310559622680943e+00
1.062342561692267262e+00
1.071662536032394142e+00
1.082414508460601610e+00
1.094745404008061751e+00
1.108800152265728700e+00
1.124715251806441385e+00
1.142610571585802370e+00
1.162579203020548402e+00
1.184675247966045175e+00
1.208899549596969436e+00
1.235183563770477111e+00
1.263371850451612266e+00
1.293204063880205146e+00
1.324297861676893451e+00
1.356134854359595465e+00
1.388052572636840676e+00
1.419246388319410634e+00
1.448786250027741085e+00
1.475653719627615601e+00
1.498804670664566574e+00
1.517261480578350641e+00
1.530234802574047981e+00
1.537268276950023438e+00
1.538389562344450123e+00
1.534238763010987716e+00
1.526133660572379647e+00
1.516025614443518243e+00
1.506307929620852137e+00
1.499466473079616335e+00
1.497611367209622957e+00
1.501988888815616097e+00
1.512621411459257992e+00
1.528229407135675455e+00
1.546527689207416234e+00
1.564856709247412825e+00
1.580946037057634035e+00
1.593487147555538330e+00
1.602206381663048740e+00
1.607328912498136253e+00
1.608664781794541199e+00
1.604857602687363549e+00
1.593369517999428275e+00
1.571337335436342020e+00
1.536552043056506500e+00
1.486969886415038689e+00
1.417532580245179252e+00
1.316206184062629347e+00
1.167020308911411064e+00
9.714053405566447363e-01
7.885268474202545841e-01
7.576089540015448209e-01
1.000000000000000000e+00
