1.000000000000000000e+00
8.968935657923982063e-01
8.863029455716292526e-01
9.685265569974609301e-01
1.106143439096954895e+00
1.257164872355755580e+00
1.390930956908552618e+00
1.492097995525531129e+00
1.557915279610369685e+00
1.593168132677960092e+00
1.605663493140691456e+00
1.603399796285535528e+00
1.593281959945465953e+00
1.580733718440196611e+00
1.569643493291645209e+00
1.562379764480271715e+00
1.559850217361403724e+00
1.561665416311366350e+00
1.566439875842259077e+00
1.572197582345830735e+00
1.576802977534265349e+00
1.578333039556943040e+00
1.575333184303372880e+00
1.566938993337904984e+00
1.552879359934481895e+00
1.533395672563607759e+00
1.509115939148946817e+00
1.480916963356792460e+00
1.449797448867140570e+00
1.416774520967131190e+00
1.382807921124924455e+00
1.348750717558045320e+00
1.315322484699685823e+00
1.283099855344690843e+00
1.252519440410885032e+00
1.223888787352879648e+00
1.197401935770991743e+00
1.173157010206947959e+00
1.151174059449020293e+00
1.131411972276823663e+00
1.113783772825675866e+00
1.098169943418955574e+00
1.084429663054939930e+00
1.072410009363751859e+00
1.061953271184772785e+00
1.052902574490868215e+00
1.045106049088662115e+00
1.038419767148697659e+00
1.032709674484862949e+00
1.027852716996474181e+00
1.023737341710509785e+00
1.020263527179976037e+00
1.017342473504577516e+00
1.014896059180198096e+00
1.012856151100146374e+00
1.011163835704341762e+00
1.009768623623516826e+00
1.008627667134170069e+00
1.007705019150772596e+00
1.006970954089644321e+00
1.006401364466510406e+00
1.005977242250539971e+00
1.005684250513744438e+00
1.005512388524310019e+00
1.005455751897507799e+00
1.005512388519865796e+00
1.005684250504631505e+00
1.005977242236298030e+00
1.006401364446418256e+00
1.006970954062693435e+00
1.007705019115612721e+00
1.008627667089048385e+00
1.009768623566190682e+00
1.011163835631982089e+00
1.012856151009197569e+00
1.014896059066213496e+00
1.017342473362016664e+00
1.020263527001937121e+00
1.023737341488415664e+00
1.027852716719668935e+00
1.032709674140116052e+00
1.038419766719582915e+00
1.045106048554788725e+00
1.052902573826913768e+00
1.061953270359281332e+00
1.072410008337625342e+00
1.084429661779537923e+00
1.098169941833712304e+00
1.113783770855085287e+00
1.131411969826618291e+00
1.151174056401331081e+00
1.173157006414140779e+00
1.197401931047814783e+00
1.223888781466440090e+00
1.252519433067860621e+00
1.283099846175022707e+00
1.315322473235803979e+00
1.348750703208569934e+00
1.382807903141488381e+00
1.416774498403017946e+00
1.449797420526274250e+00
1.480916927731978472e+00
1.509115894348891151e+00
1.533395616229472624e+00
1.552879289148948683e+00
1.566938904532909627e+00
1.575333073177178633e+00
1.578332901016761269e+00
1.576802805686687847e+00
1.572197370562899321e+00
1.566439616934397483e+00
1.561665102838238894e+00
1.559849842106573847e+00
1.562379321104697238e+00
1.569642977163962616e+00
1.580733127616869238e+00
1.593281296238019173e+00
1.603399066301668174e+00
1.605662709122316123e+00
1.593167312897012966e+00
1.557914448058060675e+00
1.492097180694563985e+00
1.390930189663573069e+00
1.257164183195453866e+00
1.106142855407673098e+00
9.685261009839072344e-01
8.863026333007711921e-01
8.968934073033746346e-01
1.000000000000000000e+00
