1.000000000000000000e+00
7.436946934475880955e-01
7.852721336311856426e-01
9.775725479371648596e-01
1.172199866861240336e+00
1.316038171999081907e+00
1.414352076639043387e+00
1.484510434185173811e+00
1.536477642863274484e+00
1.573037283500194006e+00
1.595242672050103172e+00
1.605509524521044229e+00
1.607540135613139576e+00
1.604853670106527019e+00
1.599554546894830898e+00
1.592067250802913447e+00
1.581785752733613437e+00
1.568136051911462214e+00
1.551456478219853219e+00
1.533302441537419458e+00
1.516120287303740932e+00
1.502519953940600672e+00
1.494493374015227083e+00
1.492871802609892606e+00
1.497163236601863456e+00
1.505749882967353459e+00
1.516317694359531121e+00
1.526356267424232582e+00
1.533594416055934717e+00
1.536294300568152194e+00
1.533385785945714064e+00
1.524464637671819611e+00
1.509698139986096477e+00
1.489683631257077367e+00
1.465296714099372011e+00
1.437553403135852337e+00
1.407498766427162762e+00
1.376125801668747872e+00
1.344322737326116846e+00
1.312844128178465963e+00
1.282300200620883013e+00
1.253159126341712337e+00
1.225757684099642919e+00
1.200316732017896015e+00
1.176958844921869751e+00
1.155726273471836985e+00
1.136598023334944862e+00
1.119505338967600849e+00
1.104345229362692971e+00
1.090991918458505294e+00
1.079306265615753713e+00
1.069143302815821706e+00
1.060358092032860133e+00
1.052810131769419844e+00
1.046366545996510355e+00
1.040904279124305276e+00
1.036311502582811128e+00
1.032488416023179090e+00
1.029347601805610024e+00
1.026814067177160839e+00
1.024825085545432168e+00
1.023329927194740252e+00
1.022289550961390736e+00
1.021676311793841663e+00
1.021473724580191922e+00
1.021676311794158742e+00
1.022289550962041549e+00
1.023329927195767874e+00
1.024825085546902326e+00
1.026814067179165457e+00
1.029347601808273893e+00
1.032488416026673850e+00
1.036311502587353717e+00
1.040904279130188126e+00
1.046366546004099174e+00
1.052810131779198244e+00
1.060358092045451173e+00
1.069143302832013864e+00
1.079306265636562845e+00
1.090991918485223700e+00
1.104345229396976880e+00
1.119505339011552136e+00
1.136598023391246493e+00
1.155726273543885574e+00
1.176958845013986510e+00
1.200316732135550346e+00
1.225757684249770607e+00
1.253159126533108791e+00
1.282300200864683548e+00
1.312844128488787732e+00
1.344322737720844874e+00
1.376125802170588441e+00
1.407498767064963463e+00
1.437553403946312480e+00
1.465296715129254190e+00
1.489683632566082272e+00
1.509698141650561931e+00
1.524464639789493869e+00
1.533385788641844938e+00
1.536294304003150257e+00
1.533594420434856609e+00
1.526356273008080411e+00
1.516317701478256508e+00
1.505749892033870996e+00
1.497163248125988666e+00
1.492871817210431384e+00
1.494493392428142275e+00
1.502519977021059550e+00
1.516120316020191927e+00
1.533302476956295957e+00
1.551456521479351647e+00
1.568136104181268919e+00
1.581785815154150843e+00
1.592067324394172312e+00
1.599554632424766032e+00
1.604853767916674778e+00
1.607540245415933544e+00
1.605509645204061586e+00
1.595242801536311594e+00
1.573037418710654167e+00
1.536477779811019184e+00
1.484510568205341219e+00
1.414352202737517272e+00
1.316038285271945218e+00
1.172199962898818892e+00
9.775726231133138322e-01
7.852721852332446018e-01
7.436947196904144519e-01
1.000000000000000000e+00
