1.000000000000000000e+00
1.066038962230822618e+00
1.131447068481955975e+00
1.194991789857823061e+00
1.254906798669260581e+00
1.309113164441134902e+00
1.355532984665249296e+00
1.392416299725015127e+00
1.418603958878059235e+00
1.433672941056151506e+00
1.437947497011370146e+00
1.432395100298348156e+00
1.418448939359891359e+00
1.397804445260090844e+00
1.372229370709034058e+00
1.343412129790331200e+00
1.312858034127154738e+00
1.281831684357585210e+00
1.251337262773298820e+00
1.222126140998187838e+00
1.194721653688077589e+00
1.169452725101808976e+00
1.146490279908871868e+00
1.125882452632904762e+00
1.107586284723267811e+00
1.091494816974560633e+00
1.077459300071640591e+00
1.065306744878837808e+00
1.054853304943883741e+00
1.045914100827954885e+00
1.038310115922242538e+00
1.031872756753357878e+00
1.026446604767775606e+00
1.021890808889078794e+00
1.018079489588236575e+00
1.014901451969033808e+00
1.012259440555715040e+00
1.010069113236003346e+00
1.008257866133958958e+00
1.006763604364620424e+00
1.005533524622424402e+00
1.004522953223458748e+00
1.003694266414804526e+00
1.003015907425818254e+00
1.002461505934034713e+00
1.002009099556774974e+00
1.001640452999517317e+00
1.001340468058660171e+00
1.001096676365563765e+00
1.000898806240676508e+00
1.000738415048865848e+00
1.000608578821167827e+00
1.000503631495617718e+00
1.000418946831256983e+00
1.000350756795923779e+00
1.000296000973418753e+00
1.000252202249739986e+00
1.000217364703726908e+00
1.000189890236138801e+00
1.000168511020262496e+00
1.000152235348110930e+00
1.000140304883244458e+00
1.000132161720262980e+00
1.000127423998518061e+00
1.000125869131259115e+00
1.000127423998518061e+00
1.000132161720262980e+00
1.000140304883244458e+00
1.000152235348110930e+00
1.000168511020262496e+00
1.000189890236138801e+00
1.000217364703726908e+00
1.000252202249739986e+00
1.000296000973418753e+00
1.000350756795923779e+00
1.000418946831256983e+00
1.000503631495617718e+00
1.000608578821167827e+00
1.000738415048865848e+00
1.000898806240676508e+00
1.001096676365563765e+00
1.001340468058660171e+00
1.001640452999517317e+00
1.002009099556774974e+00
1.002461505934034713e+00
1.003015907425818254e+00
1.003694266414804526e+00
1.004522953223458748e+00
1.005533524622424402e+00
1.006763604364620424e+00
1.008257866133958958e+00
1.010069113236003346e+00
1.012259440555715040e+00
1.014901451969033808e+00
1.018079489588236353e+00
1.021890808889078794e+00
1.026446604767775383e+00
1.031872756753357878e+00
1.038310115922242538e+00
1.045914100827954885e+00
1.054853304943883963e+00
1.065306744878837586e+00
1.077459300071641035e+00
1.091494816974560411e+00
1.107586284723267811e+00
1.125882452632904540e+00
1.146490279908871868e+00
1.169452725101809643e+00
1.194721653688077145e+00
1.222126140998187394e+00
1.251337262773299042e+00
1.281831684357585432e+00
1.312858034127154294e+00
1.343412129790330534e+00
1.372229370709032947e+00
1.397804445260091066e+00
1.418448939359891137e+00
1.432395100298347046e+00
1.437947497011369924e+00
1.433672941056151728e+00
1.418603958878058346e+00
1.392416299725014239e+00
1.355532984665248852e+00
1.309113164441135568e+00
1.254906798669260581e+00
1.194991789857822839e+00
1.131447068481956197e+00
1.066038962230822396e+00
1.000000000000000000e+00
