1.000000000000000000e+00
7.857837977194525036e-01
7.995827889518042353e-01
9.620141512150840457e-01
1.154888002933740943e+00
1.312581396960508906e+00
1.421261353660271620e+00
1.491722077240755118e+00
1.538166660988320666e+00
1.569964984982122447e+00
1.591663304891950181e+00
1.605240134596638280e+00
1.611640607471043207e+00
1.611348342825138502e+00
1.604684198617654989e+00
1.592232668161411180e+00
1.575287958911759434e+00
1.556022373127408098e+00
1.537222597814382530e+00
1.521690159378810359e+00
1.511562993476477379e+00
1.507819298848081191e+00
1.510113747586982136e+00
1.516951425150506960e+00
1.526094804797621718e+00
1.535054539997751766e+00
1.541530888611214234e+00
1.543723477560856594e+00
1.540484170074106096e+00
1.531331277425221238e+00
1.516366030875484938e+00
1.496136488047425050e+00
1.471486704895800024e+00
1.443416990189148930e+00
1.412969238396694305e+00
1.381142144216293222e+00
1.348835137409965634e+00
1.316816719380849765e+00
1.285711740876793074e+00
1.256002252689580656e+00
1.228037282153464860e+00
1.202047834932091108e+00
1.178164361464672183e+00
1.156434747753814607e+00
1.136841552244223230e+00
1.119317715989363693e+00
1.103760342173845777e+00
1.090042399149740548e+00
1.078022373553357394e+00
1.067552008465671554e+00
1.058482323500915978e+00
1.050668142800942784e+00
1.043971363537008923e+00
1.038263189401362974e+00
1.033425536387825083e+00
1.029351796020487209e+00
1.025947117001249520e+00
1.023128342005528602e+00
1.020823713364410246e+00
1.018972440411871849e+00
1.017524202741745043e+00
1.016438647620752311e+00
1.015684926250717268e+00
1.015241302234307863e+00
1.015094856153337277e+00
1.015241302235787790e+00
1.015684926253755949e+00
1.016438647625510283e+00
1.017524202748470774e+00
1.018972440420921055e+00
1.020823713376256103e+00
1.023128342020791948e+00
1.025947117020724830e+00
1.029351796045194556e+00
1.033425536419039448e+00
1.038263189440705059e+00
1.043971363586518430e+00
1.050668142863174337e+00
1.058482323579080564e+00
1.067552008563793287e+00
1.078022373676494006e+00
1.090042399304233411e+00
1.103760342367666736e+00
1.119317716232518523e+00
1.136841552549308965e+00
1.156434748136687896e+00
1.178164361945332361e+00
1.202047835535802189e+00
1.228037282912191941e+00
1.256002253643849542e+00
1.285711742078072373e+00
1.316816720894665504e+00
1.348835139319897403e+00
1.381142146629149581e+00
1.412969241449205882e+00
1.443416994056588187e+00
1.471486709803000892e+00
1.496136494282822804e+00
1.516366038808742323e+00
1.531331287529108298e+00
1.540484182951101566e+00
1.543723493974618499e+00
1.541530909522605963e+00
1.535054566604109105e+00
1.526094838572845891e+00
1.516951467882045712e+00
1.510113801404318057e+00
1.507819366236055947e+00
1.511563077265997368e+00
1.521690262706895336e+00
1.537222724044659428e+00
1.556022525720011762e+00
1.575288141227939365e+00
1.592232883184614201e+00
1.604684448574344557e+00
1.611348628702278019e+00
1.611640928458495381e+00
1.605240487529356441e+00
1.591663683813573593e+00
1.569965380974539304e+00
1.538167062390784823e+00
1.491722470312355497e+00
1.421261723633329366e+00
1.312581729312370271e+00
1.154888284610284366e+00
9.620143715322866385e-01
7.995829400259520936e-01
7.857838744810826670e-01
1.000000000000000000e+00
