1.000000000000000000e+00
1.029261657182321432e+00
1.058122222357385622e+00
1.086000609618986923e+00
1.112151595449103469e+00
1.135739585306018817e+00
1.155946145660900592e+00
1.172083248250219700e+00
1.183686346824316837e+00
1.190569354710414585e+00
1.192834783931304932e+00
1.190843195812375521e+00
1.185153758161734405e+00
1.176450799142157999e+00
1.165470208852295908e+00
1.152935868321784740e+00
1.139511720649584836e+00
1.125770987075649376e+00
1.112181082767537799e+00
1.099101145905597710e+00
1.086788546692851742e+00
1.075410938002714811e+00
1.065061003414490282e+00
1.055771789119737791e+00
1.047531207509297069e+00
1.040294887507392518e+00
1.033996992067258924e+00
1.028558932427932948e+00
1.023896103624620579e+00
1.019922873113398687e+00
1.016556099652763612e+00
1.013717464073758734e+00
1.011334873649628596e+00
1.009343169225382919e+00
1.007684327032968730e+00
1.006307310187202875e+00
1.005167691071916725e+00
1.004227136550501109e+00
1.003452823579777275e+00
1.002816833204304592e+00
1.002295555582423559e+00
1.001869127032156914e+00
1.001520911445318740e+00
1.001237032200214427e+00
1.001005956374941164e+00
1.000818130174172538e+00
1.000665662663857924e+00
1.000542053866684711e+00
1.000441962778239269e+00
1.000361010745568491e+00
1.000295615777020641e+00
1.000242853630012974e+00
1.000200341885013167e+00
1.000166143612414738e+00
1.000138687643399971e+00
1.000116702846128192e+00
1.000099164173147148e+00
1.000085248578515218e+00
1.000074299201764827e+00
1.000065796480787084e+00
1.000059335089169554e+00
1.000054605798474272e+00
1.000051381546020579e+00
1.000049507147839245e+00
1.000048892238430742e+00
1.000049507147839245e+00
1.000051381546020579e+00
1.000054605798474272e+00
1.000059335089169554e+00
1.000065796480787084e+00
1.000074299201764827e+00
1.000085248578515218e+00
1.000099164173147148e+00
1.000116702846128192e+00
1.000138687643399971e+00
1.000166143612414738e+00
1.000200341885013167e+00
1.000242853630012974e+00
1.000295615777020641e+00
1.000361010745568491e+00
1.000441962778239269e+00
1.000542053866684711e+00
1.000665662663857924e+00
1.000818130174172538e+00
1.001005956374941164e+00
1.001237032200214427e+00
1.001520911445318740e+00
1.001869127032156914e+00
1.002295555582423559e+00
1.002816833204304592e+00
1.003452823579777275e+00
1.004227136550501109e+00
1.005167691071916725e+00
1.006307310187202875e+00
1.007684327032968508e+00
1.009343169225382919e+00
1.011334873649628596e+00
1.013717464073758734e+00
1.016556099652763612e+00
1.019922873113398465e+00
1.023896103624620579e+00
1.028558932427932726e+00
1.033996992067259146e+00
1.040294887507392074e+00
1.047531207509297069e+00
1.055771789119737347e+00
1.065061003414489837e+00
1.075410938002715255e+00
1.086788546692851298e+00
1.099101145905597265e+00
1.112181082767537577e+00
1.125770987075649376e+00
1.139511720649584392e+00
1.152935868321783852e+00
1.165470208852294798e+00
1.176450799142157999e+00
1.185153758161733295e+00
1.190843195812374633e+00
1.192834783931304710e+00
1.190569354710413474e+00
1.183686346824315727e+00
1.172083248250218146e+00
1.155946145660900148e+00
1.135739585306018595e+00
1.112151595449102581e+00
1.086000609618986257e+00
1.058122222357385844e+00
1.029261657182321210e+00
1.000000000000000000e+00
