1.000000000000000000e+00
9.773010281419304279e-01
9.904322540246554007e-01
1.045876762585277397e+00
1.133701885992650205e+00
1.237295167479530722e+00
1.340205601460626728e+00
1.430272151288925819e+00
1.501219399438962876e+00
1.552190244718677947e+00
1.586019975962590145e+00
1.607156749298858767e+00
1.619935067947563478e+00
1.627548328191865012e+00
1.631728877089483554e+00
1.632939203409216056e+00
1.630818042087724518e+00
1.624664873137642074e+00
1.613828309763063240e+00
1.597945125757934015e+00
1.577035052298814577e+00
1.551487115102077263e+00
1.521981429911785533e+00
1.489384804669104723e+00
1.454647223818113178e+00
1.418714715532692461e+00
1.382464917929932202e+00
1.346665588620053366e+00
1.311952984005943623e+00
1.278825711412735711e+00
1.247649567181444263e+00
1.218669423414412201e+00
1.192025019827055443e+00
1.167768326294645442e+00
1.145880854216277500e+00
1.126289870792657632e+00
1.108882908811561707e+00
1.093520282498910756e+00
1.080045540094152212e+00
1.068293928303869489e+00
1.058099031950823221e+00
1.049297799580568791e+00
1.041734184675104924e+00
1.035261631690516548e+00
1.029744623275508530e+00
1.025059484800247667e+00
1.021094618378877383e+00
1.017750313468477996e+00
1.014938256611184864e+00
1.012580840066720445e+00
1.010610348604210396e+00
1.008968085887027577e+00
1.007603486753069877e+00
1.006473249161045525e+00
1.005540509435768115e+00
1.004774076438992303e+00
1.004147734132316838e+00
1.003639617400546191e+00
1.003231662699827886e+00
1.002909132842298101e+00
1.002660213815252499e+00
1.002475680776460987e+00
1.002348630116482342e+00
1.002274274608439208e+00
1.002249799074989900e+00
1.002274274608439208e+00
1.002348630116482342e+00
1.002475680776460987e+00
1.002660213815252499e+00
1.002909132842298101e+00
1.003231662699827886e+00
1.003639617400546191e+00
1.004147734132316838e+00
1.004774076438992303e+00
1.005540509435768115e+00
1.006473249161045525e+00
1.007603486753069877e+00
1.008968085887027577e+00
1.010610348604210396e+00
1.012580840066720445e+00
1.014938256611184864e+00
1.017750313468477996e+00
1.021094618378877605e+00
1.025059484800247001e+00
1.029744623275508530e+00
1.035261631690516770e+00
1.041734184675104924e+00
1.049297799580568791e+00
1.058099031950823443e+00
1.068293928303869045e+00
1.080045540094151768e+00
1.093520282498910756e+00
1.108882908811562151e+00
1.126289870792657188e+00
1.145880854216277056e+00
1.167768326294644998e+00
1.192025019827053667e+00
1.218669423414412645e+00
1.247649567181444485e+00
1.278825711412735933e+00
1.311952984005944955e+00
1.346665588620052922e+00
1.382464917929933756e+00
1.418714715532692461e+00
1.454647223818114066e+00
1.489384804669105611e+00
1.521981429911785977e+00
1.551487115102079484e+00
1.577035052298817019e+00
1.597945125757936013e+00
1.613828309763066127e+00
1.624664873137644294e+00
1.630818042087727182e+00
1.632939203409218276e+00
1.631728877089486440e+00
1.627548328191871452e+00
1.619935067947569252e+00
1.607156749298863652e+00
1.586019975962596140e+00
1.552190244718682832e+00
1.501219399438970425e+00
1.430272151288931815e+00
1.340205601460632945e+00
1.237295167479536717e+00
1.133701885992655756e+00
1.045876762585280062e+00
9.904322540246569551e-01
9.773010281419304279e-01
1.000000000000000000e+00
