1.000000000000000000e+00
1.055931199655319119e+00
1.111221059124710919e+00
1.164785136963479628e+00
1.215141732976364963e+00
1.260582770542067799e+00
1.299418978735779717e+00
1.330235952675587363e+00
1.352100515264111236e+00
1.364675747460597499e+00
1.368231270860416515e+00
1.363562538665823665e+00
1.351850615333696215e+00
1.334499072578448686e+00
1.312979310135572009e+00
1.288704721494617012e+00
1.262942537363135997e+00
1.236763039014339149e+00
1.211020267985161603e+00
1.186356054901442469e+00
1.163219180042555756e+00
1.141892729726596389e+00
1.122524427202850283e+00
1.105156398803752049e+00
1.089752243559691802e+00
1.076220334235938658e+00
1.064433009556863041e+00
1.054241780557181096e+00
1.045488936276677494e+00
1.038016056372302209e+00
1.031669969424563016e+00
1.026306671916906499e+00
1.021793669372931701e+00
1.018011134772405457e+00
1.014852210718883541e+00
1.012222717096767477e+00
1.010040468363014199e+00
1.008234355469380450e+00
1.006743306814546157e+00
1.005515210005402116e+00
1.004505850640154963e+00
1.003677904759645134e+00
1.003000006998370663e+00
1.002445905833719397e+00
1.001993709828572721e+00
1.001625223665679520e+00
1.001325369487255035e+00
1.001081687101176287e+00
1.000883905619717629e+00
1.000723578767747979e+00
1.000593776215160657e+00
1.000488823690369289e+00
1.000404085200336413e+00
1.000335781334110274e+00
1.000280838304336006e+00
1.000236763046862487e+00
1.000201540329205496e+00
1.000173548401043444e+00
1.000151490248362363e+00
1.000134337986287703e+00
1.000121288346466519e+00
1.000111727587307708e+00
1.000105204485340016e+00
1.000101410359338194e+00
1.000100165342598491e+00
1.000101410359338194e+00
1.000105204485340016e+00
1.000111727587307708e+00
1.000121288346466519e+00
1.000134337986287703e+00
1.000151490248362363e+00
1.000173548401043444e+00
1.000201540329205496e+00
1.000236763046862487e+00
1.000280838304336006e+00
1.000335781334110274e+00
1.000404085200336413e+00
1.000488823690369289e+00
1.000593776215160657e+00
1.000723578767747979e+00
1.000883905619717629e+00
1.001081687101176287e+00
1.001325369487255035e+00
1.001625223665679520e+00
1.001993709828572721e+00
1.002445905833719397e+00
1.003000006998370663e+00
1.003677904759645134e+00
1.004505850640154963e+00
1.005515210005402116e+00
1.006743306814546157e+00
1.008234355469380450e+00
1.010040468363014199e+00
1.012222717096767477e+00
1.014852210718883319e+00
1.018011134772405457e+00
1.021793669372931701e+00
1.026306671916906499e+00
1.031669969424563016e+00
1.038016056372302209e+00
1.045488936276677716e+00
1.054241780557180874e+00
1.064433009556863485e+00
1.076220334235938436e+00
1.089752243559691802e+00
1.105156398803751827e+00
1.122524427202850283e+00
1.141892729726596833e+00
1.163219180042555312e+00
1.186356054901442025e+00
1.211020267985161603e+00
1.236763039014339149e+00
1.262942537363135331e+00
1.288704721494616123e+00
1.312979310135571342e+00
1.334499072578448464e+00
1.351850615333695105e+00
1.363562538665822554e+00
1.368231270860416515e+00
1.364675747460597055e+00
1.352100515264109903e+00
1.330235952675586031e+00
1.299418978735779051e+00
1.260582770542068243e+00
1.215141732976364519e+00
1.164785136963478962e+00
1.111221059124711363e+00
1.055931199655318897e+00
1.000000000000000000e+00
