1.000000000000000000e+00
8.860081521519989067e-01
8.748880482880075915e-01
9.635321271593763059e-01
1.108332784726723030e+00
1.263449113069822438e+00
1.397659799843731898e+00
1.497154867353437835e+00
1.561127653767122814e+00
1.595560116171994558e+00
1.608383881266878923e+00
1.606954530973853768e+00
1.597310448289865237e+00
1.584247581910439795e+00
1.571493250016274157e+00
1.561711377671329837e+00
1.556394731249505003e+00
1.555808555230148826e+00
1.559102918390000925e+00
1.564607247281250446e+00
1.570236004639188554e+00
1.573901821533836953e+00
1.573847708084078478e+00
1.568850900956414218e+00
1.558293869969447298e+00
1.542128151871833719e+00
1.520769790789864517e+00
1.494964416245937455e+00
1.465651390379934416e+00
1.433845499005707458e+00
1.400544868288263300e+00
1.366666681369994807e+00
1.333007987001779027e+00
1.300226885366725371e+00
1.268838906486721818e+00
1.239223806499777369e+00
1.211638817138309898e+00
1.186235292228846161e+00
1.163076538700884566e+00
1.142155327619930549e+00
1.123410136666685100e+00
1.106739590474025370e+00
1.092014861729809105e+00
1.079089998554017438e+00
1.067810274835625295e+00
1.058018738746175025e+00
1.049561175445033578e+00
1.042289714529349487e+00
1.036065309708167792e+00
1.030759303911613189e+00
1.026254272272460355e+00
1.022444311504374648e+00
1.019234919503668513e+00
1.016542585103939800e+00
1.014294185820154404e+00
1.012426271701118319e+00
1.010884296322697384e+00
1.009621841530638164e+00
1.008599870664049547e+00
1.007786035446068595e+00
1.007154054253122100e+00
1.006683173781627527e+00
1.006357721933451188e+00
1.006166756761267100e+00
1.006103814294178056e+00
1.006166756762130854e+00
1.006357721935223992e+00
1.006683173784403307e+00
1.007154054257040965e+00
1.007786035451335049e+00
1.008599870670934928e+00
1.009621841539497300e+00
1.010884296333979915e+00
1.012426271715402670e+00
1.014294185838165996e+00
1.016542585126590570e+00
1.019234919532109318e+00
1.022444311540040118e+00
1.026254272317153715e+00
1.030759303967590412e+00
1.036065309778261501e+00
1.042289714617113283e+00
1.049561175554929227e+00
1.058018738883815368e+00
1.067810275008082677e+00
1.079089998770219383e+00
1.092014862001048581e+00
1.106739590814620033e+00
1.123410137094836836e+00
1.142155328158833028e+00
1.163076539380174745e+00
1.186235293086496556e+00
1.211638818223099046e+00
1.239223807874507699e+00
1.268838908232413853e+00
1.300226887588073810e+00
1.333007989834164020e+00
1.366666684988504077e+00
1.400544872919072370e+00
1.433845504940332694e+00
1.465651397992663529e+00
1.494964426014625536e+00
1.520769803319919289e+00
1.542128167922573789e+00
1.558293890481194488e+00
1.568850927075531532e+00
1.573847741181902071e+00
1.573901863214285823e+00
1.570236056728927743e+00
1.564607311796078370e+00
1.559102997471219609e+00
1.555808651045150315e+00
1.556394845850856523e+00
1.561711512808843239e+00
1.571493406898575529e+00
1.584247760919846870e+00
1.597310648670068778e+00
1.606954750533261977e+00
1.608384116163579680e+00
1.595560360855484694e+00
1.561127901135768603e+00
1.497155109144903573e+00
1.397660027221928392e+00
1.263449317321206689e+00
1.108332957942218089e+00
9.635322627698452713e-01
8.748881413644451488e-01
8.860081994759086976e-01
1.000000000000000000e+00
