1.000000000000000000e+00
1.032638065024910068e+00
1.074571851032896097e+00
1.129323428097473103e+00
1.196262276455341222e+00
1.271965620286121368e+00
1.351429079032531400e+00
1.429153767431151634e+00
1.500046365177470475e+00
1.560049712787654252e+00
1.606466453104876013e+00
1.638004011918140046e+00
1.654616857037117139e+00
1.657236445202735275e+00
1.647466874634289535e+00
1.627299658085827661e+00
1.598876390624694110e+00
1.564309370729550119e+00
1.525558472994222425e+00
1.484356452288531525e+00
1.442172562055483054e+00
1.400204356146372620e+00
1.359388724163919759e+00
1.320424877434400956e+00
1.283803730325414838e+00
1.249839679478928156e+00
1.218702072184587148e+00
1.190444656097692233e+00
1.165032041502886084e+00
1.142362728942798666e+00
1.122288607285002682e+00
1.104631053506130112e+00
1.089193901072995407e+00
1.075773616061222793e+00
1.064167049209803428e+00
1.054177132470183409e+00
1.045616870577290358e+00
1.038311949030854109e+00
1.032102244767100885e+00
1.026842488333732595e+00
1.022402289061342451e+00
1.018665699241291467e+00
1.015530460748795827e+00
1.012907048500111706e+00
1.010717599863941052e+00
1.008894797661435749e+00
1.007380756509630659e+00
1.006125947693802036e+00
1.005088186133298311e+00
1.004231693942201353e+00
1.003526248190325765e+00
1.002946415371698485e+00
1.002470871449786305e+00
1.002081803873206889e+00
1.001764390387193115e+00
1.001506348589637829e+00
1.001297549820550747e+00
1.001129690988446175e+00
1.000996018215906558e+00
1.000891096643646394e+00
1.000810621304284664e+00
1.000751264617170344e+00
1.000710556732077094e+00
1.000686795640531201e+00
1.000678984666935945e+00
1.000686795640531201e+00
1.000710556732077094e+00
1.000751264617170344e+00
1.000810621304284664e+00
1.000891096643646394e+00
1.000996018215906558e+00
1.001129690988446175e+00
1.001297549820550747e+00
1.001506348589637829e+00
1.001764390387193115e+00
1.002081803873206889e+00
1.002470871449786305e+00
1.002946415371698485e+00
1.003526248190325765e+00
1.004231693942201353e+00
1.005088186133298311e+00
1.006125947693802036e+00
1.007380756509630659e+00
1.008894797661435749e+00
1.010717599863941052e+00
1.012907048500111706e+00
1.015530460748795827e+00
1.018665699241291245e+00
1.022402289061342451e+00
1.026842488333732817e+00
1.032102244767101107e+00
1.038311949030854109e+00
1.045616870577290136e+00
1.054177132470183187e+00
1.064167049209803206e+00
1.075773616061222793e+00
1.089193901072994741e+00
1.104631053506129668e+00
1.122288607285002238e+00
1.142362728942798666e+00
1.165032041502886750e+00
1.190444656097691345e+00
1.218702072184587593e+00
1.249839679478928822e+00
1.283803730325415282e+00
1.320424877434400956e+00
1.359388724163919759e+00
1.400204356146373952e+00
1.442172562055483498e+00
1.484356452288531081e+00
1.525558472994223536e+00
1.564309370729551008e+00
1.598876390624694555e+00
1.627299658085828105e+00
1.647466874634289535e+00
1.657236445202737718e+00
1.654616857037119804e+00
1.638004011918140712e+00
1.606466453104876235e+00
1.560049712787654919e+00
1.500046365177472252e+00
1.429153767431151412e+00
1.351429079032531844e+00
1.271965620286123366e+00
1.196262276455343443e+00
1.129323428097473103e+00
1.074571851032895653e+00
1.032638065024908736e+00
1.000000000000000000e+00
