1.000000000000000000e+00
1.053534315558782630e+00
1.112362671008018999e+00
1.178246762276977888e+00
1.250232709859049551e+00
1.325430240412394989e+00
1.399807316314635841e+00
1.468988213081761751e+00
1.528973847633759542e+00
1.576684380787099160e+00
1.610258656639202091e+00
1.629105722882385532e+00
1.633758223863212455e+00
1.625606127030491566e+00
1.606589588097839583e+00
1.578911119207778269e+00
1.544802001064769614e+00
1.506355381546758077e+00
1.465423025851467331e+00
1.423564530788239413e+00
1.382035246279809115e+00
1.341799957136792898e+00
1.303561747752463473e+00
1.267798212996378959e+00
1.234799661687174366e+00
1.204705940373757223e+00
1.177539958610561044e+00
1.153236996117522395e+00
1.131669520518760796e+00
1.112667640001606228e+00
1.096035538068611981e+00
1.081564346936096710e+00
1.069041953727190686e+00
1.058260227517170637e+00
1.049020123956488248e+00
1.041135079509796224e+00
1.034433056877628543e+00
1.028757551680830273e+00
1.023967820941440898e+00
1.019938548050376870e+00
1.016559117738779827e+00
1.013732638488901827e+00
1.011374818881723980e+00
1.009412778378312892e+00
1.007783851602782388e+00
1.006434427870961823e+00
1.005318853981265192e+00
1.004398417634048801e+00
1.003640420775924857e+00
1.003017346215966388e+00
1.002506116620088594e+00
1.002087442100144887e+00
1.001745250771232776e+00
1.001466195600943632e+00
1.001239230411969938e+00
1.001055247859501174e+00
1.000906772458589611e+00
1.000787702184976258e+00
1.000693092742057644e+00
1.000618979222754890e+00
1.000562230560283483e+00
1.000520432831098816e+00
1.000491798131256438e+00
1.000475096385590179e+00
1.000469608065386762e+00
1.000475096385590179e+00
1.000491798131256438e+00
1.000520432831098816e+00
1.000562230560283483e+00
1.000618979222754890e+00
1.000693092742057644e+00
1.000787702184976258e+00
1.000906772458589611e+00
1.001055247859501174e+00
1.001239230411969938e+00
1.001466195600943632e+00
1.001745250771232776e+00
1.002087442100144887e+00
1.002506116620088594e+00
1.003017346215966388e+00
1.003640420775924857e+00
1.004398417634048801e+00
1.005318853981265192e+00
1.006434427870961823e+00
1.007783851602782388e+00
1.009412778378312892e+00
1.011374818881723980e+00
1.013732638488901605e+00
1.016559117738779827e+00
1.019938548050377092e+00
1.023967820941440898e+00
1.028757551680830273e+00
1.034433056877628321e+00
1.041135079509796002e+00
1.049020123956488026e+00
1.058260227517170415e+00
1.069041953727190020e+00
1.081564346936096710e+00
1.096035538068611759e+00
1.112667640001606228e+00
1.131669520518761685e+00
1.153236996117521729e+00
1.177539958610561488e+00
1.204705940373757667e+00
1.234799661687174366e+00
1.267798212996378959e+00
1.303561747752463473e+00
1.341799957136794230e+00
1.382035246279809781e+00
1.423564530788239191e+00
1.465423025851467997e+00
1.506355381546758521e+00
1.544802001064770058e+00
1.578911119207778269e+00
1.606589588097838472e+00
1.625606127030493564e+00
1.633758223863214454e+00
1.629105722882384644e+00
1.610258656639201424e+00
1.576684380787098938e+00
1.528973847633759764e+00
1.468988213081760863e+00
1.399807316314635619e+00
1.325430240412395877e+00
1.250232709859050440e+00
1.178246762276977444e+00
1.112362671008018111e+00
1.053534315558781964e+00
1.000000000000000000e+00
