1.000000000000000000e+00
7.383176070409499525e-01
7.843723459435288925e-01
9.801005969844267529e-01
1.173952379666488799e+00
1.315653028994322460e+00
1.412995777843026657e+00
1.483589248123808879e+00
1.536474671190655616e+00
1.573654233431525329e+00
1.595926221410455925e+00
1.605800126346606183e+00
1.607212967966241468e+00
1.603970143887916366e+00
1.598451459165144417e+00
1.591246972891321443e+00
1.581714363048301708e+00
1.569031544915849397e+00
1.553170412962003866e+00
1.535350253705395129e+00
1.517840169461098343e+00
1.503286738198312600e+00
1.493904148392714015e+00
1.490846611696370561e+00
1.493945521661217413e+00
1.501826864672898720e+00
1.512299519663301561e+00
1.522853459061984882e+00
1.531121820063077843e+00
1.535214251103888206e+00
1.533889879464596318e+00
1.526585363157049402e+00
1.513338760169016251e+00
1.494655622638625836e+00
1.471356853144380139e+00
1.444435733885191420e+00
1.414939340908656806e+00
1.383879936055135929e+00
1.352175601773090818e+00
1.320615966173958711e+00
1.289847561538167930e+00
1.260373366526436945e+00
1.232561769663293560e+00
1.206661135552439923e+00
1.182817108094147196e+00
1.161090624294407236e+00
1.141475293932594059e+00
1.123913323334345016e+00
1.108309544832196680e+00
1.094543382913946816e+00
1.082478769008762276e+00
1.071972131511413906e+00
1.062878654028503345e+00
1.055057027024495664e+00
1.048372926755819723e+00
1.042701448600389158e+00
1.037928705491646841e+00
1.033952780396211413e+00
1.030684197631492660e+00
1.028046053353287359e+00
1.025973922078054157e+00
1.024415634416572907e+00
1.023331001649385508e+00
1.022691545428696003e+00
1.022480275584898068e+00
1.022691545428914717e+00
1.023331001649834260e+00
1.024415634417284782e+00
1.025973922079079115e+00
1.028046053354696232e+00
1.030684197633379373e+00
1.033952780398708748e+00
1.037928705494923554e+00
1.042701448604675729e+00
1.048372926761405477e+00
1.055057027031765848e+00
1.062878654037960668e+00
1.071972131523697191e+00
1.082478769024698861e+00
1.094543382934594078e+00
1.108309544858920859e+00
1.123913323368884498e+00
1.141475293977172845e+00
1.161090624351852840e+00
1.182817108168062514e+00
1.206661135647389749e+00
1.232561769785075256e+00
1.260373366682402185e+00
1.289847561737622605e+00
1.320615966428688948e+00
1.352175602098010021e+00
1.383879936469146754e+00
1.414939341435731857e+00
1.444435734555769235e+00
1.471356853997173531e+00
1.494655623722971116e+00
1.513338761547925237e+00
1.526585364911144271e+00
1.533889881697172664e+00
1.535214253947312590e+00
1.531121823686746763e+00
1.522853463681835162e+00
1.512299525552775137e+00
1.501826872174712557e+00
1.493945531198984211e+00
1.490846623784502833e+00
1.493904163642825633e+00
1.503286757320348999e+00
1.517840193257827375e+00
1.535350283059405241e+00
1.553170448814246374e+00
1.569031588233192442e+00
1.581714414774355371e+00
1.591247033871456384e+00
1.598451530036590018e+00
1.603970224933092936e+00
1.607213058942704276e+00
1.605800226324816116e+00
1.595926328661049443e+00
1.573654345399118304e+00
1.536474784574776375e+00
1.483589359068818503e+00
1.412995882223368360e+00
1.315653122758899007e+00
1.173952459171762497e+00
9.801006592313806776e-01
7.843723886816160729e-01
7.383176287807968752e-01
1.000000000000000000e+00
