1.000000000000000000e+00
8.511843967796086652e-01
8.432101856660120243e-01
9.558430194862551632e-01
1.121624396719580696e+00
1.283202739245118407e+00
1.410931776524267711e+00
1.498993660061978650e+00
1.554282924244954289e+00
1.586657653551134972e+00
1.603773208321720434e+00
1.610035992588510600e+00
1.607751262602550968e+00
1.598684659853802925e+00
1.585044248417849522e+00
1.569641810454211805e+00
1.555450763165477923e+00
1.544941141693624953e+00
1.539530178330118959e+00
1.539342547927139870e+00
1.543313024618483187e+00
1.549543764689138348e+00
1.555773738775894977e+00
1.559824497873183891e+00
1.559931333902063066e+00
1.554924417504970791e+00
1.544269962523010742e+00
1.528007650218616620e+00
1.506628092549663123e+00
1.480928950862230753e+00
1.451877290497653128e+00
1.420494037448803981e+00
1.387766861736351443e+00
1.354591363986832109e+00
1.321736846921825803e+00
1.289831488916732383e+00
1.259361624937708424e+00
1.230680449936937482e+00
1.204022358004125381e+00
1.179520058998942078e+00
1.157222442165442011e+00
1.137111833451385667e+00
1.119119815352257463e+00
1.103141162145036880e+00
1.089045714063673120e+00
1.076688196246933460e+00
1.065916104109388973e+00
1.056575844098988082e+00
1.048517351675473996e+00
1.041597417497968969e+00
1.035681946276382881e+00
1.030647356441780849e+00
1.026381307027283585e+00
1.022782913986248099e+00
1.019762593729533817e+00
1.017241648344030303e+00
1.015151685628865819e+00
1.013433948223343206e+00
1.012038609883027407e+00
1.010924083365756010e+00
1.010056373261221552e+00
1.009408498194499071e+00
1.008959999867437674e+00
1.008696551061939006e+00
1.008609670703746630e+00
1.008696551065177083e+00
1.008959999874080360e+00
1.009408498204889648e+00
1.010056373275886488e+00
1.010924083385448258e+00
1.012038609908745057e+00
1.013433948256390105e+00
1.015151685670908854e+00
1.017241648397185561e+00
1.019762593796457839e+00
1.022782914070279325e+00
1.026381307132605336e+00
1.030647356573612061e+00
1.035681946441246115e+00
1.041597417704005046e+00
1.048517351932852781e+00
1.056575844420409638e+00
1.065916104510734153e+00
1.076688196748070814e+00
1.089045714689493405e+00
1.103141162926767782e+00
1.119119816329144479e+00
1.137111834672843713e+00
1.157222443693821212e+00
1.179520060913089585e+00
1.204022360403983694e+00
1.230680452949511006e+00
1.259361628724765092e+00
1.289831493684797215e+00
1.321736852935085249e+00
1.354591371583799386e+00
1.387766871351219899e+00
1.420494049638682865e+00
1.451877305976881027e+00
1.480928970545091650e+00
1.506628117602563544e+00
1.528007682122272337e+00
1.544270003144286862e+00
1.554924469176294011e+00
1.559931399504071781e+00
1.559824580913167003e+00
1.555773843451029537e+00
1.549543895919949010e+00
1.543313188034711514e+00
1.539342749785848286e+00
1.539530425344005637e+00
1.544941440745920991e+00
1.555451120886179872e+00
1.569642232633285506e+00
1.585044739240107914e+00
1.598685220966921339e+00
1.607751892081232592e+00
1.610036683931329149e+00
1.603773949691195133e+00
1.586658427505202251e+00
1.554283708173510803e+00
1.498994427422648990e+00
1.410932498787908163e+00
1.283203388257146305e+00
1.121624947020467555e+00
9.558434500994764660e-01
8.432104810346819912e-01
8.511845468818919347e-01
1.000000000000000000e+00
