1.000000000000000000e+00
8.644927741668628762e-01
8.540156878728909495e-01
9.562337638235309800e-01
1.113722841152704923e+00
1.273428927490290796e+00
1.404516208047773773e+00
1.497630242575624937e+00
1.556557965549307365e+00
1.589725618218856162e+00
1.604983556256934341e+00
1.607915692922317286e+00
1.602290526244785962e+00
1.591107720040918050e+00
1.577287176790722611e+00
1.563736397802266698e+00
1.552979070994432220e+00
1.546678411898949390e+00
1.545329791404364661e+00
1.548247278050893350e+00
1.553822530645541988e+00
1.559944165444952846e+00
1.564442854990802934e+00
1.565455522755389017e+00
1.561653198664894049e+00
1.552326468536547432e+00
1.537355718413733863e+00
1.517107458998742775e+00
1.492297112312881868e+00
1.463849459131653097e+00
1.432776359233445040e+00
1.400081053060067582e+00
1.366690892554423442e+00
1.333415851341896774e+00
1.300928043438749793e+00
1.269756961445273280e+00
1.240295544855606780e+00
1.212813008424528549e+00
1.187471286243030111e+00
1.164342809577623594e+00
1.143428061652030037e+00
1.124671922696474535e+00
1.107978244787886091e+00
1.093222400989269261e+00
1.080261762149588467e+00
1.068944190411301731e+00
1.059114720200974302e+00
1.050620640506288339e+00
1.043315208310350295e+00
1.037060221006663507e+00
1.031727662016588054e+00
1.027200613469816837e+00
1.023373606130000946e+00
1.020152552161459614e+00
1.017454382465390772e+00
1.015206488198480805e+00
1.013346046316182747e+00
1.011819291826948186e+00
1.010580784944373756e+00
1.009592709367726160e+00
1.008824228295909009e+00
1.008250917216790166e+00
1.007854286718395498e+00
1.007621404239134710e+00
1.007544620517838441e+00
1.007621404237699192e+00
1.007854286715452519e+00
1.008250917212194731e+00
1.008824228289425973e+00
1.009592709359036222e+00
1.010580784933042819e+00
1.011819291812417809e+00
1.013346046297736835e+00
1.015206488175221633e+00
1.017454382436184579e+00
1.020152552124894862e+00
1.023373606084324816e+00
1.027200613412843744e+00
1.031727661945610608e+00
1.037060220918319509e+00
1.043315208200477073e+00
1.050620640369723136e+00
1.059114720031318901e+00
1.068944190200624922e+00
1.080261761888049676e+00
1.093222400664655147e+00
1.107978244385028788e+00
1.124671922196512464e+00
1.143428061031487974e+00
1.164342808807235619e+00
1.187471285286255895e+00
1.212813007235682194e+00
1.240295543377458287e+00
1.269756959606012980e+00
1.300928041148115222e+00
1.333415848486277033e+00
1.366690888990625297e+00
1.400081048607491052e+00
1.432776353664246383e+00
1.463849452158582753e+00
1.492297103574392381e+00
1.517107448041081330e+00
1.537355704669977285e+00
1.552326451302808552e+00
1.561653177074607823e+00
1.565455495753383497e+00
1.564442821310044529e+00
1.559944123590288001e+00
1.553822478890271475e+00
1.548247214453530640e+00
1.545329713853918596e+00
1.546678318197449720e+00
1.552978958984691626e+00
1.563736265547231552e+00
1.577287022807643213e+00
1.591107543588613060e+00
1.602290327653151936e+00
1.607915473937422179e+00
1.604983320350426457e+00
1.589725370780481040e+00
1.556557713859220371e+00
1.497629995461595698e+00
1.404515975195346877e+00
1.273428718493511802e+00
1.113722664527625028e+00
9.562336262708327483e-01
8.540155939958707920e-01
8.644927266441535529e-01
1.000000000000000000e+00
