1.000000000000000000e+00
8.098565919183170481e-01
8.127580848853988016e-01
9.563421067112605201e-01
1.141529533402392937e+00
1.302736031187774923e+00
1.418117375972118177e+00
1.492683601504382951e+00
1.539832338448821947e+00
1.570833071988053220e+00
1.591914909078990803e+00
1.605291647582054892e+00
1.611144074688498629e+00
1.609251679381098032e+00
1.600017965159849842e+00
1.584937407942555998e+00
1.566558716211088109e+00
1.548030179275766915e+00
1.532406641876833842e+00
1.521963022849546210e+00
1.517733539031757894e+00
1.519390899417380147e+00
1.525451882728557917e+00
1.533699929871140455e+00
1.541678775358295228e+00
1.547129599786842835e+00
1.548294325813462713e+00
1.544062847469571009e+00
1.533983686184384965e+00
1.518179059561069133e+00
1.497209035594329496e+00
1.471921958483281889e+00
1.443316402276586530e+00
1.412428252722749855e+00
1.380247488155607272e+00
1.347663392190405318e+00
1.315433857405430063e+00
1.284173344540222583e+00
1.254354175792036452e+00
1.226316567101363830e+00
1.200283747516682098e+00
1.176379446159420361e+00
1.154645839134639917e+00
1.135060702820418710e+00
1.117553018614503957e+00
1.102016637628099760e+00
1.088321867706019797e+00
1.076325014425591142e+00
1.065876013842040226e+00
1.056824355045611341e+00
1.049023518558435564e+00
1.042334162455858415e+00
1.036626279475269863e+00
1.031780530879668145e+00
1.027688940528037831e+00
1.024255108340457188e+00
1.021394078103907477e+00
1.019031971633830302e+00
1.017105480463470935e+00
1.015561287874342300e+00
1.014355478328960114e+00
1.013452978148158046e+00
1.012827060386810363e+00
1.012458938014666909e+00
1.012337462365877405e+00
1.012458938014488385e+00
1.012827060386444655e+00
1.013452978147592276e+00
1.014355478328163862e+00
1.015561287873285146e+00
1.017105480462104472e+00
1.019031971632098132e+00
1.021394078101733438e+00
1.024255108337757347e+00
1.027688940524695393e+00
1.031780530875549440e+00
1.036626279470214129e+00
1.042334162449662038e+00
1.049023518550849854e+00
1.056824355036325658e+00
1.065876013830670654e+00
1.076325014411648739e+00
1.088321867688890610e+00
1.102016637606982652e+00
1.117553018588362423e+00
1.135060702787887843e+00
1.154645839093910276e+00
1.176379446108072546e+00
1.200283747451463601e+00
1.226316567017873727e+00
1.254354175684292638e+00
1.284173344400104888e+00
1.315433857221896208e+00
1.347663391948467959e+00
1.380247487834996623e+00
1.412428252296204390e+00
1.443316401707683605e+00
1.471921957723830943e+00
1.497209034581267639e+00
1.518179058213028787e+00
1.533983684398096736e+00
1.544062845116423333e+00
1.548294322736671669e+00
1.547129595799629387e+00
1.541678770243308128e+00
1.533699923380893670e+00
1.525451874585993073e+00
1.519390889315114679e+00
1.517733526628614493e+00
1.521963007764257192e+00
1.532406623681616065e+00
1.548030157496174120e+00
1.566558690341405713e+00
1.584937377485624799e+00
1.600017929695124463e+00
1.609251638655993411e+00
1.611144028719337484e+00
1.605291596746720728e+00
1.591914854184845352e+00
1.570833014302565722e+00
1.539832279682868066e+00
1.492683543738350327e+00
1.418117321515671270e+00
1.302735982368907530e+00
1.141529492303059223e+00
9.563420749169815327e-01
8.127580633631185103e-01
8.098565810981994684e-01
1.000000000000000000e+00
