1.000000000000000000e+00
8.398122132106862203e-01
8.342784194124984731e-01
9.555547481379008667e-01
1.127531851722584744e+00
1.289766497901480902e+00
1.414142169279876349e+00
1.497910059265084026e+00
1.550310942055827867e+00
1.582103949475200722e+00
1.600687450763268904e+00
1.609615724454255936e+00
1.610189244485797477e+00
1.603282815229424507e+00
1.590488488711488735e+00
1.574373900098922752e+00
1.558064267667942149e+00
1.544512139960561692e+00
1.535806147589895199e+00
1.532756653472597153e+00
1.534844505408213822e+00
1.540484330543536950e+00
1.547472522046257515e+00
1.553472000450327295e+00
1.556416933223572663e+00
1.554774845320858301e+00
1.547656303161786928e+00
1.534798722099827817e+00
1.516467118178839169e+00
1.493314779575427576e+00
1.466237762481587881e+00
1.436245067970081779e+00
1.404355373494902137e+00
1.371523078183078059e+00
1.338591414021551573e+00
1.306267915442299588e+00
1.275116830558111980e+00
1.245563372734457053e+00
1.217905513310344245e+00
1.192329961002143168e+00
1.168929870398671911e+00
1.147722584743066321e+00
1.128666322921613840e+00
1.111675175741482446e+00
1.096632104474928093e+00
1.083399860920633007e+00
1.071829896778479840e+00
1.061769421123379686e+00
1.053066814304962184e+00
1.045575627125139073e+00
1.039157395040398502e+00
1.033683485372415500e+00
1.029036176194530805e+00
1.025109142367138793e+00
1.021807499707561906e+00
1.019047534255495879e+00
1.016756221164545559e+00
1.014870617575510447e+00
1.013337196226941295e+00
1.012111171604592075e+00
1.011155858027139809e+00
1.010442089001869270e+00
1.009947719186190751e+00
1.009657224046773383e+00
1.009561407493302143e+00
1.009657224049816504e+00
1.009947719192433091e+00
1.010442089011634570e+00
1.011155858040924782e+00
1.012111171623103267e+00
1.013337196251120176e+00
1.014870617606586256e+00
1.016756221204087041e+00
1.019047534305499658e+00
1.021807499770529759e+00
1.025109142446221977e+00
1.029036176293676386e+00
1.033683485496549759e+00
1.039157395195680733e+00
1.045575627319259793e+00
1.053066814547532593e+00
1.061769421426408178e+00
1.071829897156988842e+00
1.083399861393426367e+00
1.096632105065572738e+00
1.111675176479559157e+00
1.128666323844318420e+00
1.147722585897253733e+00
1.168929871843493729e+00
1.192329962812438859e+00
1.217905515581020781e+00
1.245563375586177246e+00
1.275116834144637057e+00
1.306267919960011126e+00
1.338591419721755438e+00
1.371523085387879259e+00
1.404355382617545667e+00
1.436245079540868552e+00
1.466237777180508406e+00
1.493314798272719512e+00
1.516467141984462863e+00
1.534798752422314339e+00
1.547656341776055378e+00
1.554774894442977562e+00
1.556416995588311813e+00
1.553472079384482951e+00
1.547472621527494097e+00
1.540484455231277083e+00
1.534844660630195978e+00
1.532756845148546931e+00
1.535806382071795984e+00
1.544512423766956521e+00
1.558064607087355835e+00
1.574374300637496393e+00
1.590488954368177055e+00
1.603283347607965759e+00
1.610189841803053801e+00
1.609616380576340156e+00
1.600688154473014047e+00
1.582104684211029344e+00
1.550311686328322391e+00
1.497910787840888602e+00
1.414142855043516445e+00
1.289767114108113732e+00
1.127532374201631882e+00
9.555551569814119128e-01
8.342786998537510268e-01
8.398123557302553666e-01
1.000000000000000000e+00
