1.000000000000000000e+00
8.301478659206081856e-01
8.271096332465504020e-01
9.558134642046668406e-01
1.132675896217829159e+00
1.295058058686206159e+00
1.416516478002684876e+00
1.496901358628113909e+00
1.547160027160999318e+00
1.578538377951770988e+00
1.598145011228406354e+00
1.608955291207744276e+00
1.611652735450100904e+00
1.606538200334328259e+00
1.594726324295867803e+00
1.578487003351170426e+00
1.560906891500996707e+00
1.545179058930784777e+00
1.533848792934660255e+00
1.528275076954595635e+00
1.528441154810667557e+00
1.533111075542425095e+00
1.540227605276238476e+00
1.547404364068793781e+00
1.552378537750406906e+00
1.553338339803284729e+00
1.549095206331841723e+00
1.539114958644666187e+00
1.523446650254301149e+00
1.502593862225960697e+00
1.477367052116422386e+00
1.448744037943587193e+00
1.417753861879468724e+00
1.385389813707982753e+00
1.352551094765256368e+00
1.320009155575739390e+00
1.288393390545636175e+00
1.258190837995325051e+00
1.229755188709403368e+00
1.203321327263083385e+00
1.179022567844111746e+00
1.156908575458270638e+00
1.136962638376220580e+00
1.119117476199121830e+00
1.103269148272790323e+00
1.089288894599513835e+00
1.077032921014115407e+00
1.066350254155683741e+00
1.057088857558778239e+00
1.049100231978746800e+00
1.042242731489233964e+00
1.036383819894945990e+00
1.031401475445759219e+00
1.027184929965972549e+00
1.023634904345885666e+00
1.020663477967472588e+00
1.018193706430315482e+00
1.016159080753716859e+00
1.014502902507656179e+00
1.013177633233189434e+00
1.012144263016128365e+00
1.011371732003409463e+00
1.010836429741704512e+00
1.010521790163415590e+00
1.010417994514309248e+00
1.010521790166259315e+00
1.010836429747537846e+00
1.011371732012537050e+00
1.012144263029012725e+00
1.013177633250494702e+00
1.014502902530264983e+00
1.016159080782780055e+00
1.018193706467304560e+00
1.020663478014261161e+00
1.023634904404821411e+00
1.027184930040013544e+00
1.031401475538614054e+00
1.036383820011243850e+00
1.042242731634766217e+00
1.049100232160748769e+00
1.057088857786295577e+00
1.066350254440023848e+00
1.077032921369432961e+00
1.089288895043533989e+00
1.103269148827740631e+00
1.119117476892917962e+00
1.136962639243982220e+00
1.156908576544261935e+00
1.179022569204242421e+00
1.203321328968127046e+00
1.229755190849156854e+00
1.258190840684007439e+00
1.288393393928861874e+00
1.320009159839559576e+00
1.352551100147841190e+00
1.385389820514689507e+00
1.417753870502142410e+00
1.448744048885134195e+00
1.477367066021727071e+00
1.502593879920274489e+00
1.523446672790003120e+00
1.539114987356789532e+00
1.549095242901928460e+00
1.553338386329610854e+00
1.552378596820603862e+00
1.547404438828278606e+00
1.540227699482876300e+00
1.533111193594970167e+00
1.528441301735929292e+00
1.528275258336274200e+00
1.533849014764810947e+00
1.545179327362531829e+00
1.560907212478250816e+00
1.578487382090395519e+00
1.594726764602335534e+00
1.606538703759992526e+00
1.611653300348852236e+00
1.608955911813397810e+00
1.598145676950776473e+00
1.578539073121954628e+00
1.547160731424899183e+00
1.496902048074673752e+00
1.416517126939702109e+00
1.295058641785346243e+00
1.132676390604976824e+00
9.558138510522412590e-01
8.271098985944018711e-01
8.301480007688314400e-01
1.000000000000000000e+00
