1.000000000000000000e+00
9.104549888161661553e-01
9.022063612391042486e-01
9.784250774464980926e-01
1.107997057240848626e+00
1.253372543859250232e+00
1.385138128300375193e+00
1.486913823036157156e+00
1.554215374734948529e+00
1.590603877290239998e+00
1.603595589777677244e+00
1.601607379852363122e+00
1.592173127284320255e+00
1.581121634367327555e+00
1.572321598452557367e+00
1.567733914527666972e+00
1.567654560857420831e+00
1.571096472086026319e+00
1.576258402305795947e+00
1.581009105329652664e+00
1.583310828763347278e+00
1.581525887733641333e+00
1.574583964023201998e+00
1.562020640745273914e+00
1.543919146622661165e+00
1.520794685964989901e+00
1.493457122571872020e+00
1.462878358740161255e+00
1.430080099604850608e+00
1.396048652453960814e+00
1.361677088281453729e+00
1.327731439646854472e+00
1.294836028722428978e+00
1.263472798449179368e+00
1.233990048955818430e+00
1.206616828596517310e+00
1.181480129106593946e+00
1.158622848810986650e+00
1.138021160419055766e+00
1.119600441923585654e+00
1.103249315029690258e+00
1.088831608673481943e+00
1.076196249815657868e+00
1.065185201469617260e+00
1.055639636715225871e+00
1.047404571337430257e+00
1.040332187497220451e+00
1.034284074591095948e+00
1.029132597179273745e+00
1.024761577930190848e+00
1.021066459060587128e+00
1.017954080915366655e+00
1.015342192574482993e+00
1.013158787592967069e+00
1.011341338668645840e+00
1.009835988388249062e+00
1.008596739220728677e+00
1.007584674463350316e+00
1.006767232676254453e+00
1.006117550995086374e+00
1.005613887305458531e+00
1.005239127317519854e+00
1.004980379831050152e+00
1.004828661690042368e+00
1.004778672875884737e+00
1.004828661686499203e+00
1.004980379823785963e+00
1.005239127306167157e+00
1.005613887289442454e+00
1.006117550973602670e+00
1.006767232648226207e+00
1.007584674427379312e+00
1.008596739175027679e+00
1.009835988330562317e+00
1.011341338596136508e+00
1.013158787502090874e+00
1.015342192460820137e+00
1.017954080773416425e+00
1.021066458883510109e+00
1.024761577709494498e+00
1.029132596904415164e+00
1.034284074248990049e+00
1.040332187071629999e+00
1.047404570808201374e+00
1.055639636057336794e+00
1.065185200651988850e+00
1.076196248799657029e+00
1.088831607411048230e+00
1.103249313460969772e+00
1.119600439973939654e+00
1.138021157995280808e+00
1.158622845796506429e+00
1.181480125355350852e+00
1.206616823925188209e+00
1.233990043133900816e+00
1.263472791186363464e+00
1.294836019652537251e+00
1.327731428307521222e+00
1.361677074088490924e+00
1.396048634669400990e+00
1.430080077297491759e+00
1.462878330737703791e+00
1.493457087404205685e+00
1.520794641799067204e+00
1.543919091191100712e+00
1.562020571273277758e+00
1.574583877161933376e+00
1.581525779512658936e+00
1.583310694579731059e+00
1.581008939996210172e+00
1.576258200183888736e+00
1.571096227328659500e+00
1.567654267783949562e+00
1.567733568141959966e+00
1.572321195101504365e+00
1.581121172515589812e+00
1.592172608352689478e+00
1.601606809028947698e+00
1.603594976663928140e+00
1.590603236197940973e+00
1.554214724432136707e+00
1.486913185790029956e+00
1.385137528217501357e+00
1.253372004761591940e+00
1.107996600541225174e+00
9.784247205461594765e-01
9.022061167746365795e-01
9.104548647176693432e-01
1.000000000000000000e+00
