1.000000000000000000e+00
7.508919276792302977e-01
7.867794939521307596e-01
9.742894161874514625e-01
1.169613832708621404e+00
1.316269708985766007e+00
1.416062706961672246e+00
1.485766486491898686e+00
1.536481323251965403e+00
1.572137595630113793e+00
1.594251877109140070e+00
1.605126945221679424e+00
1.608065225888027472e+00
1.606111058909480249e+00
1.600980141594215977e+00
1.592938575558541237e+00
1.581529882678921917e+00
1.566589327031992829e+00
1.548960618996835237e+00
1.530601003441904862e+00
1.514111107140466705e+00
1.501970764006253622e+00
1.495823213266817442e+00
1.496056978856878716e+00
1.501772312227999118e+00
1.511071093685924183e+00
1.521524948334252780e+00
1.530664571086012726e+00
1.536373183733281245e+00
1.537127330850482476e+00
1.532082577886590302e+00
1.521036388022160013e+00
1.504313863347201297e+00
1.482619684459635767e+00
1.456889015139928523e+00
1.428157565508271665e+00
1.397460132522308829e+00
1.365759211942968898e+00
1.333900699074279439e+00
1.302591587939402773e+00
1.272394110156152447e+00
1.243731211746475163e+00
1.216899137578807188e+00
1.192083861795378841e+00
1.169378998495052668e+00
1.148803577385301145e+00
1.130318657966699503e+00
1.113842195584905603e+00
1.099261887373990554e+00
1.086445941812868243e+00
1.075251856074787238e+00
1.065533370374020405e+00
1.057145813804110768e+00
1.049950073777054405e+00
1.043815420183152654e+00
1.038621402510143676e+00
1.034259018280247577e+00
1.030631327783774198e+00
1.027653665642866532e+00
1.025253575853357857e+00
1.023370574637017638e+00
1.021955825237663040e+00
1.020971790916405109e+00
1.020391916795355902e+00
1.020200377638975198e+00
1.020391916795812648e+00
1.020971790917343469e+00
1.021955825239138749e+00
1.023370574639120401e+00
1.025253575856209576e+00
1.027653665646634407e+00
1.030631327788683826e+00
1.034259018286584508e+00
1.038621402518288939e+00
1.043815420193581422e+00
1.049950073790386851e+00
1.057145813821139591e+00
1.065533370395746804e+00
1.075251856102491743e+00
1.086445941848172003e+00
1.099261887418960359e+00
1.113842195642155142e+00
1.130318658039551227e+00
1.148803577477951476e+00
1.169378998612828902e+00
1.192083861945011591e+00
1.216899137768823858e+00
1.243731211987678886e+00
1.272394110462228500e+00
1.302591588327704164e+00
1.333900699566814119e+00
1.365759212567715375e+00
1.397460133314863295e+00
1.428157566513991839e+00
1.456889016416705207e+00
1.482619686081483312e+00
1.504313865408864137e+00
1.521036390645037040e+00
1.532082581226259066e+00
1.537127335106119874e+00
1.536373189159276675e+00
1.530664578005780374e+00
1.521524957156099145e+00
1.511071104920225228e+00
1.501772326504407618e+00
1.496056996939514327e+00
1.495823236064919293e+00
1.501970792577511205e+00
1.514111142684462008e+00
1.530601047281464178e+00
1.548960672544932082e+00
1.566589391740244253e+00
1.581529959960366050e+00
1.592938666673747505e+00
1.600980247489592445e+00
1.606111180004899053e+00
1.608065361829668527e+00
1.605127094640595109e+00
1.594252037444535253e+00
1.572137763076769668e+00
1.536481492871985211e+00
1.485766652500528195e+00
1.416062863163576990e+00
1.316269849297856398e+00
1.169613951661438778e+00
9.742895092862696726e-01
7.867795578429577219e-01
7.508919601654265863e-01
1.000000000000000000e+00
