1.000000000000000000e+00
8.406839305280913166e-01
8.349434483944394580e-01
9.555519156853127249e-01
1.127069940577378082e+00
1.289273160630217685e+00
1.413911073155451614e+00
1.497998990171816924e+00
1.550609468563068249e+00
1.582444247751260136e+00
1.600924389542824011e+00
1.609663318371870933e+00
1.610028600931504350e+00
1.602955936761474520e+00
1.590083233090720194e+00
1.574001281877207559e+00
1.557831187929618499e+00
1.544495788637282763e+00
1.536036840798853387e+00
1.533213143105311760e+00
1.535461557890052564e+00
1.541168785089787940e+00
1.548122418026550040e+00
1.553993818327803922e+00
1.556737777974110504e+00
1.554848516899353550e+00
1.547463883353826564e+00
1.534345233626970506e+00
1.515776026863781434e+00
1.492421854290556293e+00
1.465185346642737363e+00
1.435077347271038528e+00
1.403114851614467584e+00
1.370248225461328184e+00
1.337315320450721545e+00
1.305017728508744979e+00
1.273913759339989182e+00
1.244423067422729900e+00
1.216838667220899506e+00
1.191343020346462556e+00
1.168025770706527133e+00
1.146901460126867667e+00
1.127926155303274003e+00
1.111012366497275750e+00
1.096041961725738867e+00
1.082877002925322740e+00
1.071368576465000721e+00
1.061363779437140220e+00
1.052711071329425430e+00
1.045264220263227184e+00
1.038885073256261782e+00
1.033445367816433258e+00
1.028827782640474142e+00
1.024926401900420947e+00
1.021646743101257249e+00
1.018905474511877518e+00
1.016629925818637092e+00
1.014757475572282797e+00
1.013234881502784068e+00
1.012017604926292336e+00
1.011069168162500365e+00
1.010360573907155057e+00
1.009869807587356227e+00
1.009581437554420313e+00
1.009486323216884474e+00
1.009581437557479866e+00
1.009869807593632318e+00
1.010360573916972982e+00
1.011069168176359279e+00
1.012017604944903004e+00
1.013234881527092401e+00
1.014757475603524250e+00
1.016629925858389072e+00
1.018905474562146418e+00
1.021646743164557503e+00
1.024926401979919799e+00
1.028827782740138197e+00
1.033445367941213444e+00
1.038885073412348037e+00
1.045264220458347104e+00
1.052711071573237067e+00
1.061363779741710145e+00
1.071368576845422194e+00
1.082877003400489091e+00
1.096041962319326935e+00
1.111012367239003984e+00
1.127926156230508736e+00
1.146901461286677026e+00
1.168025772158329367e+00
1.191343022165430865e+00
1.216838669502360748e+00
1.244423070287875133e+00
1.273913762943247097e+00
1.305017733047342476e+00
1.337315326177038521e+00
1.370248232698838775e+00
1.403114860778164052e+00
1.435077358893457999e+00
1.465185361406735387e+00
1.492421873070042926e+00
1.515776050773419703e+00
1.534345264081300009e+00
1.547463922135410508e+00
1.554848566233919316e+00
1.556737840608515500e+00
1.553993897603777041e+00
1.548122517939885867e+00
1.541168910321446539e+00
1.535461713792662719e+00
1.533213335626400831e+00
1.536037076320161399e+00
1.544496073707500861e+00
1.557831528865601056e+00
1.574001684208771401e+00
1.590083700832477298e+00
1.602956471521087556e+00
1.610029200914266267e+00
1.609663977413488656e+00
1.600925096374596235e+00
1.582444985738403087e+00
1.550610216123084806e+00
1.497999721962839148e+00
1.413911761945035206e+00
1.289273779556972199e+00
1.127070465364054197e+00
9.555523263352273533e-01
8.349437300748746571e-01
8.406840736773411038e-01
1.000000000000000000e+00
