1.000000000000000000e+00
7.769637875437638286e-01
7.948311065317202884e-01
9.630883977583739597e-01
1.157107610867034397e+00
1.312421007323001376e+00
1.418603886433076333e+00
1.488228570451798349e+00
1.535181351469262268e+00
1.567708041429156429e+00
1.589614259787373030e+00
1.602894593512917520e+00
1.608995652629540363e+00
1.608914243321729165e+00
1.603152952787475494e+00
1.592063479230253042e+00
1.576435665695919752e+00
1.557913638936573975e+00
1.538953570111092573e+00
1.522334495313122593e+00
1.510461029139611000e+00
1.504754888989706219e+00
1.505345069826818039e+00
1.511116698110691825e+00
1.520045828641752861e+00
1.529676675713742551e+00
1.537594446691519456e+00
1.541789607480231750e+00
1.540867958534916760e+00
1.534111263483988630e+00
1.521423694292315165e+00
1.503209629904248557e+00
1.480224283479134817e+00
1.453427557441099527e+00
1.423859192321524469e+00
1.392542963227470176e+00
1.360420549745094521e+00
1.328311614908114890e+00
1.296894856242112759e+00
1.266704521195545663e+00
1.238137431850712122e+00
1.211466465081803445e+00
1.186857395886408151e+00
1.164386883309560972e+00
1.144060099434488720e+00
1.125827062573873993e+00
1.109597151372035739e+00
1.095251571778789179e+00
1.082653749617345618e+00
1.071657750823562738e+00
1.062114908428205107e+00
1.053878874988933179e+00
1.046809332930948910e+00
1.040774591732690268e+00
1.035653286455986199e+00
1.031335371395555311e+00
1.027722578913835338e+00
1.024728489127750830e+00
1.022278332551311175e+00
1.020308626018608056e+00
1.018766722729538277e+00
1.017610340268395142e+00
1.016807115906566805e+00
1.016334226215651393e+00
1.016178097678779091e+00
1.016334226215472425e+00
1.016807115906201320e+00
1.017610340267828706e+00
1.018766722728749352e+00
1.020308626017568221e+00
1.022278332549978686e+00
1.024728489126078834e+00
1.027722578911763662e+00
1.031335371393020894e+00
1.035653286452896893e+00
1.040774591728952370e+00
1.046809332926452285e+00
1.053878874983539937e+00
1.062114908421757153e+00
1.071657750815862231e+00
1.082653749608161187e+00
1.095251571767825061e+00
1.109597151358921119e+00
1.125827062558111269e+00
1.144060099415427301e+00
1.164386883286303798e+00
1.186857395857719322e+00
1.211466465045955454e+00
1.238137431805271804e+00
1.266704521137076878e+00
1.296894856165742294e+00
1.328311614806990004e+00
1.360420549609590468e+00
1.392542963044172133e+00
1.423859192071891933e+00
1.453427557099791212e+00
1.480224283011925879e+00
1.503209629265604086e+00
1.521423693422649936e+00
1.534111262306827372e+00
1.540867956954233176e+00
1.541789605378257377e+00
1.537594443927447818e+00
1.529676672123372771e+00
1.520045824037817628e+00
1.511116692282884477e+00
1.505345062539972689e+00
1.504754879978503324e+00
1.510461018099300334e+00
1.522334481888346192e+00
1.538953553888571912e+00
1.557913619450515652e+00
1.576435642455035424e+00
1.592063451770463933e+00
1.603152920745516852e+00
1.608914206516601997e+00
1.608995611136916137e+00
1.602894547724012630e+00
1.589614210451496978e+00
1.567707989677707081e+00
1.535181298807823724e+00
1.488228518700384972e+00
1.418603837605316942e+00
1.312420963452891831e+00
1.157107573802659939e+00
9.630883689607295794e-01
7.948310869553917302e-01
7.769637776714043431e-01
1.000000000000000000e+00
