1.000000000000000000e+00
1.008927629722714991e+00
1.034173048040426091e+00
1.081023532493997408e+00
1.147598373845317488e+00
1.227934999095420032e+00
1.314444649187829439e+00
1.399759795557818487e+00
1.477910914997665692e+00
1.544826753513874440e+00
1.598285383848691454e+00
1.637542679325584949e+00
1.662869461899541212e+00
1.675154078375663325e+00
1.675630028797812754e+00
1.665716714517156749e+00
1.646931610720492767e+00
1.620834407604781591e+00
1.588979601092754823e+00
1.552869668060228525e+00
1.513910373899530093e+00
1.473372875972938978e+00
1.432366494453977568e+00
1.391823766474294954e+00
1.352497235840510292e+00
1.314966006287376699e+00
1.279649463751981520e+00
1.246825554368320654e+00
1.216651340162441697e+00
1.189184039528351722e+00
1.164401260851075204e+00
1.142219583402705796e+00
1.122511001205221959e+00
1.105117019620239560e+00
1.089860390209878682e+00
1.076554600745713186e+00
1.065011318317442557e+00
1.055046026949556737e+00
1.046482117446893900e+00
1.039153684681479728e+00
1.032907272642517915e+00
1.027602785177003097e+00
1.023113754069209458e+00
1.019327128559234907e+00
1.016142723406615156e+00
1.013472437365154688e+00
1.011239331171930766e+00
1.009376634225901626e+00
1.007826732135940873e+00
1.006540173166675434e+00
1.005474720095543395e+00
1.004594464839846157e+00
1.003869016110755297e+00
1.003272764990038812e+00
1.002784229408013372e+00
1.002385475755931399e+00
1.002061614053718186e+00
1.001800362009088063e+00
1.001591672775349107e+00
1.001427421102394355e+00
1.001301142766817476e+00
1.001207822575385764e+00
1.001143726795186373e+00
1.001106276523585858e+00
1.001093959236991404e+00
1.001106276523585858e+00
1.001143726795186373e+00
1.001207822575385764e+00
1.001301142766817476e+00
1.001427421102394355e+00
1.001591672775349107e+00
1.001800362009088063e+00
1.002061614053718186e+00
1.002385475755931399e+00
1.002784229408013372e+00
1.003272764990038812e+00
1.003869016110755297e+00
1.004594464839846157e+00
1.005474720095543395e+00
1.006540173166675434e+00
1.007826732135940873e+00
1.009376634225901626e+00
1.011239331171930989e+00
1.013472437365154688e+00
1.016142723406615156e+00
1.019327128559234907e+00
1.023113754069209458e+00
1.027602785177002875e+00
1.032907272642517915e+00
1.039153684681479950e+00
1.046482117446893900e+00
1.055046026949556737e+00
1.065011318317442557e+00
1.076554600745712964e+00
1.089860390209878460e+00
1.105117019620239560e+00
1.122511001205220849e+00
1.142219583402705352e+00
1.164401260851074982e+00
1.189184039528351722e+00
1.216651340162442141e+00
1.246825554368319766e+00
1.279649463751981964e+00
1.314966006287376032e+00
1.352497235840510292e+00
1.391823766474294954e+00
1.432366494453977790e+00
1.473372875972940976e+00
1.513910373899530981e+00
1.552869668060227859e+00
1.588979601092756599e+00
1.620834407604782035e+00
1.646931610720492767e+00
1.665716714517156971e+00
1.675630028797811866e+00
1.675154078375665989e+00
1.662869461899543655e+00
1.637542679325586281e+00
1.598285383848692343e+00
1.544826753513875106e+00
1.477910914997667691e+00
1.399759795557818931e+00
1.314444649187830105e+00
1.227934999095422031e+00
1.147598373845319042e+00
1.081023532493997630e+00
1.034173048040425424e+00
1.008927629722713659e+00
1.000000000000000000e+00
