1.000000000000000000e+00
7.663592193051780299e-01
7.913308586785838816e-01
9.680144004449029449e-01
1.163475296238363210e+00
1.315726229844010220e+00
1.419217825288815904e+00
1.488578134461629121e+00
1.536838405773769400e+00
1.570528161670821765e+00
1.592459517020487603e+00
1.604737224474364732e+00
1.609602345569399739e+00
1.608898609613528485e+00
1.603556872654407828e+00
1.593773729269667205e+00
1.579729273976556270e+00
1.562308462502796313e+00
1.543381422260015734e+00
1.525522808666033736e+00
1.511352497708846609e+00
1.502816685931511964e+00
1.500690006770105445e+00
1.504437708813785024e+00
1.512421672915222004e+00
1.522328261829922980e+00
1.531661852977634464e+00
1.538173267920903031e+00
1.540148062591919942e+00
1.536537039669120475e+00
1.526952462594814097e+00
1.511573086231314145e+00
1.491002983070365939e+00
1.466120498195180533e+00
1.437941299741763990e+00
1.407507900723300232e+00
1.375809300222370801e+00
1.343728898823149498e+00
1.312016056800843655e+00
1.281275767231544904e+00
1.251971146540858948e+00
1.224434226935322112e+00
1.198881495411282527e+00
1.175431552348648268e+00
1.154123060885289043e+00
1.134931796060841824e+00
1.117786085930343010e+00
1.102580287150656702e+00
1.089186180990611374e+00
1.077462337024896355e+00
1.067261592011144566e+00
1.058436847541554648e+00
1.050845415113178083e+00
1.044352141191193573e+00
1.038831535025341424e+00
1.034169103827570435e+00
1.030262077325097891e+00
1.027019679409965969e+00
1.024363080478877919e+00
1.022225141293198858e+00
1.020550038485265487e+00
1.019292843515433811e+00
1.018419110993625365e+00
1.017904518672711145e+00
1.017734589817015367e+00
1.017904518673562908e+00
1.018419110995373966e+00
1.019292843518175840e+00
1.020550038489151934e+00
1.022225141298442441e+00
1.024363080485763966e+00
1.027019679418870179e+00
1.030262077336505211e+00
1.034169103842108584e+00
1.038831535043793997e+00
1.044352141214567986e+00
1.050845415142749095e+00
1.058436847578924755e+00
1.067261592058341924e+00
1.077462337084472921e+00
1.089186181065792569e+00
1.102580287245507051e+00
1.117786086049987970e+00
1.134931796211739341e+00
1.154123061075597034e+00
1.175431552588659612e+00
1.198881495714008150e+00
1.224434227317223511e+00
1.251971147022788777e+00
1.281275767839959112e+00
1.312016057569339145e+00
1.343728899794506493e+00
1.375809301451125011e+00
1.407507902279104384e+00
1.437941301713718811e+00
1.466120500697429829e+00
1.491002986249251094e+00
1.511573090274523024e+00
1.526952467742908270e+00
1.536537046229883519e+00
1.540148070957891191e+00
1.538173278590135196e+00
1.531661866577500808e+00
1.522328279142970642e+00
1.512421694905353498e+00
1.504437736649990143e+00
1.500690041844064293e+00
1.502816729864757894e+00
1.511352552344973343e+00
1.525522876043469811e+00
1.543381504560467965e+00
1.562308561968710485e+00
1.579729392787480258e+00
1.593773869363706464e+00
1.603557035481223192e+00
1.608898795815489224e+00
1.609602554611306191e+00
1.604737454275971809e+00
1.592459763676428830e+00
1.570528419352074323e+00
1.536838666884083215e+00
1.488578390075107283e+00
1.419218065831742814e+00
1.315726445912329456e+00
1.163475479380001509e+00
9.680145437293778965e-01
7.913309569652478004e-01
7.663592692606638890e-01
1.000000000000000000e+00
