1.000000000000000000e+00
7.377888455813655932e-01
7.842941731952275397e-01
9.803518360443566060e-01
1.174115988053888282e+00
1.315606241622224504e+00
1.412860460108406047e+00
1.483500659938327360e+00
1.536474351251622572e+00
1.573711297738805026e+00
1.595989532925738308e+00
1.605828278180353674e+00
1.607184304890358684e+00
1.603887397001298787e+00
1.598343212284077719e+00
1.591160056258137612e+00
1.581695709151865303e+00
1.569106822894148712e+00
1.553330276073723759e+00
1.535550962856378376e+00
1.518017735260303036e+00
1.503377782535244345e+00
1.493865071471525141e+00
1.490664913476062337e+00
1.493641173550986467e+00
1.501445330414519441e+00
1.511900128665897292e+00
1.522497124167541571e+00
1.530861083478747053e+00
1.535087122309634955e+00
1.533917556250773417e+00
1.526773046357419616e+00
1.513678427105836999e+00
1.495129675867436392e+00
1.471941821075628321e+00
1.445105512422635075e+00
1.415667736990928960e+00
1.384642467912041930e+00
1.352950626305395199e+00
1.321385257748691533e+00
1.290596479225954774e+00
1.261090736176599947e+00
1.233239585995066667e+00
1.207294165607880609e+00
1.183402455245034623e+00
1.161627293382311077e+00
1.141963783484448935e+00
1.124355259845905453e+00
1.108707366264508387e+00
1.094900073161103382e+00
1.082797641581048520e+00
1.072256658545158725e+00
1.063132335592431144e+00
1.055283295242215758e+00
1.048575079279538969e+00
1.042882606284755598e+00
1.038091789606566229e+00
1.034100505295661110e+00
1.030819075399873386e+00
1.028170407539337861e+00
1.026089908171034626e+00
1.024525265203101831e+00
1.023436176002442410e+00
1.022794079418342106e+00
1.022581935061953384e+00
1.022794079418551272e+00
1.023436176002872289e+00
1.024525265203784175e+00
1.026089908172018061e+00
1.028170407540691444e+00
1.030819075401687712e+00
1.034100505298065853e+00
1.038091789609725479e+00
1.042882606288893843e+00
1.048575079284938427e+00
1.055283295249253239e+00
1.063132335601597367e+00
1.072256658557078746e+00
1.082797641596532801e+00
1.094900073181186873e+00
1.108707366290530238e+00
1.124355259879570301e+00
1.141963783527938592e+00
1.161627293438399766e+00
1.183402455317258406e+00
1.207294165700720789e+00
1.233239586114214248e+00
1.261090736329272266e+00
1.290596479421287190e+00
1.321385257998254348e+00
1.352950626623824704e+00
1.384642468317886843e+00
1.415667737507708246e+00
1.445105513080205517e+00
1.471941821911953552e+00
1.495129676930889273e+00
1.513678428458190117e+00
1.526773048077703310e+00
1.533917558440243578e+00
1.535087125098052674e+00
1.530861087032197698e+00
1.522497128697777313e+00
1.511900134441114707e+00
1.501445337770920263e+00
1.493641182904184683e+00
1.490664925330785096e+00
1.493865086427852873e+00
1.503377801289657700e+00
1.518017758600213041e+00
1.535550991647338881e+00
1.553330311238410255e+00
1.569106865380630600e+00
1.581695759885491714e+00
1.591160116068042418e+00
1.598343281795288950e+00
1.603887476490650110e+00
1.607184394119487436e+00
1.605828376236616339e+00
1.595989638112009334e+00
1.573711407548317176e+00
1.536474462447694700e+00
1.483500768740542819e+00
1.412860562471964121e+00
1.315606333575311870e+00
1.174116066024152083e+00
9.803518970909840258e-01
7.842942151104904669e-01
7.377888669032448554e-01
1.000000000000000000e+00
