1.000000000000000000e+00
1.080150128759455486e+00
1.160811243411082438e+00
1.241107573992469959e+00
1.318991545447277147e+00
1.391634867061439795e+00
1.455940538436875320e+00
1.509081340854592890e+00
1.548954070355204493e+00
1.574461523547249664e+00
1.585586564865735903e+00
1.583280114418030848e+00
1.569224754360587504e+00
1.545547927933495380e+00
1.514547485271628302e+00
1.478469164131965607e+00
1.439351774621280944e+00
1.398938104972657470e+00
1.358639685665459451e+00
1.319540232642799404e+00
1.282423433533831370e+00
1.247813542223030536e+00
1.216020506636122711e+00
1.187184270791191265e+00
1.161315162137438683e+00
1.138328880005982979e+00
1.118075647750313317e+00
1.100363719962604403e+00
1.084977775379424081e+00
1.071692876780798942e+00
1.060284714106348058e+00
1.050536815476160957e+00
1.042245344723954137e+00
1.035222023276858971e+00
1.029295630612921952e+00
1.024312457833589152e+00
1.020136016629568099e+00
1.016646242639320352e+00
1.013738378248856931e+00
1.011321674903626455e+00
1.009318018253261950e+00
1.007660549990278875e+00
1.006292337073299015e+00
1.005165121158133834e+00
1.004238167575656426e+00
1.003477223263933960e+00
1.002853585960002958e+00
1.002343282065059515e+00
1.001926347400526218e+00
1.001586203149309462e+00
1.001309118287566191e+00
1.001083749490090158e+00
1.000900749630163178e+00
1.000752436434636294e+00
1.000632513480303798e+00
1.000535836442781212e+00
1.000458218274301814e+00
1.000396267750760293e+00
1.000347256564990239e+00
1.000309010836878176e+00
1.000279823553980041e+00
1.000258385046866261e+00
1.000243729143746041e+00
1.000235193143301560e+00
1.000232390200358257e+00
1.000235193143301560e+00
1.000243729143746041e+00
1.000258385046866261e+00
1.000279823553980041e+00
1.000309010836878176e+00
1.000347256564990239e+00
1.000396267750760293e+00
1.000458218274301814e+00
1.000535836442781212e+00
1.000632513480303798e+00
1.000752436434636294e+00
1.000900749630163178e+00
1.001083749490090158e+00
1.001309118287566191e+00
1.001586203149309462e+00
1.001926347400526218e+00
1.002343282065059515e+00
1.002853585960002958e+00
1.003477223263933960e+00
1.004238167575656426e+00
1.005165121158133834e+00
1.006292337073299015e+00
1.007660549990278875e+00
1.009318018253261950e+00
1.011321674903626455e+00
1.013738378248856931e+00
1.016646242639320352e+00
1.020136016629567877e+00
1.024312457833589152e+00
1.029295630612921730e+00
1.035222023276858749e+00
1.042245344723953693e+00
1.050536815476160957e+00
1.060284714106347836e+00
1.071692876780798720e+00
1.084977775379424303e+00
1.100363719962604181e+00
1.118075647750313761e+00
1.138328880005982757e+00
1.161315162137438683e+00
1.187184270791190821e+00
1.216020506636123155e+00
1.247813542223030980e+00
1.282423433533831592e+00
1.319540232642798960e+00
1.358639685665460117e+00
1.398938104972657914e+00
1.439351774621280722e+00
1.478469164131965163e+00
1.514547485271626970e+00
1.545547927933496712e+00
1.569224754360587726e+00
1.583280114418029516e+00
1.585586564865735681e+00
1.574461523547250330e+00
1.548954070355204271e+00
1.509081340854591557e+00
1.455940538436875320e+00
1.391634867061440906e+00
1.318991545447278035e+00
1.241107573992469071e+00
1.160811243411082216e+00
1.080150128759455486e+00
1.000000000000000000e+00
