1.000000000000000000e+00
1.074015377317719233e+00
1.149947618983755859e+00
1.227713191238272161e+00
1.305591776307021945e+00
1.380714109567488634e+00
1.449652397097443535e+00
1.509042970690429142e+00
1.556135577805631387e+00
1.589171504842660232e+00
1.607539587085149657e+00
1.611719990917186873e+00
1.603073363964930609e+00
1.583552893995607613e+00
1.555410173109603944e+00
1.520943554729032199e+00
1.482312288571451919e+00
1.441419353607277687e+00
1.399853532997737071e+00
1.358876129985192582e+00
1.319437489655323592e+00
1.282210812050365023e+00
1.247633902391617644e+00
1.215952520646105040e+00
1.187261440241774713e+00
1.161541116957898190e+00
1.138689079816750604e+00
1.118545916743257429e+00
1.100916168242989546e+00
1.085584668440184197e+00
1.072328962936986096e+00
1.060928441328625071e+00
1.051170784570495398e+00
1.042856266428510814e+00
1.035800377901985536e+00
1.029835172091548179e+00
1.024809659229360070e+00
1.020589520008183149e+00
1.017056351076626175e+00
1.014106609897417410e+00
1.011650386865825979e+00
1.009610100123140564e+00
1.007919182178205197e+00
1.006520806499433096e+00
1.005366685883886335e+00
1.004415961904421728e+00
1.003634195397299145e+00
1.002992461169800231e+00
1.002466545350667593e+00
1.002036240625010066e+00
1.001684732615104823e+00
1.001398069583650408e+00
1.001164707201943838e+00
1.000975120149420139e+00
1.000821472644991772e+00
1.000697340542114455e+00
1.000597478266095131e+00
1.000517624573835196e+00
1.000454341832182736e+00
1.000404884213724532e+00
1.000367090881796761e+00
1.000339300870893178e+00
1.000320286961964067e+00
1.000309206404980999e+00
1.000305566858664230e+00
1.000309206404980999e+00
1.000320286961964067e+00
1.000339300870893178e+00
1.000367090881796761e+00
1.000404884213724532e+00
1.000454341832182736e+00
1.000517624573835196e+00
1.000597478266095131e+00
1.000697340542114455e+00
1.000821472644991772e+00
1.000975120149420139e+00
1.001164707201943838e+00
1.001398069583650408e+00
1.001684732615104823e+00
1.002036240625010066e+00
1.002466545350667593e+00
1.002992461169800231e+00
1.003634195397299145e+00
1.004415961904421728e+00
1.005366685883886335e+00
1.006520806499433096e+00
1.007919182178205197e+00
1.009610100123140342e+00
1.011650386865825979e+00
1.014106609897417632e+00
1.017056351076626175e+00
1.020589520008183149e+00
1.024809659229359848e+00
1.029835172091547957e+00
1.035800377901985314e+00
1.042856266428510592e+00
1.051170784570494732e+00
1.060928441328625071e+00
1.072328962936985874e+00
1.085584668440183975e+00
1.100916168242989768e+00
1.118545916743256985e+00
1.138689079816751049e+00
1.161541116957897968e+00
1.187261440241774713e+00
1.215952520646104817e+00
1.247633902391617422e+00
1.282210812050365467e+00
1.319437489655323592e+00
1.358876129985192360e+00
1.399853532997737293e+00
1.441419353607277243e+00
1.482312288571451697e+00
1.520943554729031977e+00
1.555410173109601946e+00
1.583552893995608501e+00
1.603073363964930387e+00
1.611719990917185097e+00
1.607539587085148325e+00
1.589171504842659122e+00
1.556135577805630499e+00
1.509042970690427143e+00
1.449652397097442424e+00
1.380714109567488856e+00
1.305591776307022167e+00
1.227713191238271495e+00
1.149947618983755415e+00
1.074015377317718789e+00
1.000000000000000000e+00
