1.000000000000000000e+00
7.465394590023846089e-01
7.851083582194174904e-01
9.749028513750712666e-01
1.169567508261563304e+00
1.314418454120456214e+00
1.413177045610919391e+00
1.482987823810054229e+00
1.534344972449321665e+00
1.570532893605836700e+00
1.592787562750425767e+00
1.603457539480210858e+00
1.606059869453950295e+00
1.603895742164670235e+00
1.598882800805073723e+00
1.591354764877086936e+00
1.580752647578566261e+00
1.566673567844378390e+00
1.549681442280735677e+00
1.531520500178320976e+00
1.514719352111731254e+00
1.501841489607373958e+00
1.494729454139897218e+00
1.494017013205153122e+00
1.499025692561387180e+00
1.508006080897256407e+00
1.518587048353783775e+00
1.528272543751523216e+00
1.534858948462147765e+00
1.536705140653208179e+00
1.532844407432850442e+00
1.522966036367423115e+00
1.507311345653275181e+00
1.486528787505773108e+00
1.461523105916219478e+00
1.433320946811566410e+00
1.402963967502139697e+00
1.371432170511508453e+00
1.339595086274697922e+00
1.308185942912117206e+00
1.277793259010214788e+00
1.248864631639535316e+00
1.221718318361024069e+00
1.196559179781344850e+00
1.173496465978331793e+00
1.152561709126137757e+00
1.133725602124669107e+00
1.116913207937469954e+00
1.102017179498117949e+00
1.088908901619542346e+00
1.077447618686561359e+00
1.067487705584377888e+00
1.058884290728158151e+00
1.051497461876618855e+00
1.045195287192844047e+00
1.039855872850570018e+00
1.035368659556130888e+00
1.031635137384508738e+00
1.028569133913680211e+00
1.026096806534221306e+00
1.024156447113754531e+00
1.022698186522295050e+00
1.021683668125295874e+00
1.021085743208652863e+00
1.020888227205867027e+00
1.021085743208452579e+00
1.021683668124884869e+00
1.022698186521660668e+00
1.024156447112876123e+00
1.026096806533067118e+00
1.028569133912212497e+00
1.031635137382684864e+00
1.035368659553892456e+00
1.039855872847859519e+00
1.045195287189586431e+00
1.051497461872739958e+00
1.058884290723578037e+00
1.067487705579001966e+00
1.077447618680294150e+00
1.088908901612272828e+00
1.102017179489734877e+00
1.116913207927842100e+00
1.133725602113650810e+00
1.152561709113535615e+00
1.173496465963902669e+00
1.196559179764733027e+00
1.221718318341715959e+00
1.248864631616769527e+00
1.277793258982834246e+00
1.308185942878379082e+00
1.339595086231977872e+00
1.371432170455932020e+00
1.402963967428045411e+00
1.433320946710808119e+00
1.461523105777276177e+00
1.486528787312653810e+00
1.507311345384223955e+00
1.522966035993476464e+00
1.532844406916374691e+00
1.536705139946552112e+00
1.534858947506695159e+00
1.528272542477246976e+00
1.518587046679460206e+00
1.508006078731038535e+00
1.499025689801133154e+00
1.494017009737352186e+00
1.494729449836000645e+00
1.501841484316822850e+00
1.514719345652586924e+00
1.531520492328769745e+00
1.549681432777044954e+00
1.566673556391340316e+00
1.580752633875649238e+00
1.591354748657495710e+00
1.598882781878838477e+00
1.603895720455568608e+00
1.606059845026464705e+00
1.603457512562603382e+00
1.592787533762955343e+00
1.570532863191388406e+00
1.534344941485306535e+00
1.482987793375604157e+00
1.413177016903903072e+00
1.314418428344326983e+00
1.169567486503999110e+00
9.749028344923709177e-01
7.851083467619053291e-01
7.465394532332016997e-01
1.000000000000000000e+00
