1.000000000000000000e+00
1.002965258524211478e+00
1.005887504298980106e+00
1.008708633706148827e+00
1.011356654620965134e+00
1.013752008008545591e+00
1.015816834218306042e+00
1.017484810773490178e+00
1.018709433447224644e+00
1.019469248171844145e+00
1.019769389981937779e+00
1.019639616248338321e+00
1.019129643931915075e+00
1.018302918211742014e+00
1.017229958220616570e+00
1.015982222913763833e+00
1.014627123601320680e+00
1.013224478088507352e+00
1.011824423007841034e+00
1.010466608520135923e+00
1.009180396403355218e+00
1.007985753503374271e+00
1.006894554751567084e+00
1.005912060746967596e+00
1.005038395983117061e+00
1.004269912778587237e+00
1.003600375935216116e+00
1.003021941409157236e+00
1.002525928920352749e+00
1.002103405048718754e+00
1.001745602173113259e+00
1.001444201823995961e+00
1.001191510573375520e+00
1.000980553996271949e+00
1.000805110610373028e+00
1.000659703777212695e+00
1.000539565785849128e+00
1.000440584986800330e+00
1.000359244005388559e+00
1.000292554754870000e+00
1.000237994153855725e+00
1.000193443066892618e+00
1.000157129960243640e+00
1.000127580026842100e+00
1.000103570021906085e+00
1.000084088709728425e+00
1.000068302608413395e+00
1.000055526597346756e+00
1.000045198894718768e+00
1.000036859898597585e+00
1.000030134399590986e+00
1.000024716704885686e+00
1.000020358254597674e+00
1.000016857356493816e+00
1.000014050710723801e+00
1.000011806439978779e+00
1.000010018381193744e+00
1.000008601431853661e+00
1.000007487776992665e+00
1.000006623852147003e+00
1.000005967923078831e+00
1.000005488185470526e+00
1.000005161307311763e+00
1.000004971353936956e+00
1.000004909050925983e+00
1.000004971353936956e+00
1.000005161307311763e+00
1.000005488185470526e+00
1.000005967923078831e+00
1.000006623852147003e+00
1.000007487776992665e+00
1.000008601431853661e+00
1.000010018381193744e+00
1.000011806439978779e+00
1.000014050710723801e+00
1.000016857356493816e+00
1.000020358254597674e+00
1.000024716704885686e+00
1.000030134399590986e+00
1.000036859898597585e+00
1.000045198894718768e+00
1.000055526597346756e+00
1.000068302608413395e+00
1.000084088709728425e+00
1.000103570021906085e+00
1.000127580026842100e+00
1.000157129960243640e+00
1.000193443066892618e+00
1.000237994153855725e+00
1.000292554754870000e+00
1.000359244005388559e+00
1.000440584986800330e+00
1.000539565785849128e+00
1.000659703777212695e+00
1.000805110610373028e+00
1.000980553996271949e+00
1.001191510573375520e+00
1.001444201823995961e+00
1.001745602173113259e+00
1.002103405048718532e+00
1.002525928920352749e+00
1.003021941409157014e+00
1.003600375935216116e+00
1.004269912778587015e+00
1.005038395983116839e+00
1.005912060746967152e+00
1.006894554751566639e+00
1.007985753503374271e+00
1.009180396403354996e+00
1.010466608520135257e+00
1.011824423007840590e+00
1.013224478088506686e+00
1.014627123601320013e+00
1.015982222913762723e+00
1.017229958220615460e+00
1.018302918211741126e+00
1.019129643931913742e+00
1.019639616248337211e+00
1.019769389981937113e+00
1.019469248171843034e+00
1.018709433447223756e+00
1.017484810773488846e+00
1.015816834218304932e+00
1.013752008008545147e+00
1.011356654620964690e+00
1.008708633706148161e+00
1.005887504298979884e+00
1.002965258524211034e+00
1.000000000000000000e+00
