1.000000000000000000e+00
1.020322581735814804e+00
1.040359196712839163e+00
1.059707121684805964e+00
1.077856759325850344e+00
1.094239973881710348e+00
1.108300745034868529e+00
1.119569792870607650e+00
1.127726408720578277e+00
1.132635822606844256e+00
1.134357494395264343e+00
1.133126605747515780e+00
1.129315984025169639e+00
1.123387880486620416e+00
1.115844633513237483e+00
1.107185119945299112e+00
1.097871071000118937e+00
1.088304656253317848e+00
1.078816717277236048e+00
1.069663814315736650e+00
1.061031749982336958e+00
1.053043256075291367e+00
1.045767859280357648e+00
1.039232401945027862e+00
1.033431164011469505e+00
1.028334942811685027e+00
1.023898769874174386e+00
1.020068175056878967e+00
1.016784059079048230e+00
1.013986322428582776e+00
1.011616438830221787e+00
1.009619170104389507e+00
1.007943608402591895e+00
1.006543710407548309e+00
1.005378462307660037e+00
1.004411788161656105e+00
1.003612289980730710e+00
1.002952886639951746e+00
1.002410400996087914e+00
1.001965130277431060e+00
1.001600423608068446e+00
1.001302282001916399e+00
1.001058989849155090e+00
1.000860782380171843e+00
1.000699550439140273e+00
1.000568581799665235e+00
1.000462336937260943e+00
1.000376256421872556e+00
1.000306596740731413e+00
1.000250291280183612e+00
1.000204833290304629e+00
1.000168177859291241e+00
1.000138660187240847e+00
1.000114927737134840e+00
1.000095884132465862e+00
1.000080642951655330e+00
1.000068489830999274e+00
1.000058851526048898e+00
1.000051270794729108e+00
1.000045386154456040e+00
1.000040915731733593e+00
1.000037644568306794e+00
1.000035414875721118e+00
1.000034118842790143e+00
1.000033693700864701e+00
1.000034118842790143e+00
1.000035414875721118e+00
1.000037644568306794e+00
1.000040915731733593e+00
1.000045386154456040e+00
1.000051270794729108e+00
1.000058851526048898e+00
1.000068489830999274e+00
1.000080642951655330e+00
1.000095884132465862e+00
1.000114927737134840e+00
1.000138660187240847e+00
1.000168177859291241e+00
1.000204833290304629e+00
1.000250291280183612e+00
1.000306596740731413e+00
1.000376256421872556e+00
1.000462336937260943e+00
1.000568581799665235e+00
1.000699550439140273e+00
1.000860782380171843e+00
1.001058989849155090e+00
1.001302282001916399e+00
1.001600423608068446e+00
1.001965130277431060e+00
1.002410400996087914e+00
1.002952886639951746e+00
1.003612289980730710e+00
1.004411788161656105e+00
1.005378462307659815e+00
1.006543710407548309e+00
1.007943608402591895e+00
1.009619170104389507e+00
1.011616438830221787e+00
1.013986322428582554e+00
1.016784059079048230e+00
1.020068175056878745e+00
1.023898769874174608e+00
1.028334942811684583e+00
1.033431164011469505e+00
1.039232401945027418e+00
1.045767859280357204e+00
1.053043256075291367e+00
1.061031749982336514e+00
1.069663814315736206e+00
1.078816717277235604e+00
1.088304656253317626e+00
1.097871071000118270e+00
1.107185119945298002e+00
1.115844633513236372e+00
1.123387880486619972e+00
1.129315984025168529e+00
1.133126605747514670e+00
1.134357494395263899e+00
1.132635822606843146e+00
1.127726408720577167e+00
1.119569792870605651e+00
1.108300745034867640e+00
1.094239973881709682e+00
1.077856759325849456e+00
1.059707121684805298e+00
1.040359196712839163e+00
1.020322581735814360e+00
1.000000000000000000e+00
