1.000000000000000000e+00
1.077914494176573701e+00
1.155542848160470815e+00
1.231641846282633734e+00
1.304138437161145525e+00
1.370441127262260084e+00
1.427867642934446568e+00
1.474091619847512247e+00
1.507506819034984291e+00
1.527435400565564594e+00
1.534155877401912171e+00
1.528775662884944930e+00
1.513004871579546329e+00
1.488895760523856415e+00
1.458600619086489969e+00
1.424180181010086033e+00
1.387474123343822807e+00
1.350030292283328492e+00
1.313081222469171472e+00
1.277554039940064889e+00
1.244100861157830584e+00
1.213139435082681405e+00
1.184896746363556241e+00
1.159450927752606386e+00
1.136768866797642996e+00
1.116738326091859745e+00
1.099194326066910588e+00
1.083940090750224572e+00
1.070763145780009529e+00
1.059447275837046121e+00
1.049781061930958659e+00
1.041563673053488515e+00
1.034608511167198763e+00
1.028745221813657906e+00
1.023820495804740105e+00
1.019698006637540511e+00
1.016257756485113850e+00
1.013395041981448585e+00
1.011019199511261402e+00
1.009052247650781942e+00
1.007427510769397294e+00
1.006088281445606469e+00
1.004986559120267131e+00
1.004081887219604896e+00
1.003340299853365813e+00
1.002733381278947622e+00
1.002237435901075058e+00
1.001832763051450970e+00
1.001503028680631679e+00
1.001234725010025306e+00
1.001016708834455926e+00
1.000839809304312933e+00
1.000696496477302411e+00
1.000580602584795642e+00
1.000487088714770323e+00
1.000411850407474379e+00
1.000351556448226376e+00
1.000303515896045381e+00
1.000265569091356666e+00
1.000235999032879519e+00
1.000213460101081031e+00
1.000196921635423841e+00
1.000185624349991365e+00
1.000179048003071447e+00
1.000176889129029911e+00
1.000179048003071447e+00
1.000185624349991365e+00
1.000196921635423841e+00
1.000213460101081031e+00
1.000235999032879519e+00
1.000265569091356666e+00
1.000303515896045381e+00
1.000351556448226376e+00
1.000411850407474379e+00
1.000487088714770323e+00
1.000580602584795642e+00
1.000696496477302411e+00
1.000839809304312933e+00
1.001016708834455926e+00
1.001234725010025306e+00
1.001503028680631679e+00
1.001832763051450970e+00
1.002237435901075058e+00
1.002733381278947622e+00
1.003340299853365813e+00
1.004081887219604896e+00
1.004986559120267131e+00
1.006088281445606469e+00
1.007427510769397294e+00
1.009052247650781942e+00
1.011019199511261402e+00
1.013395041981448585e+00
1.016257756485113628e+00
1.019698006637540511e+00
1.023820495804739883e+00
1.028745221813657906e+00
1.034608511167198319e+00
1.041563673053488515e+00
1.049781061930958659e+00
1.059447275837045899e+00
1.070763145780009751e+00
1.083940090750224350e+00
1.099194326066911032e+00
1.116738326091859523e+00
1.136768866797642996e+00
1.159450927752606164e+00
1.184896746363556463e+00
1.213139435082681850e+00
1.244100861157830584e+00
1.277554039940064445e+00
1.313081222469172360e+00
1.350030292283328937e+00
1.387474123343822363e+00
1.424180181010085589e+00
1.458600619086488637e+00
1.488895760523857303e+00
1.513004871579546329e+00
1.528775662884943376e+00
1.534155877401911727e+00
1.527435400565565260e+00
1.507506819034983181e+00
1.474091619847511359e+00
1.427867642934446568e+00
1.370441127262261194e+00
1.304138437161145969e+00
1.231641846282633068e+00
1.155542848160470815e+00
1.077914494176573701e+00
1.000000000000000000e+00
