1.000000000000000000e+00
7.528241639321515688e-01
7.872463728906138325e-01
9.734369024678510840e-01
1.168880459021901741e+00
1.316276320730296101e+00
1.416496661743879226e+00
1.486106803826882095e+00
1.536489235668515363e+00
1.571895426879632351e+00
1.593985774939983724e+00
1.605034923709234063e+00
1.608224241517009823e+00
1.606457020277770154e+00
1.601344109431840357e+00
1.593122429919615834e+00
1.581393689633620037e+00
1.566114845843403547e+00
1.548265027875831645e+00
1.529898192550059877e+00
1.513640220147859594e+00
1.501921641868119384e+00
1.496284146833091633e+00
1.496997222832502361e+00
1.503057717871735033e+00
1.512501545276359050e+00
1.522879071007080976e+00
1.531739392928556764e+00
1.537011493706627041e+00
1.537230767129449838e+00
1.531612342400282323e+00
1.520005393827472906e+00
1.502774388064784139e+00
1.480649874934096832e+00
1.454580487667886057e+00
1.425605292525581103e+00
1.394755001679496731e+00
1.362983129058075171e+00
1.331123839210322846e+00
1.299871306476976240e+00
1.269775039089844793e+00
1.241246132722582773e+00
1.214570307736233534e+00
1.189924551468659608e+00
1.167395071831270226e+00
1.146995004798647688e+00
1.128680893404750085e+00
1.112367383646463592e+00
1.097939887697179984e+00
1.085265173056270349e+00
1.074199971144438992e+00
1.064597779838191371e+00
1.056314076876668118e+00
1.049210176741093292e+00
1.043155961341504900e+00
1.038031701181857835e+00
1.033729163369094373e+00
1.030152179279574920e+00
1.027216820253926244e+00
1.024851305924848965e+00
1.022995747658661303e+00
1.021601809626130342e+00
1.020632352393291642e+00
1.020061108575981867e+00
1.019872426798028808e+00
1.020061108576477915e+00
1.020632352394309939e+00
1.021601809627731727e+00
1.022995747660940813e+00
1.024851305927938050e+00
1.027216820258003427e+00
1.030152179284880676e+00
1.033729163375934013e+00
1.038031701190636147e+00
1.043155961352727923e+00
1.049210176755418500e+00
1.056314076894936838e+00
1.064597779861462756e+00
1.074199971174067736e+00
1.085265173093968416e+00
1.097939887745127852e+00
1.112367383707417501e+00
1.128680893482208791e+00
1.146995004897027659e+00
1.167395071956175645e+00
1.189924551627169258e+00
1.214570307937311355e+00
1.241246132977583239e+00
1.269775039413151285e+00
1.299871306886827060e+00
1.331123839729851932e+00
1.362983129716698327e+00
1.394755002514646458e+00
1.425605293584971456e+00
1.454580489012430311e+00
1.480649876641692009e+00
1.502774390235165569e+00
1.520005396588449686e+00
1.531612345915646989e+00
1.537230771608878888e+00
1.537011499417875848e+00
1.531739400211950652e+00
1.522879080292170340e+00
1.512501557099960703e+00
1.503057732896031951e+00
1.496997241861086847e+00
1.496284170822296478e+00
1.501921671930695812e+00
1.513640257546232437e+00
1.529898238676751898e+00
1.548265084218460652e+00
1.566114913930090502e+00
1.581393770951267541e+00
1.593122525793851052e+00
1.601344220857203515e+00
1.606457147695128596e+00
1.608224384554443498e+00
1.605035080928263636e+00
1.593985943648744463e+00
1.571895603075982750e+00
1.536489414156451350e+00
1.486106978517427457e+00
1.416496826115282603e+00
1.316276468379151687e+00
1.168880584191183347e+00
9.734370004276120536e-01
7.872464401136551881e-01
7.528241981110384007e-01
1.000000000000000000e+00
