1.000000000000000000e+00
9.489371372236246049e-01
9.520849308587121529e-01
1.015964498492796686e+00
1.122763482770276822e+00
1.246782682660000363e+00
1.364812354422632712e+00
1.461412000959423141e+00
1.530136773663860250e+00
1.572012351067588964e+00
1.592699761189240171e+00
1.599582836150283516e+00
1.599537509717062100e+00
1.597645604626281912e+00
1.596770059248582063e+00
1.597746879894078598e+00
1.599920220211618727e+00
1.601787923029494465e+00
1.601592902018565523e+00
1.597767498139502695e+00
1.589200225571260505e+00
1.575339419064140101e+00
1.556173510553360506e+00
1.532135157621437482e+00
1.503971608531339932e+00
1.472612687798007913e+00
1.439055622697210213e+00
1.404275617447992008e+00
1.369163792309841199e+00
1.334489784961428782e+00
1.300884316463110979e+00
1.268836574733308131e+00
1.238701693030500817e+00
1.210714417056539594e+00
1.185005961794727503e+00
1.161621897366584832e+00
1.140539603532086499e+00
1.121684380146911630e+00
1.104943708134308089e+00
1.090179445248508738e+00
1.077237937857567829e+00
1.065958156593214579e+00
1.056178038654719042e+00
1.047739257567381177e+00
1.040490653606190197e+00
1.034290553416162162e+00
1.029008191900286029e+00
1.024524427803835458e+00
1.020731919894367401e+00
1.017534905515843358e+00
1.014848699119694109e+00
1.012599006109558220e+00
1.010721127518461993e+00
1.009159113895661264e+00
1.007864912327738116e+00
1.006797538621436727e+00
1.005922297113384101e+00
1.005210063075753668e+00
1.004636636973263331e+00
1.004182175615678130e+00
1.003830702279812970e+00
1.003569695909765525e+00
1.003389758336596493e+00
1.003284357909972391e+00
1.003249647853193816e+00
1.003284357909972391e+00
1.003389758336596493e+00
1.003569695909765525e+00
1.003830702279812970e+00
1.004182175615678130e+00
1.004636636973263331e+00
1.005210063075753668e+00
1.005922297113384101e+00
1.006797538621436949e+00
1.007864912327738338e+00
1.009159113895661264e+00
1.010721127518461993e+00
1.012599006109558664e+00
1.014848699119694331e+00
1.017534905515843136e+00
1.020731919894367623e+00
1.024524427803835236e+00
1.029008191900286251e+00
1.034290553416161718e+00
1.040490653606189975e+00
1.047739257567381177e+00
1.056178038654719487e+00
1.065958156593215023e+00
1.077237937857567829e+00
1.090179445248508072e+00
1.104943708134308533e+00
1.121684380146912519e+00
1.140539603532088497e+00
1.161621897366585277e+00
1.185005961794727725e+00
1.210714417056540482e+00
1.238701693030500373e+00
1.268836574733311240e+00
1.300884316463114088e+00
1.334489784961432113e+00
1.369163792309846972e+00
1.404275617447997559e+00
1.439055622697218428e+00
1.472612687798016351e+00
1.503971608531351700e+00
1.532135157621452137e+00
1.556173510553378492e+00
1.575339419064164082e+00
1.589200225571290259e+00
1.597767498139537778e+00
1.601592902018609044e+00
1.601787923029545535e+00
1.599920220211681121e+00
1.597746879894151206e+00
1.596770059248667106e+00
1.597645604626381610e+00
1.599537509717174011e+00
1.599582836150404530e+00
1.592699761189370511e+00
1.572012351067723079e+00
1.530136773663999916e+00
1.461412000959558810e+00
1.364812354422759944e+00
1.246782682660115604e+00
1.122763482770375632e+00
1.015964498492872403e+00
9.520849308587641113e-01
9.489371372236500290e-01
1.000000000000000000e+00
