1.000000000000000000e+00
9.904489197934079892e-01
1.007895434489600062e+00
1.058467160464684476e+00
1.135998799804446957e+00
1.228682285904066696e+00
1.323975541785197496e+00
1.411802703810278947e+00
1.486039459432007215e+00
1.544492400972920398e+00
1.587872326944128609e+00
1.618399997422850012e+00
1.638585045329614021e+00
1.650467319827584101e+00
1.655350516169472375e+00
1.653892284958394576e+00
1.646364979742122481e+00
1.632933045640134972e+00
1.613857924525984089e+00
1.589602340447337392e+00
1.560845839831093818e+00
1.528441018707487054e+00
1.493341303908883422e+00
1.456524288741611883e+00
1.418925477109101330e+00
1.381389263076406859e+00
1.344638333539904362e+00
1.309259424091780533e+00
1.275701928931540330e+00
1.244285613613578922e+00
1.215214064402979854e+00
1.188591157596134540e+00
1.164438524402240605e+00
1.142712609242930499e+00
1.123320427895392326e+00
1.106133521299367262e+00
1.090999883712914675e+00
1.077753839284956161e+00
1.066223968421674551e+00
1.056239261683876274e+00
1.047633718407506409e+00
1.040249620826914079e+00
1.033939710642282961e+00
1.028568480040199073e+00
1.024012767812575220e+00
1.020161826786919912e+00
1.016917003639604022e+00
1.014191147899516920e+00
1.011907844563540992e+00
1.010000544799924738e+00
1.008411651953168731e+00
1.007091605502427489e+00
1.005997993632545162e+00
1.005094715427875762e+00
1.004351206121879336e+00
1.003741733040082851e+00
1.003244765576467135e+00
1.002842419478217506e+00
1.002519973643550832e+00
1.002265456355172724e+00
1.002069297202923037e+00
1.001924040748490619e+00
1.001824118135610453e+00
1.001765673256815203e+00
1.001746440680004513e+00
1.001765673256815203e+00
1.001824118135610453e+00
1.001924040748490619e+00
1.002069297202923037e+00
1.002265456355172724e+00
1.002519973643550832e+00
1.002842419478217506e+00
1.003244765576467135e+00
1.003741733040082851e+00
1.004351206121879336e+00
1.005094715427875762e+00
1.005997993632545162e+00
1.007091605502427489e+00
1.008411651953168731e+00
1.010000544799924738e+00
1.011907844563540992e+00
1.014191147899516920e+00
1.016917003639604244e+00
1.020161826786919246e+00
1.024012767812575220e+00
1.028568480040199073e+00
1.033939710642282961e+00
1.040249620826914079e+00
1.047633718407506853e+00
1.056239261683876274e+00
1.066223968421674551e+00
1.077753839284955939e+00
1.090999883712915119e+00
1.106133521299367040e+00
1.123320427895391882e+00
1.142712609242930277e+00
1.164438524402238828e+00
1.188591157596134762e+00
1.215214064402979854e+00
1.244285613613578700e+00
1.275701928931541662e+00
1.309259424091779200e+00
1.344638333539905473e+00
1.381389263076406637e+00
1.418925477109101996e+00
1.456524288741611883e+00
1.493341303908882978e+00
1.528441018707488386e+00
1.560845839831095150e+00
1.589602340447337614e+00
1.613857924525985421e+00
1.632933045640135195e+00
1.646364979742122481e+00
1.653892284958394354e+00
1.655350516169472375e+00
1.650467319827586543e+00
1.638585045329616241e+00
1.618399997422850900e+00
1.587872326944129719e+00
1.544492400972920398e+00
1.486039459432009657e+00
1.411802703810279613e+00
1.323975541785198384e+00
1.228682285904068028e+00
1.135998799804448067e+00
1.058467160464684254e+00
1.007895434489599396e+00
9.904489197934065459e-01
1.000000000000000000e+00
