1.000000000000000000e+00
8.103585374928313767e-01
8.136232216053418398e-01
9.575073228372311673e-01
1.142988655728174763e+00
1.304475351833412233e+00
1.420084873718193252e+00
1.494796325635122658e+00
1.541998637301584152e+00
1.572970231537055064e+00
1.593956467638572461e+00
1.607187875070674732e+00
1.612860701253553408e+00
1.610769325882708936e+00
1.601331940073156934e+00
1.586056506339987182e+00
1.567502219246553530e+00
1.548823368208598783e+00
1.533075923538990359e+00
1.522531881086579775e+00
1.518220110548546886e+00
1.519807350017285952e+00
1.525805229728081969e+00
1.533993679530372356e+00
1.541914734278225119e+00
1.547309391366770370e+00
1.548420380250803419e+00
1.544138842034276093e+00
1.534014544262364499e+00
1.518170668512926147e+00
1.497167836524620377e+00
1.471854523792726965e+00
1.443229072242610211e+00
1.412326863817726874e+00
1.380137198584609370e+00
1.347548594152618184e+00
1.315318158373399049e+00
1.284059598410336012e+00
1.254244546530981719e+00
1.226212610682847037e+00
1.200186501396508731e+00
1.176289518688780733e+00
1.154563493919107176e+00
1.134985935051661787e+00
1.117485621886854297e+00
1.101956260794128672e+00
1.088268062020246951e+00
1.076277271659329182e+00
1.065833796295972968e+00
1.056787118495629230e+00
1.048990729186857873e+00
1.042305308776120487e+00
1.036600880176729245e+00
1.031758139417267905e+00
1.027669147171168085e+00
1.024237540284788750e+00
1.021378398144747068e+00
1.019017875803094331e+00
1.017092694946549303e+00
1.015549565448702563e+00
1.014344594503294283e+00
1.013442727128708976e+00
1.012817250955450499e+00
1.012449389370454034e+00
1.012327999957312930e+00
1.012449389372788389e+00
1.012817250960239113e+00
1.013442727136204091e+00
1.014344594513878040e+00
1.015549565462925630e+00
1.017092694965140653e+00
1.019017875827009867e+00
1.021378398175205593e+00
1.024237540323348128e+00
1.027669147219780754e+00
1.031758139478396785e+00
1.036600880253466972e+00
1.042305308872333525e+00
1.048990729307388570e+00
1.056787118646534740e+00
1.065833796484839002e+00
1.076277271895649257e+00
1.088268062315925322e+00
1.101956261164085848e+00
1.117485622349831731e+00
1.134985935631223741e+00
1.154563494644936572e+00
1.176289519598333833e+00
1.200186502537152089e+00
1.226212612114603973e+00
1.254244548330080811e+00
1.284059600673831847e+00
1.315318161225123905e+00
1.347548597750902077e+00
1.380137203132256962e+00
1.412326869574876520e+00
1.443229079543180360e+00
1.471854533065354742e+00
1.497167848318938566e+00
1.518170683532152232e+00
1.534014563402886111e+00
1.544138866432515300e+00
1.548420411336896230e+00
1.547309430923307527e+00
1.541914784500625801e+00
1.533993743083310379e+00
1.525805309790053244e+00
1.519807450303197527e+00
1.518220235298332721e+00
1.522532035006306295e+00
1.533076111679153364e+00
1.548823595761646965e+00
1.567502491242126705e+00
1.586056827214260778e+00
1.601332313093891901e+00
1.610769752432502200e+00
1.612861180016750939e+00
1.607188401231631536e+00
1.593957032262143914e+00
1.572970821335238023e+00
1.541999234963183474e+00
1.494796910796353684e+00
1.420085424497625315e+00
1.304475846683335272e+00
1.142989075226344298e+00
9.575076510330066126e-01
8.136234466943810251e-01
8.103586518734866573e-01
1.000000000000000000e+00
