1.000000000000000000e+00
1.023317232060295900e+00
1.046308898927363007e+00
1.068512450694865112e+00
1.089340095664046659e+00
1.108135339735866420e+00
1.124255564996370804e+00
1.137159165326650179e+00
1.146477546715716667e+00
1.152058306276866340e+00
1.153974268733363617e+00
1.152501217704018144e+00
1.148072979635924140e+00
1.141225020497867115e+00
1.132537144546337027e+00
1.122583284433073647e+00
1.111892996869986439e+00
1.100926138841975321e+00
1.090059866978815295e+00
1.079585733052335517e+00
1.069714120692000447e+00
1.060583337570705886e+00
1.052271088214917771e+00
1.044806599849829709e+00
1.038182220163514913e+00
1.032363776381421738e+00
1.027299350134166733e+00
1.022926381514000393e+00
1.019177182665335302e+00
1.015983036083683233e+00
1.013277095428949170e+00
1.010996314342605729e+00
1.009082615086688728e+00
1.007483483755271969e+00
1.006152149171174681e+00
1.005047472723150648e+00
1.004133648844804494e+00
1.003379791837165635e+00
1.002759464709797266e+00
1.002250189569923622e+00
1.001832966456750906e+00
1.001491817904596626e+00
1.001213369400647535e+00
1.000986470785313331e+00
1.000801860085197115e+00
1.000651868897865171e+00
1.000530166958597977e+00
1.000431542669143914e+00
1.000351715968560651e+00
1.000287179832992202e+00
1.000235066798223160e+00
1.000193037128267681e+00
1.000159185550320906e+00
1.000131963802714630e+00
1.000110116572999974e+00
1.000092628721610977e+00
1.000078681983443740e+00
1.000067619610129244e+00
1.000058917658271262e+00
1.000052161843770770e+00
1.000047029071428950e+00
1.000043272914787451e+00
1.000040712466667703e+00
1.000039224109242619e+00
1.000038735866938255e+00
1.000039224109242619e+00
1.000040712466667703e+00
1.000043272914787451e+00
1.000047029071428950e+00
1.000052161843770770e+00
1.000058917658271262e+00
1.000067619610129244e+00
1.000078681983443740e+00
1.000092628721610977e+00
1.000110116572999974e+00
1.000131963802714630e+00
1.000159185550320906e+00
1.000193037128267681e+00
1.000235066798223160e+00
1.000287179832992202e+00
1.000351715968560651e+00
1.000431542669143914e+00
1.000530166958597977e+00
1.000651868897865171e+00
1.000801860085197115e+00
1.000986470785313331e+00
1.001213369400647535e+00
1.001491817904596626e+00
1.001832966456750906e+00
1.002250189569923622e+00
1.002759464709797266e+00
1.003379791837165635e+00
1.004133648844804494e+00
1.005047472723150648e+00
1.006152149171174459e+00
1.007483483755271969e+00
1.009082615086688728e+00
1.010996314342605729e+00
1.013277095428949170e+00
1.015983036083683011e+00
1.019177182665335302e+00
1.022926381514000171e+00
1.027299350134166955e+00
1.032363776381421294e+00
1.038182220163514913e+00
1.044806599849829265e+00
1.052271088214917327e+00
1.060583337570706108e+00
1.069714120692000003e+00
1.079585733052335073e+00
1.090059866978814851e+00
1.100926138841975099e+00
1.111892996869985772e+00
1.122583284433072759e+00
1.132537144546335917e+00
1.141225020497866893e+00
1.148072979635923030e+00
1.152501217704017034e+00
1.153974268733363173e+00
1.152058306276865229e+00
1.146477546715715556e+00
1.137159165326648624e+00
1.124255564996370138e+00
1.108135339735866198e+00
1.089340095664045771e+00
1.068512450694864446e+00
1.046308898927363229e+00
1.023317232060295456e+00
1.000000000000000000e+00
