1.000000000000000000e+00
1.015038073494632931e+00
1.029862061827679032e+00
1.044174724365831031e+00
1.057602558511908208e+00
1.069730381189668122e+00
1.080151937660365213e+00
1.088523443707779981e+00
1.094608163109247689e+00
1.098303717656909484e+00
1.099648753711701898e+00
1.098810407375530263e+00
1.096057521102471899e+00
1.091726192621213620e+00
1.086184076812713784e+00
1.079798461942613752e+00
1.072911199607581079e+00
1.065821675460440598e+00
1.058777530474295459e+00
1.051971912664288800e+00
1.045545619926387504e+00
1.039592461009416713e+00
1.034166367239163442e+00
1.029289105213689437e+00
1.024957778828953447e+00
1.021151612743691484e+00
1.017837753172747606e+00
1.014976000102062459e+00
1.012522503574011523e+00
1.010432526771327000e+00
1.008662412586761592e+00
1.007170899489147509e+00
1.005919926006903165e+00
1.004875047992910719e+00
1.004005573879599655e+00
1.003284503551512330e+00
1.002688338139409829e+00
1.002196811947536181e+00
1.001792584228205829e+00
1.001460917603780310e+00
1.001189361382945009e+00
1.000967451505056838e+00
1.000786434024542038e+00
1.000639015582579505e+00
1.000519141907153076e+00
1.000421803781379904e+00
1.000342868916171080e+00
1.000278937591237982e+00
1.000227219660208666e+00
1.000185430453701896e+00
1.000151703186533458e+00
1.000124515629370991e+00
1.000102629004140153e+00
1.000085037280578737e+00
1.000070925271850264e+00
1.000059634139062625e+00
1.000050633111961851e+00
1.000043496412532651e+00
1.000037884528929277e+00
1.000033529129326082e+00
1.000030221030166366e+00
1.000027800742626205e+00
1.000026151216964365e+00
1.000025192488832815e+00
1.000024878006857243e+00
1.000025192488832815e+00
1.000026151216964365e+00
1.000027800742626205e+00
1.000030221030166366e+00
1.000033529129326082e+00
1.000037884528929277e+00
1.000043496412532651e+00
1.000050633111961851e+00
1.000059634139062625e+00
1.000070925271850264e+00
1.000085037280578737e+00
1.000102629004140153e+00
1.000124515629370991e+00
1.000151703186533458e+00
1.000185430453701896e+00
1.000227219660208666e+00
1.000278937591237982e+00
1.000342868916171080e+00
1.000421803781379904e+00
1.000519141907153076e+00
1.000639015582579505e+00
1.000786434024542038e+00
1.000967451505056838e+00
1.001189361382945009e+00
1.001460917603780310e+00
1.001792584228205829e+00
1.002196811947536181e+00
1.002688338139409829e+00
1.003284503551512330e+00
1.004005573879599433e+00
1.004875047992910719e+00
1.005919926006903165e+00
1.007170899489147509e+00
1.008662412586761592e+00
1.010432526771326778e+00
1.012522503574011523e+00
1.014976000102062237e+00
1.017837753172747828e+00
1.021151612743691039e+00
1.024957778828953447e+00
1.029289105213688993e+00
1.034166367239162998e+00
1.039592461009416491e+00
1.045545619926387060e+00
1.051971912664288356e+00
1.058777530474295014e+00
1.065821675460440154e+00
1.072911199607580413e+00
1.079798461942612642e+00
1.086184076812712451e+00
1.091726192621212954e+00
1.096057521102470789e+00
1.098810407375529152e+00
1.099648753711701010e+00
1.098303717656908152e+00
1.094608163109246579e+00
1.088523443707777538e+00
1.080151937660363881e+00
1.069730381189667456e+00
1.057602558511907320e+00
1.044174724365830365e+00
1.029862061827678810e+00
1.015038073494632487e+00
1.000000000000000000e+00
