1.000000000000000000e+00
7.523710538077476029e-01
7.864318028455099530e-01
9.722840142710792444e-01
1.167397300529488868e+00
1.314505187330369029e+00
1.414514605166892647e+00
1.484003728428690660e+00
1.534349658633522351e+00
1.569790652165923062e+00
1.591972502065162720e+00
1.603155955695363843e+00
1.606509646560550397e+00
1.604925455964780534e+00
1.600004080528807160e+00
1.591973276629863765e+00
1.580426465346867815e+00
1.565313543116858996e+00
1.547608511174837886e+00
1.529362784553914389e+00
1.513202487399695872e+00
1.501560777505280164e+00
1.495983484683546250e+00
1.496744716011996879e+00
1.502845516744845122e+00
1.512325002015820985e+00
1.522735545234398247e+00
1.531627163307233586e+00
1.536928953410503063e+00
1.537175954431672098e+00
1.531582766821471431e+00
1.519998073328302279e+00
1.502786005693569571e+00
1.480676979000091542e+00
1.454619683737471192e+00
1.425653398856851828e+00
1.394809157604520289e+00
1.363040857337154410e+00
1.331183069463224289e+00
1.299930369028611254e+00
1.269832638467769170e+00
1.241301308767098099e+00
1.214622390589232603e+00
1.189973115027628481e+00
1.167439888797200842e+00
1.147036005280157589e+00
1.128718128160467904e+00
1.112400992415423229e+00
1.097970072634340433e+00
1.085292177010925618e+00
1.074224060353410559e+00
1.064619230521338222e+00
1.056333165194643930e+00
1.049227171585768836e+00
1.043171119464182617e+00
1.038045264213223406e+00
1.033741356340485806e+00
1.030163210312480260e+00
1.027226881140158143e+00
1.024860573371299433e+00
1.023004385016549556e+00
1.021609968964484860e+00
1.020640176809771482e+00
1.020068734665045218e+00
1.019879987217041428e+00
1.020068734664853594e+00
1.020640176809378685e+00
1.021609968963878012e+00
1.023004385015709783e+00
1.024860573370196537e+00
1.027226881138754377e+00
1.030163210310734545e+00
1.033741356338341744e+00
1.038045264210626817e+00
1.043171119461058671e+00
1.049227171582044482e+00
1.056333165190241230e+00
1.064619230516161696e+00
1.074224060347363618e+00
1.085292177003894576e+00
1.097970072626207383e+00
1.112400992406045619e+00
1.128718128149682309e+00
1.147036005267743075e+00
1.167439888782875634e+00
1.189973115010981353e+00
1.214622390569670030e+00
1.241301308743743670e+00
1.269832638439309713e+00
1.299930368993085006e+00
1.331183069417701592e+00
1.363040857277344697e+00
1.394809157524186771e+00
1.425653398747061873e+00
1.454619683585625323e+00
1.480676978788733722e+00
1.502786005398954572e+00
1.519998072918798071e+00
1.531582766255887629e+00
1.537175953657691885e+00
1.536928952363501244e+00
1.531627161909624224e+00
1.522735543395713265e+00
1.512324999633281042e+00
1.502845513703829017e+00
1.496744712185245074e+00
1.495983479927749382e+00
1.501560771654154358e+00
1.513202480254185911e+00
1.529362775872735281e+00
1.547608500671162624e+00
1.565313530467955960e+00
1.580426450220990153e+00
1.591973258728584417e+00
1.600004059635960152e+00
1.604925431990561258e+00
1.606509619574703285e+00
1.603155925953715366e+00
1.591972470038278242e+00
1.569790618568488449e+00
1.534349624434475867e+00
1.484003694815914098e+00
1.414514573459356050e+00
1.314505158855918454e+00
1.167397276490192315e+00
9.722839956139103235e-01
7.864317901803722366e-01
7.523710474288932692e-01
1.000000000000000000e+00
