1.000000000000000000e+00
1.046033977598326947e+00
1.091488394467236001e+00
1.135455770915932083e+00
1.176732398700677695e+00
1.213948650623177361e+00
1.245757380790332158e+00
1.271031244411727101e+00
1.289022673098416227e+00
1.299454680814566609e+00
1.302531673689983460e+00
1.298879709629751522e+00
1.289439232933543122e+00
1.275337820713806636e+00
1.257767197908343793e+00
1.237881056135524016e+00
1.216721560321098572e+00
1.195175273563405582e+00
1.173954599868422877e+00
1.153598676073765761e+00
1.134487318030085845e+00
1.116862397671291918e+00
1.100852276021612397e+00
1.086496227033684869e+00
1.073766933404200818e+00
1.062590030639863237e+00
1.052860314671547171e+00
1.044454646715722301e+00
1.037241835908940146e+00
1.031089903508616512e+00
1.025871172695099975e+00
1.021465616531245457e+00
1.017762856089867052e+00
1.014663146642516889e+00
1.012077632118527859e+00
1.009928092803590305e+00
1.008146361694522763e+00
1.006673542466982374e+00
1.005459126896457889e+00
1.004460081375736724e+00
1.003639950120072122e+00
1.002968005832140852e+00
1.002418466092166005e+00
1.001969784690122545e+00
1.001604020775743509e+00
1.001306284432470939e+00
1.001064254562533451e+00
1.000867763384613029e+00
1.000708441067012178e+00
1.000579413797725525e+00
1.000475048740698591e+00
1.000390739706512377e+00
1.000322727876804541e+00
1.000267952494976020e+00
1.000223927024272541e+00
1.000188636847367585e+00
1.000160455120642666e+00
1.000138073891317925e+00
1.000120448032461473e+00
1.000106749949390750e+00
1.000096333363850176e+00
1.000088704793404393e+00
1.000083501618135751e+00
1.000080475870177121e+00
1.000079483099779676e+00
1.000080475870177121e+00
1.000083501618135751e+00
1.000088704793404393e+00
1.000096333363850176e+00
1.000106749949390750e+00
1.000120448032461473e+00
1.000138073891317925e+00
1.000160455120642666e+00
1.000188636847367585e+00
1.000223927024272541e+00
1.000267952494976020e+00
1.000322727876804541e+00
1.000390739706512377e+00
1.000475048740698591e+00
1.000579413797725525e+00
1.000708441067012178e+00
1.000867763384613029e+00
1.001064254562533451e+00
1.001306284432470939e+00
1.001604020775743509e+00
1.001969784690122545e+00
1.002418466092166005e+00
1.002968005832140852e+00
1.003639950120072122e+00
1.004460081375736724e+00
1.005459126896457889e+00
1.006673542466982374e+00
1.008146361694522763e+00
1.009928092803590305e+00
1.012077632118527637e+00
1.014663146642516889e+00
1.017762856089867052e+00
1.021465616531245457e+00
1.025871172695099975e+00
1.031089903508616512e+00
1.037241835908940146e+00
1.044454646715722079e+00
1.052860314671547393e+00
1.062590030639863015e+00
1.073766933404200818e+00
1.086496227033684647e+00
1.100852276021612397e+00
1.116862397671292362e+00
1.134487318030085623e+00
1.153598676073765539e+00
1.173954599868422877e+00
1.195175273563405804e+00
1.216721560321097906e+00
1.237881056135523350e+00
1.257767197908342904e+00
1.275337820713806414e+00
1.289439232933542234e+00
1.298879709629750412e+00
1.302531673689983016e+00
1.299454680814565499e+00
1.289022673098414895e+00
1.271031244411726213e+00
1.245757380790331492e+00
1.213948650623177805e+00
1.176732398700676807e+00
1.135455770915931417e+00
1.091488394467236223e+00
1.046033977598326725e+00
1.000000000000000000e+00
