1.000000000000000000e+00
7.786396065603928829e-01
7.961702210182307615e-01
9.638403923018052932e-01
1.157986520257557217e+00
1.313908935960322433e+00
1.420631516340491673e+00
1.490458779639814546e+00
1.537344299340133835e+00
1.569723120929446658e+00
1.591526267019966578e+00
1.604754816777083759e+00
1.610785572996723758e+00
1.610541412700701169e+00
1.604499851371615327e+00
1.593051009437742138e+00
1.577066806147082945e+00
1.558279741288102427e+00
1.539205455373745535e+00
1.522634333109760485e+00
1.510935009917047989e+00
1.505462107331594135e+00
1.506269087181751010e+00
1.512177522576279465e+00
1.521124545752887913e+00
1.530643539061744329e+00
1.538333014324284820e+00
1.542212813027669105e+00
1.540925263459108185e+00
1.533788308284460111e+00
1.520736913658670364e+00
1.502198357767189352e+00
1.478942365193275599e+00
1.451935785946312896e+00
1.422219238447050671e+00
1.390812988206483469e+00
1.358652387409059470e+00
1.326549260535202279e+00
1.295173952462752132e+00
1.265052546223307317e+00
1.236574339881274742e+00
1.210005582543860481e+00
1.185506428907354026e+00
1.163148936002531331e+00
1.142934637855761881e+00
1.124810785830124615e+00
1.108684750613366354e+00
1.094436371157623045e+00
1.081928232101858400e+00
1.071013977196164202e+00
1.061544840810793700e+00
1.053374617540955294e+00
1.046363302510322280e+00
1.040379630699657998e+00
1.035302728733490163e+00
1.031023071591340212e+00
1.027442912910667472e+00
1.024476333162674946e+00
1.022049026500701840e+00
1.020097925424303886e+00
1.018570743064743267e+00
1.017425496059020551e+00
1.016630056594213904e+00
1.016161770067240289e+00
1.016007164607277913e+00
1.016161770068352288e+00
1.016630056596497633e+00
1.017425496062597690e+00
1.018570743069805218e+00
1.020097925431122654e+00
1.022049026509638248e+00
1.024476333174205722e+00
1.027442912925403462e+00
1.031023071610069675e+00
1.035302728757194979e+00
1.040379630729594052e+00
1.046363302548074081e+00
1.053374617588508144e+00
1.061544840870652928e+00
1.071013977271470852e+00
1.081928232196571749e+00
1.094436371276714004e+00
1.108684750763094140e+00
1.124810786018351161e+00
1.142934638092401034e+00
1.163148936300066216e+00
1.185506429281540264e+00
1.210005583014603925e+00
1.236574340473763467e+00
1.265052546969467784e+00
1.295173953403109035e+00
1.326549261721325479e+00
1.358652388906676167e+00
1.390812990099526747e+00
1.422219240842883314e+00
1.451935788982468667e+00
1.478942369046084115e+00
1.502198362662791720e+00
1.520736919886888527e+00
1.533788316216066594e+00
1.540925273566911669e+00
1.542212825911533303e+00
1.538333030739875262e+00
1.530643559951896826e+00
1.521124572279605847e+00
1.512177556150051894e+00
1.506269129483702507e+00
1.505462160322979637e+00
1.510935075830156737e+00
1.522634414414151927e+00
1.539205554711401636e+00
1.558279861369563868e+00
1.577066949597516254e+00
1.593051178578450910e+00
1.604500047923025363e+00
1.610541637403674287e+00
1.610785825174948060e+00
1.604755093901728324e+00
1.591526564374768027e+00
1.569723431489638665e+00
1.537344613957573269e+00
1.490459087569539376e+00
1.420631806063228586e+00
1.313909196165842896e+00
1.157986740782630308e+00
9.638405648140352389e-01
7.961703393410443086e-01
7.786396666944637168e-01
1.000000000000000000e+00
