1.000000000000000000e+00
8.205471446911802857e-01
8.198328397441051463e-01
9.552346278214968178e-01
1.136025744654753700e+00
1.297930783451709313e+00
1.416440085288157791e+00
1.493833580342532885e+00
1.542381216530167132e+00
1.573508184297806922e+00
1.593961417978577044e+00
1.606284538575320164e+00
1.610787775281274925e+00
1.607403785836224674e+00
1.596854626455652681e+00
1.581063026841033947e+00
1.562933888729747478e+00
1.545727518181157611e+00
1.532300508702700403e+00
1.524477951843967061e+00
1.522733341436025123e+00
1.526224420351612432e+00
1.533116314491170140e+00
1.541056027430913300e+00
1.547654687841648169e+00
1.550870878341416681e+00
1.549243756640172665e+00
1.541975105544351132e+00
1.528892009905689742e+00
1.510334560415845129e+00
1.487010723788202204e+00
1.459850322603493566e+00
1.429877863864150056e+00
1.398113347144622320e+00
1.365502617296982413e+00
1.332874329317070172e+00
1.300918515951455134e+00
1.270181284504900976e+00
1.241070618183913732e+00
1.213869116068739817e+00
1.188750461097241251e+00
1.165797289171607520e+00
1.145018872622923123e+00
1.126367611796511126e+00
1.109753761819716189e+00
1.095058131411061897e+00
1.082142702680898960e+00
1.070859258726220675e+00
1.061056188996033267e+00
1.052583686396109552e+00
1.045297566815847068e+00
1.039061940149218488e+00
1.033750948580370421e+00
1.029249767753028122e+00
1.025455042914945603e+00
1.022274907652600540e+00
1.019628709044532844e+00
1.017446541002669846e+00
1.015668667832128502e+00
1.014244902885368393e+00
1.013133992647462289e+00
1.012303044534136554e+00
1.011727026877213609e+00
1.011388361710726214e+00
1.011276624719058326e+00
1.011388361710408468e+00
1.011727026876562130e+00
1.012303044533123808e+00
1.013133992646034098e+00
1.014244902883461252e+00
1.015668667829650040e+00
1.017446540999505711e+00
1.019628709040532932e+00
1.022274907647586550e+00
1.025455042908681724e+00
1.029249767745230582e+00
1.033750948570691941e+00
1.039061940137219198e+00
1.045297566800985622e+00
1.052583686377710936e+00
1.061056188973256376e+00
1.070859258698011240e+00
1.082142702645935817e+00
1.095058131367669940e+00
1.109753761765769786e+00
1.126367611729295781e+00
1.145018872538955845e+00
1.165797289066392350e+00
1.188750460964951960e+00
1.213869115901786477e+00
1.241070617972358958e+00
1.270181284235716523e+00
1.300918515607504489e+00
1.332874328875786940e+00
1.365502616728652585e+00
1.398113346410186697e+00
1.429877862912407815e+00
1.459850321367667902e+00
1.487010722181775879e+00
1.510334558327735444e+00
1.528892007194881497e+00
1.541975102034228939e+00
1.549243752113008687e+00
1.550870872533492761e+00
1.547654680439488839e+00
1.541056018068850619e+00
1.533116302749982118e+00
1.526224405757516500e+00
1.522733323459210197e+00
1.524477929896772332e+00
1.532300482139827391e+00
1.545727486307804321e+00
1.562933850826798032e+00
1.581062982217389168e+00
1.596854574534402493e+00
1.607403726273365141e+00
1.610787708105070992e+00
1.606284464325117511e+00
1.593961337816664825e+00
1.573508100067370741e+00
1.542381130735380079e+00
1.493833496032106467e+00
1.416440005832572346e+00
1.297930712221371019e+00
1.136025684643690026e+00
9.552345813195951552e-01
8.198328081939735279e-01
8.205471287972838645e-01
1.000000000000000000e+00
