1.000000000000000000e+00
1.043515815393954771e+00
1.086474315986514894e+00
1.128015604557345064e+00
1.167005992496676914e+00
1.202158957238741666e+00
1.232210292623948655e+00
1.256101697744792300e+00
1.273129895415241242e+00
1.283031739906029367e+00
1.285995113816160274e+00
1.282604105669131300e+00
1.273739568871766314e+00
1.260460489666622053e+00
1.243888742240462086e+00
1.225112797627841532e+00
1.205117984678222953e+00
1.184744230336606252e+00
1.164667820556268385e+00
1.145401610004497694e+00
1.127307723531676853e+00
1.110617457626116078e+00
1.095454228654625606e+00
1.081856632961696096e+00
1.069799763321780839e+00
1.059213777463304362e+00
1.049999327392784343e+00
1.042039863123740639e+00
1.035211065712881462e+00
1.029387786962247864e+00
1.024448915107792901e+00
1.020280577227614449e+00
1.016778051826504381e+00
1.013846714150155481e+00
1.011402282039846501e+00
1.009370577478352571e+00
1.007686971620792349e+00
1.006295640470596275e+00
1.005148724734283627e+00
1.004205460385280579e+00
1.003431325354491310e+00
1.002797231672095890e+00
1.002278780428051519e+00
1.001855588277383191e+00
1.001510688168624430e+00
1.001230002908856775e+00
1.001001887596271622e+00
1.000816735450605011e+00
1.000666640840593757e+00
1.000545113106362072e+00
1.000446834924010542e+00
1.000367459327588193e+00
1.000303439995878119e+00
1.000251889961429219e+00
1.000210464462637949e+00
1.000177264207233963e+00
1.000150755829932958e+00
1.000129706798760232e+00
1.000113132450026310e+00
1.000100253211009038e+00
1.000090460404759574e+00
1.000083289326862301e+00
1.000078398544606895e+00
1.000075554599887395e+00
1.000074621503913574e+00
1.000075554599887395e+00
1.000078398544606895e+00
1.000083289326862301e+00
1.000090460404759574e+00
1.000100253211009038e+00
1.000113132450026310e+00
1.000129706798760232e+00
1.000150755829932958e+00
1.000177264207233963e+00
1.000210464462637949e+00
1.000251889961429219e+00
1.000303439995878119e+00
1.000367459327588193e+00
1.000446834924010542e+00
1.000545113106362072e+00
1.000666640840593757e+00
1.000816735450605011e+00
1.001001887596271622e+00
1.001230002908856775e+00
1.001510688168624430e+00
1.001855588277383191e+00
1.002278780428051519e+00
1.002797231672095890e+00
1.003431325354491310e+00
1.004205460385280579e+00
1.005148724734283627e+00
1.006295640470596275e+00
1.007686971620792349e+00
1.009370577478352571e+00
1.011402282039846279e+00
1.013846714150155481e+00
1.016778051826504381e+00
1.020280577227614449e+00
1.024448915107792901e+00
1.029387786962247642e+00
1.035211065712881462e+00
1.042039863123740417e+00
1.049999327392784565e+00
1.059213777463304140e+00
1.069799763321780839e+00
1.081856632961695874e+00
1.095454228654625606e+00
1.110617457626116522e+00
1.127307723531676631e+00
1.145401610004497472e+00
1.164667820556268385e+00
1.184744230336606474e+00
1.205117984678222287e+00
1.225112797627840644e+00
1.243888742240461198e+00
1.260460489666621831e+00
1.273739568871765426e+00
1.282604105669130190e+00
1.285995113816159829e+00
1.283031739906028257e+00
1.273129895415239909e+00
1.256101697744791412e+00
1.232210292623947989e+00
1.202158957238741888e+00
1.167005992496675804e+00
1.128015604557344398e+00
1.086474315986515116e+00
1.043515815393954549e+00
1.000000000000000000e+00
