1.000000000000000000e+00
1.034939962520335044e+00
1.078678448501974030e+00
1.134548559769250842e+00
1.201920840587103134e+00
1.277475356071506418e+00
1.356348647067270319e+00
1.433178915690895616e+00
1.502984640995810084e+00
1.561790944108728985e+00
1.606959951766760542e+00
1.637245973066050464e+00
1.652645606590717131e+00
1.654130712459029651e+00
1.643342867159047094e+00
1.622304878682278684e+00
1.593180306503642729e+00
1.558092358720952086e+00
1.519000803646601172e+00
1.477628748156927019e+00
1.435428565627669073e+00
1.393576259992244104e+00
1.352984890660577033e+00
1.314329535042358943e+00
1.278078145202969695e+00
1.244524314195808667e+00
1.213819310879133306e+00
1.186001763876248116e+00
1.161024114521916450e+00
1.138775469822580266e+00
1.119100824239431580e+00
1.101816830549602333e+00
1.086724422423013703e+00
1.073618652608798518e+00
1.062296130955010076e+00
1.052560440175293932e+00
1.044225884317231179e+00
1.037119892239547925e+00
1.031084360914189535e+00
1.025976184391921064e+00
1.021667176101102470e+00
1.018043556303304564e+00
1.015005143940056920e+00
1.012464363268627654e+00
1.010345150772749889e+00
1.008581826781390856e+00
1.007117978809091818e+00
1.005905389514739623e+00
1.004903030977625455e+00
1.004076138306487564e+00
1.003395369032234585e+00
1.002836049916983052e+00
1.002377509405945943e+00
1.002002491660402228e+00
1.001696646689318460e+00
1.001448090334662533e+00
1.001247027590861371e+00
1.001085432815598697e+00
1.000956780711004690e+00
1.000855822439646436e+00
1.000778401828209763e+00
1.000721307259684556e+00
1.000682155532419904e+00
1.000659304651580150e+00
1.000651793204624163e+00
1.000659304651580150e+00
1.000682155532419904e+00
1.000721307259684556e+00
1.000778401828209763e+00
1.000855822439646436e+00
1.000956780711004690e+00
1.001085432815598697e+00
1.001247027590861371e+00
1.001448090334662533e+00
1.001696646689318460e+00
1.002002491660402228e+00
1.002377509405945943e+00
1.002836049916983052e+00
1.003395369032234585e+00
1.004076138306487564e+00
1.004903030977625455e+00
1.005905389514739623e+00
1.007117978809091818e+00
1.008581826781390856e+00
1.010345150772749889e+00
1.012464363268627654e+00
1.015005143940056920e+00
1.018043556303304342e+00
1.021667176101102470e+00
1.025976184391921286e+00
1.031084360914189535e+00
1.037119892239547925e+00
1.044225884317230957e+00
1.052560440175293710e+00
1.062296130955009854e+00
1.073618652608798518e+00
1.086724422423013037e+00
1.101816830549601889e+00
1.119100824239431136e+00
1.138775469822580266e+00
1.161024114521916895e+00
1.186001763876247228e+00
1.213819310879133750e+00
1.244524314195808889e+00
1.278078145202970139e+00
1.314329535042358943e+00
1.352984890660576811e+00
1.393576259992245214e+00
1.435428565627669295e+00
1.477628748156926353e+00
1.519000803646601838e+00
1.558092358720952308e+00
1.593180306503642507e+00
1.622304878682278240e+00
1.643342867159045984e+00
1.654130712459031205e+00
1.652645606590718685e+00
1.637245973066049798e+00
1.606959951766759431e+00
1.561790944108728096e+00
1.502984640995810528e+00
1.433178915690894284e+00
1.356348647067269653e+00
1.277475356071507306e+00
1.201920840587104689e+00
1.134548559769249731e+00
1.078678448501972920e+00
1.034939962520333490e+00
1.000000000000000000e+00
