1.000000000000000000e+00
7.976800680219473527e-01
8.053830161727908443e-01
9.582167414299982422e-01
1.147580382621685047e+00
1.307315043258884479e+00
1.419223827142658934e+00
1.491290718468977872e+00
1.537629292221304400e+00
1.568826190190509839e+00
1.590356669137547474e+00
1.604235553913735179e+00
1.610851901328249181e+00
1.610155061017797040e+00
1.602382545537252678e+00
1.588541419249136721e+00
1.570611226953021689e+00
1.551368412773580951e+00
1.533861157371261275e+00
1.520724453310263291e+00
1.513586912860785061e+00
1.512760604364501216e+00
1.517277145305743646e+00
1.525208744825948814e+00
1.534139856727492424e+00
1.541645401340125510e+00
1.545668718603337766e+00
1.544748577484993612e+00
1.538095353001426746e+00
1.525548873509061876e+00
1.507462713343584948e+00
1.484557037743665653e+00
1.457771663572510645e+00
1.428138716473711822e+00
1.396683690952066348e+00
1.364356237310985653e+00
1.331987590330194093e+00
1.300269548904897876e+00
1.269749500463396963e+00
1.240836461634563070e+00
1.213813979763719741e+00
1.188856700485405149e+00
1.166048290625868233e+00
1.145399143851729695e+00
1.126862874260908365e+00
1.110351033688225852e+00
1.095745795941413858e+00
1.082910561384070602e+00
1.071698571691021451e+00
1.061959706714363350e+00
1.053545678640851913e+00
1.046313854828929246e+00
1.040129938785053776e+00
1.034869725259961459e+00
1.030420125220985472e+00
1.026679632927362196e+00
1.023558382904780961e+00
1.020977920897295332e+00
1.018870790887403288e+00
1.017180020590482181e+00
1.015858570692943275e+00
1.014868798522838178e+00
1.014181974662873964e+00
1.013777880973659506e+00
1.013644510256487496e+00
1.013777880973590895e+00
1.014181974662734520e+00
1.014868798522625237e+00
1.015858570692647289e+00
1.017180020590098488e+00
1.018870790886920119e+00
1.020977920896702251e+00
1.023558382904063757e+00
1.026679632926513319e+00
1.030420125219985605e+00
1.034869725258800832e+00
1.040129938783727281e+00
1.046313854827427781e+00
1.053545678639171923e+00
1.061959706712499507e+00
1.071698571688973090e+00
1.082910561381828174e+00
1.095745795938960931e+00
1.110351033685504696e+00
1.126862874257813729e+00
1.145399143848052637e+00
1.166048290621242156e+00
1.188856700479207440e+00
1.213813979754933658e+00
1.240836461621574127e+00
1.269749500443696055e+00
1.300269548874695147e+00
1.331987590283859824e+00
1.364356237240301306e+00
1.396683690845255565e+00
1.428138716314197421e+00
1.457771663337359414e+00
1.484557037401778024e+00
1.507462712853640197e+00
1.525548872817428014e+00
1.538095352040281361e+00
1.544748576170984711e+00
1.545668716837222956e+00
1.541645399007627537e+00
1.534139853701321110e+00
1.525208740968286625e+00
1.517277140469746044e+00
1.512760598392863143e+00
1.513586905579779485e+00
1.520724444519436780e+00
1.533861146832171674e+00
1.551368400204563791e+00
1.570611212038787174e+00
1.588541401671734077e+00
1.602382525028028804e+00
1.610155037421177493e+00
1.610851874662694305e+00
1.604235524417437331e+00
1.590356637294332520e+00
1.568826156737525901e+00
1.537629258138989430e+00
1.491290684947924827e+00
1.419223795517621678e+00
1.307315014898129624e+00
1.147580358768033548e+00
9.582167230273003211e-01
8.053830037657151442e-01
7.976800618076967941e-01
1.000000000000000000e+00
