1.000000000000000000e+00
1.005149901144835267e+00
1.028338244229455745e+00
1.075074299741312300e+00
1.142889146591596239e+00
1.224954276787598939e+00
1.312916283579858012e+00
1.398963687729219529e+00
1.477063567254442544e+00
1.543389222664707683e+00
1.596122409232060946e+00
1.634923281359028424e+00
1.660351191067550358e+00
1.673415621558897337e+00
1.675311275409369971e+00
1.667303518822315533e+00
1.650697840549734785e+00
1.626835362356343850e+00
1.597081440533188568e+00
1.562797780225239075e+00
1.525302561362580134e+00
1.485827938528802461e+00
1.445483295176938077e+00
1.405229282570299221e+00
1.365864241774259691e+00
1.328022119447464844e+00
1.292179627474883130e+00
1.258669941998425523e+00
1.227700362644659871e+00
1.199371772344794973e+00
1.173698254023974652e+00
1.150625717342196541e+00
1.130048812031613670e+00
1.111825737419179783e+00
1.095790803927535917e+00
1.081764774082112357e+00
1.069563122626009388e+00
1.059002421815390171e+00
1.049905090880492775e+00
1.042102757744926222e+00
1.035438474034712897e+00
1.029768007015599229e+00
1.024960408743027740e+00
1.020898036592664093e+00
1.017476172732146411e+00
1.014602364540680757e+00
1.012195584464365750e+00
1.010185286863897858e+00
1.008510421303914661e+00
1.007118446459799754e+00
1.005964376235550795e+00
1.005009879558755204e+00
1.004222447359063963e+00
1.003574634139826838e+00
1.003043377019973814e+00
1.002609391874855538e+00
1.002256643990271590e+00
1.001971889244772207e+00
1.001744281067275644e+00
1.001565038127119278e+00
1.001427167778939920e+00
1.001325240607628508e+00
1.001255211924280353e+00
1.001214286695155442e+00
1.001200825101232983e+00
1.001214286695155442e+00
1.001255211924280353e+00
1.001325240607628508e+00
1.001427167778939920e+00
1.001565038127119278e+00
1.001744281067275644e+00
1.001971889244772207e+00
1.002256643990271590e+00
1.002609391874855538e+00
1.003043377019973814e+00
1.003574634139826838e+00
1.004222447359063963e+00
1.005009879558755204e+00
1.005964376235550795e+00
1.007118446459799754e+00
1.008510421303914661e+00
1.010185286863897858e+00
1.012195584464365972e+00
1.014602364540680535e+00
1.017476172732146411e+00
1.020898036592664093e+00
1.024960408743027740e+00
1.029768007015599007e+00
1.035438474034712897e+00
1.042102757744926445e+00
1.049905090880492775e+00
1.059002421815390171e+00
1.069563122626009388e+00
1.081764774082112135e+00
1.095790803927535695e+00
1.111825737419179783e+00
1.130048812031612337e+00
1.150625717342196097e+00
1.173698254023974430e+00
1.199371772344794751e+00
1.227700362644660315e+00
1.258669941998424635e+00
1.292179627474883574e+00
1.328022119447464178e+00
1.365864241774259247e+00
1.405229282570298777e+00
1.445483295176938077e+00
1.485827938528804015e+00
1.525302561362581244e+00
1.562797780225237965e+00
1.597081440533190344e+00
1.626835362356344072e+00
1.650697840549734785e+00
1.667303518822315533e+00
1.675311275409368861e+00
1.673415621558899780e+00
1.660351191067552801e+00
1.634923281359029756e+00
1.596122409232062056e+00
1.543389222664708571e+00
1.477063567254444543e+00
1.398963687729220196e+00
1.312916283579858900e+00
1.224954276787600715e+00
1.142889146591597793e+00
1.075074299741312300e+00
1.028338244229454856e+00
1.005149901144833491e+00
1.000000000000000000e+00
