1.000000000000000000e+00
7.883518698567550942e-01
8.003035316500896057e-01
9.601600049084143551e-01
1.152046998348397189e+00
1.310112041086744838e+00
1.419415611992804083e+00
1.490100255475256485e+00
1.536406520517095586e+00
1.568039799028166037e+00
1.589777328594943473e+00
1.603584265348150240e+00
1.610234055669049757e+00
1.610041359328434618e+00
1.603275061887279085e+00
1.590605410295897082e+00
1.573493607811810691e+00
1.554273394480970127e+00
1.535816379809883836e+00
1.520903470190118290e+00
1.511561141413947595e+00
1.508608288224392524e+00
1.511542369959241849e+00
1.518752597654089653e+00
1.527946548706831109e+00
1.536640948801460071e+00
1.542589259980961858e+00
1.544071543554560222e+00
1.540027971668804119e+00
1.530058223924082750e+00
1.514329034891797265e+00
1.493434550665001304e+00
1.468245896027081665e+00
1.439774173487255560e+00
1.409059554019373772e+00
1.377090337848371870e+00
1.344750292054701202e+00
1.312789714774919680e+00
1.281814728614418586e+00
1.252289505452694574e+00
1.224546891338516241e+00
1.198803855001346452e+00
1.175179111988261971e+00
1.153711077394832030e+00
1.134374941547258153e+00
1.117098149703906307e+00
1.101773920157901321e+00
1.088272680985832075e+00
1.076451468848548032e+00
1.066161434859781876e+00
1.057253659611198104e+00
1.049583505169991104e+00
1.043013736236078071e+00
1.037416633095419316e+00
1.032675300990226752e+00
1.028684357982533326e+00
1.025350159094112534e+00
1.022590690360864141e+00
1.020335243673719638e+00
1.018523962618161471e+00
1.017107331326269737e+00
1.016045662702244945e+00
1.015308629167185561e+00
1.014874868051442558e+00
1.014731684618375596e+00
1.014874868051419021e+00
1.015308629167139376e+00
1.016045662702177665e+00
1.017107331326180919e+00
1.018523962618057110e+00
1.020335243673604397e+00
1.022590690360748678e+00
1.025350159094008839e+00
1.028684357982469155e+00
1.032675300990226086e+00
1.037416633095529006e+00
1.043013736236363620e+00
1.049583505170532671e+00
1.057253659612106045e+00
1.066161434861192747e+00
1.076451468850641691e+00
1.088272680988825236e+00
1.101773920162060216e+00
1.117098149709529142e+00
1.134374941554685767e+00
1.153711077404413476e+00
1.175179112000327875e+00
1.198803855016149278e+00
1.224546891356130374e+00
1.252289505472871323e+00
1.281814728636357481e+00
1.312789714796970708e+00
1.344750292073918496e+00
1.377090337859912639e+00
1.409059554015716698e+00
1.439774173457211814e+00
1.468245895954569891e+00
1.493434550527674487e+00
1.514329034659564144e+00
1.530058223557766883e+00
1.540027971119207972e+00
1.544071542762258220e+00
1.542589258877225644e+00
1.536640947310414118e+00
1.527946546748587764e+00
1.518752595147861539e+00
1.511542366824720096e+00
1.508608284379300057e+00
1.511561136766353730e+00
1.520903464626200963e+00
1.535816373181201122e+00
1.554273386598537421e+00
1.573493598455058207e+00
1.590605399240839102e+00
1.603275048950278059e+00
1.610041344413697617e+00
1.610234038805500312e+00
1.603584246707973504e+00
1.589777308497273944e+00
1.568039777936893087e+00
1.536406499036581552e+00
1.490100234338335383e+00
1.419415592030944362e+00
1.310112023170052487e+00
1.152046983284188864e+00
9.601599933131480524e-01
8.003035238629757631e-01
7.883518659714408017e-01
1.000000000000000000e+00
