1.000000000000000000e+00
1.008902032469784604e+00
1.017675967146586480e+00
1.026146544865984556e+00
1.034095171455834850e+00
1.041279612491938789e+00
1.047462844751409605e+00
1.052443636105778957e+00
1.056082148487783368e+00
1.058315872141249558e+00
1.059163923331072787e+00
1.058720404591381392e+00
1.057139498304395797e+00
1.054615926270503934e+00
1.051364393723763557e+00
1.047600922700741011e+00
1.043527932023203597e+00
1.039323862869566906e+00
1.035137291773931434e+00
1.031084906583601857e+00
1.027252440349698093e+00
1.023697603877764095e+00
1.020454151948727572e+00
1.017536388933923508e+00
1.014943611863323936e+00
1.012664167912094459e+00
1.010678950730981462e+00
1.008964270370159566e+00
1.007494106656494859e+00
1.006241801541908787e+00
1.005181269148364587e+00
1.004287809693545697e+00
1.003538610831531175e+00
1.002913011526636922e+00
1.002392592494133705e+00
1.001961145539170595e+00
1.001604563045456420e+00
1.001310679065436249e+00
1.001069085207862752e+00
1.000870937824529072e+00
1.000708767743232697e+00
1.000576299789156742e+00
1.000468286370914450e+00
1.000380357276357657e+00
1.000308886343657777e+00
1.000250874688874081e+00
1.000203849554391899e+00
1.000165777491060837e+00
1.000134990421805758e+00
1.000110123095882209e+00
1.000090060486483079e+00
1.000073893777904788e+00
1.000060883709285919e+00
1.000050430174288296e+00
1.000042047109846344e+00
1.000035341835551650e+00
1.000029998124787545e+00
1.000025762397275697e+00
1.000022432519847682e+00
1.000019848788057608e+00
1.000017886736618289e+00
1.000016451492512726e+00
1.000015473442351421e+00
1.000014905036322066e+00
1.000014718596268448e+00
1.000014905036322066e+00
1.000015473442351421e+00
1.000016451492512726e+00
1.000017886736618289e+00
1.000019848788057608e+00
1.000022432519847682e+00
1.000025762397275697e+00
1.000029998124787545e+00
1.000035341835551650e+00
1.000042047109846344e+00
1.000050430174288296e+00
1.000060883709285919e+00
1.000073893777904788e+00
1.000090060486483079e+00
1.000110123095882209e+00
1.000134990421805758e+00
1.000165777491060837e+00
1.000203849554391899e+00
1.000250874688874081e+00
1.000308886343657777e+00
1.000380357276357657e+00
1.000468286370914450e+00
1.000576299789156742e+00
1.000708767743232697e+00
1.000870937824529072e+00
1.001069085207862752e+00
1.001310679065436249e+00
1.001604563045456420e+00
1.001961145539170595e+00
1.002392592494133483e+00
1.002913011526636922e+00
1.003538610831531175e+00
1.004287809693545697e+00
1.005181269148364587e+00
1.006241801541908565e+00
1.007494106656494859e+00
1.008964270370159344e+00
1.010678950730981462e+00
1.012664167912094237e+00
1.014943611863323936e+00
1.017536388933923064e+00
1.020454151948727128e+00
1.023697603877763873e+00
1.027252440349697649e+00
1.031084906583601191e+00
1.035137291773930990e+00
1.039323862869566240e+00
1.043527932023202931e+00
1.047600922700739901e+00
1.051364393723762225e+00
1.054615926270502824e+00
1.057139498304394243e+00
1.058720404591380282e+00
1.059163923331071899e+00
1.058315872141248226e+00
1.056082148487782035e+00
1.052443636105776736e+00
1.047462844751408273e+00
1.041279612491938122e+00
1.034095171455833961e+00
1.026146544865983889e+00
1.017675967146586258e+00
1.008902032469784160e+00
1.000000000000000000e+00
