1.000000000000000000e+00
8.056618278549479983e-01
8.101293755440206468e-01
9.569091070757594908e-01
1.143641148421732368e+00
1.304426458354859042e+00
1.418601438500926459e+00
1.492218255189014631e+00
1.538990797502839625e+00
1.570014379297266505e+00
1.591278814174650336e+00
1.604909901852283882e+00
1.611119277166872310e+00
1.609703936405824320e+00
1.600984929671534607e+00
1.586286040065129077e+00
1.567977130900823246e+00
1.549106711098716671e+00
1.532755819694188615e+00
1.521343347484508834e+00
1.516115492611560756e+00
1.516960342111272064e+00
1.522558988800774671e+00
1.530778250055082390e+00
1.539161176143876597e+00
1.545381104403992900e+00
1.547571572705948473e+00
1.544500515727409429e+00
1.535602222323421140e+00
1.520905706847038630e+00
1.500904579641233916e+00
1.476407456448901589e+00
1.448396372422279921e+00
1.417908714159135330e+00
1.385948599610832055e+00
1.353427242459376956e+00
1.321128327950670478e+00
1.289693043060688993e+00
1.259619354772379962e+00
1.231270783867302487e+00
1.204890848321690688e+00
1.180620296337622888e+00
1.158515087155082446e+00
1.138563760911890821e+00
1.120703364177486172e+00
1.104833483575544451e+00
1.090828211490485700e+00
1.078546050562563030e+00
1.067837879687427050e+00
1.058553171626789746e+00
1.050544685242039700e+00
1.043671864544954309e+00
1.037803170266562436e+00
1.032817553404383304e+00
1.028605258521440691e+00
1.025068120495609802e+00
1.022119494068270962e+00
1.019683932312560604e+00
1.017696708889602952e+00
1.016103260139768816e+00
1.014858606827114595e+00
1.013926801671880096e+00
1.013280437480405860e+00
1.012900241432351356e+00
1.012774773574928622e+00
1.012900241432216575e+00
1.013280437480130303e+00
1.013926801671454658e+00
1.014858606826517073e+00
1.016103260138978781e+00
1.017696708888587542e+00
1.019683932311280072e+00
1.022119494066674461e+00
1.025068120493642487e+00
1.028605258519024179e+00
1.032817553401432109e+00
1.037803170262977082e+00
1.043671864540606897e+00
1.050544685236776798e+00
1.058553171620419286e+00
1.067837879679713664e+00
1.078546050553203850e+00
1.090828211479097920e+00
1.104833483561613594e+00
1.120703364160335003e+00
1.138563760890599186e+00
1.158515087128396237e+00
1.180620296303812378e+00
1.204890848278360238e+00
1.231270783811116987e+00
1.259619354698684690e+00
1.289693042963014458e+00
1.321128327820034754e+00
1.353427242283363308e+00
1.385948599372388124e+00
1.417908713835039247e+00
1.448396371981194308e+00
1.476407455849062966e+00
1.500904578827732871e+00
1.520905705748883507e+00
1.535602220850574184e+00
1.544500513768131134e+00
1.547571570124894436e+00
1.545381101041418237e+00
1.539161171816081364e+00
1.530778244555701884e+00
1.522558981901805497e+00
1.516960333562185070e+00
1.516115482134970271e+00
1.521343334768339606e+00
1.532755804383246101e+00
1.549106692792276307e+00
1.567977109165425542e+00
1.586286014470758454e+00
1.600984899853607812e+00
1.609703902146550236e+00
1.611119238481798277e+00
1.604909859065835942e+00
1.591278767972352348e+00
1.570014330747346420e+00
1.538990748041515033e+00
1.492218206561787275e+00
1.418601392650618243e+00
1.304426417248698566e+00
1.143641113826286082e+00
9.569090803345843277e-01
8.101293574633191552e-01
8.056618187746938942e-01
1.000000000000000000e+00
