1.000000000000000000e+00
1.069213612807454084e+00
1.137829353847417790e+00
1.204582334516740794e+00
1.267618432514826754e+00
1.324734321845257634e+00
1.373716004629565335e+00
1.412691613100145016e+00
1.440415325723135354e+00
1.456424567148639992e+00
1.461052540637361341e+00
1.455316829045194993e+00
1.440729408478342854e+00
1.419079437180455594e+00
1.392231258316194209e+00
1.361963848148964429e+00
1.329861630601987699e+00
1.297254421135903391e+00
1.265197429057720369e+00
1.234479915272651773e+00
1.205651699694616052e+00
1.179058750149982515e+00
1.154881507911357685e+00
1.133171820552179909e+00
1.113886113872278871e+00
1.096913703678593421e+00
1.082099988927169854e+00
1.069264777191369475e+00
1.058216266613925205e+00
1.048761323958353975e+00
1.040712715132999344e+00
1.033893904237545680e+00
1.028141967679262470e+00
1.023309089086007262e+00
1.019263019460386888e+00
1.015886811414587365e+00
1.013078069460940478e+00
1.010747901327693210e+00
1.008819708066133636e+00
1.007227912591331043e+00
1.005916696200705340e+00
1.004838789369338459e+00
1.003954345566842044e+00
1.003229913901976023e+00
1.002637517126783395e+00
1.002153835107148394e+00
1.001759489614625132e+00
1.001438423663459476e+00
1.001177367168347709e+00
1.000965380089675616e+00
1.000793464200554928e+00
1.000654234956247501e+00
1.000541645525735435e+00
1.000450755752052556e+00
1.000377539569097030e+00
1.000318725167927303e+00
1.000271662943152062e+00
1.000234216940488974e+00
1.000204676160207917e+00
1.000181682644434966e+00
1.000164173790279332e+00
1.000151336789264045e+00
1.000142573502614374e+00
1.000137474448089980e+00
1.000135800905077366e+00
1.000137474448089980e+00
1.000142573502614374e+00
1.000151336789264045e+00
1.000164173790279332e+00
1.000181682644434966e+00
1.000204676160207917e+00
1.000234216940488974e+00
1.000271662943152062e+00
1.000318725167927303e+00
1.000377539569097030e+00
1.000450755752052556e+00
1.000541645525735435e+00
1.000654234956247501e+00
1.000793464200554928e+00
1.000965380089675616e+00
1.001177367168347709e+00
1.001438423663459476e+00
1.001759489614625132e+00
1.002153835107148394e+00
1.002637517126783395e+00
1.003229913901976023e+00
1.003954345566842044e+00
1.004838789369338459e+00
1.005916696200705340e+00
1.007227912591331043e+00
1.008819708066133636e+00
1.010747901327693210e+00
1.013078069460940478e+00
1.015886811414587365e+00
1.019263019460386666e+00
1.023309089086007262e+00
1.028141967679262248e+00
1.033893904237545680e+00
1.040712715132999344e+00
1.048761323958353975e+00
1.058216266613925427e+00
1.069264777191369253e+00
1.082099988927170298e+00
1.096913703678593199e+00
1.113886113872278871e+00
1.133171820552179909e+00
1.154881507911357685e+00
1.179058750149983181e+00
1.205651699694615830e+00
1.234479915272651329e+00
1.265197429057721035e+00
1.297254421135903613e+00
1.329861630601987477e+00
1.361963848148963985e+00
1.392231258316193321e+00
1.419079437180456260e+00
1.440729408478342410e+00
1.455316829045194105e+00
1.461052540637361341e+00
1.456424567148640659e+00
1.440415325723134465e+00
1.412691613100144128e+00
1.373716004629564891e+00
1.324734321845258522e+00
1.267618432514827198e+00
1.204582334516740572e+00
1.137829353847418012e+00
1.069213612807453861e+00
1.000000000000000000e+00
