1.000000000000000000e+00
8.177263080544110441e-01
8.179165127268138713e-01
9.554819745652253227e-01
1.137494036081532878e+00
1.299264646346076857e+00
1.416940962656329184e+00
1.493533022065065996e+00
1.541652303180728101e+00
1.572722581259114349e+00
1.593366408353547703e+00
1.606024793334090983e+00
1.610944114536449812e+00
1.607989147672664210e+00
1.597783794308028638e+00
1.582140153522256343e+00
1.563884165063218923e+00
1.546266800987596390e+00
1.532214895124691445e+00
1.523682891985120857e+00
1.521294114418045629e+00
1.524336728322004397e+00
1.531058974012863727e+00
1.539133320160634311e+00
1.546144276147149110e+00
1.549987258136569679e+00
1.549120423741417785e+00
1.542663356813981812e+00
1.530371511147328834e+00
1.512530245462741396e+00
1.489811442939872776e+00
1.463126099034307348e+00
1.433494048884481620e+00
1.401941086141028636e+00
1.369425769038172813e+00
1.336793369938383602e+00
1.304752100484366961e+00
1.273866128316874624e+00
1.244560272422287728e+00
1.217132094758042404e+00
1.191768061683842639e+00
1.168561347054851485e+00
1.147529608409265656e+00
1.128631667512847825e+00
1.111782476678238485e+00
1.096866075759406867e+00
1.083746467405206193e+00
1.072276483927530055e+00
1.062304808068017969e+00
1.053681358010064351e+00
1.046261266488716757e+00
1.039907684078689165e+00
1.034493624576431348e+00
1.029903050870179637e+00
1.026031376432877673e+00
1.022785533117039902e+00
1.020083731999862797e+00
1.017855021722848141e+00
1.016038728731778029e+00
1.014583846347252294e+00
1.013448424737011688e+00
1.012599001501752749e+00
1.012010102497987951e+00
1.011663834405313489e+00
1.011549584064173501e+00
1.011663834405036155e+00
1.012010102497419517e+00
1.012599001500869900e+00
1.013448424735767572e+00
1.014583846345592733e+00
1.016038728729623530e+00
1.017855021720100339e+00
1.020083731996393350e+00
1.022785533112698042e+00
1.026031376427462005e+00
1.029903050863449243e+00
1.034493624568092907e+00
1.039907684068370530e+00
1.046261266475960738e+00
1.053681357994301182e+00
1.062304808048536886e+00
1.072276483903438882e+00
1.083746467375385825e+00
1.096866075722433331e+00
1.111782476632295680e+00
1.128631667455606280e+00
1.147529608337719331e+00
1.168561346965094394e+00
1.191768061570779302e+00
1.217132094614986837e+00
1.244560272240421872e+00
1.273866128084555571e+00
1.304752100186176378e+00
1.336793369553887390e+00
1.369425768540307287e+00
1.401941085494036843e+00
1.433494048041289881e+00
1.463126097933316050e+00
1.489811441501080358e+00
1.512530243583301681e+00
1.530371508696668048e+00
1.542663353628747291e+00
1.549120419620710010e+00
1.549987252837929042e+00
1.546144269383706193e+00
1.539133311599530041e+00
1.531058963274501084e+00
1.524336714979203755e+00
1.521294097994088101e+00
1.523682871950685636e+00
1.532214870896115855e+00
1.546266771932474526e+00
1.563884130522551485e+00
1.582140112859012016e+00
1.597783746988164832e+00
1.607989093376389622e+00
1.610944053287315381e+00
1.606024725625416094e+00
1.593366335248294519e+00
1.572722504440123181e+00
1.541652224931372217e+00
1.493532945164435910e+00
1.416940890179494206e+00
1.299264581373203775e+00
1.137493981352538652e+00
9.554819321731099491e-01
8.179164839802054443e-01
8.177262935795677201e-01
1.000000000000000000e+00
