1.000000000000000000e+00
8.808099434154844642e-01
8.692308002115778365e-01
9.604056895516907000e-01
1.107844248186508951e+00
1.264063600015998601e+00
1.397775784168744151e+00
1.496025977453268263e+00
1.558965937521099132e+00
1.593117537093520220e+00
1.606415661674305051e+00
1.605847473123557911e+00
1.596974200793678023e+00
1.584225730652577990e+00
1.571187160191758192e+00
1.560608736623023685e+00
1.554228593139480807e+00
1.552616766814397753e+00
1.555195758208645085e+00
1.560474529485684991e+00
1.566432060740452714e+00
1.570940993603542335e+00
1.572130277147911981e+00
1.568625801047900614e+00
1.559654240562345251e+00
1.545030305823248185e+00
1.525065001803298737e+00
1.500434529754882673e+00
1.472042034438407754e+00
1.440893460415052951e+00
1.407998401636434638e+00
1.374298968056917980e+00
1.340624741927007424e+00
1.307669402334685982e+00
1.275983824314712578e+00
1.245980712282387159e+00
1.217946579367092941e+00
1.192057791880764217e+00
1.168398269237023612e+00
1.146977175105037494e+00
1.127745528950996556e+00
1.110611114957265277e+00
1.095451388535425785e+00
1.082124303970220414e+00
1.070477133416656512e+00
1.060353437285418199e+00
1.051598394837175876e+00
1.044062723829339401e+00
1.037605418601480700e+00
1.032095523957789363e+00
1.027413142674661772e+00
1.023449851082913975e+00
1.020108672521740534e+00
1.017303734285988970e+00
1.014959711119218788e+00
1.013011138005145195e+00
1.011401657301794321e+00
1.010083250224096840e+00
1.009015490224514533e+00
1.008164845752855143e+00
1.007504051940350642e+00
1.007011564664205716e+00
1.006671105916480347e+00
1.006471306141423661e+00
1.006405446951835092e+00
1.006471306137632915e+00
1.006671105908707009e+00
1.007011564652058988e+00
1.007504051923213906e+00
1.008164845729868864e+00
1.009015490194527853e+00
1.010083250185615178e+00
1.011401657252906316e+00
1.013011137943440332e+00
1.014959711041665269e+00
1.017303734188797382e+00
1.020108672400190430e+00
1.023449850931122951e+00
1.027413142485320785e+00
1.032095523721815677e+00
1.037605418307599336e+00
1.044062723463550224e+00
1.051598394382092572e+00
1.060353436719448927e+00
1.070477132712972290e+00
1.082124303095460149e+00
1.095451387448075797e+00
1.110611113605607159e+00
1.127745527270525017e+00
1.146977173015174767e+00
1.168398266636955229e+00
1.192057788644137917e+00
1.217946575335254078e+00
1.245980707255737840e+00
1.275983818041684259e+00
1.307669394497673387e+00
1.340624732124438889e+00
1.374298955780566933e+00
1.407998386242796940e+00
1.440893441089682092e+00
1.472042010151974667e+00
1.500434499210039796e+00
1.525064963372001481e+00
1.545030257475263680e+00
1.559654179787600903e+00
1.568625724778067720e+00
1.572130181686439698e+00
1.570940874578023561e+00
1.566431913096161477e+00
1.560474347543638229e+00
1.555195535814090091e+00
1.552616497601400303e+00
1.554228270933021960e+00
1.560608355991672136e+00
1.571186717150817591e+00
1.584225223498066937e+00
1.596973631017795547e+00
1.605846846318445431e+00
1.606414988273210609e+00
1.593116832739991828e+00
1.558965222829529429e+00
1.496025276975063045e+00
1.397775124547885994e+00
1.264063007592206134e+00
1.107843746576390398e+00
9.604052978277994868e-01
8.692305320833394466e-01
8.808098073761337909e-01
1.000000000000000000e+00
