1.000000000000000000e+00
1.048180259769847522e+00
1.095763759662057080e+00
1.141803114583590517e+00
1.185034668774481492e+00
1.224017059707594557e+00
1.257331265811374221e+00
1.283789986589023879e+00
1.302607143107409993e+00
1.313493664289064666e+00
1.316668191031596935e+00
1.312793003304186801e+00
1.302859906382733968e+00
1.288055473295155240e+00
1.269631365753697061e+00
1.248797099260984034e+00
1.226643364737153741e+00
1.204096447281416848e+00
1.181899445555348427e+00
1.160613786735615882e+00
1.140634262998323489e+00
1.122211682865346782e+00
1.105478575687519838e+00
1.090474776489732678e+00
1.077170921504200019e+00
1.065488816594099220e+00
1.055318301157076810e+00
1.046530659299750532e+00
1.038988881061090996e+00
1.032555200053818067e+00
1.027096372457322548e+00
1.022487148256210343e+00
1.018612342265949655e+00
1.015367855654939477e+00
1.012660938525026477e+00
1.010409926724955998e+00
1.008543634695210134e+00
1.007000542166813561e+00
1.005727876182453295e+00
1.004680660717237162e+00
1.003820783339964828e+00
1.003116110928224947e+00
1.002539673481141591e+00
1.002068925680790201e+00
1.001685089262364325e+00
1.001372574808271576e+00
1.001118478744414286e+00
1.000912149656656869e+00
1.000744817224535010e+00
1.000609276828584138e+00
1.000499623032553353e+00
1.000411025528709308e+00
1.000339541660329123e+00
1.000281960227547673e+00
1.000235671891972267e+00
1.000198562089634979e+00
1.000168922921520931e+00
1.000145381005349998e+00
1.000126838737163126e+00
1.000112426826186507e+00
1.000101466334137656e+00
1.000093438774488641e+00
1.000087963113808653e+00
1.000084778771471283e+00
1.000083733941951269e+00
1.000084778771471283e+00
1.000087963113808653e+00
1.000093438774488641e+00
1.000101466334137656e+00
1.000112426826186507e+00
1.000126838737163126e+00
1.000145381005349998e+00
1.000168922921520931e+00
1.000198562089634979e+00
1.000235671891972267e+00
1.000281960227547673e+00
1.000339541660329123e+00
1.000411025528709308e+00
1.000499623032553353e+00
1.000609276828584138e+00
1.000744817224535010e+00
1.000912149656656869e+00
1.001118478744414286e+00
1.001372574808271576e+00
1.001685089262364325e+00
1.002068925680790201e+00
1.002539673481141591e+00
1.003116110928224947e+00
1.003820783339964828e+00
1.004680660717237162e+00
1.005727876182453295e+00
1.007000542166813561e+00
1.008543634695210134e+00
1.010409926724955998e+00
1.012660938525026255e+00
1.015367855654939477e+00
1.018612342265949655e+00
1.022487148256210343e+00
1.027096372457322548e+00
1.032555200053818067e+00
1.038988881061091218e+00
1.046530659299750310e+00
1.055318301157077032e+00
1.065488816594098997e+00
1.077170921504200019e+00
1.090474776489732456e+00
1.105478575687519838e+00
1.122211682865347226e+00
1.140634262998323045e+00
1.160613786735615660e+00
1.181899445555348205e+00
1.204096447281416848e+00
1.226643364737153075e+00
1.248797099260983368e+00
1.269631365753696395e+00
1.288055473295154796e+00
1.302859906382733080e+00
1.312793003304185691e+00
1.316668191031596491e+00
1.313493664289064000e+00
1.302607143107408882e+00
1.283789986589022991e+00
1.257331265811373555e+00
1.224017059707595001e+00
1.185034668774480826e+00
1.141803114583589851e+00
1.095763759662057524e+00
1.048180259769847300e+00
1.000000000000000000e+00
