1.000000000000000000e+00
7.392265445042178751e-01
7.845110191199151650e-01
9.796697031128874800e-01
1.173667419817417068e+00
1.315729844926103453e+00
1.413227802100234687e+00
1.483742530439706719e+00
1.536475208844363838e+00
1.573554490231443337e+00
1.595815575381674956e+00
1.605751454993878946e+00
1.607263759329786712e+00
1.604114316453801203e+00
1.598637901784408122e+00
1.591393993086304359e+00
1.581741646730127737e+00
1.568896702024062950e+00
1.552891743812439884e+00
1.535004668289629670e+00
1.517538218528093896e+00
1.503136645555670281e+00
1.493979226427504026e+00
1.491166393398376977e+00
1.494473971922236188e+00
1.502484751735247093e+00
1.512984525624619048e+00
1.523461206533617496e+00
1.531562773554612233e+00
1.535424067650404512e+00
1.533833117514030508e+00
1.526253938882712324e+00
1.512747106293959254e+00
1.493834399362646170e+00
1.470346607646342063e+00
1.443281368527335129e+00
1.413685787474892708e+00
1.382569105010074351e+00
1.350844481057198010e+00
1.319295654409390339e+00
1.288563000421896865e+00
1.259143556347599668e+00
1.231400288647442665e+00
1.205576824660208768e+00
1.181814820780769937e+00
1.160171972479554059e+00
1.140639346345858618e+00
1.123157231013683699e+00
1.107629081872429477e+00
1.093933399692313735e+00
1.081933561058974425e+00
1.071485730814596637e+00
1.062445051403350771e+00
1.054670335040222229e+00
1.048027492543998074e+00
1.042391925389887231e+00
1.037650090842265227e+00
1.033700428110500669e+00
1.030453809285665434e+00
1.027833654378823569e+00
1.025775826392604895e+00
1.024228400774953363e+00
1.023151384178921264e+00
1.022516440235350377e+00
1.022306664869503390e+00
1.022516440235585300e+00
1.023151384179402879e+00
1.024228400775716308e+00
1.025775826393702017e+00
1.027833654380329254e+00
1.030453809287678490e+00
1.033700428113159875e+00
1.037650090845746886e+00
1.042391925394432706e+00
1.048027492549908679e+00
1.054670335047899643e+00
1.062445051413316355e+00
1.071485730827514526e+00
1.081933561075701933e+00
1.093933399713946208e+00
1.107629081900380230e+00
1.123157231049750848e+00
1.140639346392339881e+00
1.160171972539369323e+00
1.181814820857639114e+00
1.205576824758844090e+00
1.231400288773825347e+00
1.259143556509316753e+00
1.288563000628551336e+00
1.319295654673146911e+00
1.350844481393452368e+00
1.382569105438347989e+00
1.413685788019950040e+00
1.443281369220632104e+00
1.470346608527899779e+00
1.493834400483484259e+00
1.512747107719254691e+00
1.526253940695868616e+00
1.533833119821908175e+00
1.535424070589921808e+00
1.531562777300954581e+00
1.523461211310033869e+00
1.512984531713718273e+00
1.502484759491133914e+00
1.494473981782502792e+00
1.491166405894362779e+00
1.493979242190981882e+00
1.503136665320121468e+00
1.517538243123130570e+00
1.535004698627624231e+00
1.552891780866296090e+00
1.568896746793516872e+00
1.581741700190708810e+00
1.591394056111750999e+00
1.598637975033250447e+00
1.604114400218186187e+00
1.607263853360095140e+00
1.605751558331014239e+00
1.595815686239921538e+00
1.573554605970457487e+00
1.536475326052215706e+00
1.483742645129330961e+00
1.413227910004989152e+00
1.315729941856370822e+00
1.173667502005274699e+00
9.796697674575900461e-01
7.845110632960484720e-01
7.392265669745587964e-01
1.000000000000000000e+00
