1.000000000000000000e+00
1.034417921832030185e+00
1.068373418200301295e+00
1.101183267176475855e+00
1.131963411248432472e+00
1.159718765896966763e+00
1.183473868353121183e+00
1.202410230540577052e+00
1.215978726151143663e+00
1.223965124294885909e+00
1.226500789725715634e+00
1.224024067939933236e+00
1.217207215787341257e+00
1.206867313488967808e+00
1.193878017691004878e+00
1.179094264915206525e+00
1.163296328523001355e+00
1.147154629582789465e+00
1.131213225305594205e+00
1.115888056217492874e+00
1.101475510842082395e+00
1.088167205140541549e+00
1.076067648822256251e+00
1.065212370888088733e+00
1.055584914361084925e+00
1.047131795780948282e+00
1.039775035100704681e+00
1.033422209354708077e+00
1.027974198322759269e+00
1.023330905499393539e+00
1.019395283179124867e+00
1.016075990992554745e+00
1.013288991335258293e+00
1.010958345959058313e+00
1.009016434285582076e+00
1.007403771170307882e+00
1.006068562926228704e+00
1.004966106826592709e+00
1.004058111424438460e+00
1.003311992611486625e+00
1.002700182818691665e+00
1.002199477423550311e+00
1.001790432541871390e+00
1.001456821257436625e+00
1.001185150376138200e+00
1.000964236469188640e+00
1.000784837873548216e+00
1.000639338112079724e+00
1.000521475620789191e+00
1.000426114527086963e+00
1.000349051363174313e+00
1.000286852913797819e+00
1.000236720810719904e+00
1.000196378943179587e+00
1.000163980218571114e+00
1.000138029657241079e+00
1.000117321226064560e+00
1.000100886199944972e+00
1.000087951186128699e+00
1.000077904253331429e+00
1.000070267878681030e+00
1.000064677663614621e+00
1.000060865979422786e+00
1.000058649888391438e+00
1.000057922852051195e+00
1.000058649888391438e+00
1.000060865979422786e+00
1.000064677663614621e+00
1.000070267878681030e+00
1.000077904253331429e+00
1.000087951186128699e+00
1.000100886199944972e+00
1.000117321226064560e+00
1.000138029657241079e+00
1.000163980218571114e+00
1.000196378943179587e+00
1.000236720810719904e+00
1.000286852913797819e+00
1.000349051363174313e+00
1.000426114527086963e+00
1.000521475620789191e+00
1.000639338112079724e+00
1.000784837873548216e+00
1.000964236469188640e+00
1.001185150376138200e+00
1.001456821257436625e+00
1.001790432541871390e+00
1.002199477423550311e+00
1.002700182818691665e+00
1.003311992611486625e+00
1.004058111424438460e+00
1.004966106826592709e+00
1.006068562926228704e+00
1.007403771170307882e+00
1.009016434285581854e+00
1.010958345959058313e+00
1.013288991335258293e+00
1.016075990992554745e+00
1.019395283179124867e+00
1.023330905499393317e+00
1.027974198322759269e+00
1.033422209354707855e+00
1.039775035100704903e+00
1.047131795780948060e+00
1.055584914361084925e+00
1.065212370888088511e+00
1.076067648822255807e+00
1.088167205140541993e+00
1.101475510842081951e+00
1.115888056217492430e+00
1.131213225305593983e+00
1.147154629582789687e+00
1.163296328523000911e+00
1.179094264915206081e+00
1.193878017691003990e+00
1.206867313488967808e+00
1.217207215787340147e+00
1.224024067939932126e+00
1.226500789725715412e+00
1.223965124294884799e+00
1.215978726151142553e+00
1.202410230540575942e+00
1.183473868353120739e+00
1.159718765896966985e+00
1.131963411248431361e+00
1.101183267176475189e+00
1.068373418200301517e+00
1.034417921832029963e+00
1.000000000000000000e+00
