1.000000000000000000e+00
8.153502000730362687e-01
8.168638695188171761e-01
9.569327424959201966e-01
1.140437165788364737e+00
1.302312220765151851e+00
1.419372692816141868e+00
1.495335060186757881e+00
1.543116461766990577e+00
1.574117400086304963e+00
1.594840404308075943e+00
1.607650892357804118e+00
1.612768848621308759e+00
1.610026019102568151e+00
1.599971545693392949e+00
1.584315914062801145e+00
1.565802987894421516e+00
1.547664365055077429e+00
1.532885807792790045e+00
1.523542737732390906e+00
1.520404782920274478e+00
1.522891636800264958e+00
1.529338803197202390e+00
1.537449410353477708e+00
1.544785915424885747e+00
1.549183528783606878e+00
1.549020492983655073e+00
1.543333644682688854e+00
1.531805120187948344e+00
1.514663255220888516e+00
1.492541397269409931e+00
1.466329405982475187e+00
1.437040449652644991e+00
1.405704500526187006e+00
1.373291591233086306e+00
1.340662707893282013e+00
1.308543615728950726e+00
1.277516136496138710e+00
1.248021683969028572e+00
1.220372661820820825e+00
1.194768282166420059e+00
1.171312274649954466e+00
1.150030734451346959e+00
1.130888976614542019e+00
1.113806731218947244e+00
1.098671351271825136e+00
1.085348938676395703e+00
1.073693447503543785e+00
1.063553918631846118e+00
1.054780052078058139e+00
1.047226345736306463e+00
1.040755031387341045e+00
1.035238027872172228e+00
1.030558112478470179e+00
1.026609488633965395e+00
1.023297903593048508e+00
1.020540445748748581e+00
1.018265128668509156e+00
1.016410348625110149e+00
1.014924284604881821e+00
1.013764294601294802e+00
1.012896349340785429e+00
1.012294534219616349e+00
1.011940641859578438e+00
1.011823870979015050e+00
1.011940641862053791e+00
1.012294534224694287e+00
1.012896349348732183e+00
1.013764294612515604e+00
1.014924284619959094e+00
1.016410348644814610e+00
1.018265128693850885e+00
1.020540445781016770e+00
1.023297903633889172e+00
1.026609488685440441e+00
1.030558112543180194e+00
1.035238027953381268e+00
1.040755031489127402e+00
1.047226345863777386e+00
1.054780052237600296e+00
1.063553918831450673e+00
1.073693447753212293e+00
1.085348938988661471e+00
1.098671351662394491e+00
1.113806731707537967e+00
1.130888977225940284e+00
1.150030735216764910e+00
1.171312275608764164e+00
1.194768283368398132e+00
1.220372663329029050e+00
1.248021685863535790e+00
1.277516138878866725e+00
1.308543618729920865e+00
1.340662711678712204e+00
1.373291596015860483e+00
1.405704506579349422e+00
1.437040457326664189e+00
1.466329415727223306e+00
1.492541409661765295e+00
1.514663270998970246e+00
1.531805140292731071e+00
1.543333670307302619e+00
1.549020525629903222e+00
1.549183570323892312e+00
1.544785968165953705e+00
1.537449477096120898e+00
1.529338887283571369e+00
1.522891742138037241e+00
1.520404913970880401e+00
1.523542899448806942e+00
1.532886005490568193e+00
1.547664604197648730e+00
1.565803273770290271e+00
1.584316251330476710e+00
1.599971937775740427e+00
1.610026467434239272e+00
1.612769351797596284e+00
1.607651445297683113e+00
1.594840997609508149e+00
1.574118019785883282e+00
1.543117089687610521e+00
1.495335674953939042e+00
1.419373271463044039e+00
1.302312740668743363e+00
1.140437606546242266e+00
9.569330873415007321e-01
8.168641060364296713e-01
8.153503202641276815e-01
1.000000000000000000e+00
