1.000000000000000000e+00
8.884370240661446649e-01
8.770539990538309683e-01
9.637067318897378776e-01
1.106439452486049024e+00
1.260401365898450976e+00
1.394475667130491869e+00
1.494412394623804374e+00
1.558874549080096594e+00
1.593525279632374003e+00
1.606267087739389421e+00
1.604630969684137209e+00
1.594890403525774492e+00
1.582013856985687639e+00
1.569777346001219209e+00
1.560770257784430237e+00
1.556329707843774779e+00
1.556541657660483358e+00
1.560404183042539472e+00
1.566153606856145242e+00
1.571679411206763355e+00
1.574928497398636162e+00
1.574218209496426768e+00
1.568418485321225964e+00
1.557004267000236863e+00
1.540006582980518290e+00
1.517901417132411002e+00
1.491473269238275723e+00
1.461681162237971954e+00
1.429543969557585337e+00
1.396052520911515771e+00
1.362109280173286141e+00
1.328492484144492947e+00
1.295839891487953421e+00
1.264646982730940561e+00
1.235274942521475738e+00
1.207964592502474233e+00
1.182853348462379550e+00
1.159993101501343604e+00
1.139367608758888872e+00
1.120908513536394313e+00
1.104509510953547213e+00
1.090038456702730585e+00
1.077347407450252925e+00
1.066280703953116582e+00
1.056681280216650753e+00
1.048395418389971967e+00
1.041276180609002289e+00
1.035185743942447001e+00
1.029996849114562130e+00
1.025593552247267670e+00
1.021871444686927477e+00
1.018737481289527791e+00
1.016109533823154720e+00
1.013915764343281234e+00
1.012093894023366802e+00
1.010590426199574399e+00
1.009359868320651721e+00
1.008363985948434571e+00
1.007571112709126027e+00
1.006955532882324977e+00
1.006496947846363232e+00
1.006180033589422651e+00
1.005994093672334611e+00
1.005932810137861511e+00
1.005994093667851530e+00
1.006180033580229782e+00
1.006496947831997169e+00
1.006955532862057634e+00
1.007571112681939329e+00
1.008363985912966720e+00
1.009359868275134353e+00
1.010590426141744658e+00
1.012093893950370971e+00
1.013915764251531737e+00
1.016109533708164259e+00
1.018737481145706836e+00
1.021871444507310045e+00
1.025593552023198018e+00
1.029996848835283307e+00
1.035185743594602803e+00
1.041276180176006871e+00
1.048395417851229361e+00
1.056681279546578089e+00
1.066280703119923956e+00
1.077347406414410180e+00
1.090038455415041962e+00
1.104509509352723295e+00
1.120908511545986919e+00
1.139367606283397505e+00
1.159993098421278956e+00
1.182853344627975201e+00
1.207964587725665284e+00
1.235274936565651682e+00
1.264646975297861520e+00
1.295839882201061055e+00
1.328492472527634138e+00
1.362109265623778098e+00
1.396052502666164319e+00
1.429543946650326136e+00
1.461681133447672254e+00
1.491473233025591760e+00
1.517901371565284485e+00
1.540006525649174618e+00
1.557004194924827445e+00
1.568418394858533960e+00
1.574218096256614796e+00
1.574928356188582956e+00
1.571679236022502035e+00
1.566153390952341740e+00
1.560403919110096460e+00
1.556541338143067943e+00
1.556329325418933429e+00
1.560769806024549622e+00
1.569776820213171220e+00
1.582013255203612800e+00
1.594889727595233175e+00
1.604630226323798814e+00
1.606266289399931102e+00
1.593524444907240323e+00
1.558873702396070815e+00
1.494411565004002407e+00
1.394474886021888738e+00
1.260400664371605917e+00
1.106438858421458615e+00
9.637062678589867204e-01
8.770536813506309981e-01
8.884368628412162572e-01
1.000000000000000000e+00
