1.000000000000000000e+00
7.806178078328926961e-01
7.970153972836185874e-01
9.631746223136856688e-01
1.156972993771103519e+00
1.313401430598016395e+00
1.420653438268454805e+00
1.490618854350536981e+00
1.537345204184416669e+00
1.569546920238943155e+00
1.591332018726665298e+00
1.604690393004060800e+00
1.610868012383779302e+00
1.610652947097139354e+00
1.604468278806322923e+00
1.592752428620849425e+00
1.576495848021461255e+00
1.557560393860961900e+00
1.538546966565114138e+00
1.522257966255077477e+00
1.511002972570970826e+00
1.506032190396839443e+00
1.507284363760229562e+00
1.513486987690562557e+00
1.522522344649190451e+00
1.531912562510150178e+00
1.539281634297831491e+00
1.542698739883460624e+00
1.540865514849496520e+00
1.533157694387094150e+00
1.519558952751018044e+00
1.500532544910958332e+00
1.476870880322270763e+00
1.449551625627342633e+00
1.419616756393966117e+00
1.388081094271501836e+00
1.355870202271538538e+00
1.323783801399865734e+00
1.292479361078700206e+00
1.262470398795929372e+00
1.234134650500941399e+00
1.207728196660908138e+00
1.183402584032232641e+00
1.161222835449373880e+00
1.141184937811023703e+00
1.123231937066021313e+00
1.107268165771576163e+00
1.093171408999534133e+00
1.080803003600731671e+00
1.070015986644471839e+00
1.060661479678721486e+00
1.052593530765471463e+00
1.045672647060382321e+00
1.039768245277181036e+00
1.034760231789347174e+00
1.030539902790339246e+00
1.027010331001845245e+00
1.024086381059949202e+00
1.021694472357833172e+00
1.019772186659933633e+00
1.018267798691303128e+00
1.017139791306169494e+00
1.016356402692411232e+00
1.015895241161409945e+00
1.015742993092039193e+00
1.015895241162482865e+00
1.016356402694615468e+00
1.017139791309621177e+00
1.018267798696186999e+00
1.019772186666511482e+00
1.021694472366452500e+00
1.024086381071069640e+00
1.027010331016054545e+00
1.030539902808395247e+00
1.034760231812194675e+00
1.039768245306028405e+00
1.045672647096751895e+00
1.052593530811271716e+00
1.060661479736358048e+00
1.070015986716959411e+00
1.080803003691867659e+00
1.093171409114084058e+00
1.107268165915535008e+00
1.123231937246912615e+00
1.141184938038326102e+00
1.161222835735010284e+00
1.183402584391234358e+00
1.207728197112243551e+00
1.234134651068581112e+00
1.262470399510216001e+00
1.292479361978094321e+00
1.323783802533237353e+00
1.355870203701084131e+00
1.388081096076527965e+00
1.419616758675774193e+00
1.449551628515530766e+00
1.476870883982798421e+00
1.500532549556454542e+00
1.519558958653778546e+00
1.533157701895302649e+00
1.540865524407074139e+00
1.542698752053687894e+00
1.539281649790573470e+00
1.531912582211643725e+00
1.522522369652483443e+00
1.513487019323397353e+00
1.507284403605974710e+00
1.506032240303109671e+00
1.511003034640225229e+00
1.522258042811518886e+00
1.538547060092226637e+00
1.557560506902861075e+00
1.576495983038376902e+00
1.592752587785457807e+00
1.604468463727345195e+00
1.610653158465979784e+00
1.610868249564033405e+00
1.604690653620619356e+00
1.591332298347416296e+00
1.569547212257692781e+00
1.537345499993986175e+00
1.490619143840284488e+00
1.420653710602930442e+00
1.313401675147260139e+00
1.156973200994694029e+00
9.631747843996235625e-01
7.970155084458342420e-01
7.806178643253710581e-01
1.000000000000000000e+00
