1.000000000000000000e+00
1.069523405305730313e+00
1.138453385416320351e+00
1.205522495195739729e+00
1.268868142652000319e+00
1.326274572918220818e+00
1.375513956642858249e+00
1.414701855504908456e+00
1.442583322839541937e+00
1.458691363322382140e+00
1.463359657462356411e+00
1.457610457723810704e+00
1.442963364435798423e+00
1.421216737280977860e+00
1.394244479784837676e+00
1.363834585114659825e+00
1.331579395246255793e+00
1.298815287944090180e+00
1.266602639367585326e+00
1.235734577721246508e+00
1.206763656498250459e+00
1.180037633625022453e+00
1.155737983952612291e+00
1.133917001295440707e+00
1.114531115877562151e+00
1.097469327080139889e+00
1.082576494660226318e+00
1.069671742137073833e+00
1.058562499487684327e+00
1.049054827609638085e+00
1.040960683468188819e+00
1.034102744184984157e+00
1.028317338502083622e+00
1.023455952946483061e+00
1.019385698484503555e+00
1.015989047629043851e+00
1.013163084904354916e+00
1.010818456397675202e+00
1.008878156775805834e+00
1.007276253892911866e+00
1.005956620908574184e+00
1.004871722497914677e+00
1.003981484105541000e+00
1.003252260194757994e+00
1.002655908120056338e+00
1.002168967787929965e+00
1.001771942990160369e+00
1.001448677641563867e+00
1.001185818690785823e+00
1.000972356853798706e+00
1.000799236280992988e+00
1.000659024611557202e+00
1.000545635446645321e+00
1.000454095979824709e+00
1.000380353285559520e+00
1.000321113533583661e+00
1.000273709136825895e+00
1.000235989533401204e+00
1.000206231939260615e+00
1.000183068983748536e+00
1.000165430656592358e+00
1.000152498455539885e+00
1.000143670034953969e+00
1.000138533023699372e+00
1.000136847013456620e+00
1.000138533023699372e+00
1.000143670034953969e+00
1.000152498455539885e+00
1.000165430656592358e+00
1.000183068983748536e+00
1.000206231939260615e+00
1.000235989533401204e+00
1.000273709136825895e+00
1.000321113533583661e+00
1.000380353285559520e+00
1.000454095979824709e+00
1.000545635446645321e+00
1.000659024611557202e+00
1.000799236280992988e+00
1.000972356853798706e+00
1.001185818690785823e+00
1.001448677641563867e+00
1.001771942990160369e+00
1.002168967787929965e+00
1.002655908120056338e+00
1.003252260194757994e+00
1.003981484105541000e+00
1.004871722497914677e+00
1.005956620908574184e+00
1.007276253892911866e+00
1.008878156775805834e+00
1.010818456397675202e+00
1.013163084904354916e+00
1.015989047629043851e+00
1.019385698484503333e+00
1.023455952946483061e+00
1.028317338502083400e+00
1.034102744184984157e+00
1.040960683468188819e+00
1.049054827609638085e+00
1.058562499487684549e+00
1.069671742137073611e+00
1.082576494660226762e+00
1.097469327080139667e+00
1.114531115877562151e+00
1.133917001295440707e+00
1.155737983952612291e+00
1.180037633625023119e+00
1.206763656498250237e+00
1.235734577721246064e+00
1.266602639367585992e+00
1.298815287944090402e+00
1.331579395246255570e+00
1.363834585114659381e+00
1.394244479784836788e+00
1.421216737280978526e+00
1.442963364435797979e+00
1.457610457723809816e+00
1.463359657462356189e+00
1.458691363322382806e+00
1.442583322839541049e+00
1.414701855504907568e+00
1.375513956642857805e+00
1.326274572918221706e+00
1.268868142652000763e+00
1.205522495195739507e+00
1.138453385416320573e+00
1.069523405305730090e+00
1.000000000000000000e+00
