1.000000000000000000e+00
1.076024374114210813e+00
1.153600224938864827e+00
1.232434194668795113e+00
1.310711815202551200e+00
1.385560778697693340e+00
1.453623112079870161e+00
1.511658998336786519e+00
1.557074378322919728e+00
1.588276201163432599e+00
1.604807851333917013e+00
1.607277776589779217e+00
1.597140421379155795e+00
1.576406669974224295e+00
1.547353075220317953e+00
1.512276476632027578e+00
1.473315410579744134e+00
1.432339890549611194e+00
1.390899349760666759e+00
1.350213867370253951e+00
1.311193872323455301e+00
1.274475997949935158e+00
1.240465975241443308e+00
1.209382463496924132e+00
1.181298130878272845e+00
1.156176046779469946e+00
1.133900618942860428e+00
1.114303035656451391e+00
1.097181587350671617e+00
1.082317447861208315e+00
1.069486570793308111e+00
1.058468353883419200e+00
1.049051678774342911e+00
1.041038867138431634e+00
1.034248019984875588e+00
1.028514133149994292e+00
1.023689312803345297e+00
1.019642352562926790e+00
1.016257879430197963e+00
1.013435229350366784e+00
1.011087174413776602e+00
1.009138591902263737e+00
1.007525139773305156e+00
1.006191982937982621e+00
1.005092599010330545e+00
1.004187680316465547e+00
1.003444140155742126e+00
1.002834224987399381e+00
1.002334729846505290e+00
1.001926311427349336e+00
1.001592891543617858e+00
1.001321142785642104e+00
1.001100047909826873e+00
1.000920524629501207e+00
1.000775107889314564e+00
1.000657682290883477e+00
1.000563258018849266e+00
1.000487784338379260e+00
1.000427995460402730e+00
1.000381284274814764e+00
1.000345600120450928e+00
1.000319367386698133e+00
1.000301422323966793e+00
1.000290965980451530e+00
1.000287531686395948e+00
1.000290965980451530e+00
1.000301422323966793e+00
1.000319367386698133e+00
1.000345600120450928e+00
1.000381284274814764e+00
1.000427995460402730e+00
1.000487784338379260e+00
1.000563258018849266e+00
1.000657682290883477e+00
1.000775107889314564e+00
1.000920524629501207e+00
1.001100047909826873e+00
1.001321142785642104e+00
1.001592891543617858e+00
1.001926311427349336e+00
1.002334729846505290e+00
1.002834224987399381e+00
1.003444140155742126e+00
1.004187680316465547e+00
1.005092599010330545e+00
1.006191982937982621e+00
1.007525139773305156e+00
1.009138591902263515e+00
1.011087174413776602e+00
1.013435229350367006e+00
1.016257879430197963e+00
1.019642352562926790e+00
1.023689312803345075e+00
1.028514133149994070e+00
1.034248019984875366e+00
1.041038867138431412e+00
1.049051678774342466e+00
1.058468353883419200e+00
1.069486570793307889e+00
1.082317447861208093e+00
1.097181587350671839e+00
1.114303035656450946e+00
1.133900618942860872e+00
1.156176046779469724e+00
1.181298130878272845e+00
1.209382463496923688e+00
1.240465975241443308e+00
1.274475997949935602e+00
1.311193872323455079e+00
1.350213867370253507e+00
1.390899349760666981e+00
1.432339890549610528e+00
1.473315410579743912e+00
1.512276476632027356e+00
1.547353075220315732e+00
1.576406669974225183e+00
1.597140421379155573e+00
1.607277776589777218e+00
1.604807851333915680e+00
1.588276201163431933e+00
1.557074378322918840e+00
1.511658998336784743e+00
1.453623112079869051e+00
1.385560778697693562e+00
1.310711815202551422e+00
1.232434194668794447e+00
1.153600224938864383e+00
1.076024374114210591e+00
1.000000000000000000e+00
