1.000000000000000000e+00
8.210631767324632069e-01
8.207107923060026344e-01
9.563996638379789195e-01
1.137471658840587985e+00
1.299652314244071682e+00
1.418394435675343512e+00
1.495942217361813098e+00
1.544551052215421993e+00
1.575651450195706182e+00
1.596006122043142739e+00
1.608177337472139534e+00
1.612493766172330201e+00
1.608905761235169152e+00
1.598151835726277392e+00
1.582168565412302552e+00
1.563870395199326024e+00
1.546521854190393341e+00
1.532978670767370266e+00
1.525061364583646828e+00
1.523237116290151016e+00
1.526657495879525372e+00
1.533482911100992885e+00
1.541357670447528250e+00
1.547892144194456643e+00
1.551045594847443754e+00
1.549358653808547981e+00
1.542034783349467197e+00
1.528902529904654362e+00
1.510302993117972781e+00
1.486944621887916318e+00
1.459757230544146633e+00
1.429764923994342629e+00
1.397987023455398603e+00
1.365368532221370446e+00
1.332737195614190684e+00
1.300782140892263072e+00
1.270048624056965725e+00
1.240943862041119727e+00
1.213749788453699852e+00
1.188639526283777226e+00
1.165695254155088456e+00
1.144925882150299223e+00
1.126283533070468357e+00
1.109678257704755033e+00
1.094990722008444495e+00
1.082082815814630061e+00
1.070806270287829376e+00
1.061009454307622280e+00
1.052542563827451927e+00
1.045261434876365580e+00
1.039030209202215227e+00
1.033723068218796781e+00
1.029225230750617781e+00
1.025433386535773428e+00
1.022255712974319497e+00
1.019611598831012822e+00
1.017431176553655892e+00
1.015654745142412274e+00
1.014232148364249131e+00
1.013122158580619603e+00
1.012291904413649357e+00
1.011716370680281862e+00
1.011377991172569102e+00
1.011266348619420441e+00
1.011377991175195667e+00
1.011716370685670219e+00
1.012291904422081279e+00
1.013122158592523636e+00
1.014232148380241449e+00
1.015654745163309558e+00
1.017431176580526619e+00
1.019611598865220570e+00
1.022255713017604206e+00
1.025433386590314688e+00
1.029225230819162951e+00
1.033723068304793546e+00
1.039030209309968589e+00
1.045261435011264339e+00
1.052542563996232916e+00
1.061009454518711648e+00
1.070806270551768025e+00
1.082082816144620319e+00
1.094990722421027129e+00
1.109678258220686331e+00
1.126283533715830121e+00
1.144925882957922303e+00
1.165695255166373956e+00
1.188639527551047514e+00
1.213749790043223031e+00
1.240943864037011179e+00
1.270048626566270489e+00
1.300782144051505052e+00
1.332737199597866962e+00
1.365368537252931391e+00
1.397987029821402771e+00
1.429764932062575600e+00
1.459757240786687449e+00
1.486944634910126739e+00
1.510303009694463183e+00
1.528902551023040290e+00
1.542034810262246092e+00
1.549358688092644654e+00
1.551045638469543908e+00
1.547892199578376315e+00
1.541357740537469434e+00
1.533482999411833969e+00
1.526657606522712429e+00
1.523237253961496229e+00
1.525061534497505811e+00
1.532978878519756893e+00
1.546522105531045632e+00
1.563870695689488555e+00
1.582168919943629959e+00
1.598152247882733912e+00
1.608906232502946398e+00
1.612494295049196280e+00
1.608177918594311251e+00
1.596006745515133884e+00
1.575652101343450351e+00
1.544551711953071393e+00
1.495942863255390609e+00
1.418395043620017670e+00
1.299652860488190731e+00
1.137472121951532689e+00
9.564000261905357680e-01
8.207110408408546665e-01
8.210633030332916693e-01
1.000000000000000000e+00
