1.000000000000000000e+00
1.021447484375591408e+00
1.042594020543079036e+00
1.063014411100034140e+00
1.082169775564174152e+00
1.099458931838826592e+00
1.114293480296939309e+00
1.126177079311679430e+00
1.134771062076174841e+00
1.139933977268594800e+00
1.141730175139677339e+00
1.140409918920066712e+00
1.136368776855410045e+00
1.130096359036411036e+00
1.122124008525432481e+00
1.112978756342562159e+00
1.103147821255561656e+00
1.093055089143771141e+00
1.083048868258881026e+00
1.073398940527490186e+00
1.064300417489411954e+00
1.055881947944410149e+00
1.048216183668763346e+00
1.041330902124967928e+00
1.035219683615232755e+00
1.029851473513237803e+00
1.025178698842986069e+00
1.021143850253569685e+00
1.017684597449829420e+00
1.014737596151684684e+00
1.012241185864414472e+00
1.010137186080677596e+00
1.008371986657018216e+00
1.006897105341155063e+00
1.005669358196530805e+00
1.004650761093143441e+00
1.003808254908659769e+00
1.003113324812585638e+00
1.002541565401457557e+00
1.002072228445074709e+00
1.001687778257867700e+00
1.001373470769798102e+00
1.001116965752865129e+00
1.000907976901559637e+00
1.000737961159066547e+00
1.000599846478573030e+00
1.000487795826530801e+00
1.000397004445897631e+00
1.000323527026751202e+00
1.000264131345720120e+00
1.000216175035398392e+00
1.000177502358087889e+00
1.000146358133906732e+00
1.000121316275971672e+00
1.000101220691699710e+00
1.000085136604227154e+00
1.000072310622887928e+00
1.000062138142059576e+00
1.000054136872079003e+00
1.000047925504671031e+00
1.000043206690169439e+00
1.000039753657028019e+00
1.000037399938568994e+00
1.000036031790505486e+00
1.000035582988457517e+00
1.000036031790505486e+00
1.000037399938568994e+00
1.000039753657028019e+00
1.000043206690169439e+00
1.000047925504671031e+00
1.000054136872079003e+00
1.000062138142059576e+00
1.000072310622887928e+00
1.000085136604227154e+00
1.000101220691699710e+00
1.000121316275971672e+00
1.000146358133906732e+00
1.000177502358087889e+00
1.000216175035398392e+00
1.000264131345720120e+00
1.000323527026751202e+00
1.000397004445897631e+00
1.000487795826530801e+00
1.000599846478573030e+00
1.000737961159066547e+00
1.000907976901559637e+00
1.001116965752865129e+00
1.001373470769798102e+00
1.001687778257867700e+00
1.002072228445074709e+00
1.002541565401457557e+00
1.003113324812585638e+00
1.003808254908659769e+00
1.004650761093143441e+00
1.005669358196530583e+00
1.006897105341155063e+00
1.008371986657018216e+00
1.010137186080677596e+00
1.012241185864414472e+00
1.014737596151684462e+00
1.017684597449829420e+00
1.021143850253569463e+00
1.025178698842986291e+00
1.029851473513237359e+00
1.035219683615232755e+00
1.041330902124967484e+00
1.048216183668762902e+00
1.055881947944410149e+00
1.064300417489411510e+00
1.073398940527489742e+00
1.083048868258880582e+00
1.093055089143770919e+00
1.103147821255560990e+00
1.112978756342561271e+00
1.122124008525431371e+00
1.130096359036410592e+00
1.136368776855408935e+00
1.140409918920065602e+00
1.141730175139676895e+00
1.139933977268593690e+00
1.134771062076173731e+00
1.126177079311677653e+00
1.114293480296938421e+00
1.099458931838826370e+00
1.082169775564173264e+00
1.063014411100033474e+00
1.042594020543079036e+00
1.021447484375590964e+00
1.000000000000000000e+00
