1.000000000000000000e+00
9.186333277279206122e-01
9.125500464293773151e-01
9.860855747232160073e-01
1.111300624171993157e+00
1.253123632815438038e+00
1.383106654718931683e+00
1.484633494757948480e+00
1.552499091553219746e+00
1.589658449782046290e+00
1.603387268109424335e+00
1.602164723186822570e+00
1.593683388439318227e+00
1.583841490300465615e+00
1.576408101657989613e+00
1.573103724895075217e+00
1.573933657271461728e+00
1.577667615597004636e+00
1.582374932102281306e+00
1.585929486647033038e+00
1.586414513680099114e+00
1.582387662218649460e+00
1.573001534375420674e+00
1.558002876132711600e+00
1.537648391584216956e+00
1.512577012220139627e+00
1.483671580236068044e+00
1.451932352030491424e+00
1.418374365379806212e+00
1.383952609818873247e+00
1.349513657516497656e+00
1.315769619044519390e+00
1.283289300949194800e+00
1.252501567245211112e+00
1.223706598796642009e+00
1.197091636907270829e+00
1.172748677957480945e+00
1.150692351710777217e+00
1.130876832179813718e+00
1.113211098989448811e+00
1.097572208189087961e+00
1.083816468815962830e+00
1.071788578787892243e+00
1.061328871233907511e+00
1.052278876586089762e+00
1.044485429444148794e+00
1.037803552100903914e+00
1.032098335935500488e+00
1.027246022980561779e+00
1.023134466713189639e+00
1.019663126243050000e+00
1.016742723448294639e+00
1.014294669463592369e+00
1.012250345984966549e+00
1.010550308494696514e+00
1.009143462837606142e+00
1.007986253532773269e+00
1.007041891601668127e+00
1.006279641289044680e+00
1.005674178568699340e+00
1.005205029479306233e+00
1.004856092852380867e+00
1.004615249622283546e+00
1.004474059418190013e+00
1.004427544328498012e+00
1.004474059419546927e+00
1.004615249625067763e+00
1.004856092856733607e+00
1.005205029485446433e+00
1.005674178576937861e+00
1.006279641299796301e+00
1.007041891615470197e+00
1.007986253550312572e+00
1.009143462859753759e+00
1.010550308522543350e+00
1.012250346019879066e+00
1.014294669507276092e+00
1.016742723502873424e+00
1.019663126311164403e+00
1.023134466798122144e+00
1.027246023086390458e+00
1.032098336067289512e+00
1.037803552264944029e+00
1.044485429648252861e+00
1.052278876839966459e+00
1.061328871549627628e+00
1.071788579180472212e+00
1.083816469304103913e+00
1.097572208796103954e+00
1.113211099744439547e+00
1.130876833119160763e+00
1.150692352880031910e+00
1.172748679413779582e+00
1.197091638722404650e+00
1.223706601060983168e+00
1.252501570072707571e+00
1.283289304483722360e+00
1.315769623467951455e+00
1.349513663058829138e+00
1.383952616770909305e+00
1.418374374108778202e+00
1.451932362998981318e+00
1.483671594024425389e+00
1.512577029552116814e+00
1.537648413354973265e+00
1.558002903437247566e+00
1.573001568534130756e+00
1.582387704794874006e+00
1.586414566482588828e+00
1.585929551708438412e+00
1.582375011623653238e+00
1.577667711848492749e+00
1.573933772441440393e+00
1.573103860884030203e+00
1.576408259819796376e+00
1.583841671142192098e+00
1.593683591301795044e+00
1.602164945942532892e+00
1.603387506930967321e+00
1.589658699049525614e+00
1.552499343972778556e+00
1.484633741742113600e+00
1.383106887022225173e+00
1.253123841332621557e+00
1.111300800727990978e+00
9.860857126662339045e-01
9.125501409119231022e-01
9.186333756923639182e-01
1.000000000000000000e+00
