1.000000000000000000e+00
1.078520528393901889e+00
1.156811822322441952e+00
1.233649929954817148e+00
1.306950456358962454e+00
1.374087943396304023e+00
1.432332833142520689e+00
1.479308121726203851e+00
1.513362648376287423e+00
1.533785911047224060e+00
1.540839110120139743e+00
1.535627450104721348e+00
1.519871289927260838e+00
1.495641769668221821e+00
1.465114809821610020e+00
1.430376251227513329e+00
1.393289986054362606e+00
1.355425709716120863e+00
1.318034695452176663e+00
1.282059472605503680e+00
1.248164331069438360e+00
1.216776253178341705e+00
1.188128891424116595e+00
1.162304877909901890e+00
1.139273815021413228e+00
1.118924748215126774e+00
1.101092861840819115e+00
1.085580696171899451e+00
1.072174475816371597e+00
1.060656259160740023e+00
1.050812632580469197e+00
1.042440627597768454e+00
1.035351463755260770e+00
1.029372633269634463e+00
1.024348756578868702e+00
1.020141556857656173e+00
1.016629229505993548e+00
1.013705420655317768e+00
1.011277976876802986e+00
1.009267585853884430e+00
1.007606393796637967e+00
1.006236658693609343e+00
1.005109477971709353e+00
1.004183613685736054e+00
1.003424427011125442e+00
1.002802925715067905e+00
1.002294922710440295e+00
1.001880300153442427e+00
1.001542371342165172e+00
1.001267331520291348e+00
1.001043788282777403e+00
1.000862362384161930e+00
1.000715350188291275e+00
1.000596439639489965e+00
1.000500472385338568e+00
1.000423245473484490e+00
1.000361346834833354e+00
1.000312019523790896e+00
1.000273050396324859e+00
1.000242679559928405e+00
1.000219527523714902e+00
1.000202537513748657e+00
1.000190930903030351e+00
1.000184174143342819e+00
1.000181955985518512e+00
1.000184174143342819e+00
1.000190930903030351e+00
1.000202537513748657e+00
1.000219527523714902e+00
1.000242679559928405e+00
1.000273050396324859e+00
1.000312019523790896e+00
1.000361346834833354e+00
1.000423245473484490e+00
1.000500472385338568e+00
1.000596439639489965e+00
1.000715350188291275e+00
1.000862362384161930e+00
1.001043788282777403e+00
1.001267331520291348e+00
1.001542371342165172e+00
1.001880300153442427e+00
1.002294922710440295e+00
1.002802925715067905e+00
1.003424427011125442e+00
1.004183613685736054e+00
1.005109477971709353e+00
1.006236658693609343e+00
1.007606393796637967e+00
1.009267585853884430e+00
1.011277976876802986e+00
1.013705420655317768e+00
1.016629229505993326e+00
1.020141556857656173e+00
1.024348756578868480e+00
1.029372633269634463e+00
1.035351463755260326e+00
1.042440627597768454e+00
1.050812632580469197e+00
1.060656259160739801e+00
1.072174475816371819e+00
1.085580696171899229e+00
1.101092861840819559e+00
1.118924748215126552e+00
1.139273815021413228e+00
1.162304877909901668e+00
1.188128891424116818e+00
1.216776253178342149e+00
1.248164331069438360e+00
1.282059472605503236e+00
1.318034695452177552e+00
1.355425709716121307e+00
1.393289986054362162e+00
1.430376251227512885e+00
1.465114809821608688e+00
1.495641769668222709e+00
1.519871289927260838e+00
1.535627450104719571e+00
1.540839110120139299e+00
1.533785911047224726e+00
1.513362648376286312e+00
1.479308121726202740e+00
1.432332833142520689e+00
1.374087943396305134e+00
1.306950456358962898e+00
1.233649929954816260e+00
1.156811822322441730e+00
1.078520528393901889e+00
1.000000000000000000e+00
