1.000000000000000000e+00
1.070443120550633509e+00
1.140307595250989792e+00
1.208319167873451727e+00
1.272590238844180544e+00
1.330867795948026400e+00
1.380882250023071522e+00
1.420710979510624528e+00
1.449071081608394707e+00
1.465481702228202510e+00
1.470277407223408384e+00
1.464494006997935083e+00
1.449673636490250717e+00
1.427642032865847233e+00
1.400301652428479704e+00
1.369467491717905050e+00
1.336755662007148571e+00
1.303522288279588937e+00
1.270843337537715945e+00
1.239523647417307695e+00
1.210124086697448975e+00
1.182997897315787084e+00
1.158329762050270384e+00
1.136173410324670563e+00
1.116485370021159884e+00
1.099153762205883567e+00
1.084021886624948472e+00
1.070906859583892201e+00
1.059613840065043888e+00
1.049946494871163205e+00
1.041714369188870171e+00
1.034737787337119075e+00
1.028850837714264443e+00
1.023902914013698595e+00
1.019759202506137719e+00
1.016300428713745152e+00
1.013422109173986563e+00
1.011033496315031588e+00
1.009056356674304045e+00
1.007423684058521562e+00
1.006078418708926225e+00
1.004972219921524967e+00
1.004064321712312635e+00
1.003320487929955540e+00
1.002712073745576360e+00
1.002215193869790522e+00
1.001809993477548177e+00
1.001480015103706878e+00
1.001211653262162216e+00
1.000993687890733508e+00
1.000816887665143984e+00
1.000673674556984860e+00
1.000557841583617824e+00
1.000464316404855003e+00
1.000388964186646357e+00
1.000328423924278898e+00
1.000279973163822111e+00
1.000241416760464297e+00
1.000210995955701065e+00
1.000187314638147029e+00
1.000169280175901898e+00
1.000156056675601146e+00
1.000147028940485461e+00
1.000141775773558894e+00
1.000140051610049596e+00
1.000141775773558894e+00
1.000147028940485461e+00
1.000156056675601146e+00
1.000169280175901898e+00
1.000187314638147029e+00
1.000210995955701065e+00
1.000241416760464297e+00
1.000279973163822111e+00
1.000328423924278898e+00
1.000388964186646357e+00
1.000464316404855003e+00
1.000557841583617824e+00
1.000673674556984860e+00
1.000816887665143984e+00
1.000993687890733508e+00
1.001211653262162216e+00
1.001480015103706878e+00
1.001809993477548177e+00
1.002215193869790522e+00
1.002712073745576360e+00
1.003320487929955540e+00
1.004064321712312635e+00
1.004972219921524967e+00
1.006078418708926225e+00
1.007423684058521562e+00
1.009056356674304045e+00
1.011033496315031588e+00
1.013422109173986563e+00
1.016300428713745152e+00
1.019759202506137497e+00
1.023902914013698595e+00
1.028850837714264221e+00
1.034737787337119075e+00
1.041714369188870171e+00
1.049946494871163205e+00
1.059613840065044110e+00
1.070906859583891979e+00
1.084021886624948916e+00
1.099153762205883345e+00
1.116485370021159884e+00
1.136173410324670563e+00
1.158329762050270384e+00
1.182997897315787750e+00
1.210124086697448753e+00
1.239523647417307251e+00
1.270843337537716611e+00
1.303522288279589159e+00
1.336755662007148349e+00
1.369467491717904606e+00
1.400301652428478372e+00
1.427642032865847899e+00
1.449673636490250273e+00
1.464494006997934195e+00
1.470277407223408161e+00
1.465481702228203176e+00
1.449071081608393818e+00
1.420710979510623639e+00
1.380882250023071300e+00
1.330867795948027288e+00
1.272590238844180988e+00
1.208319167873451283e+00
1.140307595250990014e+00
1.070443120550633287e+00
1.000000000000000000e+00
