1.000000000000000000e+00
8.748525554961847917e-01
8.634948238577760948e-01
9.585794505216667094e-01
1.109769355710562122e+00
1.267505975375722072e+00
1.400537695284454376e+00
1.497118141099303745e+00
1.558684924149140283e+00
1.592462097434482748e+00
1.606377087526798864e+00
1.606927796890649685e+00
1.599044405556952375e+00
1.586664291897845080e+00
1.573165467567981368e+00
1.561389756727897149e+00
1.553384315244501046e+00
1.550121750114191732e+00
1.551400796295845819e+00
1.555995787482249648e+00
1.562003370321434215e+00
1.567272650268285439e+00
1.569803117065704523e+00
1.568032071206292732e+00
1.560982622506955186e+00
1.548284125698779823e+00
1.530100052073006811e+00
1.507004322929431872e+00
1.479841638811123516e+00
1.449596707936988027e+00
1.417286281947991444e+00
1.383879104055188547e+00
1.350243029544907047e+00
1.317115404008951662e+00
1.285091572487853107e+00
1.254626406142987038e+00
1.226044384545815547e+00
1.199554663666801080e+00
1.175268458927640980e+00
1.153216863864441333e+00
1.133367866554721326e+00
1.115641817233959721e+00
1.099924959676698455e+00
1.086080890394320653e+00
1.073959977638287100e+00
1.063406877582168342e+00
1.054266344948882494e+00
1.046387563069725246e+00
1.039627224045142517e+00
1.033851580901227418e+00
1.028937675982383837e+00
1.024773927335355106e+00
1.021260230395740098e+00
1.018307707861946243e+00
1.015838217533228116e+00
1.013783706887226188e+00
1.012085484692504034e+00
1.010693464135364650e+00
1.009565418743353815e+00
1.008666281641626528e+00
1.007967510140808542e+00
1.007446531045057991e+00
1.007086277093327986e+00
1.006874821314198920e+00
1.006805113508481231e+00
1.006874821311757540e+00
1.007086277088321324e+00
1.007446531037236914e+00
1.007967510129774924e+00
1.008666281626830807e+00
1.009565418724056807e+00
1.010693464110608231e+00
1.012085484661062296e+00
1.013783706847557253e+00
1.015838217483389316e+00
1.018307707799514183e+00
1.021260230317697859e+00
1.024773927237945692e+00
1.028937675860943202e+00
1.033851580749964194e+00
1.039627223856876448e+00
1.046387562835548790e+00
1.054266344657746490e+00
1.063406877220367974e+00
1.073959977188814641e+00
1.086080889836057661e+00
1.099924958983407031e+00
1.115641816373003969e+00
1.133367865485473969e+00
1.153216862536243781e+00
1.175268457277241829e+00
1.199554661615099604e+00
1.226044381993714349e+00
1.254626402966115384e+00
1.285091568529843187e+00
1.317115399072896098e+00
1.350243023382475371e+00
1.383879096352903515e+00
1.417286272309917550e+00
1.449596695863192286e+00
1.479841623671138029e+00
1.507004303930128408e+00
1.530100028220634956e+00
1.548284095755507961e+00
1.560982584943416906e+00
1.568032024153244830e+00
1.569803058270248686e+00
1.567272577062974515e+00
1.562003279617731888e+00
1.555995675802717582e+00
1.551400659861154274e+00
1.550121585001001501e+00
1.553384117627614414e+00
1.561389523215049424e+00
1.573165195627987956e+00
1.586663980372084115e+00
1.599044055227727856e+00
1.606927411054219101e+00
1.606376672481492074e+00
1.592461662751509577e+00
1.558684482566288443e+00
1.497117707900720296e+00
1.400537287137166187e+00
1.267505608781410942e+00
1.109769045426184153e+00
9.585792083747898262e-01
8.634946582406323179e-01
8.748524715190635348e-01
1.000000000000000000e+00
