1.000000000000000000e+00
1.080265146847029900e+00
1.160652258970352513e+00
1.240087574474167065e+00
1.316475629686685744e+00
1.387057563916119118e+00
1.448890836973144802e+00
1.499352219683209197e+00
1.536555351237496758e+00
1.559600277530202694e+00
1.568624475302730081e+00
1.564679618744839740e+00
1.549494901308886119e+00
1.525197741635477611e+00
1.494050811063709849e+00
1.458241731653023399e+00
1.419739114313459227e+00
1.380211978377132720e+00
1.341000528603660591e+00
1.303123405249389188e+00
1.267307543109359447e+00
1.234029584771352495e+00
1.203560981583272849e+00
1.176011738483901503e+00
1.151369941733426217e+00
1.129535743237710221e+00
1.110349469671730649e+00
1.093614116158102334e+00
1.079112797450750616e+00
1.066621862167734136e+00
1.055920397926906062e+00
1.046796814906961748e+00
1.039053123206618245e+00
1.032507434549426950e+00
1.026995132764521923e+00
1.022369076452771974e+00
1.018499124569179015e+00
1.015271212625413311e+00
1.012586153988297655e+00
1.010358296794613198e+00
1.008514131435537253e+00
1.006990915339076365e+00
1.005735359814700969e+00
1.004702406980634066e+00
1.003854112317325908e+00
1.003158639334548852e+00
1.002589366477272259e+00
1.002124102113457704e+00
1.001744400740933072e+00
1.001434972012337887e+00
1.001183173482929067e+00
1.000978577883283371e+00
1.000812606014786166e+00
1.000678216914897778e+00
1.000569647635476622e+00
1.000482195744461844e+00
1.000412038446538476e+00
1.000356082986632922e+00
1.000311843729911665e+00
1.000277341991136604e+00
1.000251025309909725e+00
1.000231703436547992e+00
1.000218498809588574e+00
1.000210809775531784e+00
1.000208285232088379e+00
1.000210809775531784e+00
1.000218498809588574e+00
1.000231703436547992e+00
1.000251025309909725e+00
1.000277341991136604e+00
1.000311843729911665e+00
1.000356082986632922e+00
1.000412038446538476e+00
1.000482195744461844e+00
1.000569647635476622e+00
1.000678216914897778e+00
1.000812606014786166e+00
1.000978577883283371e+00
1.001183173482929067e+00
1.001434972012337887e+00
1.001744400740933072e+00
1.002124102113457704e+00
1.002589366477272259e+00
1.003158639334548852e+00
1.003854112317325908e+00
1.004702406980634066e+00
1.005735359814700969e+00
1.006990915339076365e+00
1.008514131435537253e+00
1.010358296794613198e+00
1.012586153988297655e+00
1.015271212625413311e+00
1.018499124569178793e+00
1.022369076452771974e+00
1.026995132764521701e+00
1.032507434549426950e+00
1.039053123206617801e+00
1.046796814906961748e+00
1.055920397926906062e+00
1.066621862167733914e+00
1.079112797450750838e+00
1.093614116158102112e+00
1.110349469671731093e+00
1.129535743237709999e+00
1.151369941733426217e+00
1.176011738483901281e+00
1.203560981583273071e+00
1.234029584771352939e+00
1.267307543109359669e+00
1.303123405249388966e+00
1.341000528603661479e+00
1.380211978377133386e+00
1.419739114313458783e+00
1.458241731653023177e+00
1.494050811063708739e+00
1.525197741635478721e+00
1.549494901308886341e+00
1.564679618744838407e+00
1.568624475302730081e+00
1.559600277530203360e+00
1.536555351237496314e+00
1.499352219683208531e+00
1.448890836973145024e+00
1.387057563916120451e+00
1.316475629686686633e+00
1.240087574474166177e+00
1.160652258970352291e+00
1.080265146847029900e+00
1.000000000000000000e+00
