1.000000000000000000e+00
9.343993465319875291e-01
9.327313326171106089e-01
1.000867862840708167e+00
1.116524095780657033e+00
1.249559457261461226e+00
1.374002786283291089e+00
1.473491576183294960e+00
1.541909426687964046e+00
1.581142332893324731e+00
1.597756823318703612e+00
1.599906146364586279e+00
1.595110496209731110e+00
1.589023424051221989e+00
1.585013045925939501e+00
1.584305467033159109e+00
1.586455649185011252e+00
1.589955701623783080e+00
1.592836722517554371e+00
1.593166404606585429e+00
1.589391311427140296e+00
1.580515398239083380e+00
1.566138181601444357e+00
1.546392997300026106e+00
1.521828878748592739e+00
1.493273053198648892e+00
1.461700113844603077e+00
1.428122753854236704e+00
1.393509922813384705e+00
1.358732167876379515e+00
1.324530518605846918e+00
1.291503891772095791e+00
1.260109899017667567e+00
1.230674537243565458e+00
1.203407114595489213e+00
1.178417665746539944e+00
1.155734912559819527e+00
1.135323482007685181e+00
1.117099598137588412e+00
1.100944835599983351e+00
1.086717782856471803e+00
1.074263637953628781e+00
1.063421870029130689e+00
1.054032142966836227e+00
1.045938727511472432e+00
1.038993635122397619e+00
1.033058698703966716e+00
1.028006807863118377e+00
1.023722483703211283e+00
1.020101953349287660e+00
1.017052859474647297e+00
1.014493716423002789e+00
1.012353202929126228e+00
1.010569362377568670e+00
1.009088765167626134e+00
1.007865674040724580e+00
1.006861242014616575e+00
1.006042763621006753e+00
1.005382993186108909e+00
1.004859538642874250e+00
1.004454335543682131e+00
1.004153203296695551e+00
1.003945483947715323e+00
1.003823762868814251e+00
1.003783670320123278e+00
1.003823762868813807e+00
1.003945483947713990e+00
1.004153203296693997e+00
1.004454335543679688e+00
1.004859538642871142e+00
1.005382993186105134e+00
1.006042763621002090e+00
1.006861242014609914e+00
1.007865674040717030e+00
1.009088765167616142e+00
1.010569362377555569e+00
1.012353202929110241e+00
1.014493716422982805e+00
1.017052859474622428e+00
1.020101953349256574e+00
1.023722483703172648e+00
1.028006807863069749e+00
1.033058698703906986e+00
1.038993635122322345e+00
1.045938727511379396e+00
1.054032142966721208e+00
1.063421870028987692e+00
1.074263637953451367e+00
1.086717782856251091e+00
1.100944835599708682e+00
1.117099598137248462e+00
1.135323482007263296e+00
1.155734912559296168e+00
1.178417665745887355e+00
1.203407114594677196e+00
1.230674537242554933e+00
1.260109899016406576e+00
1.291503891770527490e+00
1.324530518603887819e+00
1.358732167873931918e+00
1.393509922810326040e+00
1.428122753850406434e+00
1.461700113839809134e+00
1.493273053192645694e+00
1.521828878741081414e+00
1.546392997290637394e+00
1.566138181589734835e+00
1.580515398224525914e+00
1.589391311409120711e+00
1.593166404584408946e+00
1.592836722490466261e+00
1.589955701590995307e+00
1.586455649145758651e+00
1.584305466986764444e+00
1.585013045871909387e+00
1.589023423989353256e+00
1.595110496140217382e+00
1.599906146288131659e+00
1.597756823236609947e+00
1.581142332807519146e+00
1.541909426600970967e+00
1.473491576098086231e+00
1.374002786203080806e+00
1.249559457189419076e+00
1.116524095719630960e+00
1.000867862793012986e+00
9.327313325844366343e-01
9.343993465153981326e-01
1.000000000000000000e+00
