1.000000000000000000e+00
7.673354146388015051e-01
7.916805045347022896e-01
9.676633305965416376e-01
1.163068609778574292e+00
1.315641128048921304e+00
1.419383310338943938e+00
1.488755702281535864e+00
1.536883916963744268e+00
1.570457849145277418e+00
1.592378347210384959e+00
1.604739953913593586e+00
1.609713219655425354e+00
1.609064840508646954e+00
1.603682784888643909e+00
1.593771570084597133e+00
1.579562148972906144e+00
1.562008461392760061e+00
1.543038739452846198e+00
1.525253865504101469e+00
1.511261649940986107e+00
1.502965552866454058e+00
1.501082829489235992e+00
1.505023992121027332e+00
1.513111740225852708e+00
1.523014753904198715e+00
1.532240537644434131e+00
1.538558701055494859e+00
1.540282315576081640e+00
1.536391891398050769e+00
1.526526711466465125e+00
1.510887008566193623e+00
1.490091734525215816e+00
1.465027747471163710e+00
1.436713842775884986e+00
1.406191561558926439e+00
1.374446124857800600e+00
1.342355479809565821e+00
1.310662756158588627e+00
1.279966597760733960e+00
1.250724097846189986e+00
1.223261862511630715e+00
1.197791688985885061e+00
1.174428269228696031e+00
1.153207120922223883e+00
1.134101578731386173e+00
1.117038155672161581e+00
1.101909929577350233e+00
1.088587849067007340e+00
1.076930011702879053e+00
1.066789065023568739e+00
1.058017935666904386e+00
1.050474115744707504e+00
1.044022738836823283e+00
1.038538667698177598e+00
1.033907797357602298e+00
1.030027754570367993e+00
1.026808150267879194e+00
1.024170517560895943e+00
1.022048045170728336e+00
1.020385195565434611e+00
1.019137278874632901e+00
1.018270037887790691e+00
1.017759285954847659e+00
1.017590628120099705e+00
1.017759285955730508e+00
1.018270037889603463e+00
1.019137278877475072e+00
1.020385195569462500e+00
1.022048045176161324e+00
1.024170517568028904e+00
1.026808150277100262e+00
1.030027754582177435e+00
1.033907797372648263e+00
1.038538667717267883e+00
1.044022738860996169e+00
1.050474115775276607e+00
1.058017935705520163e+00
1.066789065072319964e+00
1.076930011764392292e+00
1.088587849144601494e+00
1.101909929675206179e+00
1.117038155795551546e+00
1.134101578886949513e+00
1.153207121118348777e+00
1.174428269475963127e+00
1.197791689297669215e+00
1.223261862904853059e+00
1.250724098342286039e+00
1.279966598386899967e+00
1.310662756949367180e+00
1.342355480808943957e+00
1.374446126121862344e+00
1.406191563159312041e+00
1.436713844804252238e+00
1.465027750044947785e+00
1.490091737794995597e+00
1.510887012725107059e+00
1.526526716762066860e+00
1.536391898147068336e+00
1.540282324182436380e+00
1.538558712031629749e+00
1.532240551635769776e+00
1.523014771715692106e+00
1.513111762848910802e+00
1.505024020757930847e+00
1.501082865571317981e+00
1.502965598061594132e+00
1.511261706145757389e+00
1.525253934815893109e+00
1.543038824116840901e+00
1.562008563716855702e+00
1.579562271200203538e+00
1.593771714209395007e+00
1.603682952402239348e+00
1.609065032071603785e+00
1.609713434717199299e+00
1.604740190334904559e+00
1.592378600974937886e+00
1.570458114257648807e+00
1.536884185609453723e+00
1.488755965276827409e+00
1.419383557832406551e+00
1.315641350362876771e+00
1.163068798214455635e+00
9.676634780219031118e-01
7.916806056602837538e-01
7.673354660364244406e-01
1.000000000000000000e+00
