1.000000000000000000e+00
9.514487831711280208e-01
9.554697238558105266e-01
1.018640053392541933e+00
1.123873244688854633e+00
1.246240336163218387e+00
1.363053908561301153e+00
1.459089553020988195e+00
1.527883234509525456e+00
1.570314646721285845e+00
1.591859014565691899e+00
1.599721242719037706e+00
1.600621557910406612e+00
1.599513646413299517e+00
1.599164221586134804e+00
1.600351328624496805e+00
1.602403957259602940e+00
1.603846251312291971e+00
1.602980652071922973e+00
1.598319214292004187e+00
1.588836108276956427e+00
1.574059088194544431e+00
1.554041542148592914e+00
1.529262719426682349e+00
1.500497818588770738e+00
1.468688140019089428e+00
1.434829336541724398e+00
1.399885735356475536e+00
1.364731744261068247e+00
1.330117328934907972e+00
1.296652766272415658e+00
1.264807559912502599e+00
1.234918893681625329e+00
1.207205835928308213e+00
1.181786411103710188e+00
1.158695476999394902e+00
1.137902026513446740e+00
1.119325061299695223e+00
1.102847575350188958e+00
1.088328462949404996e+00
1.075612352122642390e+00
1.064537483672597373e+00
1.054941825297842417e+00
1.046667644398718844e+00
1.039564772927867642e+00
1.033492791234554620e+00
1.028322341346869617e+00
1.023935757945344305e+00
1.020227180555402180e+00
1.017102285409549722e+00
1.014477751455935328e+00
1.012280553018641838e+00
1.010447152138717941e+00
1.008922646838030568e+00
1.007659917440014707e+00
1.006618801503938565e+00
1.005765318653033091e+00
1.005070959329338542e+00
1.004512046004960801e+00
1.004069171342315547e+00
1.003726714966621358e+00
1.003472438660127919e+00
1.003297158706501380e+00
1.003194493630789719e+00
1.003160685548481368e+00
1.003194493630789719e+00
1.003297158706501380e+00
1.003472438660127919e+00
1.003726714966621358e+00
1.004069171342315547e+00
1.004512046004960801e+00
1.005070959329338542e+00
1.005765318653033091e+00
1.006618801503938787e+00
1.007659917440014707e+00
1.008922646838030568e+00
1.010447152138717941e+00
1.012280553018642282e+00
1.014477751455935328e+00
1.017102285409549722e+00
1.020227180555402180e+00
1.023935757945344305e+00
1.028322341346869617e+00
1.033492791234554176e+00
1.039564772927867420e+00
1.046667644398718844e+00
1.054941825297842639e+00
1.064537483672597817e+00
1.075612352122642390e+00
1.088328462949404329e+00
1.102847575350188958e+00
1.119325061299695889e+00
1.137902026513448295e+00
1.158695476999394680e+00
1.181786411103709744e+00
1.207205835928308213e+00
1.234918893681623997e+00
1.264807559912504376e+00
1.296652766272416990e+00
1.330117328934909304e+00
1.364731744261071356e+00
1.399885735356477756e+00
1.434829336541728617e+00
1.468688140019092758e+00
1.500497818588776067e+00
1.529262719426688788e+00
1.554041542148600685e+00
1.574059088194555756e+00
1.588836108276970638e+00
1.598319214292020174e+00
1.602980652071943402e+00
1.603846251312315063e+00
1.602403957259631806e+00
1.600351328624529890e+00
1.599164221586173884e+00
1.599513646413346590e+00
1.600621557910459458e+00
1.599721242719093883e+00
1.591859014565752295e+00
1.570314646721346907e+00
1.527883234509591182e+00
1.459089553021051477e+00
1.363053908561360217e+00
1.246240336163272344e+00
1.123873244688901485e+00
1.018640053392577016e+00
9.554697238558346184e-01
9.514487831711392340e-01
1.000000000000000000e+00
