1.000000000000000000e+00
1.026296523558019702e+00
1.052229066148609116e+00
1.077275605768261313e+00
1.100769809060446081e+00
1.121966043088811427e+00
1.140134241686195704e+00
1.154659909274203811e+00
1.165126532533407255e+00
1.171364627039052086e+00
1.173461388705142161e+00
1.171734410958743977e+00
1.166679646088742528e+00
1.158906593182993161e+00
1.149072908925250047e+00
1.137827523166859756e+00
1.125767386592655850e+00
1.113409358651304526e+00
1.101176102563249160e+00
1.089393343435348438e+00
1.078295301783720683e+00
1.068035241682997238e+00
1.058698571912355835e+00
1.050316575944977959e+00
1.042879470315197565e+00
1.036348020317241714e+00
1.030663348049378314e+00
1.025754852718983479e+00
1.021546344761210534e+00
1.017960596950138852e+00
1.014922559983711503e+00
1.012361496307466968e+00
1.010212269235214233e+00
1.008415995634367457e+00
1.006920236984567785e+00
1.005678870181248019e+00
1.004651748736723693e+00
1.003804238346715838e+00
1.003106688557702908e+00
1.002533884363094430e+00
1.002064507550913364e+00
1.001680626967845322e+00
1.001367228971861589e+00
1.001111793668290506e+00
1.000903918574992391e+00
1.000734988728672725e+00
1.000597890588719174e+00
1.000486766148304341e+00
1.000396803216015984e+00
1.000324057725945570e+00
1.000265304051855209e+00
1.000217909555377371e+00
1.000179729928267980e+00
1.000149022251788811e+00
1.000124373064366745e+00
1.000104639083504887e+00
1.000088898559120754e+00
1.000076411537380583e+00
1.000066587585008104e+00
1.000058959764194899e+00
1.000053163859730310e+00
1.000048922045496669e+00
1.000046030340403291e+00
1.000044349347691153e+00
1.000043797899835329e+00
1.000044349347691153e+00
1.000046030340403291e+00
1.000048922045496669e+00
1.000053163859730310e+00
1.000058959764194899e+00
1.000066587585008104e+00
1.000076411537380583e+00
1.000088898559120754e+00
1.000104639083504887e+00
1.000124373064366745e+00
1.000149022251788811e+00
1.000179729928267980e+00
1.000217909555377371e+00
1.000265304051855209e+00
1.000324057725945570e+00
1.000396803216015984e+00
1.000486766148304341e+00
1.000597890588719174e+00
1.000734988728672725e+00
1.000903918574992391e+00
1.001111793668290506e+00
1.001367228971861589e+00
1.001680626967845322e+00
1.002064507550913364e+00
1.002533884363094430e+00
1.003106688557702908e+00
1.003804238346715838e+00
1.004651748736723693e+00
1.005678870181248019e+00
1.006920236984567563e+00
1.008415995634367457e+00
1.010212269235214233e+00
1.012361496307466968e+00
1.014922559983711503e+00
1.017960596950138630e+00
1.021546344761210534e+00
1.025754852718983257e+00
1.030663348049378536e+00
1.036348020317241270e+00
1.042879470315197565e+00
1.050316575944977515e+00
1.058698571912355391e+00
1.068035241682997460e+00
1.078295301783720239e+00
1.089393343435347994e+00
1.101176102563248937e+00
1.113409358651304304e+00
1.125767386592655406e+00
1.137827523166858867e+00
1.149072908925248937e+00
1.158906593182993161e+00
1.166679646088741418e+00
1.171734410958743089e+00
1.173461388705141717e+00
1.171364627039050976e+00
1.165126532533406145e+00
1.154659909274202256e+00
1.140134241686195038e+00
1.121966043088811205e+00
1.100769809060445192e+00
1.077275605768260647e+00
1.052229066148609338e+00
1.026296523558019480e+00
1.000000000000000000e+00
