1.000000000000000000e+00
8.310361408410205097e-01
8.277530854763068824e-01
9.557733963863611626e-01
1.132203381040656431e+00
1.294587335298223341e+00
1.416313477628218020e+00
1.496994948995142405e+00
1.547435140284468824e+00
1.578847220578533328e+00
1.598369555057361335e+00
1.609024715220624291e+00
1.611542838309176107e+00
1.606269276885725628e+00
1.594359682456136129e+00
1.578114126738331402e+00
1.560629178475046119e+00
1.545082780548445500e+00
1.533983407784607289e+00
1.528641754868675262e+00
1.528994059008743633e+00
1.533769371669415627e+00
1.540893296251919065e+00
1.547980518081445211e+00
1.552783774292144869e+00
1.553515540456454902e+00
1.549014378824356442e+00
1.538771469455802343e+00
1.522856554301561971e+00
1.501787980244772225e+00
1.476385050768706853e+00
1.447629288673227155e+00
1.416549435986073302e+00
1.384135671700082115e+00
1.351282349801801175e+00
1.318755208524801104e+00
1.287177716042191111e+00
1.257031219104587594e+00
1.228664232372254528e+00
1.202307131111513883e+00
1.178089444505656669e+00
1.156057770233210658e+00
1.136192999527262826e+00
1.118426054535231140e+00
1.102651715188418535e+00
1.088740376282893774e+00
1.076547752105662337e+00
1.065922657505005366e+00
1.056713058518318205e+00
1.048770616361128116e+00
1.041953956263036218e+00
1.036130885165881921e+00
1.031179765461192277e+00
1.026990229929839904e+00
1.023463398836083060e+00
1.020511735774751516e+00
1.018058655729130901e+00
1.016037977695901429e+00
1.014393295611160317e+00
1.013077325323211930e+00
1.012051271961608157e+00
1.011284251071224549e+00
1.010752788055440110e+00
1.010440413494123613e+00
1.010337366438808226e+00
1.010440413496986878e+00
1.010752788061313634e+00
1.011284251080414975e+00
1.012051271974581335e+00
1.013077325340636214e+00
1.014393295633924108e+00
1.016037977725163355e+00
1.018058655766371778e+00
1.020511735821857391e+00
1.023463398895416487e+00
1.026990230004378502e+00
1.031179765554667949e+00
1.036130885282953162e+00
1.041953956409530591e+00
1.048770616544326018e+00
1.056713058747321243e+00
1.065922657791189998e+00
1.076547752463268948e+00
1.088740376729754544e+00
1.102651715746893135e+00
1.118426055233400440e+00
1.136193000400451458e+00
1.156057771325939898e+00
1.178089445874157759e+00
1.202307132826963665e+00
1.228664234524957655e+00
1.257031221809403521e+00
1.287177719445544932e+00
1.318755212813772726e+00
1.351282355215870368e+00
1.384135678546275949e+00
1.416549444658373291e+00
1.447629299677274606e+00
1.476385064752892218e+00
1.501787998038838889e+00
1.522856576963636854e+00
1.538771498328249221e+00
1.549014415598021666e+00
1.553515587241335760e+00
1.552783833690491111e+00
1.547980593256665260e+00
1.540893390983645750e+00
1.533769490382183465e+00
1.528994206759096475e+00
1.528641937273506501e+00
1.533983630871545545e+00
1.545083050506786959e+00
1.560629501282908782e+00
1.578114507641063646e+00
1.594360125278489582e+00
1.606269783185123590e+00
1.611543406426223735e+00
1.609025339352846196e+00
1.598370224552366103e+00
1.578847919678650236e+00
1.547435848522626500e+00
1.496995642328750487e+00
1.416314130223625956e+00
1.294587921686449539e+00
1.132203878218892790e+00
9.557737854196896032e-01
8.277533523242630586e-01
8.310362764517932321e-01
1.000000000000000000e+00
