1.000000000000000000e+00
9.526873723354171153e-01
9.571418963755476961e-01
1.019963246317520111e+00
1.124418988688744570e+00
1.245961048680783723e+00
1.362164534540707628e+00
1.457917295411291336e+00
1.526749240256170204e+00
1.569467742910231500e+00
1.591452803351267375e+00
1.599815939393537834e+00
1.601195838976402497e+00
1.600480026401265077e+00
1.600387062256365178e+00
1.601667680280042250e+00
1.603645874576988817e+00
1.604861596798899503e+00
1.603649155248809022e+00
1.598561712632664333e+00
1.588616661930755569e+00
1.573381188419128440e+00
1.552940461784130699e+00
1.527796154129305917e+00
1.498736571756122293e+00
1.466708002973198921e+00
1.432704731546582178e+00
1.397685239932033419e+00
1.362515330822236859e+00
1.327935012419952487e+00
1.294544313031151805e+00
1.262802932959551150e+00
1.233039160863618644e+00
1.205464327765926269e+00
1.180189972257876141e+00
1.157245704031679923e+00
1.136596423301636571e+00
1.118158072630574651e+00
1.101811480235834528e+00
1.087414123721073711e+00
1.074809824866333141e+00
1.063836501369630483e+00
1.054332168153419236e+00
1.046139413079832714e+00
1.039108580394058512e+00
1.033099887982068088e+00
1.027984687530689945e+00
1.023646054234343516e+00
1.019978867883162055e+00
1.016889522123054945e+00
1.014295374811164052e+00
1.012124030570153543e+00
1.010312527341004296e+00
1.008806482124800397e+00
1.007559237167707122e+00
1.006531036424546333e+00
1.005688253001614907e+00
1.005002681154535393e+00
1.004450901017353459e+00
1.004013720287450839e+00
1.003675694330519841e+00
1.003424724370527654e+00
1.003251732390649797e+00
1.003150410920049529e+00
1.003117045873243685e+00
1.003150410920049529e+00
1.003251732390649797e+00
1.003424724370527654e+00
1.003675694330519841e+00
1.004013720287450839e+00
1.004450901017353459e+00
1.005002681154535393e+00
1.005688253001614907e+00
1.006531036424546555e+00
1.007559237167707122e+00
1.008806482124800397e+00
1.010312527341004296e+00
1.012124030570153765e+00
1.014295374811164052e+00
1.016889522123054945e+00
1.019978867883162055e+00
1.023646054234343516e+00
1.027984687530689945e+00
1.033099887982067422e+00
1.039108580394058068e+00
1.046139413079832714e+00
1.054332168153419236e+00
1.063836501369630705e+00
1.074809824866332697e+00
1.087414123721072601e+00
1.101811480235834084e+00
1.118158072630574651e+00
1.136596423301637460e+00
1.157245704031678812e+00
1.180189972257874587e+00
1.205464327765924937e+00
1.233039160863615535e+00
1.262802932959550706e+00
1.294544313031150473e+00
1.327935012419950711e+00
1.362515330822235970e+00
1.397685239932030754e+00
1.432704731546580179e+00
1.466708002973194480e+00
1.498736571756117852e+00
1.527796154129300366e+00
1.552940461784123594e+00
1.573381188419121113e+00
1.588616661930746687e+00
1.598561712632652121e+00
1.603649155248794811e+00
1.604861596798880852e+00
1.603645874576967501e+00
1.601667680280016270e+00
1.600387062256335424e+00
1.600480026401233102e+00
1.601195838976366304e+00
1.599815939393496089e+00
1.591452803351222522e+00
1.569467742910182428e+00
1.526749240256124240e+00
1.457917295411245373e+00
1.362164534540663441e+00
1.245961048680745087e+00
1.124418988688712817e+00
1.019963246317493910e+00
9.571418963755297105e-01
9.526873723354069012e-01
1.000000000000000000e+00
