1.000000000000000000e+00
7.390418984983866402e-01
7.844824083293260308e-01
9.797571327869367686e-01
1.173725686515484146e+00
1.315714613038484471e+00
1.413180733901406860e+00
1.483711294174738793e+00
1.536475100867454646e+00
1.573574917454797273e+00
1.595838233117363947e+00
1.605761367851094246e+00
1.607253287014732246e+00
1.604084836369451095e+00
1.598599997012575713e+00
1.591364377733320623e+00
1.581736596244144533e+00
1.568924649025734253e+00
1.552948743059733072e+00
1.535074922013696774e+00
1.517599215064105778e+00
1.503166475895788556e+00
1.493963165812601579e+00
1.491100673478871874e+00
1.494366086237164826e+00
1.502350904734188752e+00
1.512845535078504611e+00
1.523338241226003476e+00
1.531473941403318717e+00
1.535382337737320135e+00
1.533845587853964076e+00
1.526322164507779133e+00
1.512868090115572883e+00
1.494001871403086046e+00
1.470552310896632076e+00
1.443516178537755490e+00
1.413940586352557593e+00
1.382835396688279594e+00
1.351114773776158406e+00
1.319563654255642815e+00
1.288823663675299214e+00
1.259393044403414263e+00
1.231635861783106245e+00
1.205796702607595527e+00
1.182018030390699748e+00
1.160358196342703874e+00
1.140808781197659494e+00
1.123310460991328918e+00
1.107766969003507240e+00
1.094056992153110919e+00
1.082044018542700936e+00
1.071584265626106536e+00
1.062532883513044535e+00
1.054748659182522585e+00
1.048097455457569938e+00
1.042454611410131404e+00
1.037706514229658428e+00
1.033751530700931065e+00
1.030500462259829719e+00
1.027876663152549996e+00
1.025815937819164025e+00
1.024266312018210057e+00
1.023187752759340485e+00
1.022551894867919975e+00
1.022341816803186143e+00
1.022551894868151789e+00
1.023187752759815439e+00
1.024266312018962566e+00
1.025815937820246493e+00
1.027876663154035919e+00
1.030500462261816796e+00
1.033751530703556964e+00
1.037706514233098121e+00
1.042454611414623811e+00
1.048097455463413930e+00
1.054748659190116733e+00
1.062532883522905980e+00
1.071584265638894751e+00
1.082044018559266574e+00
1.094056992174541776e+00
1.107766969031206861e+00
1.123310461027083429e+00
1.140808781243751291e+00
1.160358196402034192e+00
1.182018030466964076e+00
1.205796702705476342e+00
1.231635861908547014e+00
1.259393044563953845e+00
1.288823663880479753e+00
1.319563654517551754e+00
1.351114774110092398e+00
1.382835397113633125e+00
1.413940586893933871e+00
1.443516179226401297e+00
1.470552311772301390e+00
1.494001872516453222e+00
1.512868091531372139e+00
1.526322166308844208e+00
1.533845590146425630e+00
1.535382340657164502e+00
1.531473945124545821e+00
1.523338245970364824e+00
1.512845541126732307e+00
1.502350912438055186e+00
1.494366096031399582e+00
1.491100685891348476e+00
1.493963181470964185e+00
1.503166495528698521e+00
1.517599239495677654e+00
1.535074952150202732e+00
1.552948779867532547e+00
1.568924693497831813e+00
1.581736649349532620e+00
1.591364440339929409e+00
1.598600069774576582e+00
1.604084919577003276e+00
1.607253380419689570e+00
1.605761470500416177e+00
1.595838343236875456e+00
1.573575032421551390e+00
1.536475217292341933e+00
1.483711408097602158e+00
1.413180841084489714e+00
1.315714709320529252e+00
1.173725768154036508e+00
9.797571967020832773e-01
7.844824522109865583e-01
7.390419208191407741e-01
1.000000000000000000e+00
