1.000000000000000000e+00
1.055235683906724953e+00
1.109832660606571153e+00
1.162718209508715850e+00
1.212430265133391805e+00
1.257285218408121130e+00
1.295618830784437625e+00
1.326037882165174597e+00
1.347623043965092693e+00
1.360042082536502717e+00
1.363560169210460638e+00
1.358960721599844934e+00
1.347407613809386229e+00
1.330284699586717467e+00
1.309043434889133994e+00
1.285078741084181519e+00
1.259641882752821074e+00
1.233790138333473729e+00
1.208367540720021616e+00
1.184008666728369796e+00
1.161157417745124709e+00
1.140093948515812805e+00
1.120964581161861817e+00
1.103811196815406293e+00
1.088597986424566066e+00
1.075234490846216362e+00
1.063594586075458537e+00
1.053531529877890227e+00
1.044889447566228702e+00
1.037511757263043677e+00
1.031247066922078792e+00
1.025953052479278371e+00
1.021498773913403824e+00
1.017765820465273086e+00
1.014648608351520265e+00
1.012054090205804835e+00
1.009901078421946430e+00
1.008119335869625877e+00
1.006648547223762069e+00
1.005437251827176137e+00
1.004441793679084149e+00
1.003625324764990667e+00
1.002956883475699223e+00
1.002410559342146623e+00
1.001964747892786223e+00
1.001601494403827841e+00
1.001305922069866794e+00
1.001065738198424482e+00
1.000870811053869325e+00
1.000712809656572277e+00
1.000584898964675951e+00
1.000481483267570582e+00
1.000397991185765001e+00
1.000330696318630697e+00
1.000276568253317899e+00
1.000233149307714342e+00
1.000198453004814914e+00
1.000170880852334188e+00
1.000149154524212047e+00
1.000132261008883194e+00
1.000119408705237412e+00
1.000109992815316984e+00
1.000103568708818891e+00
1.000099832224297991e+00
1.000098606132435286e+00
1.000099832224297991e+00
1.000103568708818891e+00
1.000109992815316984e+00
1.000119408705237412e+00
1.000132261008883194e+00
1.000149154524212047e+00
1.000170880852334188e+00
1.000198453004814914e+00
1.000233149307714342e+00
1.000276568253317899e+00
1.000330696318630697e+00
1.000397991185765001e+00
1.000481483267570582e+00
1.000584898964675951e+00
1.000712809656572277e+00
1.000870811053869325e+00
1.001065738198424482e+00
1.001305922069866794e+00
1.001601494403827841e+00
1.001964747892786223e+00
1.002410559342146623e+00
1.002956883475699223e+00
1.003625324764990667e+00
1.004441793679084149e+00
1.005437251827176137e+00
1.006648547223762069e+00
1.008119335869625877e+00
1.009901078421946430e+00
1.012054090205804835e+00
1.014648608351520043e+00
1.017765820465273086e+00
1.021498773913403824e+00
1.025953052479278371e+00
1.031247066922078792e+00
1.037511757263043677e+00
1.044889447566228924e+00
1.053531529877890005e+00
1.063594586075458759e+00
1.075234490846216140e+00
1.088597986424566066e+00
1.103811196815406070e+00
1.120964581161861817e+00
1.140093948515813249e+00
1.161157417745124265e+00
1.184008666728369352e+00
1.208367540720021616e+00
1.233790138333473729e+00
1.259641882752820408e+00
1.285078741084180631e+00
1.309043434889133328e+00
1.330284699586717245e+00
1.347407613809385118e+00
1.358960721599843824e+00
1.363560169210460638e+00
1.360042082536502273e+00
1.347623043965091361e+00
1.326037882165173265e+00
1.295618830784436959e+00
1.257285218408121574e+00
1.212430265133391361e+00
1.162718209508715184e+00
1.109832660606571597e+00
1.055235683906724731e+00
1.000000000000000000e+00
