1.000000000000000000e+00
7.411570886061923380e-01
7.848236293836666766e-01
9.787590146713536221e-01
1.173046793298315738e+00
1.315877480789552800e+00
1.413717442932618251e+00
1.484071778718734969e+00
1.536476301126312505e+00
1.573336160712510035e+00
1.595573522359936991e+00
1.605647235194983535e+00
1.607377865991070687e+00
1.604428016075361674e+00
1.599034585975110723e+00
1.591695513976932874e+00
1.581779253208972724e+00
1.568587757978233466e+00
1.552284378456139091e+00
1.534269192932595338e+00
1.516911452066491472e+00
1.502845185348334889e+00
1.494171827162976696e+00
1.491876384312475157e+00
1.495617804121600614e+00
1.503889786230300007e+00
1.514432215954973682e+00
1.524731362838142035e+00
1.532468570382140127e+00
1.535833019677674161e+00
1.533674097512509160e+00
1.525513315958108018e+00
1.511458169247830385e+00
1.492063938034789539e+00
1.468181538669812269e+00
1.440817157742477095e+00
1.411017456748015153e+00
1.379784934670540419e+00
1.348022123578925813e+00
1.316500196763586317e+00
1.285846477106629804e+00
1.256545459343644700e+00
1.228948699771609254e+00
1.203289882481427764e+00
1.179702313854006146e+00
1.158236917016095546e+00
1.138879458342468398e+00
1.121566241522241381e+00
1.106197871683224587e+00
1.092650948560244473e+00
1.080787718831557775e+00
1.070463825176146688e+00
1.061534350816635719e+00
1.053858386908044897e+00
1.047302356426949688e+00
1.041742319893798729e+00
1.037065470960655045e+00
1.033171007683000076e+00
1.029970541030297504e+00
1.027388177822220472e+00
1.025360392054399661e+00
1.023835777219649135e+00
1.022774753062998476e+00
1.022149283263705355e+00
1.021942645636978009e+00
1.022149283263975139e+00
1.022774753063551589e+00
1.023835777220524212e+00
1.025360392055654879e+00
1.027388177823937321e+00
1.029970541032586118e+00
1.033171007686013443e+00
1.037065470964585456e+00
1.041742319898910418e+00
1.047302356433570836e+00
1.053858386916610934e+00
1.061534350827712192e+00
1.070463825190450580e+00
1.080787718850012569e+00
1.092650948584029225e+00
1.106197871713855863e+00
1.121566241561645416e+00
1.138879458393106114e+00
1.158236917081089112e+00
1.179702313937330160e+00
1.203289882588114423e+00
1.228948699908044340e+00
1.256545459517927732e+00
1.285846477329012361e+00
1.316500197047061116e+00
1.348022123939942807e+00
1.379784935129970691e+00
1.411017457332355063e+00
1.440817158485403260e+00
1.468181539614203945e+00
1.492063939235345194e+00
1.511458170774456988e+00
1.525513317900287102e+00
1.533674099984891903e+00
1.535833022827129968e+00
1.532468574396506744e+00
1.524731367956657646e+00
1.514432222480293522e+00
1.503889794541426239e+00
1.495617814686700076e+00
1.491876397699906320e+00
1.494171844048605369e+00
1.502845206517130050e+00
1.516911478406802516e+00
1.534269225421969418e+00
1.552284418137409139e+00
1.568587805923050693e+00
1.581779310462681831e+00
1.591695581475253141e+00
1.599034664423031105e+00
1.604428105786120939e+00
1.607377966699172767e+00
1.605647345876561660e+00
1.595573641105996421e+00
1.573336284696976284e+00
1.536476426693661246e+00
1.484071901594720799e+00
1.413717558542338271e+00
1.315877584640722242e+00
1.173046881351153869e+00
9.787590836026568430e-01
7.848236767041725237e-01
7.411571126738660809e-01
1.000000000000000000e+00
