1.000000000000000000e+00
1.024436185623607498e+00
1.048532255610811426e+00
1.071803314106199778e+00
1.093632157496517765e+00
1.113328958716987227e+00
1.130218410382406891e+00
1.143731643266163500e+00
1.153482101883041233e+00
1.159310916913639966e+00
1.161296187434296634e+00
1.159729236589345014e+00
1.155067057650954299e+00
1.147872783984248413e+00
1.138755369198110712e+00
1.128316875806116615e+00
1.117112181972948814e+00
1.105622598285736391e+00
1.094242438022298813e+00
1.083276160585994186e+00
1.072943172477968776e+00
1.063387459756279796e+00
1.054689669125065343e+00
1.046879835508582435e+00
1.039949529330078004e+00
1.033862689434930981e+00
1.028564788248995887e+00
1.023990244624586765e+00
1.020068172456592981e+00
1.016726650657272524e+00
1.013895743421229900e+00
1.011509506919694212e+00
1.009507203776143891e+00
1.007833920217235724e+00
1.006440749717267824e+00
1.005284675744661183e+00
1.004328257466387209e+00
1.003539197248622727e+00
1.002889847927869837e+00
1.002356701012454332e+00
1.001919883820758583e+00
1.001562683552624122e+00
1.001271108878596827e+00
1.001033494301688087e+00
1.000840148840143273e+00
1.000683048109404671e+00
1.000555567329458384e+00
1.000452251897197220e+00
1.000368621746002828e+00
1.000301005617061811e+00
1.000246401478056102e+00
1.000202359563808763e+00
1.000166884823064262e+00
1.000138355895845210e+00
1.000115458090546028e+00
1.000097128162076965e+00
1.000082509002227393e+00
1.000070912635754539e+00
1.000061790168930598e+00
1.000054707561677469e+00
1.000049326291957863e+00
1.000045388154302994e+00
1.000042703586435211e+00
1.000041143052147641e+00
1.000040631128277235e+00
1.000041143052147641e+00
1.000042703586435211e+00
1.000045388154302994e+00
1.000049326291957863e+00
1.000054707561677469e+00
1.000061790168930598e+00
1.000070912635754539e+00
1.000082509002227393e+00
1.000097128162076965e+00
1.000115458090546028e+00
1.000138355895845210e+00
1.000166884823064262e+00
1.000202359563808763e+00
1.000246401478056102e+00
1.000301005617061811e+00
1.000368621746002828e+00
1.000452251897197220e+00
1.000555567329458384e+00
1.000683048109404671e+00
1.000840148840143273e+00
1.001033494301688087e+00
1.001271108878596827e+00
1.001562683552624122e+00
1.001919883820758583e+00
1.002356701012454332e+00
1.002889847927869837e+00
1.003539197248622727e+00
1.004328257466387209e+00
1.005284675744661183e+00
1.006440749717267602e+00
1.007833920217235724e+00
1.009507203776143891e+00
1.011509506919694212e+00
1.013895743421229900e+00
1.016726650657272302e+00
1.020068172456592981e+00
1.023990244624586543e+00
1.028564788248996109e+00
1.033862689434930537e+00
1.039949529330078004e+00
1.046879835508581991e+00
1.054689669125064899e+00
1.063387459756280018e+00
1.072943172477968332e+00
1.083276160585993741e+00
1.094242438022298369e+00
1.105622598285736169e+00
1.117112181972948148e+00
1.128316875806115727e+00
1.138755369198109602e+00
1.147872783984248191e+00
1.155067057650953188e+00
1.159729236589344126e+00
1.161296187434296190e+00
1.159310916913638856e+00
1.153482101883040123e+00
1.143731643266161946e+00
1.130218410382406224e+00
1.113328958716987005e+00
1.093632157496516877e+00
1.071803314106199112e+00
1.048532255610811648e+00
1.024436185623607054e+00
1.000000000000000000e+00
