1.000000000000000000e+00
1.012220586957282009e+00
1.039453529620280481e+00
1.086773231722976574e+00
1.152687062942499674e+00
1.231840216377174446e+00
1.317197996687104578e+00
1.401732332721973950e+00
1.479550946137812906e+00
1.546444841436934281e+00
1.599941747251774737e+00
1.639044627360046746e+00
1.663849300017396393e+00
1.675181842117564379e+00
1.674319645019578306e+00
1.662800047199755049e+00
1.642292450279771554e+00
1.614507391078856546e+00
1.581125352467584788e+00
1.543738262151738372e+00
1.503802856925661846e+00
1.462607123235066586e+00
1.421250491200489297e+00
1.380637048050735283e+00
1.341479793681373378e+00
1.304313283151063318e+00
1.269511882592202490e+00
1.237311134693533266e+00
1.207830197331397182e+00
1.181093838532114138e+00
1.157052954187542060e+00
1.135602979833778781e+00
1.116599882951931688e+00
1.099873653084501912e+00
1.085239366343046408e+00
1.072506003171228794e+00
1.061483257117118661e+00
1.051986599415087875e+00
1.043840868705753211e+00
1.036882644522403085e+00
1.030961642822500801e+00
1.025941346030053714e+00
1.021699051853525164e+00
1.018125496745737824e+00
1.015124182771061534e+00
1.012610511789513001e+00
1.010510808789212733e+00
1.008761297115946309e+00
1.007307072256423908e+00
1.006101107572569875e+00
1.005103314704988149e+00
1.004279672961880143e+00
1.003601435564913213e+00
1.003044415820664836e+00
1.002588352832145535e+00
1.002216353995162068e+00
1.001914410009717482e+00
1.001670977282243635e+00
1.001476622239540371e+00
1.001323722089369372e+00
1.001206216843039565e+00
1.001119407882285817e+00
1.001059798946906332e+00
1.001024976096426933e+00
1.001013523928454108e+00
1.001024976096426933e+00
1.001059798946906332e+00
1.001119407882285817e+00
1.001206216843039565e+00
1.001323722089369372e+00
1.001476622239540371e+00
1.001670977282243635e+00
1.001914410009717482e+00
1.002216353995162068e+00
1.002588352832145535e+00
1.003044415820664836e+00
1.003601435564913213e+00
1.004279672961880143e+00
1.005103314704988149e+00
1.006101107572569875e+00
1.007307072256423908e+00
1.008761297115946309e+00
1.010510808789212955e+00
1.012610511789513001e+00
1.015124182771061534e+00
1.018125496745737824e+00
1.021699051853525164e+00
1.025941346030053491e+00
1.030961642822500801e+00
1.036882644522403307e+00
1.043840868705753211e+00
1.051986599415087875e+00
1.061483257117118661e+00
1.072506003171228572e+00
1.085239366343046186e+00
1.099873653084501912e+00
1.116599882951930578e+00
1.135602979833778337e+00
1.157052954187541838e+00
1.181093838532114360e+00
1.207830197331397626e+00
1.237311134693532377e+00
1.269511882592202934e+00
1.304313283151062874e+00
1.341479793681373600e+00
1.380637048050735061e+00
1.421250491200489074e+00
1.462607123235068141e+00
1.503802856925662290e+00
1.543738262151736818e+00
1.581125352467586342e+00
1.614507391078856324e+00
1.642292450279771332e+00
1.662800047199754605e+00
1.674319645019576752e+00
1.675181842117566156e+00
1.663849300017397725e+00
1.639044627360047190e+00
1.599941747251774515e+00
1.546444841436934059e+00
1.479550946137813794e+00
1.401732332721973506e+00
1.317197996687104133e+00
1.231840216377175778e+00
1.152687062942500562e+00
1.086773231722976130e+00
1.039453529620279593e+00
1.012220586957280455e+00
1.000000000000000000e+00
