1.000000000000000000e+00
1.030739108189130837e+00
1.061059104135500197e+00
1.090349546138418280e+00
1.117825639725405606e+00
1.142606491841528404e+00
1.163829121888371843e+00
1.180768470180934449e+00
1.192935906064314544e+00
1.200137197126823985e+00
1.202482845719537119e+00
1.200355312323898138e+00
1.194345765773829893e+00
1.185176236536686689e+00
1.173621869142900787e+00
1.160444003884498976e+00
1.146339936279863414e+00
1.131910839907851463e+00
1.117646237998962677e+00
1.103921706910670819e+00
1.091005950763839882e+00
1.079073619496141889e+00
1.068220886432891259e+00
1.058481579872356804e+00
1.049842403422086123e+00
1.042256395566516947e+00
1.035654243307962297e+00
1.029953385426256585e+00
1.025065041908064689e+00
1.020899415962277290e+00
1.017369360567946135e+00
1.014392804958364147e+00
1.011894214858791274e+00
1.009805325855830160e+00
1.008065350173404262e+00
1.006620818485755686e+00
1.005425183115373544e+00
1.004438278427753239e+00
1.003625708848117970e+00
1.002958214500404344e+00
1.002411048501372637e+00
1.001963387790556714e+00
1.001597790373115471e+00
1.001299705370822135e+00
1.001057037762603574e+00
1.000859766681551521e+00
1.000699614236652657e+00
1.000569760738866165e+00
1.000464601694936784e+00
1.000379541807303596e+00
1.000310821349825741e+00
1.000255370578003955e+00
1.000210688209209664e+00
1.000174740423990460e+00
1.000145877261623850e+00
1.000122763690651118e+00
1.000104323016016483e+00
1.000089690632086192e+00
1.000078176443107703e+00
1.000069234549817221e+00
1.000062439045197982e+00
1.000057464976926713e+00
1.000054073722616677e+00
1.000052102190589043e+00
1.000051455407676260e+00
1.000052102190589043e+00
1.000054073722616677e+00
1.000057464976926713e+00
1.000062439045197982e+00
1.000069234549817221e+00
1.000078176443107703e+00
1.000089690632086192e+00
1.000104323016016483e+00
1.000122763690651118e+00
1.000145877261623850e+00
1.000174740423990460e+00
1.000210688209209664e+00
1.000255370578003955e+00
1.000310821349825741e+00
1.000379541807303596e+00
1.000464601694936784e+00
1.000569760738866165e+00
1.000699614236652657e+00
1.000859766681551521e+00
1.001057037762603574e+00
1.001299705370822135e+00
1.001597790373115471e+00
1.001963387790556714e+00
1.002411048501372637e+00
1.002958214500404344e+00
1.003625708848117970e+00
1.004438278427753239e+00
1.005425183115373544e+00
1.006620818485755686e+00
1.008065350173404040e+00
1.009805325855830160e+00
1.011894214858791274e+00
1.014392804958364147e+00
1.017369360567946135e+00
1.020899415962277068e+00
1.025065041908064689e+00
1.029953385426256363e+00
1.035654243307962519e+00
1.042256395566516503e+00
1.049842403422086123e+00
1.058481579872356360e+00
1.068220886432890815e+00
1.079073619496142333e+00
1.091005950763839438e+00
1.103921706910670375e+00
1.117646237998962455e+00
1.131910839907851463e+00
1.146339936279862970e+00
1.160444003884498088e+00
1.173621869142899676e+00
1.185176236536686689e+00
1.194345765773828782e+00
1.200355312323897028e+00
1.202482845719536897e+00
1.200137197126822874e+00
1.192935906064313434e+00
1.180768470180933116e+00
1.163829121888371398e+00
1.142606491841528404e+00
1.117825639725404496e+00
1.090349546138417614e+00
1.061059104135500419e+00
1.030739108189130615e+00
1.000000000000000000e+00
