1.000000000000000000e+00
9.807576804997294451e-01
9.950553952091537591e-01
1.049296414689722345e+00
1.134517502640164155e+00
1.235321096348721559e+00
1.336231874836184774e+00
1.425607207553725386e+00
1.497219472032257581e+00
1.549904745247934867e+00
1.586004293243746588e+00
1.609442688823097267e+00
1.624115602507127054e+00
1.632924588652227005e+00
1.637473480527125380e+00
1.638242303280971868e+00
1.634996022703383511e+00
1.627224114241368591e+00
1.614486489796488122e+00
1.596619098598719866e+00
1.573807134032719768e+00
1.546561248525160970e+00
1.515638328288237080e+00
1.481942059842705772e+00
1.446427434514977683e+00
1.410022446139453933e+00
1.373571858207787599e+00
1.337802545083806693e+00
1.303307098214156134e+00
1.270541373098852622e+00
1.239831716694616004e+00
1.211388215050378747e+00
1.185321085772710559e+00
1.161658111752396083e+00
1.140361678874285412e+00
1.121344511709690739e+00
1.104483601210539900e+00
1.089632105448749666e+00
1.076629200769102068e+00
1.065307987546478596e+00
1.055501630122636980e+00
1.047047948947123386e+00
1.039792695697411062e+00
1.033591737710444658e+00
1.028312362748231346e+00
1.023833893572208664e+00
1.020047777334912809e+00
1.016857289726917912e+00
1.014176969691623853e+00
1.011931878309931809e+00
1.010056755700273534e+00
1.008495132703336683e+00
1.007198439733181683e+00
1.006125143338919337e+00
1.005239931508247864e+00
1.004512961283196226e+00
1.003919176562440896e+00
1.003437699751945633e+00
1.003051297934675068e+00
1.002745922226064179e+00
1.002510317760893832e+00
1.002335701146282565e+00
1.002215502071420294e+00
1.002145165969720697e+00
1.002122015089621065e+00
1.002145165969720697e+00
1.002215502071420294e+00
1.002335701146282565e+00
1.002510317760893832e+00
1.002745922226064179e+00
1.003051297934675068e+00
1.003437699751945633e+00
1.003919176562440896e+00
1.004512961283196226e+00
1.005239931508247864e+00
1.006125143338919337e+00
1.007198439733181683e+00
1.008495132703336683e+00
1.010056755700273534e+00
1.011931878309931809e+00
1.014176969691623853e+00
1.016857289726917912e+00
1.020047777334913031e+00
1.023833893572207998e+00
1.028312362748231346e+00
1.033591737710444880e+00
1.039792695697411062e+00
1.047047948947123386e+00
1.055501630122637202e+00
1.065307987546478374e+00
1.076629200769101846e+00
1.089632105448749666e+00
1.104483601210540122e+00
1.121344511709690517e+00
1.140361678874284967e+00
1.161658111752395639e+00
1.185321085772708560e+00
1.211388215050379191e+00
1.239831716694615782e+00
1.270541373098852844e+00
1.303307098214157467e+00
1.337802545083806027e+00
1.373571858207788932e+00
1.410022446139453711e+00
1.446427434514978572e+00
1.481942059842706438e+00
1.515638328288237302e+00
1.546561248525162968e+00
1.573807134032721766e+00
1.596619098598720976e+00
1.614486489796490343e+00
1.627224114241370145e+00
1.634996022703385066e+00
1.638242303280973200e+00
1.637473480527127156e+00
1.632924588652231890e+00
1.624115602507131717e+00
1.609442688823100820e+00
1.586004293243750585e+00
1.549904745247937976e+00
1.497219472032263354e+00
1.425607207553729605e+00
1.336231874836189215e+00
1.235321096348726222e+00
1.134517502640168374e+00
1.049296414689724122e+00
9.950553952091546472e-01
9.807576804997290010e-01
1.000000000000000000e+00
