1.000000000000000000e+00
8.748203408428314454e-01
8.638891331022251485e-01
9.596474039237499198e-01
1.111447214415360651e+00
1.269560330663188408e+00
1.402730675624918710e+00
1.499299898612497239e+00
1.560803496130723778e+00
1.594524129707391991e+00
1.608398972206706246e+00
1.608902508017677091e+00
1.600931684828835522e+00
1.588399901965886540e+00
1.574680346832152411e+00
1.562629958718295242e+00
1.554325207966521294e+00
1.550773408666223041e+00
1.551804753103597889e+00
1.556215595346561509e+00
1.562112441085861114e+00
1.567342624549476815e+00
1.569895003829847369e+00
1.568191110835426283e+00
1.561236726791497054e+00
1.548645069573040267e+00
1.530566353234187105e+00
1.507564829031616149e+00
1.480479091058228169e+00
1.450290835145740420e+00
1.418016222955812200e+00
1.384625128612427591e+00
1.350987629449048377e+00
1.317843872635590108e+00
1.285792200668590235e+00
1.255290411513928950e+00
1.226665671473301744e+00
1.200129488746168427e+00
1.175795056641626868e+00
1.153695069898412306e+00
1.133798762846627728e+00
1.116027412798044516e+00
1.100267914036461514e+00
1.086384281501719284e+00
1.074227112906103843e+00
1.063641144667770932e+00
1.054471097845760763e+00
1.046566038615724059e+00
1.039782483937941926e+00
1.033986474570055325e+00
1.029054820088785682e+00
1.024875698184957606e+00
1.021348766081092707e+00
1.018384917485542385e+00
1.015905795355221297e+00
1.013843149689871659e+00
1.012138111046106959e+00
1.010740434586892222e+00
1.009607756230791464e+00
1.008704891668783743e+00
1.008003200433918112e+00
1.007480030559955164e+00
1.007118254355914067e+00
1.006905902162482436e+00
1.006835898366227111e+00
1.006905902165253330e+00
1.007118254361597742e+00
1.007480030568846052e+00
1.008003200446466296e+00
1.008704891685632488e+00
1.009607756252796085e+00
1.010740434615167604e+00
1.012138111082077074e+00
1.013843149735346616e+00
1.015905795412473722e+00
1.018384917557425995e+00
1.021348766171182199e+00
1.024875698297715187e+00
1.029054820229786227e+00
1.033986474746255935e+00
1.039782484158033649e+00
1.046566038890561545e+00
1.054471098188910938e+00
1.063641145096210661e+00
1.074227113441099890e+00
1.086384282169950311e+00
1.100267914871456698e+00
1.116027413842015870e+00
1.133798764152841532e+00
1.153695071534220906e+00
1.175795058692407302e+00
1.200129491320412578e+00
1.226665674709205289e+00
1.255290415587931196e+00
1.285792205806420174e+00
1.317843879126533890e+00
1.350987637664244012e+00
1.384625139028246688e+00
1.418016236183345047e+00
1.450290851967589445e+00
1.480479112473540804e+00
1.507564856309917323e+00
1.530566387977744691e+00
1.548645113786018213e+00
1.561236782952124535e+00
1.568191181964568193e+00
1.569895093546105569e+00
1.567342737097565886e+00
1.562112581322069538e+00
1.556215768663181231e+00
1.551804965273233528e+00
1.550773665586762107e+00
1.554325515287701798e+00
1.562630321332809435e+00
1.574680768222063820e+00
1.588400383416338046e+00
1.600932224561951722e+00
1.608903100358873628e+00
1.608399606956560035e+00
1.594524791924511797e+00
1.560804166504459189e+00
1.499300554507219996e+00
1.402731292726214773e+00
1.269560884983949922e+00
1.111447684276438030e+00
9.596477714845689233e-01
8.638893851587283734e-01
8.748204689121898969e-01
1.000000000000000000e+00
