1.000000000000000000e+00
8.503019900851519486e-01
8.424963228594861686e-01
9.557925802353550715e-01
1.122069495021578378e+00
1.283718598052567383e+00
1.411195328859248033e+00
1.498918086831806384e+00
1.553973715846101333e+00
1.586301052765545228e+00
1.603538396938807509e+00
1.610020349316361177e+00
1.607965110235708650e+00
1.599062705837751563e+00
1.585472743658409511e+00
1.569992849038719385e+00
1.555615681179887799e+00
1.544855605450751401e+00
1.539185989531383303e+00
1.538785163678765500e+00
1.542627739208512594e+00
1.548835934060130093e+00
1.555148757435065754e+00
1.559371850277984528e+00
1.559714866072112294e+00
1.554978926524608118e+00
1.544602833500800410e+00
1.528603703699855210e+00
1.507455866733634187e+00
1.481947052059342740e+00
1.453039953971487774e+00
1.421755492176124402e+00
1.389084419769885947e+00
1.355927352759745741e+00
1.323059596371303659e+00
1.291115608398126113e+00
1.260587787487753131e+00
1.231834865400599943e+00
1.205096075677732248e+00
1.180508202284212604e+00
1.158123445578461697e+00
1.137926726998957694e+00
1.119851582307616944e+00
1.103794182631625542e+00
1.089625297486237931e+00
1.077200199480905951e+00
1.066366628624530799e+00
1.056971003178325041e+00
1.048863098077901235e+00
1.041899421912843238e+00
1.035945517442030006e+00
1.030877394635955069e+00
1.026582283634383641e+00
1.022958870896860661e+00
1.019917157360193727e+00
1.017378054032320289e+00
1.015272809033780144e+00
1.013542341129855640e+00
1.012136538469671665e+00
1.011013567548042502e+00
1.010139226179363137e+00
1.009486365280875653e+00
1.009034397217912993e+00
1.008768903055694777e+00
1.008681346977715831e+00
1.008768903058919086e+00
1.009034397224527702e+00
1.009486365291222265e+00
1.010139226193966122e+00
1.011013567567651483e+00
1.012136538495281401e+00
1.013542341162763982e+00
1.015272809075647098e+00
1.017378054085253503e+00
1.019917157426838861e+00
1.022958870980542834e+00
1.026582283739269297e+00
1.030877394767242716e+00
1.035945517606216004e+00
1.041899422118036433e+00
1.048863098334232191e+00
1.056971003498444084e+00
1.066366629024257273e+00
1.077200199980032913e+00
1.089625298109561324e+00
1.103794183410255370e+00
1.119851583280651708e+00
1.137926728215629124e+00
1.158123447100890990e+00
1.180508204190959365e+00
1.205096078068377707e+00
1.231834868401694205e+00
1.260587791260489032e+00
1.291115613148300589e+00
1.323059602362179232e+00
1.355927360328657683e+00
1.389084429349523475e+00
1.421755504321672303e+00
1.453039969394816833e+00
1.481947071671571026e+00
1.507455891697108585e+00
1.528603735490093651e+00
1.544602873978039748e+00
1.554978978012874880e+00
1.559714931441497088e+00
1.559371933022704715e+00
1.555148861736376675e+00
1.548836064819598013e+00
1.542627902033938403e+00
1.538785364802709443e+00
1.539186235640376932e+00
1.544855903401638919e+00
1.555616037578061883e+00
1.569993269653826351e+00
1.585473232662112597e+00
1.599063264874851065e+00
1.607965737391399141e+00
1.610021038115829306e+00
1.603539135589272524e+00
1.586301823888339513e+00
1.553974496911912917e+00
1.498918851392824214e+00
1.411196048488628785e+00
1.283719244697775652e+00
1.122070043316200527e+00
9.557930092796886878e-01
8.424966171530169357e-01
8.503021396415375577e-01
1.000000000000000000e+00
