1.000000000000000000e+00
7.814869009958868018e-01
7.973945262857984329e-01
9.628873320010584713e-01
1.156522258031917438e+00
1.313165506614126787e+00
1.420650789850097517e+00
1.490682945357938660e+00
1.537345663147718033e+00
1.569472889277560457e+00
1.591249632603207953e+00
1.604661556827238433e+00
1.610898547290011029e+00
1.610691280716892715e+00
1.604440826945012333e+00
1.592608158898387360e+00
1.576235985633118508e+00
1.557241915571595747e+00
1.538262398356029292e+00
1.522103103346662323e+00
1.511046221550655044e+00
1.506295564398275610e+00
1.507739868680817441e+00
1.514066316764851594e+00
1.523134347341350558e+00
1.532462283669911551e+00
1.539686122609235541e+00
1.542897128343712287e+00
1.540823042616845884e+00
1.532864786440633731e+00
1.519027089517641871e+00
1.499788627502297134e+00
1.475951416911201131e+00
1.448497580364692450e+00
1.418469469790389681e+00
1.386879369125145312e+00
1.354648457669448636e+00
1.322571105083736098e+00
1.291299125598111663e+00
1.261340540964081436e+00
1.233068045942701474e+00
1.206733298549277356e+00
1.182484110243186226e+00
1.160382458115493121e+00
1.140421932777212488e+00
1.122543768425533273e+00
1.106650993379278525e+00
1.092620515629971756e+00
1.080313144174014139e+00
1.069581665467994158e+00
1.060277163572353576e+00
1.052253806733701058e+00
1.045372333209978244e+00
1.039502463222548911e+00
1.034524448036805433e+00
1.030329945688763127e+00
1.026822388890225257e+00
1.023916986300459797e+00
1.021540475060183084e+00
1.019630721105714066e+00
1.018136244769639820e+00
1.017015732679285911e+00
1.016237582921018401e+00
1.015779518631116263e+00
1.015628295287724026e+00
1.015779518632164091e+00
1.016237582923170901e+00
1.017015732682657658e+00
1.018136244774410004e+00
1.019630721112138039e+00
1.021540475068600795e+00
1.023916986311319333e+00
1.026822388904100158e+00
1.030329945706393246e+00
1.034524448059112700e+00
1.039502463250711273e+00
1.045372333245481400e+00
1.052253806778404854e+00
1.060277163628603248e+00
1.069581665538727799e+00
1.080313144262931901e+00
1.092620515741714149e+00
1.106650993519682213e+00
1.122543768601919068e+00
1.140421932998798349e+00
1.160382458393868443e+00
1.182484110592952886e+00
1.206733298988849734e+00
1.233068046495332526e+00
1.261340541659182746e+00
1.291299126472934766e+00
1.322571106185574941e+00
1.354648459058443111e+00
1.386879370877914797e+00
1.418469472004724619e+00
1.448497583165603730e+00
1.475951420458666341e+00
1.499788632001166189e+00
1.519027095230139013e+00
1.532864793701979700e+00
1.540823051854406822e+00
1.542897140099830366e+00
1.539686137567591429e+00
1.532462302684426847e+00
1.523134371465769021e+00
1.514066347279860780e+00
1.507739907114389100e+00
1.506295612533961270e+00
1.511046281418269688e+00
1.522103177189929379e+00
1.538262488571920272e+00
1.557242024615123732e+00
1.576236115878567157e+00
1.592608312444220298e+00
1.604441005348926641e+00
1.610691484655987882e+00
1.610898776164150448e+00
1.604661808359795883e+00
1.591249902529461968e+00
1.569473171227073749e+00
1.537345948808436003e+00
1.490683224956516728e+00
1.420651052907039524e+00
1.313165742847482331e+00
1.156522458215657911e+00
9.628874885834453057e-01
7.973946336749679897e-01
7.814869555714658578e-01
1.000000000000000000e+00
