1.000000000000000000e+00
7.381400087723433145e-01
7.843458848334724509e-01
9.801849365692940630e-01
1.174007510034799751e+00
1.315637485264090634e+00
1.412950353274843973e+00
1.483559443925013932e+00
1.536474564324895598e+00
1.573673480303210859e+00
1.595947574846812822e+00
1.605809596377967496e+00
1.607203267724219398e+00
1.603942256836695446e+00
1.598415081047736885e+00
1.591217891039662158e+00
1.581708324807993948e+00
1.569057089598599131e+00
1.553224294266337013e+00
1.535417697529403380e+00
1.517899655765694966e+00
1.503317013423791870e+00
1.493890646090411778e+00
1.490785226818382325e+00
1.493843043964648842e+00
1.501698616518182261e+00
1.512165444766658817e+00
1.522734001188345898e+00
1.531034589654966416e+00
1.535171967153140304e+00
1.533899614077847362e+00
1.526648822102312897e+00
1.513453217978465881e+00
1.494815148978274610e+00
1.471553554788760154e+00
1.444660841576095311e+00
1.415184061444228369e+00
1.384136054850698461e+00
1.352435859757902037e+00
1.320874252842556329e+00
1.290098970165679537e+00
1.260614153943692806e+00
1.232789255846802323e+00
1.206873570281348229e+00
1.183013524495144075e+00
1.161270692855921993e+00
1.141639185665184852e+00
1.124061587086466529e+00
1.108443001142969342e+00
1.094663034981482985e+00
1.082585730176907735e+00
1.072067567964743784e+00
1.062963741004326890e+00
1.055132916700990853e+00
1.048440725981617527e+00
1.042762204736932485e+00
1.037983398804512847e+00
1.034002321625897114e+00
1.030729429577175837e+00
1.028087755500625367e+00
1.026012817484871942e+00
1.024452398232571504e+00
1.023366270784592080e+00
1.022725928998757139e+00
1.022514365849081841e+00
1.022725928998972522e+00
1.023366270785034615e+00
1.024452398233273387e+00
1.026012817485882911e+00
1.028087755502015588e+00
1.030729429579038126e+00
1.034002321628363141e+00
1.037983398807750035e+00
1.042762204741169096e+00
1.048440725987140443e+00
1.055132916708182433e+00
1.062963741013686070e+00
1.072067567976904501e+00
1.082585730192691553e+00
1.094663035001940177e+00
1.108443001169456599e+00
1.124061587120710914e+00
1.141639185709396376e+00
1.161270692912909963e+00
1.183013524568488961e+00
1.206873570375586624e+00
1.232789255967695841e+00
1.260614154098547379e+00
1.290098970363743991e+00
1.320874253095543738e+00
1.352435860080632768e+00
1.384136055261955489e+00
1.415184061967831308e+00
1.444660842242286636e+00
1.471553555635999988e+00
1.494815150055574193e+00
1.513453219348419365e+00
1.526648823845005332e+00
1.533899616295886448e+00
1.535171969978013751e+00
1.531034593254954057e+00
1.522734005777973243e+00
1.512165450617598550e+00
1.501698623970953994e+00
1.493843053440167212e+00
1.490785238827793124e+00
1.493890661241439100e+00
1.503317032421839450e+00
1.517899679408350577e+00
1.535417726693509621e+00
1.553224329886680799e+00
1.569057132635707230e+00
1.581708376199317367e+00
1.591217951625095273e+00
1.598415151460395034e+00
1.603942337357116443e+00
1.607203358111337188e+00
1.605809695707942852e+00
1.595947681401155949e+00
1.573673591542934957e+00
1.536474676971043118e+00
1.483559554147314996e+00
1.412950456974977564e+00
1.315637578417697684e+00
1.174007589022350917e+00
9.801849984114037184e-01
7.843459272940369598e-01
7.381400303712172262e-01
1.000000000000000000e+00
