1.000000000000000000e+00
1.026571562438613139e+00
1.063851664165441191e+00
1.115850994089153225e+00
1.181869359967888222e+00
1.258132679818602329e+00
1.339203738316219638e+00
1.419197921537317386e+00
1.492742928147646309e+00
1.555610822991057240e+00
1.605007080515626683e+00
1.639571462468677465e+00
1.659187368084737102e+00
1.664698810176561405e+00
1.657610650518538620e+00
1.639817299185823973e+00
1.613380212877626008e+00
1.580358821362999544e+00
1.542691341760220824e+00
1.502118404474388491e+00
1.460141302850903600e+00
1.418006774182489549e+00
1.376710944950640947e+00
1.337016132201510388e+00
1.299475390033372424e+00
1.264460877405865213e+00
1.232193197948812324e+00
1.202769767579044524e+00
1.176190984489794644e+00
1.152383518597412504e+00
1.131220428498177499e+00
1.112538082926605831e+00
1.096150038983982444e+00
1.081858135357370632e+00
1.069461114863521578e+00
1.058761111881432626e+00
1.049568337760931058e+00
1.041704279353255380e+00
1.035003698432432007e+00
1.029315687345913499e+00
1.024504001902251105e+00
1.020446858492930042e+00
1.017036350259959532e+00
1.014177607712895224e+00
1.011787803096688920e+00
1.009795075221915583e+00
1.008137432366304376e+00
1.006761675052608940e+00
1.005622367712854182e+00
1.004680878116559484e+00
1.003904495603357150e+00
1.003265633256747780e+00
1.002741114846052106e+00
1.002311544340670268e+00
1.001960753796385717e+00
1.001675324197963457e+00
1.001444173225332746e+00
1.001258203736379970e+00
1.001110006904368133e+00
1.000993614315384361e+00
1.000904293847925786e+00
1.000838384768224287e+00
1.000793168142855905e+00
1.000766769367454456e+00
1.000758090320857052e+00
1.000766769367454456e+00
1.000793168142855905e+00
1.000838384768224287e+00
1.000904293847925786e+00
1.000993614315384361e+00
1.001110006904368133e+00
1.001258203736379970e+00
1.001444173225332746e+00
1.001675324197963457e+00
1.001960753796385717e+00
1.002311544340670268e+00
1.002741114846052106e+00
1.003265633256747780e+00
1.003904495603357150e+00
1.004680878116559484e+00
1.005622367712854182e+00
1.006761675052608940e+00
1.008137432366304376e+00
1.009795075221915583e+00
1.011787803096688920e+00
1.014177607712895224e+00
1.017036350259959532e+00
1.020446858492929820e+00
1.024504001902251105e+00
1.029315687345913721e+00
1.035003698432432007e+00
1.041704279353255380e+00
1.049568337760930836e+00
1.058761111881432404e+00
1.069461114863521356e+00
1.081858135357370410e+00
1.096150038983981778e+00
1.112538082926605387e+00
1.131220428498177055e+00
1.152383518597412504e+00
1.176190984489795088e+00
1.202769767579043414e+00
1.232193197948812546e+00
1.264460877405864991e+00
1.299475390033372424e+00
1.337016132201510388e+00
1.376710944950640725e+00
1.418006774182490881e+00
1.460141302850903600e+00
1.502118404474387381e+00
1.542691341760221713e+00
1.580358821362999766e+00
1.613380212877625564e+00
1.639817299185823529e+00
1.657610650518537510e+00
1.664698810176562294e+00
1.659187368084738656e+00
1.639571462468677021e+00
1.605007080515625573e+00
1.555610822991056574e+00
1.492742928147646753e+00
1.419197921537316054e+00
1.339203738316218306e+00
1.258132679818602995e+00
1.181869359967889332e+00
1.115850994089152115e+00
1.063851664165440303e+00
1.026571562438611362e+00
1.000000000000000000e+00
