1.000000000000000000e+00
7.560447682744528830e-01
7.880886171238733473e-01
9.720563974758106296e-01
1.167634862702659593e+00
1.316242981050420369e+00
1.417200791207135380e+00
1.486685022591256899e+00
1.536524370333375966e+00
1.571512216262849204e+00
1.593563203011736373e+00
1.604907162951362487e+00
1.608513805118098716e+00
1.607042500816606045e+00
1.601931698062798004e+00
1.593382728451989028e+00
1.581109520595910034e+00
1.565280145579392990e+00
1.547096662521519672e+00
1.528762458532659796e+00
1.512930540403397695e+00
1.501937079371845174e+00
1.497148777856564195e+00
1.498638056224680604e+00
1.505236006516634806e+00
1.514877528462651224e+00
1.525086081115030190e+00
1.533447725071457324e+00
1.537971068519072615e+00
1.537290220618120484e+00
1.530718216795245779e+00
1.518187914674122840e+00
1.500126507283603861e+00
1.477304933706930390e+00
1.450692008106399422e+00
1.421330696079440514e+00
1.390243772351665186e+00
1.358369138345621119e+00
1.326521145960558146e+00
1.295372617166601126e+00
1.265452050178076160e+00
1.237151092620505377e+00
1.210738277225478887e+00
1.186375977585803154e+00
1.164138407133335607e+00
1.144029197231196449e+00
1.125997642627036610e+00
1.109953110835769419e+00
1.095777401386783145e+00
1.083335037082509666e+00
1.072481595372916985e+00
1.063070262482668893e+00
1.054956830832266323e+00
1.048003372874452443e+00
1.042080820191481294e+00
1.037070661814626815e+00
1.032865954771137185e+00
1.029371816064122980e+00
1.026505540878545508e+00
1.024196468253145920e+00
1.022385693661277628e+00
1.021025708368879847e+00
1.020080028232391189e+00
1.019522859678446913e+00
1.019338837723035684e+00
1.019522859679013571e+00
1.020080028233555591e+00
1.021025708370708385e+00
1.022385693663877770e+00
1.024196468256664438e+00
1.026505540883182688e+00
1.029371816070145718e+00
1.032865954778887430e+00
1.037070661824552653e+00
1.042080820204144054e+00
1.048003372890578433e+00
1.054956830852782801e+00
1.063070262508742481e+00
1.072481595406036048e+00
1.083335037124551592e+00
1.095777401440135135e+00
1.109953110903445506e+00
1.125997642712855518e+00
1.144029197339976323e+00
1.164138407271183340e+00
1.186375977760430578e+00
1.210738277446642863e+00
1.237151092900564908e+00
1.265452050532681394e+00
1.295372617615601074e+00
1.326521146529135775e+00
1.358369139065806586e+00
1.390243773264233651e+00
1.421330697236391494e+00
1.450692009574147123e+00
1.477304935570441735e+00
1.500126509651698692e+00
1.518187917686275146e+00
1.530718220630201243e+00
1.537290225504663654e+00
1.537971074749268752e+00
1.533447733016379155e+00
1.525086091242825681e+00
1.514877541358139013e+00
1.505236022901012438e+00
1.498638076973096922e+00
1.497148804010681289e+00
1.501937112144164255e+00
1.512930581170223610e+00
1.528762508812896881e+00
1.547096723938294671e+00
1.565280219799904726e+00
1.581109609241547753e+00
1.593382832967018770e+00
1.601931819529724521e+00
1.607042639714991505e+00
1.608513961043739116e+00
1.604907334340123670e+00
1.593563386934327530e+00
1.571512408359837965e+00
1.536524564939759863e+00
1.486685213064502520e+00
1.417200970430926299e+00
1.316243142037636593e+00
1.167634999172470600e+00
9.720565042705210379e-01
7.880886904022257333e-01
7.560448055288593316e-01
1.000000000000000000e+00
