1.000000000000000000e+00
1.080022190745748789e+00
1.160066982048598483e+00
1.239014202790021946e+00
1.314764118080699928e+00
1.384586013208846778e+00
1.445587664074751810e+00
1.495207141258457106e+00
1.531619333800571692e+00
1.553976381391934058e+00
1.562452926236991724e+00
1.558120851488904668e+00
1.542713731306505576e+00
1.518350664389220617e+00
1.487277214640723599e+00
1.451658882701869713e+00
1.413440253794830737e+00
1.374266684764961832e+00
1.335456550723101765e+00
1.298009316655162060e+00
1.262635743899301888e+00
1.229799332093794773e+00
1.199761251349189317e+00
1.172623807709738841e+00
1.148369639654253760e+00
1.126895357257660324e+00
1.108039315783954981e+00
1.091603797465726666e+00
1.077372182141155932e+00
1.065121815882810186e+00
1.054633306312800167e+00
1.045696931121686379e+00
1.038116772931459320e+00
1.031713108039786553e+00
1.026323490030014662e+00
1.021802888041154267e+00
1.018023166848449623e+00
1.014872133063843052e+00
1.012252318826115660e+00
1.010079630745270407e+00
1.008281956676322366e+00
1.006797795051194599e+00
1.005574949893159209e+00
1.004569318223077934e+00
1.003743784379731441e+00
1.003067226968974657e+00
1.002513638001613527e+00
1.002061349666779178e+00
1.001692361615786453e+00
1.001391760197290592e+00
1.001147220468785459e+00
1.000948581764096845e+00
1.000787487932732089e+00
1.000657083943008230e+00
1.000551761253812622e+00
1.000466945135714880e+00
1.000398917910610308e+00
1.000344672846367411e+00
1.000301794169023317e+00
1.000268359328671863e+00
1.000242860272134493e+00
1.000224141036354819e+00
1.000211349485057744e+00
1.000203901473097012e+00
1.000201456145890289e+00
1.000203901473097012e+00
1.000211349485057744e+00
1.000224141036354819e+00
1.000242860272134493e+00
1.000268359328671863e+00
1.000301794169023317e+00
1.000344672846367411e+00
1.000398917910610308e+00
1.000466945135714880e+00
1.000551761253812622e+00
1.000657083943008230e+00
1.000787487932732089e+00
1.000948581764096845e+00
1.001147220468785459e+00
1.001391760197290592e+00
1.001692361615786453e+00
1.002061349666779178e+00
1.002513638001613527e+00
1.003067226968974657e+00
1.003743784379731441e+00
1.004569318223077934e+00
1.005574949893159209e+00
1.006797795051194599e+00
1.008281956676322366e+00
1.010079630745270407e+00
1.012252318826115660e+00
1.014872133063843052e+00
1.018023166848449401e+00
1.021802888041154267e+00
1.026323490030014440e+00
1.031713108039786553e+00
1.038116772931458875e+00
1.045696931121686379e+00
1.054633306312800167e+00
1.065121815882809964e+00
1.077372182141156154e+00
1.091603797465726444e+00
1.108039315783955425e+00
1.126895357257660102e+00
1.148369639654253760e+00
1.172623807709738619e+00
1.199761251349189539e+00
1.229799332093795217e+00
1.262635743899301888e+00
1.298009316655161616e+00
1.335456550723102653e+00
1.374266684764962498e+00
1.413440253794830292e+00
1.451658882701869491e+00
1.487277214640722267e+00
1.518350664389221505e+00
1.542713731306505576e+00
1.558120851488903114e+00
1.562452926236991502e+00
1.553976381391934725e+00
1.531619333800571026e+00
1.495207141258456218e+00
1.445587664074751810e+00
1.384586013208847666e+00
1.314764118080700817e+00
1.239014202790021058e+00
1.160066982048598261e+00
1.080022190745748789e+00
1.000000000000000000e+00
