1.000000000000000000e+00
1.017688066191126728e+00
1.035125710565027557e+00
1.051962826186718880e+00
1.067757969259383044e+00
1.082019725590770198e+00
1.094267215389426395e+00
1.104094052205545573e+00
1.111221464064651832e+00
1.115530616125388175e+00
1.117070140936782696e+00
1.116040713338283918e+00
1.112762727909157201e+00
1.107635049180535125e+00
1.101092541598331032e+00
1.093568338177586030e+00
1.085464434437533709e+00
1.077131917331037636e+00
1.068860389278884382e+00
1.060875069784117386e+00
1.053339592965909066e+00
1.046362509289114229e+00
1.040005764438027169e+00
1.034293815748472456e+00
1.029222450224095642e+00
1.024766725649698396e+00
1.020887740070575589e+00
1.017538140307826522e+00
1.014666415472582850e+00
1.012220100424796376e+00
1.010148051543025005e+00
1.008401966259330207e+00
1.006937309249079870e+00
1.005713789921141910e+00
1.004695513477726676e+00
1.003850904893544449e+00
1.003152483817222329e+00
1.002576549702534958e+00
1.002102820823582929e+00
1.001714058183839073e+00
1.001395695425922883e+00
1.001135488309842225e+00
1.000923191746384111e+00
1.000750268361445983e+00
1.000609629781022081e+00
1.000495409971951188e+00
1.000402768810329412e+00
1.000327723386414736e+00
1.000267004243796665e+00
1.000217933678834159e+00
1.000178323310436213e+00
1.000146388309396617e+00
1.000120675907836931e+00
1.000100006063004754e+00
1.000083422406264244e+00
1.000070151854902445e+00
1.000059571494299027e+00
1.000051181547180201e+00
1.000044583434021694e+00
1.000039462094487686e+00
1.000035571885560914e+00
1.000032725499655939e+00
1.000030785457974858e+00
1.000029657833015229e+00
1.000029287942050926e+00
1.000029657833015229e+00
1.000030785457974858e+00
1.000032725499655939e+00
1.000035571885560914e+00
1.000039462094487686e+00
1.000044583434021694e+00
1.000051181547180201e+00
1.000059571494299027e+00
1.000070151854902445e+00
1.000083422406264244e+00
1.000100006063004754e+00
1.000120675907836931e+00
1.000146388309396617e+00
1.000178323310436213e+00
1.000217933678834159e+00
1.000267004243796665e+00
1.000327723386414736e+00
1.000402768810329412e+00
1.000495409971951188e+00
1.000609629781022081e+00
1.000750268361445983e+00
1.000923191746384111e+00
1.001135488309842225e+00
1.001395695425922883e+00
1.001714058183839073e+00
1.002102820823582929e+00
1.002576549702534958e+00
1.003152483817222329e+00
1.003850904893544449e+00
1.004695513477726454e+00
1.005713789921141910e+00
1.006937309249079870e+00
1.008401966259330207e+00
1.010148051543025005e+00
1.012220100424796154e+00
1.014666415472582850e+00
1.017538140307826300e+00
1.020887740070575811e+00
1.024766725649697952e+00
1.029222450224095642e+00
1.034293815748472012e+00
1.040005764438026725e+00
1.046362509289114229e+00
1.053339592965908622e+00
1.060875069784116942e+00
1.068860389278883938e+00
1.077131917331037414e+00
1.085464434437533043e+00
1.093568338177584920e+00
1.101092541598329699e+00
1.107635049180534459e+00
1.112762727909156091e+00
1.116040713338282808e+00
1.117070140936781808e+00
1.115530616125386842e+00
1.111221464064650721e+00
1.104094052205543353e+00
1.094267215389425063e+00
1.082019725590769310e+00
1.067757969259382156e+00
1.051962826186718214e+00
1.035125710565027335e+00
1.017688066191126284e+00
1.000000000000000000e+00
