1.000000000000000000e+00
9.202911210459019387e-01
9.146427164675298149e-01
9.875984418509736740e-01
1.111851007691574633e+00
1.252845191668072511e+00
1.382358738971124268e+00
1.483758035752979154e+00
1.551710776232801070e+00
1.589051838115241200e+00
1.602997024510080859e+00
1.602019097390637414e+00
1.593822329886853240e+00
1.584302187086539471e+00
1.577197193772620132e+00
1.574175897747378983e+00
1.575187493596243327e+00
1.578959154422064914e+00
1.583542297680833988e+00
1.586819705811166603e+00
1.586905245841268020e+00
1.582399997911546174e+00
1.572503422864544698e+00
1.557005051975057119e+00
1.536195640773063698e+00
1.510737540583315663e+00
1.481526593332457287e+00
1.449567141266917769e+00
1.415871477550491253e+00
1.381387163943431418e+00
1.346950569570415812e+00
1.313262358659484486e+00
1.280879778791344847e+00
1.250220788912087544e+00
1.221575785663625568e+00
1.195123584622927115e+00
1.170949187640536904e+00
1.149061622474484512e+00
1.129410745446698616e+00
1.111902356164762962e+00
1.096411305405238235e+00
1.082792507532150950e+00
1.070889920735063949e+00
1.060543651951776134e+00
1.051595394728057409e+00
1.043892429989235815e+00
1.037290421258697304e+00
1.031655224342652222e+00
1.026863912117899291e+00
1.022805191574049699e+00
1.019379365332822251e+00
1.016497965311158103e+00
1.014083163189909653e+00
1.012067041593869066e+00
1.010390791729232518e+00
1.009003887755830275e+00
1.007863275317396612e+00
1.006932601226529611e+00
1.006181503052131498e+00
1.005584971006895811e+00
1.005122789798002403e+00
1.004779064713561487e+00
1.004541833919978755e+00
1.004402767515028660e+00
1.004356953119166951e+00
1.004402767516633155e+00
1.004541833923270344e+00
1.004779064718707371e+00
1.005122789805261041e+00
1.005584971016634244e+00
1.006181503064839555e+00
1.006932601242841452e+00
1.007863275338123366e+00
1.009003887782000008e+00
1.010390791762132645e+00
1.012067041635111631e+00
1.014083163241506824e+00
1.016497965375613655e+00
1.019379365413249472e+00
1.022805191674316827e+00
1.026863912242810484e+00
1.031655224498171153e+00
1.037290421452228495e+00
1.043892430229970802e+00
1.051595395027412394e+00
1.060543652323935326e+00
1.070889921197663019e+00
1.082792508107135676e+00
1.096411306119946083e+00
1.111902357053288659e+00
1.129410746551627875e+00
1.149061623849086500e+00
1.170949189351559561e+00
1.195123586754150979e+00
1.221575788320398370e+00
1.250220792227092481e+00
1.280879782931928723e+00
1.313262363836958269e+00
1.346950576051727744e+00
1.381387172065786206e+00
1.415871487739353451e+00
1.449567154057849194e+00
1.481526609397018746e+00
1.510737560758758535e+00
1.536195666094882561e+00
1.557005083710234716e+00
1.572503462541740671e+00
1.582400047342374938e+00
1.586905307124486075e+00
1.586819781309403155e+00
1.583542389958048080e+00
1.578959266129984274e+00
1.575187627300277615e+00
1.574176055687245945e+00
1.577197377560326741e+00
1.584302397354409919e+00
1.593822565911390265e+00
1.602019356734795341e+00
1.602997302746298036e+00
1.589052128709860234e+00
1.551711070678052806e+00
1.483758324008279672e+00
1.382359010208044747e+00
1.252845435210613090e+00
1.111851213949230477e+00
9.875986030204427779e-01
9.146428268653873372e-01
9.202911770908966949e-01
1.000000000000000000e+00
