1.000000000000000000e+00
1.022108809736357093e+00
1.056086906966104522e+00
1.106292993692480575e+00
1.171896278826279003e+00
1.248769229804944869e+00
1.331083523265490953e+00
1.412641752852623833e+00
1.487884674616737124e+00
1.552513003991851992e+00
1.603731213077182360e+00
1.640195676654675472e+00
1.661785308845340703e+00
1.669302934815109163e+00
1.664180410111643971e+00
1.648223759498898433e+00
1.623409277960814245e+00
1.591728889245646483e+00
1.555078715789902200e+00
1.515184155765669338e+00
1.473555090115387989e+00
1.431465214361500538e+00
1.389949842626944765e+00
1.349817003669935511e+00
1.311667302281998237e+00
1.275918809025086365e+00
1.242834072881698226e+00
1.212547135987994906e+00
1.185089109066583823e+00
1.160411415759093012e+00
1.138406234037751652e+00
1.118923967841213951e+00
1.101787792401979882e+00
1.086805453157946522e+00
1.073778579070491457e+00
1.062509811726427111e+00
1.052808063653820403e+00
1.044492211908854662e+00
1.037393513023648239e+00
1.031356997926361263e+00
1.026242074193520537e+00
1.021922530668935458e+00
1.018286107974094135e+00
1.015233769000033259e+00
1.012678776877916409e+00
1.010545664565442925e+00
1.008769160170669421e+00
1.007293115374165993e+00
1.006069470582677594e+00
1.005057279449706353e+00
1.004221806788135662e+00
1.003533707326485835e+00
1.002968287885489751e+00
1.002504852063138552e+00
1.002126124137193042e+00
1.001817747383820789e+00
1.001567851167820988e+00
1.001366680816713872e+00
1.001206284314164918e+00
1.001080250131622051e+00
1.000983490979777679e+00
1.000912068842184421e+00
1.000863057308331694e+00
1.000834437921025666e+00
1.000825027973393899e+00
1.000834437921025666e+00
1.000863057308331694e+00
1.000912068842184421e+00
1.000983490979777679e+00
1.001080250131622051e+00
1.001206284314164918e+00
1.001366680816713872e+00
1.001567851167820988e+00
1.001817747383820789e+00
1.002126124137193042e+00
1.002504852063138552e+00
1.002968287885489751e+00
1.003533707326485835e+00
1.004221806788135662e+00
1.005057279449706353e+00
1.006069470582677594e+00
1.007293115374165993e+00
1.008769160170669643e+00
1.010545664565442925e+00
1.012678776877916409e+00
1.015233769000033259e+00
1.018286107974094135e+00
1.021922530668935236e+00
1.026242074193520537e+00
1.031356997926361485e+00
1.037393513023648239e+00
1.044492211908854662e+00
1.052808063653820181e+00
1.062509811726426889e+00
1.073778579070491235e+00
1.086805453157946300e+00
1.101787792401978994e+00
1.118923967841213285e+00
1.138406234037751208e+00
1.160411415759093012e+00
1.185089109066584045e+00
1.212547135987993796e+00
1.242834072881698226e+00
1.275918809025085920e+00
1.311667302281998237e+00
1.349817003669935511e+00
1.389949842626944321e+00
1.431465214361501870e+00
1.473555090115387545e+00
1.515184155765667562e+00
1.555078715789902866e+00
1.591728889245645817e+00
1.623409277960813357e+00
1.648223759498896879e+00
1.664180410111641750e+00
1.669302934815108941e+00
1.661785308845340925e+00
1.640195676654674140e+00
1.603731213077180362e+00
1.552513003991849994e+00
1.487884674616736458e+00
1.412641752852621391e+00
1.331083523265488733e+00
1.248769229804944647e+00
1.171896278826279003e+00
1.106292993692479021e+00
1.056086906966103189e+00
1.022108809736354651e+00
1.000000000000000000e+00
