1.000000000000000000e+00
8.725160740496544776e-01
8.617335867338640210e-01
9.590478052375208673e-01
1.112270587723858117e+00
1.270882993733772226e+00
1.403687639683832700e+00
1.499532954928743722e+00
1.560469523510202183e+00
1.594051266395702715e+00
1.608204055280995304e+00
1.609202924645394273e+00
1.601689766567733875e+00
1.589375011757948153e+00
1.575538487369386953e+00
1.563061174556314104e+00
1.554132683014102234e+00
1.549916385264607843e+00
1.550394626961407285e+00
1.554477029976384594e+00
1.560327199487258731e+00
1.565793261037357054e+00
1.568820613019314969e+00
1.567760780910816054e+00
1.561540585834527262e+00
1.549699148838782126e+00
1.532326085480493649e+00
1.509942288538636657e+00
1.483360270638725664e+00
1.453550671731982380e+00
1.421530315115973053e+00
1.388277969337808671e+00
1.354677701567029491e+00
1.321486196551262537e+00
1.289318978258578996e+00
1.258650357306556611e+00
1.229822521491132914e+00
1.203060065248631627e+00
1.178487163215190092e+00
1.156145404375369834e+00
1.136010967285588480e+00
1.118010328788182628e+00
1.102034075113204281e+00
1.087948649458533978e+00
1.075606048502936618e+00
1.064851593378131289e+00
1.055529966035287925e+00
1.047489733511039800e+00
1.040586590877197182e+00
1.034685546548980595e+00
1.029662256960990563e+00
1.025403695635223711e+00
1.021808317379882425e+00
1.018785853858529489e+00
1.016256853439787777e+00
1.014152056929466639e+00
1.012411681959359377e+00
1.010984672634389625e+00
1.009827957499563000e+00
1.008905747825055821e+00
1.008188899386986304e+00
1.007654354064595470e+00
1.007284672387556812e+00
1.007067664355773662e+00
1.006996123137183785e+00
1.007067664358812120e+00
1.007284672393789160e+00
1.007654354074344338e+00
1.008188899400745298e+00
1.008905747843529488e+00
1.009827957523689035e+00
1.010984672665389938e+00
1.012411681998794499e+00
1.014152056979319649e+00
1.016256853502549573e+00
1.018785853937327346e+00
1.021808317478632100e+00
1.025403695758813072e+00
1.029662257115526058e+00
1.034685546742082574e+00
1.040586591118381588e+00
1.047489733812191570e+00
1.055529966411258735e+00
1.064851593847502054e+00
1.075606049088978722e+00
1.087948650190434741e+00
1.102034076027635923e+00
1.118010329931303337e+00
1.136010968715626124e+00
1.156145406165930645e+00
1.178487165459547237e+00
1.203060068065274990e+00
1.229822525030941804e+00
1.258650361762099212e+00
1.289318983876135638e+00
1.321486203646350610e+00
1.354677710544308189e+00
1.388277980716509763e+00
1.421530329561970341e+00
1.453550690097804132e+00
1.483360294012524783e+00
1.509942318302740949e+00
1.532326123379247562e+00
1.549699197053815425e+00
1.561540647063379472e+00
1.567760858441774596e+00
1.568820710791795969e+00
1.565793383673470096e+00
1.560327352276965618e+00
1.554477218796476823e+00
1.550394858107354112e+00
1.549916665174003283e+00
1.554133017860535038e+00
1.563061569694651931e+00
1.575538946622165426e+00
1.589375536555873270e+00
1.601690355002098443e+00
1.609203570554898821e+00
1.608204747562006709e+00
1.594051988760549543e+00
1.560470254889831487e+00
1.499533670610738945e+00
1.403688313111170816e+00
1.270883598699920292e+00
1.112271100541439850e+00
9.590482064143938112e-01
8.617338618464001065e-01
8.725162138342412721e-01
1.000000000000000000e+00
