1.000000000000000000e+00
1.056623282226863081e+00
1.118019268566493141e+00
1.185682686718789514e+00
1.258565279202013665e+00
1.333799725935286951e+00
1.407455442733181794e+00
1.475306610062016244e+00
1.533527785849852609e+00
1.579216313536417227e+00
1.610676151533982470e+00
1.627458406274989944e+00
1.630208164644306734e+00
1.620395672412833443e+00
1.600010037670877017e+00
1.571274795381734757e+00
1.536419324078930781e+00
1.497517626968625226e+00
1.456390670689151623e+00
1.414560561582360210e+00
1.373242517544345898e+00
1.333361607918184921e+00
1.295583742763360524e+00
1.260353209912646211e+00
1.227931569516140575e+00
1.198434694301792725e+00
1.171866177989143720e+00
1.148146307972914393e+00
1.127136420928920302e+00
1.108658832629097368e+00
1.092512736911055438e+00
1.078486562848190777e+00
1.066367304956739259e+00
1.055947326296942101e+00
1.047029096467963383e+00
1.039428277165575176e+00
1.032975514335747969e+00
1.027517242455324276e+00
1.022915755786734993e+00
1.019048755126906514e+00
1.015808537384769394e+00
1.013100959550790048e+00
1.010844278196699531e+00
1.008967940268014951e+00
1.007411380169511927e+00
1.006122861479514130e+00
1.005058388520553514e+00
1.004180702922886859e+00
1.003458372736571569e+00
1.002864976114502760e+00
1.002378377693829981e+00
1.001980093194047017e+00
1.001654736129679479e+00
1.001389539658456673e+00
1.001173946254121594e+00
1.000999257948985699e+00
1.000858340213034436e+00
1.000745373030491159e+00
1.000655643332500233e+00
1.000585373596094563e+00
1.000531582090426586e+00
1.000491970918856222e+00
1.000464838656583977e+00
1.000449015011158016e+00
1.000443815536424363e+00
1.000449015011158016e+00
1.000464838656583977e+00
1.000491970918856222e+00
1.000531582090426586e+00
1.000585373596094563e+00
1.000655643332500233e+00
1.000745373030491159e+00
1.000858340213034436e+00
1.000999257948985699e+00
1.001173946254121594e+00
1.001389539658456673e+00
1.001654736129679479e+00
1.001980093194047017e+00
1.002378377693829981e+00
1.002864976114502760e+00
1.003458372736571569e+00
1.004180702922886859e+00
1.005058388520553514e+00
1.006122861479514130e+00
1.007411380169511927e+00
1.008967940268014951e+00
1.010844278196699531e+00
1.013100959550789826e+00
1.015808537384769394e+00
1.019048755126906736e+00
1.022915755786734993e+00
1.027517242455324276e+00
1.032975514335747746e+00
1.039428277165574954e+00
1.047029096467963161e+00
1.055947326296941879e+00
1.066367304956738593e+00
1.078486562848190777e+00
1.092512736911055216e+00
1.108658832629097368e+00
1.127136420928921190e+00
1.148146307972913727e+00
1.171866177989144164e+00
1.198434694301792725e+00
1.227931569516140575e+00
1.260353209912646211e+00
1.295583742763360302e+00
1.333361607918185809e+00
1.373242517544346342e+00
1.414560561582359766e+00
1.456390670689151845e+00
1.497517626968625226e+00
1.536419324078930781e+00
1.571274795381734313e+00
1.600010037670875462e+00
1.620395672412834775e+00
1.630208164644307844e+00
1.627458406274988167e+00
1.610676151533980915e+00
1.579216313536416338e+00
1.533527785849851943e+00
1.475306610062014467e+00
1.407455442733180906e+00
1.333799725935287173e+00
1.258565279202013887e+00
1.185682686718788847e+00
1.118019268566492253e+00
1.056623282226862415e+00
1.000000000000000000e+00
