1.000000000000000000e+00
7.554387873951070587e-01
7.879239941369684530e-01
9.723121327287955751e-01
1.167871341346236269e+00
1.316253597949858856e+00
1.417070381146485092e+00
1.486575335877750259e+00
1.536515589430819784e+00
1.571582106038429849e+00
1.593640435215649021e+00
1.604928642473021361e+00
1.608457101307726678e+00
1.606931788179912335e+00
1.601823277148716640e+00
1.593338345285502555e+00
1.581168418485881411e+00
1.565441151838578460e+00
1.547317003798134083e+00
1.528972401687735516e+00
1.513056661231996447e+00
1.501924823307768664e+00
1.496977005424996676e+00
1.498322534592312572e+00
1.504823037990435486e+00
1.514431567108460719e+00
1.524675844252248558e+00
1.533134396744505690e+00
1.537800552350626848e+00
1.537289803218591988e+00
1.530896904353895360e+00
1.518539211254279930e+00
1.500632389542347234e+00
1.477940036089877118e+00
1.451427380150052127e+00
1.422136810910189064e+00
1.391092700398433912e+00
1.359235945751202657e+00
1.327384649281310613e+00
1.296215647568503160e+00
1.266261372285474751e+00
1.237917100897880873e+00
1.211454566175986347e+00
1.187038856642064655e+00
1.164746409417937167e+00
1.144582614106825824e+00
1.126498102928372491e+00
1.110403214261063809e+00
1.096180409006442869e+00
1.083694617619346490e+00
1.072801623251526060e+00
1.063354662175462373e+00
1.055209461393067816e+00
1.048227946479878936e+00
1.042280848807047189e+00
1.037249426621112303e+00
1.033026493622377195e+00
1.029516924925901078e+00
1.026637785868814490e+00
1.024318205532882553e+00
1.022499094992229463e+00
1.021132790647856892e+00
1.020182685726524818e+00
1.019622898020993818e+00
1.019438008986234934e+00
1.019622898021546487e+00
1.020182685727660354e+00
1.021132790649640798e+00
1.022499094994766766e+00
1.024318205536316695e+00
1.026637785873341757e+00
1.029516924931782818e+00
1.033026493629948472e+00
1.037249426630812765e+00
1.042280848819426842e+00
1.048227946495650986e+00
1.055209461413142424e+00
1.063354662200985290e+00
1.072801623283959005e+00
1.083694617660534654e+00
1.096180409058732375e+00
1.110403214327418508e+00
1.126498103012548047e+00
1.144582614213560445e+00
1.164746409553239825e+00
1.187038856813521948e+00
1.211454566393199261e+00
1.237917101173010570e+00
1.266261372633922244e+00
1.296215648009799937e+00
1.327384649840236186e+00
1.359235946459272704e+00
1.391092701295764122e+00
1.422136812047935628e+00
1.451427381593544563e+00
1.477940037922689909e+00
1.500632391871509430e+00
1.518539214216966915e+00
1.530896908125906064e+00
1.537289808024946192e+00
1.537800558478600754e+00
1.533134404559115760e+00
1.524675854214042392e+00
1.514431579792809623e+00
1.504823054106925406e+00
1.498322555002018941e+00
1.496977031152803228e+00
1.501924855546564297e+00
1.513056701335693477e+00
1.528972451150378165e+00
1.547317064216178650e+00
1.565441224851831237e+00
1.581168505689223069e+00
1.593338448099795857e+00
1.601823396639095787e+00
1.606931924818269408e+00
1.608457254696161076e+00
1.604928811072082295e+00
1.593640616142733224e+00
1.571582295004408714e+00
1.536515780863033420e+00
1.486575523242722241e+00
1.417070557445091694e+00
1.316253756310060474e+00
1.167871475590459118e+00
9.723122377836107555e-01
7.879240662229149983e-01
7.554388240439200430e-01
1.000000000000000000e+00
