1.000000000000000000e+00
1.063083375659770624e+00
1.125521032105005537e+00
1.186118226333428449e+00
1.243191430037429601e+00
1.294773547510855050e+00
1.338906087130845357e+00
1.373943829939528571e+00
1.398799819503539155e+00
1.413080902558684571e+00
1.417098239911814384e+00
1.411770176104151231e+00
1.398456016607295238e+00
1.378764828650251628e+00
1.354376238782274200e+00
1.326896619271136446e+00
1.297760063132218145e+00
1.268172855769710283e+00
1.239093921021244160e+00
1.211241388047590073e+00
1.185115720668989514e+00
1.161031506455337370e+00
1.139152086667679198e+00
1.119523171251012306e+00
1.102103178884321633e+00
1.086789214671308734e+00
1.073438389424548500e+00
1.061884673511417132e+00
1.051951746978774471e+00
1.043462426526094555e+00
1.036245273218014740e+00
1.030138951824543625e+00
1.024994850160876325e+00
1.020678392234981580e+00
1.017069403185007381e+00
1.014061813095894493e+00
1.011562923974697270e+00
1.009492410636656734e+00
1.007781182018658406e+00
1.006370193824362991e+00
1.005209275408600833e+00
1.004256012296955269e+00
1.003474709589625480e+00
1.002835449681642288e+00
1.002313249332835055e+00
1.001887315364245801e+00
1.001540394501680531e+00
1.001258210612530286e+00
1.001028981378786931e+00
1.000843005998908630e+00
1.000692315571463320e+00
1.000570378203504474e+00
1.000471851474451279e+00
1.000392375577334070e+00
1.000328401188619765e+00
1.000277046841600015e+00
1.000235981269262275e+00
1.000203326824488981e+00
1.000177580670887689e+00
1.000157550964379638e+00
1.000142305715844282e+00
1.000131132442735327e+00
1.000123507088799490e+00
1.000119071022094408e+00
1.000117615219914935e+00
1.000119071022094408e+00
1.000123507088799490e+00
1.000131132442735327e+00
1.000142305715844282e+00
1.000157550964379638e+00
1.000177580670887689e+00
1.000203326824488981e+00
1.000235981269262275e+00
1.000277046841600015e+00
1.000328401188619765e+00
1.000392375577334070e+00
1.000471851474451279e+00
1.000570378203504474e+00
1.000692315571463320e+00
1.000843005998908630e+00
1.001028981378786931e+00
1.001258210612530286e+00
1.001540394501680531e+00
1.001887315364245801e+00
1.002313249332835055e+00
1.002835449681642288e+00
1.003474709589625480e+00
1.004256012296955269e+00
1.005209275408600833e+00
1.006370193824362991e+00
1.007781182018658406e+00
1.009492410636656734e+00
1.011562923974697270e+00
1.014061813095894493e+00
1.017069403185007159e+00
1.020678392234981580e+00
1.024994850160876325e+00
1.030138951824543625e+00
1.036245273218014740e+00
1.043462426526094555e+00
1.051951746978774693e+00
1.061884673511416910e+00
1.073438389424548944e+00
1.086789214671308512e+00
1.102103178884321633e+00
1.119523171251012084e+00
1.139152086667679198e+00
1.161031506455338036e+00
1.185115720668989070e+00
1.211241388047589629e+00
1.239093921021244160e+00
1.268172855769710505e+00
1.297760063132217700e+00
1.326896619271135558e+00
1.354376238782273312e+00
1.378764828650251850e+00
1.398456016607295016e+00
1.411770176104150121e+00
1.417098239911814161e+00
1.413080902558684793e+00
1.398799819503538266e+00
1.373943829939527683e+00
1.338906087130844913e+00
1.294773547510855716e+00
1.243191430037429379e+00
1.186118226333428005e+00
1.125521032105005981e+00
1.063083375659770402e+00
1.000000000000000000e+00
