1.000000000000000000e+00
7.415625656206684679e-01
7.848924211145489327e-01
9.785685835676023459e-01
1.172913817915033352e+00
1.315905744549616729e+00
1.413819615143821595e+00
1.484141481074088498e+00
1.536476522360852304e+00
1.573289260069250517e+00
1.595521560753163870e+00
1.605625252452782536e+00
1.607402880085076813e+00
1.604495089251848139e+00
1.599117877302748347e+00
1.591756866733559539e+00
1.581783592166586150e+00
1.568519023786754341e+00
1.552154260304072997e+00
1.534114618347626191e+00
1.516782457511317572e+00
1.502788761187924260e+00
1.494217999128506724e+00
1.492030750514594661e+00
1.495861628304038238e+00
1.504186085536616480e+00
1.514734902998796429e+00
1.524994468864164565e+00
1.532653442582831760e+00
1.535912553644504408e+00
1.533634065331126228e+00
1.525351457266780120e+00
1.511181921382966031e+00
1.491687608774721507e+00
1.467723514076561653e+00
1.440297500410716580e+00
1.410456050423911645e+00
1.379200192685860360e+00
1.347430198423057224e+00
1.315914592742381206e+00
1.285277961811512437e+00
1.256002179532713425e+00
1.228436424083673373e+00
1.202812311565638170e+00
1.179261415062716978e+00
1.157833254564926806e+00
1.138512500569187402e+00
1.121234634847198874e+00
1.105899676550380795e+00
1.092383836507376138e+00
1.080549132339763574e+00
1.070251103445548413e+00
1.061344825393867985e+00
1.053689451371347507e+00
1.047151514281199569e+00
1.041607214562547234e+00
1.036943901373962751e+00
1.033060932512313013e+00
1.029870074159435100e+00
1.027295577197123500e+00
1.025274043643371158e+00
1.023754175452398663e+00
1.022696478807372023e+00
1.022072980146423005e+00
1.021866995319555604e+00
1.022072980146700560e+00
1.022696478807940457e+00
1.023754175453297721e+00
1.025274043644660127e+00
1.027295577198885423e+00
1.029870074161782778e+00
1.033060932515402097e+00
1.036943901377989086e+00
1.041607214567780382e+00
1.047151514287973262e+00
1.053689451380104058e+00
1.061344825405182712e+00
1.070251103460149178e+00
1.080549132358588738e+00
1.092383836531622299e+00
1.105899676581586943e+00
1.121234634887318338e+00
1.138512500620716184e+00
1.157833254631030595e+00
1.179261415147424774e+00
1.202812311674050783e+00
1.228436424222263401e+00
1.256002179709690081e+00
1.285277962037266519e+00
1.315914593030082402e+00
1.347430198789381750e+00
1.379200193151968845e+00
1.410456051016670154e+00
1.440297501164278904e+00
1.467723515034418336e+00
1.491687609992359720e+00
1.511181922931306376e+00
1.525351459236606644e+00
1.533634067838759441e+00
1.535912556838947562e+00
1.532653446654634211e+00
1.524994474055992866e+00
1.514734909617604375e+00
1.504186093966745297e+00
1.495861639020211742e+00
1.492030764093111861e+00
1.494218016254691639e+00
1.502788782657792588e+00
1.516782484225822403e+00
1.534114651298299714e+00
1.552154300548754362e+00
1.568519072412524196e+00
1.581783650233761218e+00
1.591756935191140476e+00
1.599117956865663048e+00
1.604495180237825114e+00
1.607402982225180299e+00
1.605625364709228897e+00
1.595521681190512187e+00
1.573289385821604602e+00
1.536476649720475374e+00
1.484141605705191491e+00
1.413819732405445340e+00
1.315905849884617229e+00
1.172913907225358932e+00
9.785686534823447857e-01
7.848924691092878936e-01
7.415625900308618901e-01
1.000000000000000000e+00
