1.000000000000000000e+00
1.020646957258283694e+00
1.053571866357027709e+00
1.103244698328668116e+00
1.168773297274758649e+00
1.245892144842055904e+00
1.328627815257694911e+00
1.410673618146995434e+00
1.486413261970706667e+00
1.551536676623628042e+00
1.603264415499775497e+00
1.640273825856166878e+00
1.662453618960036961e+00
1.670598684447216487e+00
1.666117118491039495e+00
1.650782156673190615e+00
1.626536146057336429e+00
1.595342231304287539e+00
1.559076611722457706e+00
1.519454737591472648e+00
1.477985747203544253e+00
1.435949957628678497e+00
1.394394446554838574e+00
1.354142011520062194e+00
1.315809232865938538e+00
1.279829996707810835e+00
1.246481565934287827e+00
1.215911020312734792e+00
1.188160547389112143e+00
1.163190615681487960e+00
1.140900491209893453e+00
1.121145876231212313e+00
1.103753672227724358e+00
1.088534016952074523e+00
1.075289835554509299e+00
1.063824193644420157e+00
1.053945757678827810e+00
1.045472664707857824e+00
1.038235086370618454e+00
1.032076746468958639e+00
1.026855621408302888e+00
1.022444021160507699e+00
1.018728217206297026e+00
1.015607754525688744e+00
1.012994557979827626e+00
1.010811919825076677e+00
1.008993434782839094e+00
1.007481932003589709e+00
1.006228439214631232e+00
1.005191203041960968e+00
1.004334780614688061e+00
1.003629210749771072e+00
1.003049267938524558e+00
1.002573798700841623e+00
1.002185137358701406e+00
1.001868596663157307e+00
1.001612027783067127e+00
1.001405443758404568e+00
1.001240700498842395e+00
1.001111229660011759e+00
1.001011818171768208e+00
1.000938429761168313e+00
1.000888064461999072e+00
1.000858652799293314e+00
1.000848982060371872e+00
1.000858652799293314e+00
1.000888064461999072e+00
1.000938429761168313e+00
1.001011818171768208e+00
1.001111229660011759e+00
1.001240700498842395e+00
1.001405443758404568e+00
1.001612027783067127e+00
1.001868596663157307e+00
1.002185137358701406e+00
1.002573798700841623e+00
1.003049267938524558e+00
1.003629210749771072e+00
1.004334780614688061e+00
1.005191203041960968e+00
1.006228439214631232e+00
1.007481932003589709e+00
1.008993434782839316e+00
1.010811919825076677e+00
1.012994557979827626e+00
1.015607754525688744e+00
1.018728217206297026e+00
1.022444021160507477e+00
1.026855621408302888e+00
1.032076746468958861e+00
1.038235086370618454e+00
1.045472664707857824e+00
1.053945757678827588e+00
1.063824193644419935e+00
1.075289835554509077e+00
1.088534016952074301e+00
1.103753672227723470e+00
1.121145876231211647e+00
1.140900491209893008e+00
1.163190615681487960e+00
1.188160547389112365e+00
1.215911020312733681e+00
1.246481565934287827e+00
1.279829996707810169e+00
1.315809232865938538e+00
1.354142011520061972e+00
1.394394446554838130e+00
1.435949957628679829e+00
1.477985747203544031e+00
1.519454737591470872e+00
1.559076611722458594e+00
1.595342231304287095e+00
1.626536146057335763e+00
1.650782156673189283e+00
1.666117118491037719e+00
1.670598684447216709e+00
1.662453618960037627e+00
1.640273825856166212e+00
1.603264415499774165e+00
1.551536676623626709e+00
1.486413261970706445e+00
1.410673618146993658e+00
1.328627815257693134e+00
1.245892144842056348e+00
1.168773297274759093e+00
1.103244698328667228e+00
1.053571866357026598e+00
1.020646957258281473e+00
1.000000000000000000e+00
