1.000000000000000000e+00
7.368278997916324347e-01
7.834164857744683186e-01
9.794523746581677015e-01
1.172796805530325503e+00
1.313797101663195299e+00
1.410760281143593531e+00
1.481328143396798858e+00
1.534350231393973196e+00
1.571675456792305692e+00
1.594050432642885040e+00
1.603990268844099010e+00
1.605456349296734642e+00
1.602288714288339966e+00
1.596907448743012381e+00
1.589930691336358004e+00
1.580710221143148742e+00
1.568376787480847634e+00
1.552828693572720242e+00
1.535214092902406957e+00
1.517760773996474910e+00
1.503117408900288332e+00
1.493540090922681474e+00
1.490248531727853765e+00
1.493142659815367201e+00
1.500902734205517008e+00
1.511367956224659803e+00
1.522033211566914401e+00
1.530515856645104700e+00
1.534896833209237199e+00
1.533901627448900129e+00
1.526934713158844437e+00
1.514007488580925376e+00
1.495606210893599020e+00
1.472539994607584779e+00
1.445796925232331276e+00
1.416424059208894359e+00
1.385437302647420488e+00
1.353760673125738556e+00
1.322190904006707468e+00
1.291381961696724590e+00
1.261844004985414491e+00
1.233951980916761393e+00
1.207959989983825810e+00
1.184018509584206846e+00
1.162192411194566954e+00
1.142478396526088291e+00
1.124821008452606463e+00
1.109126762199177829e+00
1.095276216742686382e+00
1.083133991168517607e+00
1.072556848212470104e+00
1.063400035634924246e+00
1.055522109687163645e+00
1.048788474595685249e+00
1.043073865821643853e+00
1.038263988815551153e+00
1.034256503398152116e+00
1.030961519809385551e+00
1.028301747967673707e+00
1.026212417926121834e+00
1.024641067698536245e+00
1.023547274936552842e+00
1.022902391438796021e+00
1.022689324009247613e+00
1.022902391438558878e+00
1.023547274936067675e+00
1.024641067697787067e+00
1.026212417925082443e+00
1.028301747966307911e+00
1.030961519807643834e+00
1.034256503395979632e+00
1.038263988812876848e+00
1.043073865818392898e+00
1.048788474591760389e+00
1.055522109682463405e+00
1.063400035629338491e+00
1.072556848205866720e+00
1.083133991160755594e+00
1.095276216733599206e+00
1.109126762188591853e+00
1.124821008440313186e+00
1.142478396511847016e+00
1.162192411178077922e+00
1.184018509565093691e+00
1.207959989961577385e+00
1.233951980890680922e+00
1.261844004954522314e+00
1.291381961659603617e+00
1.322190903961310671e+00
1.353760673069083653e+00
1.385437302575214247e+00
1.416424059114994582e+00
1.445796925108046915e+00
1.472539994440783095e+00
1.495606210667613789e+00
1.514007488273281687e+00
1.526934712739826727e+00
1.533901626880099567e+00
1.534896832442189885e+00
1.530515855620265375e+00
1.522033210213019849e+00
1.511367954458589846e+00
1.500902731932269862e+00
1.493142656927584522e+00
1.490248528103846448e+00
1.493540086422019186e+00
1.503117403356686754e+00
1.517760767209272110e+00
1.535214084630091014e+00
1.552828683533729492e+00
1.568376775366725040e+00
1.580710206645922211e+00
1.589930674186547765e+00
1.596907428749952729e+00
1.602288691374970986e+00
1.605456323527809204e+00
1.603990240454694627e+00
1.594050402073665440e+00
1.571675424724201076e+00
1.534350198758082540e+00
1.481328111334098807e+00
1.410760250912495239e+00
1.313797074519604591e+00
1.172796782605724397e+00
9.794523568486328546e-01
7.834164736692472708e-01
7.368278936881909047e-01
1.000000000000000000e+00
