1.000000000000000000e+00
7.452959197045854189e-01
7.855772567724969013e-01
9.768308968651837620e-01
1.171647679037205902e+00
1.316119188180145061e+00
1.414745635089759812e+00
1.484789469646052851e+00
1.536478441849086218e+00
1.572842766624149791e+00
1.595027754040605705e+00
1.605422846846819462e+00
1.607649221794905658e+00
1.605128514359431380e+00
1.599879835053201971e+00
1.592285886233137937e+00
1.581764257877355861e+00
1.567825105658634088e+00
1.550918483789373026e+00
1.532694417717555213e+00
1.515641819244791799e+00
1.502349386416218291e+00
1.494736063874084309e+00
1.493535196645023655e+00
1.498161294009792810e+00
1.506929558183350171e+00
1.517495614035539342e+00
1.527354256172045677e+00
1.534266238155387985e+00
1.536540567459815376e+00
1.533157714096890389e+00
1.523759486639567617e+00
1.508549788719145468e+00
1.488151354277690297e+00
1.463454352262806957e+00
1.435480201291102098e+00
1.405272398099287612e+00
1.373817591104496305e+00
1.341994803049136209e+00
1.310548053111256550e+00
1.280076821215945015e+00
1.251039077789899423e+00
1.223762406675905856e+00
1.198459714692322597e+00
1.175246946127697312e+00
1.154161011327810016e+00
1.135176768179017470e+00
1.118222371007966176e+00
1.103192645451418930e+00
1.089960386347579080e+00
1.078385633251645492e+00
1.068323075651600007e+00
1.059627794073553897e+00
1.052159566946504921e+00
1.045785976112498128e+00
1.040384533476870210e+00
1.035844032803197701e+00
1.032065307884099781e+00
1.028961553936059481e+00
1.026458344877917872e+00
1.024493456301995176e+00
1.023016583077231312e+00
1.021989021906354322e+00
1.021383372789981703e+00
1.021183299029721159e+00
1.021383372790329203e+00
1.021989021907068418e+00
1.023016583078357522e+00
1.024493456303604777e+00
1.026458344880108786e+00
1.028961553938966489e+00
1.032065307887906513e+00
1.035844032808135529e+00
1.040384533483251772e+00
1.045785976120712446e+00
1.052159566957066916e+00
1.059627794087123265e+00
1.068323075669012967e+00
1.078385633273976296e+00
1.089960386376192858e+00
1.103192645488062062e+00
1.118222371054855335e+00
1.135176768238977063e+00
1.154161011404414294e+00
1.175246946225491751e+00
1.198459714817057264e+00
1.223762406834870919e+00
1.251039077992338600e+00
1.280076821473562276e+00
1.310548053438892913e+00
1.341994803465599073e+00
1.373817591633673008e+00
1.405272398771538089e+00
1.435480202145067219e+00
1.463454353347747317e+00
1.488151355656520458e+00
1.508549790472338614e+00
1.523759488870184864e+00
1.533157716936994319e+00
1.536540571078524486e+00
1.534266242768836053e+00
1.527354262055241829e+00
1.517495621536006922e+00
1.506929567735843856e+00
1.498161306150961103e+00
1.493535212026184666e+00
1.494736083269946780e+00
1.502349410727218837e+00
1.515641849491040194e+00
1.532694455022812985e+00
1.550918529353327635e+00
1.567825160714145349e+00
1.581764323626049240e+00
1.592285963749155098e+00
1.599879925144832349e+00
1.605128617386148759e+00
1.607649337454643002e+00
1.605422973969902634e+00
1.595027890441688134e+00
1.572842909061497707e+00
1.536478586122477896e+00
1.484789610839390983e+00
1.414745767939358245e+00
1.316119307517384041e+00
1.171647780214469803e+00
9.768309760613217430e-01
7.855773111308970158e-01
7.452959473477814845e-01
1.000000000000000000e+00
