1.000000000000000000e+00
7.538016247403236392e-01
7.867951510382307223e-01
9.716633856926696344e-01
1.166846822251954574e+00
1.314496814950918191e+00
1.414829844923384483e+00
1.484257976264797607e+00
1.534360556821166233e+00
1.569615727870505406e+00
1.591780034581162573e+00
1.603093973958068963e+00
1.606633615324830622e+00
1.605183735546527268e+00
1.600267943240757385e+00
1.592096057242044838e+00
1.580308964217711276e+00
1.564949127243639326e+00
1.547090135685593282e+00
1.528851738489708012e+00
1.512874516377877399e+00
1.501551621192173336e+00
1.496352000733729204e+00
1.497461940268007163e+00
1.503807749485242873e+00
1.513382218357273823e+00
1.523724404273445687e+00
1.532399754508545708e+00
1.537372225376937074e+00
1.537220631075429944e+00
1.531203303573355656e+00
1.519206514485194726e+00
1.501622729555086799e+00
1.479200745531513261e+00
1.452898580873287493e+00
1.423757515917611238e+00
1.392805235693383104e+00
1.360988801669366755e+00
1.329134022617068478e+00
1.297925983253106708e+00
1.267905199083458223e+00
1.239474411363844286e+00
1.212911937464347112e+00
1.188388457169891055e+00
1.165984992159807776e+00
1.145710562045770153e+00
1.127518565527849015e+00
1.111321354532874395e+00
1.097002767372525112e+00
1.084428589927219244e+00
1.073455044835642802e+00
1.063935486823223142e+00
1.055725522750468715e+00
1.048686789270267594e+00
1.042689617830382609e+00
1.037614802552318860e+00
1.033354665920741544e+00
1.029813593550865436e+00
1.026908184866450746e+00
1.024567142842824907e+00
1.022731003984303388e+00
1.021351789907287921e+00
1.020392644455826670e+00
1.019827505113160226e+00
1.019640844350345299e+00
1.019827505112971044e+00
1.020392644455439646e+00
1.021351789906690177e+00
1.022731003983475828e+00
1.024567142841737333e+00
1.026908184865067186e+00
1.029813593549144368e+00
1.033354665918627679e+00
1.037614802549758686e+00
1.042689617827302184e+00
1.048686789266594754e+00
1.055725522746125744e+00
1.063935486818115894e+00
1.073455044829674687e+00
1.084428589920277464e+00
1.097002767364490428e+00
1.111321354523604255e+00
1.127518565517176663e+00
1.145710562033470437e+00
1.165984992145592258e+00
1.188388457153338962e+00
1.212911937444848931e+00
1.239474411340502513e+00
1.267905199054928156e+00
1.297925983217381729e+00
1.329134022571157425e+00
1.360988801608892906e+00
1.392805235611988879e+00
1.423757515806198137e+00
1.452898580719026445e+00
1.479200745316633370e+00
1.501622729255412292e+00
1.519206514068509373e+00
1.531203302997685034e+00
1.537220630287421397e+00
1.537372224310619373e+00
1.532399753084626504e+00
1.523724402399354805e+00
1.513382215927736363e+00
1.503807746382779920e+00
1.497461936362216584e+00
1.496351995877954755e+00
1.501551615216613289e+00
1.512874509079713548e+00
1.528851729623431854e+00
1.547090124959379587e+00
1.564949114328741286e+00
1.580308948775454470e+00
1.592096038966858806e+00
1.600267921910472069e+00
1.605183711068199459e+00
1.606633587769460414e+00
1.603093943587945436e+00
1.591780001878486228e+00
1.569615693566224213e+00
1.534360521904477137e+00
1.484257941947273673e+00
1.414829812550287391e+00
1.314496785877306673e+00
1.166846797705260785e+00
9.716633666402978431e-01
7.867951381037732173e-01
7.538016182253775010e-01
1.000000000000000000e+00
