1.000000000000000000e+00
8.123853268822581741e-01
8.149249493786282494e-01
9.572613786992546503e-01
1.141957332953241089e+00
1.303615827294813956e+00
1.419812442194345881e+00
1.495016402305886061e+00
1.542437222753533677e+00
1.573413791900222014e+00
1.594299365475237762e+00
1.607375232216076588e+00
1.612839386388643437e+00
1.610493891372517083e+00
1.600806022831540831e+00
1.585366258653851057e+00
1.566812568044702481e+00
1.548336022157425607e+00
1.532969051079090317e+00
1.522906952454569973e+00
1.519074089331396982e+00
1.521035593138013509e+00
1.527229037229829611e+00
1.535400294365163232e+00
1.543097217420137612e+00
1.548097384812850974e+00
1.548697763063567878e+00
1.543848615735405883e+00
1.533153933841021610e+00
1.516780337945010215e+00
1.495318788523178455e+00
1.469635309011647406e+00
1.440734871508692061e+00
1.409651114893395896e+00
1.377365820237045568e+00
1.344756504310638645e+00
1.312567628461614122e+00
1.281399962122433456e+00
1.251712829404321603e+00
1.223834725502020326e+00
1.197978738479266836e+00
1.174260136337829330e+00
1.152714277413733779e+00
1.133313641629413393e+00
1.115983265554291837e+00
1.100614216666396139e+00
1.087074987479088373e+00
1.075220852956092488e+00
1.064901335975283692e+00
1.055965982488160204e+00
1.048268673619031421e+00
1.041670706222928899e+00
1.036042863797133284e+00
1.031266681564634746e+00
1.027235086953631971e+00
1.023852572364307045e+00
1.021035032944877852e+00
1.018709379330216436e+00
1.016813014666793080e+00
1.015293247126066722e+00
1.014106693597822240e+00
1.013218717269742664e+00
1.012602931129534589e+00
1.012240790779104449e+00
1.012121292989095478e+00
1.012240790781496980e+00
1.012602931134442441e+00
1.013218717277424297e+00
1.014106693608668897e+00
1.015293247140642174e+00
1.016813014685844063e+00
1.018709379354720834e+00
1.021035032976083556e+00
1.023852572403808336e+00
1.027235087003426806e+00
1.031266681627242665e+00
1.036042863875717757e+00
1.041670706321444095e+00
1.048268673742428936e+00
1.055965982642633527e+00
1.064901336168586399e+00
1.075220853197928594e+00
1.087074987781621704e+00
1.100614217044872944e+00
1.115983266027857690e+00
1.133313642222138595e+00
1.152714278155934302e+00
1.174260137267755688e+00
1.197978739645284563e+00
1.223834726965412845e+00
1.251712831242910662e+00
1.281399964435293137e+00
1.312567631375146426e+00
1.344756507986449634e+00
1.377365824882126777e+00
1.409651120773248500e+00
1.440734878964113230e+00
1.469635318480101649e+00
1.495318800565624828e+00
1.516780353279174820e+00
1.533153953381824808e+00
1.543848640642835335e+00
1.548697794797531779e+00
1.548097425193234900e+00
1.543097268688568446e+00
1.535400359242785617e+00
1.527229118963002064e+00
1.521035695521546938e+00
1.519074216697011259e+00
1.522907109610638354e+00
1.532969243185946739e+00
1.548336254519857125e+00
1.566812845799741893e+00
1.585366586330025918e+00
1.600806403761200647e+00
1.610494326960202560e+00
1.612839875282150670e+00
1.607375769490007711e+00
1.594299942000925396e+00
1.573414394109370562e+00
1.542437832975332324e+00
1.495016999756664022e+00
1.419813004541755852e+00
1.303616332544549561e+00
1.141957761276152006e+00
9.572617138060954822e-01
8.149251792114210469e-01
8.123854436746864582e-01
1.000000000000000000e+00
