1.000000000000000000e+00
7.658975206570181049e-01
7.905060074661037772e-01
9.668562783431801089e-01
1.161990844914613463e+00
1.313952639763264596e+00
1.417229346447201443e+00
1.486465653694721389e+00
1.534688725606099702e+00
1.568413787156954120e+00
1.590437033373452103e+00
1.602849183739086580e+00
1.607879375076337602e+00
1.607360620543499374e+00
1.602213440039677916e+00
1.592624241977203425e+00
1.578763596537120506e+00
1.561508625558917007e+00
1.542724359966170855e+00
1.524983659027342453e+00
1.510907731933088138e+00
1.502446413462058983e+00
1.500379114266225722e+00
1.504175859974119733e+00
1.512202474379195749e+00
1.522148018607276443e+00
1.531518303867132502e+00
1.538064565444345888e+00
1.540072112413050753e+00
1.536491192663060890e+00
1.526933481011810700e+00
1.511577281563012853e+00
1.491026432203091501e+00
1.466159269084053030e+00
1.437991645151074582e+00
1.407566401322496441e+00
1.375872954021825745e+00
1.343795162966666235e+00
1.312082851714487575e+00
1.281341453853018342e+00
1.252034486296973448e+00
1.224494332322638046e+00
1.198937777086142020e+00
1.175483666868194721e+00
1.154170861789412417e+00
1.134975289866356540e+00
1.117825393790213395e+00
1.102615612360231756e+00
1.089217782145219582e+00
1.077490506400455406e+00
1.067286638612015226e+00
1.058459084206659018e+00
1.050865149068785920e+00
1.044369667469122742e+00
1.038847132215660274e+00
1.034183031695876220e+00
1.030274575889395861e+00
1.027030969136522254e+00
1.024373363317104157e+00
1.022234602324769037e+00
1.020558848011223319e+00
1.019301159446568850e+00
1.018427081443829207e+00
1.017912284682560564e+00
1.017742288155769170e+00
1.017912284682423563e+00
1.018427081443548987e+00
1.019301159446136973e+00
1.020558848010626907e+00
1.022234602323989439e+00
1.024373363316117391e+00
1.027030969135301008e+00
1.030274575887908162e+00
1.034183031694093424e+00
1.038847132213537305e+00
1.044369667466624074e+00
1.050865149065876913e+00
1.058459084203298151e+00
1.067286638608167859e+00
1.077490506396082015e+00
1.089217782140288193e+00
1.102615612354706620e+00
1.117825393784049215e+00
1.134975289859477821e+00
1.154170861781703916e+00
1.175483666859446830e+00
1.198937777075997468e+00
1.224494332310496425e+00
1.252034486281849102e+00
1.281341453833337862e+00
1.312082851687775609e+00
1.343795162929168896e+00
1.375872953967926637e+00
1.407566401243975918e+00
1.437991645036140964e+00
1.466159268916140901e+00
1.491026431959395104e+00
1.511577281212846291e+00
1.526933480514861552e+00
1.536491191967751302e+00
1.540072111455301318e+00
1.538064564146955027e+00
1.531518302140097987e+00
1.522148016348912725e+00
1.512202471477564591e+00
1.504175856307594428e+00
1.500379109701578173e+00
1.502446407848627929e+00
1.510907725092913489e+00
1.524983650743774843e+00
1.542724349976648979e+00
1.561508613559616787e+00
1.578763582205806149e+00
1.592624225014786621e+00
1.602213420222705853e+00
1.607360597774358801e+00
1.607879349420654913e+00
1.602849155450114749e+00
1.590437002911684550e+00
1.568413755208646121e+00
1.534688693088706257e+00
1.486465621728123576e+00
1.417229316280931517e+00
1.313952612667793396e+00
1.161990822048925676e+00
9.668562606173793927e-01
7.905059954525822663e-01
7.658975146149872293e-01
1.000000000000000000e+00
