1.000000000000000000e+00
9.120850766098301809e-01
9.041661207293754110e-01
9.796917333419467022e-01
1.108251795658847794e+00
1.252831338786114301e+00
1.384210965113391145e+00
1.485941331671868371e+00
1.553368961932046544e+00
1.589919125438975733e+00
1.603059101630684324e+00
1.601226812139213251e+00
1.591998850824775769e+00
1.581225328737981606e+00
1.572755994081806996e+00
1.568498383447410660e+00
1.568681062185956376e+00
1.572258037829972421e+00
1.577393493584663187e+00
1.581951698630798875e+00
1.583917190008361064e+00
1.581692557080543349e+00
1.574255401079337480e+00
1.561187908144677561e+00
1.542612482337473834e+00
1.519073031165206977e+00
1.491397117863366484e+00
1.460564475176113763e+00
1.427596759625577194e+00
1.393474578300676336e+00
1.359081724976423766e+00
1.325173102225375210e+00
1.292361361831113387e+00
1.261117156054192723e+00
1.231778461159547922e+00
1.204565294340243620e+00
1.179597042563423237e+00
1.156910426444750506e+00
1.136476782858514722e+00
1.118217860464955749e+00
1.102019698370478196e+00
1.087744423341575173e+00
1.075239979526319223e+00
1.064347917882230599e+00
1.054909438025888324e+00
1.046769906805233408e+00
1.039782086098284708e+00
1.033808295074659211e+00
1.028721715268288373e+00
1.024407024556882373e+00
1.020760521561519862e+00
1.017689877171599200e+00
1.015113626261609614e+00
1.012960491057294465e+00
1.011168608496098242e+00
1.009684717488971151e+00
1.008463348208524568e+00
1.007466044250274528e+00
1.006660639509253663e+00
1.006020604611827629e+00
1.005524472458504404e+00
1.005155348589135134e+00
1.004900509416513765e+00
1.004751089649362772e+00
1.004701859229037764e+00
1.004751089645474105e+00
1.004900509408540588e+00
1.005155348576674212e+00
1.005524472440924910e+00
1.006020604588245826e+00
1.006660639478487385e+00
1.007466044210788114e+00
1.008463348158355588e+00
1.009684717425641809e+00
1.011168608416493031e+00
1.012960490957520499e+00
1.015113626136811220e+00
1.017689877015733879e+00
1.020760521367073625e+00
1.024407024314524017e+00
1.028721714966433165e+00
1.033808294698927543e+00
1.039782085630831743e+00
1.046769906223908198e+00
1.054909437303186870e+00
1.064347916983987563e+00
1.075239978410062580e+00
1.087744421954462970e+00
1.102019696646695301e+00
1.118217858322424041e+00
1.136476780194731306e+00
1.156910423131496168e+00
1.179597038440039825e+00
1.204565289205063783e+00
1.231778454758982955e+00
1.261117148068829241e+00
1.292361351858029250e+00
1.325173089755764311e+00
1.359081709367368385e+00
1.393474558739947522e+00
1.427596735088177304e+00
1.460564444371551529e+00
1.491397079173171880e+00
1.519072982571174180e+00
1.542612421342980822e+00
1.561187831694144323e+00
1.574255305484798750e+00
1.581692437969233644e+00
1.583917042310768020e+00
1.581951516633889998e+00
1.577393271078470827e+00
1.572257768375819209e+00
1.568680739529825230e+00
1.568498002091393007e+00
1.572755550009947934e+00
1.581224820269572895e+00
1.591998279536648742e+00
1.601226183756677024e+00
1.603058426735170405e+00
1.589918419790652182e+00
1.553368246186501489e+00
1.485940630325607748e+00
1.384210304680006498e+00
1.252830745465389972e+00
1.108251293006409011e+00
9.796913405105799333e-01
9.041658516390815858e-01
9.120849400049240163e-01
1.000000000000000000e+00
