1.000000000000000000e+00
7.407582737770513903e-01
7.847570307370503873e-01
9.789466125293742049e-01
1.173176700797493366e+00
1.315848741710620384e+00
1.413616703602736280e+00
1.484003393615082267e+00
1.536476080827945179e+00
1.573381949272324665e+00
1.595624265299145472e+00
1.605668833451193933e+00
1.607353612901084805e+00
1.604362429070614438e+00
1.598952631332059893e+00
1.591634480825352416e+00
1.581773773236951897e+00
1.568654068664180556e+00
1.552411514601662823e+00
1.534421218046439384e+00
1.517039244141037857e+00
1.502902316040045205e+00
1.494128349386929733e+00
1.491726318400841800e+00
1.495379179852883267e+00
1.503598738644171373e+00
1.514134016602633581e+00
1.524471322350546609e+00
1.532284906507488165e+00
1.535752635931168841e+00
1.533711227912366581e+00
1.525670386358891850e+00
1.511728013886995292e+00
1.492432577577857744e+00
1.468630932337712913e+00
1.441327575770562586e+00
1.411569316597458768e+00
1.380360081860723787e+00
1.348604617810756912e+00
1.317076699483314739e+00
1.286406343187552981e+00
1.257080626041113369e+00
1.229453449622396111e+00
1.203760538938190017e+00
1.180136912101122704e+00
1.158634878821255709e+00
1.139241289188396289e+00
1.121893260372818668e+00
1.106491978115313080e+00
1.092914428156036788e+00
1.081023085243348225e+00
1.070673695787102364e+00
1.061721352144015418e+00
1.054025085612186441e+00
1.047451211837133078e+00
1.041875654220185021e+00
1.037185453741968022e+00
1.033279651459372950e+00
1.030069705685476178e+00
1.027479581479001869e+00
1.025445626812157229e+00
1.023916328381154761e+00
1.022852020802953010e+00
1.022224605940608599e+00
1.022017324142550532e+00
1.022224605940871056e+00
1.022852020803491246e+00
1.023916328382006524e+00
1.025445626813379363e+00
1.027479581480674309e+00
1.030069705687707282e+00
1.033279651462312154e+00
1.037185453745804509e+00
1.041875654225177916e+00
1.047451211843605456e+00
1.054025085620566182e+00
1.061721352154858966e+00
1.070673695801116043e+00
1.081023085261441086e+00
1.092914428179370567e+00
1.106491978145382804e+00
1.121893260411523929e+00
1.139241289238163146e+00
1.158634878885164587e+00
1.180136912183094244e+00
1.203760539043190025e+00
1.229453449756725325e+00
1.257080626212764063e+00
1.286406343406640840e+00
1.317076699762659509e+00
1.348604618166587388e+00
1.380360082313628611e+00
1.411569317173571259e+00
1.441327576503094843e+00
1.468630933268945338e+00
1.492432578761718753e+00
1.511728015392401092e+00
1.525670388274050993e+00
1.533711230350298660e+00
1.535752639036658707e+00
1.532284910465723016e+00
1.524471327397415088e+00
1.514134023036590504e+00
1.503598746839002409e+00
1.495379190270349268e+00
1.491726331601543665e+00
1.494128366037492661e+00
1.502902336914647474e+00
1.517039270115717153e+00
1.534421250085082011e+00
1.552411553732442773e+00
1.568654115943677096e+00
1.581773829695880540e+00
1.591634547386452381e+00
1.598952708690600799e+00
1.604362517535437016e+00
1.607353712210041419e+00
1.605668942594005832e+00
1.595624382392653917e+00
1.573382071529365378e+00
1.536476204644016352e+00
1.484003514776084387e+00
1.413616817598323250e+00
1.315848844111895177e+00
1.173176787621619033e+00
9.789466804997567495e-01
7.847570773987715409e-01
7.407582975100570621e-01
1.000000000000000000e+00
