1.000000000000000000e+00
1.076894755601397691e+00
1.155171232971928585e+00
1.234438890499361507e+00
1.312840516954941528e+00
1.387504181068835996e+00
1.455106725890716657e+00
1.512468413911984166e+00
1.557069946176066200e+00
1.587396661740531068e+00
1.603064178874280099e+00
1.604739993606848270e+00
1.593920792675723952e+00
1.572642436980191682e+00
1.543191048617698513e+00
1.507860777277317155e+00
1.468778750311096060e+00
1.427798164312028550e+00
1.386448978562738521e+00
1.345931223088274953e+00
1.307136146543977029e+00
1.270682976797644415e+00
1.236962302394134294e+00
1.206180087508619492e+00
1.178398728794249006e+00
1.153573291075416618e+00
1.131582210720795789e+00
1.112252467084802188e+00
1.095379624028092191e+00
1.080743340158895505e+00
1.068119014731044425e+00
1.057286228598173450e+00
1.048034590566797597e+00
1.040167530503520288e+00
1.033504504758715248e+00
1.027882004553477113e+00
1.023153688197625755e+00
1.019189895500411724e+00
1.015876748336523416e+00
1.013114995080497405e+00
1.010818718098568603e+00
1.008913992001569726e+00
1.007337555101987858e+00
1.006035536629527716e+00
1.004962266908611790e+00
1.004079186108248534e+00
1.003353858637710427e+00
1.002759094163310438e+00
1.002272172035086895e+00
1.001874163195161538e+00
1.001549342028589917e+00
1.001284679819830936e+00
1.001069411261856112e+00
1.000894665649803672e+00
1.000753154840011261e+00
1.000638910665261561e+00
1.000547065193978735e+00
1.000473667951643719e+00
1.000415534951544005e+00
1.000370125085881634e+00
1.000335440094178185e+00
1.000309944947583407e+00
1.000292506064462295e+00
1.000282345306515941e+00
1.000279008201694575e+00
1.000282345306515941e+00
1.000292506064462295e+00
1.000309944947583407e+00
1.000335440094178185e+00
1.000370125085881634e+00
1.000415534951544005e+00
1.000473667951643719e+00
1.000547065193978735e+00
1.000638910665261561e+00
1.000753154840011261e+00
1.000894665649803672e+00
1.001069411261856112e+00
1.001284679819830936e+00
1.001549342028589917e+00
1.001874163195161538e+00
1.002272172035086895e+00
1.002759094163310438e+00
1.003353858637710427e+00
1.004079186108248534e+00
1.004962266908611790e+00
1.006035536629527716e+00
1.007337555101987858e+00
1.008913992001569504e+00
1.010818718098568603e+00
1.013114995080497627e+00
1.015876748336523416e+00
1.019189895500411724e+00
1.023153688197625533e+00
1.027882004553476891e+00
1.033504504758715026e+00
1.040167530503520066e+00
1.048034590566797153e+00
1.057286228598173450e+00
1.068119014731044203e+00
1.080743340158895283e+00
1.095379624028092413e+00
1.112252467084801744e+00
1.131582210720796233e+00
1.153573291075416396e+00
1.178398728794249006e+00
1.206180087508619048e+00
1.236962302394134294e+00
1.270682976797644859e+00
1.307136146543977029e+00
1.345931223088274509e+00
1.386448978562738965e+00
1.427798164312028106e+00
1.468778750311096060e+00
1.507860777277316933e+00
1.543191048617696515e+00
1.572642436980192571e+00
1.593920792675723730e+00
1.604739993606846271e+00
1.603064178874278989e+00
1.587396661740530845e+00
1.557069946176065312e+00
1.512468413911982390e+00
1.455106725890715991e+00
1.387504181068836218e+00
1.312840516954941972e+00
1.234438890499360841e+00
1.155171232971928141e+00
1.076894755601397469e+00
1.000000000000000000e+00
