1.000000000000000000e+00
1.049959351376486216e+00
1.099309081280219313e+00
1.147069265356669421e+00
1.191926389851410972e+00
1.232378969296654025e+00
1.266947510996938586e+00
1.294394157404739287e+00
1.313900287310539650e+00
1.325166529232367330e+00
1.328423363978583405e+00
1.324363365717980301e+00
1.314021286285336432e+00
1.298632966823383583e+00
1.279500039087981822e+00
1.257878474511569200e+00
1.234899272582633323e+00
1.211521656595898389e+00
1.188514138356990602e+00
1.166456576217409058e+00
1.145756134127562831e+00
1.126670999722415134e+00
1.109337146378013728e+00
1.093794879395637132e+00
1.080013156604781921e+00
1.067910635556191368e+00
1.057373077024330588e+00
1.048267172208921849e+00
1.040451115097039247e+00
1.033782365069115805e+00
1.028123081873147715e+00
1.023343698872585916e+00
1.019325054786967666e+00
1.015959445082175838e+00
1.013150892011989601e+00
1.010814873180918561e+00
1.008877695644289973e+00
1.007275657356969445e+00
1.005954100423358311e+00
1.004866430601990102e+00
1.003973154041672311e+00
1.003240964300519344e+00
1.002641899349367538e+00
1.002152578583891174e+00
1.001753523071526875e+00
1.001428557667910946e+00
1.001164290701303194e+00
1.000949665199724947e+00
1.000775574777798660e+00
1.000634537042176531e+00
1.000520417515559091e+00
1.000428197471704195e+00
1.000353779611131699e+00
1.000293826114165840e+00
1.000245624233806030e+00
1.000206975202177606e+00
1.000176102800730105e+00
1.000151578474744563e+00
1.000132260352343039e+00
1.000117243956673452e+00
1.000105822779848497e+00
1.000097457222601793e+00
1.000091750700129012e+00
1.000088431977669501e+00
1.000087343035455545e+00
1.000088431977669501e+00
1.000091750700129012e+00
1.000097457222601793e+00
1.000105822779848497e+00
1.000117243956673452e+00
1.000132260352343039e+00
1.000151578474744563e+00
1.000176102800730105e+00
1.000206975202177606e+00
1.000245624233806030e+00
1.000293826114165840e+00
1.000353779611131699e+00
1.000428197471704195e+00
1.000520417515559091e+00
1.000634537042176531e+00
1.000775574777798660e+00
1.000949665199724947e+00
1.001164290701303194e+00
1.001428557667910946e+00
1.001753523071526875e+00
1.002152578583891174e+00
1.002641899349367538e+00
1.003240964300519344e+00
1.003973154041672311e+00
1.004866430601990102e+00
1.005954100423358311e+00
1.007275657356969445e+00
1.008877695644289973e+00
1.010814873180918561e+00
1.013150892011989379e+00
1.015959445082175838e+00
1.019325054786967666e+00
1.023343698872585916e+00
1.028123081873147715e+00
1.033782365069115805e+00
1.040451115097039470e+00
1.048267172208921627e+00
1.057373077024330810e+00
1.067910635556191146e+00
1.080013156604781921e+00
1.093794879395636910e+00
1.109337146378013728e+00
1.126670999722415578e+00
1.145756134127562387e+00
1.166456576217408614e+00
1.188514138356990379e+00
1.211521656595898389e+00
1.234899272582632657e+00
1.257878474511568312e+00
1.279500039087981156e+00
1.298632966823383139e+00
1.314021286285335322e+00
1.324363365717979191e+00
1.328423363978582961e+00
1.325166529232366885e+00
1.313900287310538539e+00
1.294394157404738177e+00
1.266947510996937698e+00
1.232378969296654470e+00
1.191926389851410306e+00
1.147069265356668755e+00
1.099309081280219758e+00
1.049959351376485994e+00
1.000000000000000000e+00
