1.000000000000000000e+00
1.067039529845017931e+00
1.137154141356308434e+00
1.210919535908728362e+00
1.286912103446311795e+00
1.362280770244663763e+00
1.433396829961649077e+00
1.496533362391186728e+00
1.548477121606763651e+00
1.586972120967339972e+00
1.610935331251139635e+00
1.620445886757424514e+00
1.616560758361339056e+00
1.601034627605187666e+00
1.576018736634712480e+00
1.543792922376425736e+00
1.506559445313510492e+00
1.466305583072079033e+00
1.424728005684656962e+00
1.383205434222863683e+00
1.342804894209461031e+00
1.304308650986800044e+00
1.268251842383127270e+00
1.234963805340899112e+00
1.204608608273415538e+00
1.177222199443189510e+00
1.152744903871905091e+00
1.131048861037834863e+00
1.111960516800621246e+00
1.095278571882386975e+00
1.080787926764879892e+00
1.068270206299195335e+00
1.057511435170449543e+00
1.048307392554347128e+00
1.040467116538745129e+00
1.033814965796305607e+00
1.028191583346777405e+00
1.023454048358024560e+00
1.019475448584034938e+00
1.016144059031638847e+00
1.013362271973350159e+00
1.011045389276988393e+00
1.009120359758635788e+00
1.007524521301619291e+00
1.006204389174836011e+00
1.005114517669551066e+00
1.004216451220669271e+00
1.003477772997068085e+00
1.002871253008657426e+00
1.002374093624144535e+00
1.001967267629683578e+00
1.001634942256335536e+00
1.001363981694857408e+00
1.001143520283521493e+00
1.000964598628680147e+00
1.000819855266773084e+00
1.000703267001314067e+00
1.000609931675202624e+00
1.000535887815115155e+00
1.000477966274064823e+00
1.000433669676710435e+00
1.000401076125416511e+00
1.000378764246537822e+00
1.000365757243672604e+00
1.000361484180420923e+00
1.000365757243672604e+00
1.000378764246537822e+00
1.000401076125416511e+00
1.000433669676710435e+00
1.000477966274064823e+00
1.000535887815115155e+00
1.000609931675202624e+00
1.000703267001314067e+00
1.000819855266773084e+00
1.000964598628680147e+00
1.001143520283521493e+00
1.001363981694857408e+00
1.001634942256335536e+00
1.001967267629683578e+00
1.002374093624144535e+00
1.002871253008657426e+00
1.003477772997068085e+00
1.004216451220669271e+00
1.005114517669551066e+00
1.006204389174836011e+00
1.007524521301619291e+00
1.009120359758635788e+00
1.011045389276988171e+00
1.013362271973350159e+00
1.016144059031639069e+00
1.019475448584034938e+00
1.023454048358024560e+00
1.028191583346777183e+00
1.033814965796305385e+00
1.040467116538744907e+00
1.048307392554346906e+00
1.057511435170448877e+00
1.068270206299195335e+00
1.080787926764879670e+00
1.095278571882386753e+00
1.111960516800621690e+00
1.131048861037834419e+00
1.152744903871905535e+00
1.177222199443189510e+00
1.204608608273415760e+00
1.234963805340899112e+00
1.268251842383126826e+00
1.304308650986801155e+00
1.342804894209461031e+00
1.383205434222863239e+00
1.424728005684657628e+00
1.466305583072078589e+00
1.506559445313510937e+00
1.543792922376425514e+00
1.576018736634711370e+00
1.601034627605188998e+00
1.616560758361339500e+00
1.620445886757423404e+00
1.610935331251138969e+00
1.586972120967339528e+00
1.548477121606763651e+00
1.496533362391185618e+00
1.433396829961648411e+00
1.362280770244664652e+00
1.286912103446312239e+00
1.210919535908727696e+00
1.137154141356307990e+00
1.067039529845017265e+00
1.000000000000000000e+00
