1.000000000000000000e+00
1.011986302167171559e+00
1.023800993651348357e+00
1.035207592815365452e+00
1.045910065659454435e+00
1.055579863044413313e+00
1.063895510372970143e+00
1.070584530836499848e+00
1.075458446935223300e+00
1.078434392780546425e+00
1.079540665883475192e+00
1.078907262092612118e+00
1.076745164273154476e+00
1.073319452878754854e+00
1.068921234389605512e+00
1.063842346201087308e+00
1.058355317086955738e+00
1.052699594992717147e+00
1.047073887233386014e+00
1.041633705710017122e+00
1.036492853549976889e+00
1.031727539742022914e+00
1.027381954034504385e+00
1.023474376190776081e+00
1.020003158204753735e+00
1.016952159743390371e+00
1.014295413582731564e+00
1.012000943100061168e+00
1.010033751662695600e+00
1.008358062369633545e+00
1.006938915709754578e+00
1.005743241316035874e+00
1.004740515594975570e+00
1.003903105284448483e+00
1.003206381965806360e+00
1.002628676869048885e+00
1.002151130547434654e+00
1.001757478988450245e+00
1.001433806793234016e+00
1.001168289203015815e+00
1.000950937807413066e+00
1.000773359479826263e+00
1.000628534168646944e+00
1.000510614358918415e+00
1.000414747065181853e+00
1.000336917916276880e+00
1.000273816078143918e+00
1.000222718296409408e+00
1.000181390122797165e+00
1.000148002338908215e+00
1.000121060649159288e+00
1.000099346839096404e+00
1.000081869755958364e+00
1.000067824644386150e+00
1.000056559548106128e+00
1.000047547659308478e+00
1.000040364656603176e+00
1.000034670217000654e+00
1.000030193016786084e+00
1.000026718650565360e+00
1.000024079998244053e+00
1.000022149657606052e+00
1.000020834137202108e+00
1.000020069572062686e+00
1.000019818785147230e+00
1.000020069572062686e+00
1.000020834137202108e+00
1.000022149657606052e+00
1.000024079998244053e+00
1.000026718650565360e+00
1.000030193016786084e+00
1.000034670217000654e+00
1.000040364656603176e+00
1.000047547659308478e+00
1.000056559548106128e+00
1.000067824644386150e+00
1.000081869755958364e+00
1.000099346839096404e+00
1.000121060649159288e+00
1.000148002338908215e+00
1.000181390122797165e+00
1.000222718296409408e+00
1.000273816078143918e+00
1.000336917916276880e+00
1.000414747065181853e+00
1.000510614358918415e+00
1.000628534168646944e+00
1.000773359479826263e+00
1.000950937807413066e+00
1.001168289203015815e+00
1.001433806793234016e+00
1.001757478988450245e+00
1.002151130547434654e+00
1.002628676869048885e+00
1.003206381965806138e+00
1.003903105284448483e+00
1.004740515594975570e+00
1.005743241316035874e+00
1.006938915709754578e+00
1.008358062369633323e+00
1.010033751662695600e+00
1.012000943100060946e+00
1.014295413582731564e+00
1.016952159743389927e+00
1.020003158204753735e+00
1.023474376190775637e+00
1.027381954034503941e+00
1.031727539742022692e+00
1.036492853549976445e+00
1.041633705710016677e+00
1.047073887233385570e+00
1.052699594992716481e+00
1.058355317086955072e+00
1.063842346201086198e+00
1.068921234389604180e+00
1.073319452878753966e+00
1.076745164273152922e+00
1.078907262092611008e+00
1.079540665883474304e+00
1.078434392780545092e+00
1.075458446935222190e+00
1.070584530836497628e+00
1.063895510372968811e+00
1.055579863044412647e+00
1.045910065659453547e+00
1.035207592815364785e+00
1.023800993651348135e+00
1.011986302167171115e+00
1.000000000000000000e+00
