1.000000000000000000e+00
7.467883293255048738e-01
7.851600136618696046e-01
9.747889664383642128e-01
1.169478153411435795e+00
1.314426703608506886e+00
1.413236290356430391e+00
1.483031127158571882e+00
1.534344854522130541e+00
1.570501515586842922e+00
1.592753027663401655e+00
1.603444032822864518e+00
1.606077802428403922e+00
1.603939145334856820e+00
1.598932229048768860e+00
1.591385201607990574e+00
1.580744151887714555e+00
1.566620311179396596e+00
1.549595107203345368e+00
1.531426753751310654e+00
1.514649297777127090e+00
1.501821806793258940e+00
1.494774792485149995e+00
1.494126693914068049e+00
1.499184886371212277e+00
1.508190202831022564e+00
1.518767504397610102e+00
1.528422122660926030e+00
1.534955760301212502e+00
1.536734708493028290e+00
1.532800070932462289e+00
1.522848128125971590e+00
1.507125675351475236e+00
1.486284894710094173e+00
1.461232604351175857e+00
1.432996141818406954e+00
1.402616816031750702e+00
1.371073578391126979e+00
1.339234496671979135e+00
1.307831153864507989e+00
1.277450407323605042e+00
1.248538288029126253e+00
1.221411649430045321e+00
1.196274143375805288e+00
1.173234016151409653e+00
1.152321994849882403e+00
1.133508149967416445e+00
1.116717083392626098e+00
1.101841124796503646e+00
1.088751449976001595e+00
1.077307186278262829e+00
1.067362663342198648e+00
1.058773018407134670e+00
1.051398386981116984e+00
1.045106911259808369e+00
1.039776787408444481e+00
1.035297553827533523e+00
1.031570799522933735e+00
1.028510447283065732e+00
1.026042742271749963e+00
1.024106053971296504e+00
1.022650578766728158e+00
1.021638012095675618e+00
1.021041242980057273e+00
1.020844109695635327e+00
1.021041242979857655e+00
1.021638012095265946e+00
1.022650578766095553e+00
1.024106053970420538e+00
1.026042742270599106e+00
1.028510447281602236e+00
1.031570799521114967e+00
1.035297553825301753e+00
1.039776787405742198e+00
1.045106911256560522e+00
1.051398386977249855e+00
1.058773018402568544e+00
1.067362663336839601e+00
1.077307186272015604e+00
1.088751449968755391e+00
1.101841124788148329e+00
1.116717083383029774e+00
1.133508149956434563e+00
1.152321994837322006e+00
1.173234016137027602e+00
1.196274143359245867e+00
1.221411649410794276e+00
1.248538288006421748e+00
1.277450407296288226e+00
1.307831153830832926e+00
1.339234496629316817e+00
1.371073578335596288e+00
1.402616815957679508e+00
1.432996141717633343e+00
1.461232604212155950e+00
1.486284894516805233e+00
1.507125675082116034e+00
1.522848127751515124e+00
1.532800070415189619e+00
1.536734707785173404e+00
1.534955759344010850e+00
1.528422121384165555e+00
1.518767502719845064e+00
1.508190200660154190e+00
1.499184883604827601e+00
1.494126690438384530e+00
1.494774788171360003e+00
1.501821801490559993e+00
1.514649291303333589e+00
1.531426745884311158e+00
1.549595097678995836e+00
1.566620299701914076e+00
1.580744138155831591e+00
1.591385185354110998e+00
1.598932210082234517e+00
1.603939123579080084e+00
1.606077777947976015e+00
1.603444005846670128e+00
1.592752998612783299e+00
1.570501485106164496e+00
1.534344823490659149e+00
1.483031096657684067e+00
1.413236261586586551e+00
1.314426677775913932e+00
1.169478131606324300e+00
9.747889495189682174e-01
7.851600021796130147e-01
7.467883235439248812e-01
1.000000000000000000e+00
