1.000000000000000000e+00
7.501703225709664968e-01
7.859036416201845565e-01
9.732579010304487355e-01
1.168232729804143277e+00
1.314497016430092424e+00
1.414021075070565958e+00
1.483618345125419458e+00
1.534343349539604828e+00
1.570069013988295570e+00
1.592278069993744438e+00
1.603263422290132967e+00
1.606331089912045096e+00
1.604533146657609155e+00
1.599589799328007933e+00
1.591762668863476948e+00
1.580579658490777417e+00
1.565852487103966073e+00
1.548400807420307723e+00
1.530165326883534460e+00
1.513742684506872216e+00
1.501621596732469310e+00
1.495463269943641427e+00
1.495677447297147689e+00
1.501383262904333105e+00
1.510695398623806973e+00
1.521190855628864025e+00
1.530398996253857780e+00
1.536196959680228513e+00
1.537052785761105378e+00
1.532113163681241952e+00
1.521167753089546437e+00
1.504535706678461926e+00
1.482917839466751042e+00
1.457247388062681059e+00
1.428559725216351772e+00
1.397890481340551938e+00
1.366203752942515726e+00
1.334347460579341060e+00
1.303030782388485687e+00
1.272818103197061124e+00
1.244134367226439553e+00
1.217277590664654907e+00
1.192435259134656977e+00
1.169702232708795586e+00
1.149098533813849521e+00
1.130585984446357273e+00
1.114083100829027284e+00
1.099477969899861352e+00
1.086639048938303986e+00
1.075423970997655632e+00
1.065686524494681375e+00
1.057282021061369814e+00
1.050071283695738655e+00
1.043923486466358685e+00
1.038718064271228814e+00
1.034345891340522128e+00
1.030709903820364426e+00
1.027725317328792354e+00
1.025319566469552246e+00
1.023432070941874716e+00
1.022013912646988265e+00
1.021027490272065297e+00
1.020446202183602269e+00
1.020254194859749663e+00
1.020446202183407758e+00
1.021027490271666949e+00
1.022013912646372313e+00
1.023432070941022509e+00
1.025319566468432697e+00
1.027725317327367938e+00
1.030709903818592954e+00
1.034345891338347645e+00
1.038718064268596253e+00
1.043923486463193218e+00
1.050071283691967894e+00
1.057282021056915156e+00
1.065686524489448672e+00
1.075423970991549627e+00
1.086639048931213880e+00
1.099477969891673679e+00
1.114083100819605265e+00
1.130585984435547475e+00
1.149098533801446109e+00
1.169702232694535660e+00
1.192435259118156399e+00
1.217277590645359009e+00
1.244134367203525215e+00
1.272818103169288007e+00
1.303030782353991501e+00
1.334347460535333374e+00
1.366203752884889600e+00
1.397890481263326157e+00
1.428559725110937872e+00
1.457247387916948966e+00
1.482917839263880877e+00
1.504535706395564443e+00
1.521167752696135800e+00
1.532113163137651224e+00
1.537052785017014589e+00
1.536196958673583302e+00
1.530398994910318278e+00
1.521190853861950742e+00
1.510695396335496321e+00
1.501383259985492158e+00
1.495677443626648007e+00
1.495463265384854301e+00
1.501621591126319766e+00
1.513742677662187397e+00
1.530165318567920707e+00
1.548400797357288639e+00
1.565852474982884157e+00
1.580579643993339722e+00
1.591762651704739406e+00
1.599589779302902803e+00
1.604533123682037932e+00
1.606331064053350799e+00
1.603263393791996450e+00
1.592278039304512616e+00
1.570068981790891272e+00
1.534343316762589060e+00
1.483618312908995041e+00
1.414021044680961348e+00
1.314496989141197503e+00
1.168232706768333573e+00
9.732578831548704956e-01
7.859036294878837259e-01
7.501703164614873520e-01
1.000000000000000000e+00
