1.000000000000000000e+00
9.220253935568438752e-01
9.168216488102379769e-01
9.891418124462851846e-01
1.112340509446413828e+00
1.252412214726445816e+00
1.381384247968861390e+00
1.482616580844951182e+00
1.550650168427376796e+00
1.588194162983063151e+00
1.602396484584790004e+00
1.601715158879042811e+00
1.593858285590385115e+00
1.584711484000100645e+00
1.577976864103906918e+00
1.575266925347277303e+00
1.576472868489473322e+00
1.580279695699360332e+00
1.584723178295533330e+00
1.587698494217930856e+00
1.587354099480912328e+00
1.582338268365639511e+00
1.571900446480838376e+00
1.555875228508049934e+00
1.534588831405786724e+00
1.508727672109961615e+00
1.479200637870998314e+00
1.447015778564396449e+00
1.413182000443527819e+00
1.378638660758279899e+00
1.344211110961363920e+00
1.310587782705286974e+00
1.278313648164053129e+00
1.247795136936959093e+00
1.219312338020767550e+00
1.193035218113693396e+00
1.169041455201360602e+00
1.147334229708006692e+00
1.127858907560867818e+00
1.110517996532384366e+00
1.095184079891948326e+00
1.081710654293936980e+00
1.069940945151743428e+00
1.059714862224083953e+00
1.050874306594637098e+00
1.043267059914606998e+00
1.036749486980683477e+00
1.031188270349380209e+00
1.026461375816765775e+00
1.022458423880537648e+00
1.019080617328881777e+00
1.016240350623559108e+00
1.013860603895259560e+00
1.011874203811452766e+00
1.010223015633237464e+00
1.008857115525178649e+00
1.007733979533005142e+00
1.006817715403957703e+00
1.006078355340099373e+00
1.005491221565714133e+00
1.005036371973711207e+00
1.004698129822334085e+00
1.004464699234337788e+00
1.004327866882615439e+00
1.004282789533124998e+00
1.004327866884031639e+00
1.004464699237242797e+00
1.004698129826875341e+00
1.005036371980116972e+00
1.005491221574308147e+00
1.006078355351313514e+00
1.006817715418351300e+00
1.007733979551293180e+00
1.008857115548267736e+00
1.010223015662262469e+00
1.011874203847834552e+00
1.013860603940771821e+00
1.016240350680407634e+00
1.019080617399809485e+00
1.022458423968951813e+00
1.026461375926896347e+00
1.031188270486476766e+00
1.036749487151262361e+00
1.043267060126753520e+00
1.050874306858389895e+00
1.059714862551910386e+00
1.069940945559135992e+00
1.081710654800164484e+00
1.095184080520998249e+00
1.110517997314154348e+00
1.127858908532674231e+00
1.147334230916491560e+00
1.169041456704920323e+00
1.193035219985562723e+00
1.219312340352953106e+00
1.247795139845236712e+00
1.278313651794313222e+00
1.310587787241585644e+00
1.344211116636021996e+00
1.378638667864535261e+00
1.413182009351119151e+00
1.447015789738482106e+00
1.479200651894627905e+00
1.508727689709890019e+00
1.534588853480869819e+00
1.555875256158391728e+00
1.571900481034505859e+00
1.582338311397905928e+00
1.587354152818946762e+00
1.587698559921858266e+00
1.584723258605426288e+00
1.580279792937643979e+00
1.576472984910082475e+00
1.575267062927015793e+00
1.577977024277999796e+00
1.584711667352852515e+00
1.593858491523443943e+00
1.601715385294568694e+00
1.602396727638292218e+00
1.588194416977051882e+00
1.550650425922459608e+00
1.482616833044052340e+00
1.381384485370899640e+00
1.252412427954509910e+00
1.112340690071487392e+00
9.891419536079190111e-01
9.168217455117860792e-01
9.220254426508432966e-01
1.000000000000000000e+00
