1.000000000000000000e+00
9.735948201093281851e-01
9.854489372711702222e-01
1.042117811917429693e+00
1.132643661158382997e+00
1.239148575051219670e+00
1.344177882232974852e+00
1.435042207548753668e+00
1.505414347249592222e+00
1.554737186445980246e+00
1.586329355231299365e+00
1.605153006053541498e+00
1.615978944011867036e+00
1.622299783859723510e+00
1.625992144952295382e+00
1.627520561953313960e+00
1.626415768735046230e+00
1.621800325142586319e+00
1.612817891151244076e+00
1.598906120780642981e+00
1.579914720086445401e+00
1.556103959321925467e+00
1.528069311955966958e+00
1.496633390847213363e+00
1.462735145239459689e+00
1.427334167320080338e+00
1.391338014886755570e+00
1.355553674492517402e+00
1.320660431942628721e+00
1.287199747031267050e+00
1.255577454260548009e+00
1.226074088770757742e+00
1.198859926686705935e+00
1.174012169112126136e+00
1.151532455391035770e+00
1.131363511772219388e+00
1.113404219487676095e+00
1.097522736422242629e+00
1.083567551694079478e+00
1.071376515746907954e+00
1.060783990412344391e+00
1.051626320565456796e+00
1.043745854581119348e+00
1.036993744803828443e+00
1.031231749154725374e+00
1.026333236331417709e+00
1.022183573804328560e+00
1.018680052805983838e+00
1.015731479686623473e+00
1.013257539634381255e+00
1.011188017588148025e+00
1.009461942590156092e+00
1.008026705951197588e+00
1.006837190368076396e+00
1.005854936358338447e+00
1.005047363810466443e+00
1.004387059807803739e+00
1.003851138885216043e+00
1.003420678245754649e+00
1.003080227950319925e+00
1.002817394475461477e+00
1.002622495122750479e+00
1.002488280397512366e+00
1.002409721522010910e+00
1.002383860600528642e+00
1.002409721522010910e+00
1.002488280397512366e+00
1.002622495122750479e+00
1.002817394475461477e+00
1.003080227950319925e+00
1.003420678245754649e+00
1.003851138885216043e+00
1.004387059807803739e+00
1.005047363810466443e+00
1.005854936358338447e+00
1.006837190368076396e+00
1.008026705951197588e+00
1.009461942590156092e+00
1.011188017588148025e+00
1.013257539634381255e+00
1.015731479686623473e+00
1.018680052805983838e+00
1.022183573804328782e+00
1.026333236331417043e+00
1.031231749154725374e+00
1.036993744803828665e+00
1.043745854581119348e+00
1.051626320565456796e+00
1.060783990412344613e+00
1.071376515746907510e+00
1.083567551694079256e+00
1.097522736422242406e+00
1.113404219487676761e+00
1.131363511772218500e+00
1.151532455391034881e+00
1.174012169112125470e+00
1.198859926686703936e+00
1.226074088770757964e+00
1.255577454260548009e+00
1.287199747031266606e+00
1.320660431942629387e+00
1.355553674492516514e+00
1.391338014886756458e+00
1.427334167320079006e+00
1.462735145239459023e+00
1.496633390847212475e+00
1.528069311955965182e+00
1.556103959321925023e+00
1.579914720086444513e+00
1.598906120780640538e+00
1.612817891151241856e+00
1.621800325142582322e+00
1.626415768735041567e+00
1.627520561953307299e+00
1.625992144952287610e+00
1.622299783859717515e+00
1.615978944011858820e+00
1.605153006053531284e+00
1.586329355231289151e+00
1.554737186445967589e+00
1.505414347249582230e+00
1.435042207548742788e+00
1.344177882232965304e+00
1.239148575051211898e+00
1.132643661158376780e+00
1.042117811917423253e+00
9.854489372711656703e-01
9.735948201093250765e-01
1.000000000000000000e+00
