1.000000000000000000e+00
7.777848341898313533e-01
7.951744676965323277e-01
9.628101796932960754e-01
1.156699316388096310e+00
1.312232170275850818e+00
1.418634031508513749e+00
1.488308961682531573e+00
1.535188330185154992e+00
1.567637468986483151e+00
1.589536190953303896e+00
1.602873726349205885e+00
1.609041007204367491e+00
1.608976966852680990e+00
1.603159417692266553e+00
1.591958414471796202e+00
1.576212579103627220e+00
1.557620835503519707e+00
1.538676938929130822e+00
1.522167347964003881e+00
1.510474010243555432e+00
1.504976074881793080e+00
1.505754581398145220e+00
1.511654465016552873e+00
1.520627530292899321e+00
1.530211922299431704e+00
1.538002392670359431e+00
1.542009323858640313e+00
1.540863004658110658e+00
1.533869377817631996e+00
1.520953207763119375e+00
1.502534247267969914e+00
1.479377548086512784e+00
1.452447858805696601e+00
1.422785754246547185e+00
1.391412935557652553e+00
1.359267130375863664e+00
1.327163030192257231e+00
1.295773997329616067e+00
1.265629043418670108e+00
1.237120153307939674e+00
1.210515935718359914e+00
1.185978542135655234e+00
1.163581662290553709e+00
1.143328119762930584e+00
1.125166146283829827e+00
1.109003824068404587e+00
1.094721476898297352e+00
1.082181988466967004e+00
1.071239153653053222e+00
1.061744243789486619e+00
1.053551005512431082e+00
1.046519325765081110e+00
1.040517791513272838e+00
1.035425357992007411e+00
1.031132318417065985e+00
1.027540744325777355e+00
1.024564541318475852e+00
1.022129241460898452e+00
1.020171631907149434e+00
1.018639299913967289e+00
1.017490157524082672e+00
1.016691994756893536e+00
1.016222097955799875e+00
1.016066959694177374e+00
1.016222097955591819e+00
1.016691994756468764e+00
1.017490157523423200e+00
1.018639299913046470e+00
1.020171631905931964e+00
1.022129241459333482e+00
1.024564541316504096e+00
1.027540744323323318e+00
1.031132318414046178e+00
1.035425357988304595e+00
1.040517791508760448e+00
1.046519325759609043e+00
1.053551005505809934e+00
1.061744243781494790e+00
1.071239153643411379e+00
1.082181988455341859e+00
1.094721476884263467e+00
1.109003824051428611e+00
1.125166146263207878e+00
1.143328119737750059e+00
1.163581662259584260e+00
1.185978542097237298e+00
1.210515935670223531e+00
1.237120153246958232e+00
1.265629043340516624e+00
1.295773997228271801e+00
1.327163030059389737e+00
1.359267130199937057e+00
1.391412935322775324e+00
1.422785753930968511e+00
1.452447858379909196e+00
1.479377547510890567e+00
1.502534246489984016e+00
1.520953206714156458e+00
1.533869376409614960e+00
1.540863002780196611e+00
1.542009321374296027e+00
1.538002389415256355e+00
1.530211918080243372e+00
1.520627524886805304e+00
1.511654458170527793e+00
1.505754572826567994e+00
1.504976064260826085e+00
1.510473997201887464e+00
1.522167332072195123e+00
1.538676919693606093e+00
1.557620812374507446e+00
1.576212551506583459e+00
1.591958381867043082e+00
1.603159379658504191e+00
1.608976923181106855e+00
1.609040957987319498e+00
1.602873672052632426e+00
1.589536132469323348e+00
1.567637407660822157e+00
1.535188267803856421e+00
1.488308900397094181e+00
1.418633973691241890e+00
1.312232118317079754e+00
1.156699272459734473e+00
9.628101455231540262e-01
7.951744444356000363e-01
7.777848224455091719e-01
1.000000000000000000e+00
