1.000000000000000000e+00
7.493680753237995651e-01
7.857201955883428290e-01
9.736181707750917180e-01
1.168533335850461485e+00
1.314487496929284793e+00
1.413838569677824841e+00
1.483479419311795722e+00
1.534343660446544577e+00
1.570172449676027648e+00
1.592391479542856869e+00
1.603305680114375242e+00
1.606269485016070142e+00
1.604391782251016085e+00
1.599436481044445246e+00
1.591679418375999244e+00
1.580626969541466753e+00
1.566041903003808189e+00
1.548687387620054423e+00
1.530462149539132399e+00
1.513949877916275000e+00
1.501657667223604831e+00
1.495287821259827954e+00
1.495299614247221465e+00
1.500856126157712911e+00
1.510100875657441222e+00
1.520621110380673935e+00
1.529939626175287115e+00
1.535915159550617304e+00
1.536991458912318809e+00
1.532290284318407414e+00
1.521579427394907480e+00
1.505161226505901118e+00
1.483725304330391515e+00
1.458198925258780365e+00
1.429615782100020160e+00
1.399013008049384110e+00
1.367358316851398747e+00
1.335504451806789783e+00
1.304165912559706042e+00
1.273912396562139060e+00
1.245173816700677616e+00
1.218252616376049868e+00
1.193340072277655706e+00
1.170534177112790619e+00
1.149857453087689274e+00
1.131273643807055418e+00
1.114702679028092724e+00
1.100033627072102282e+00
1.087135569787240019e+00
1.075866478696244410e+00
1.066080258370109668e+00
1.057632170042312358e+00
1.050382867245895691e+00
1.044201275022918596e+00
1.038966531840750385e+00
1.034569193725175529e+00
1.030911876846119846e+00
1.027909490349043109e+00
1.025489187272633718e+00
1.023590138967461982e+00
1.022163218096174830e+00
1.021170657270096260e+00
1.020585734619998242e+00
1.020392523888645098e+00
1.020585734619802842e+00
1.021170657269695692e+00
1.022163218095555992e+00
1.023590138966606000e+00
1.025489187271508840e+00
1.027909490347613142e+00
1.030911876844341490e+00
1.034569193722992830e+00
1.038966531838108498e+00
1.044201275019742248e+00
1.050382867242113605e+00
1.057632170037845487e+00
1.066080258364864974e+00
1.075866478690127526e+00
1.087135569780141475e+00
1.100033627063911279e+00
1.114702679018674925e+00
1.131273643796262274e+00
1.149857453075321168e+00
1.170534177098592643e+00
1.193340072261256379e+00
1.218252616356910067e+00
1.245173816677997314e+00
1.273912396534708114e+00
1.304165912525702797e+00
1.335504451763478873e+00
1.367358316794751172e+00
1.399013007973522127e+00
1.429615781996493862e+00
1.458198925115649081e+00
1.483725304131089828e+00
1.505161226227881510e+00
1.521579427008139307e+00
1.532290283783826146e+00
1.536991458180390069e+00
1.535915158560298144e+00
1.529939624853508429e+00
1.520621108642516317e+00
1.510100873406738486e+00
1.500856123287480193e+00
1.495299610638736620e+00
1.495287816779102164e+00
1.501657661714433711e+00
1.513949871190646723e+00
1.530462141368233331e+00
1.548687377731565729e+00
1.566041891091887628e+00
1.580626955293135127e+00
1.591679401511589598e+00
1.599436461363205497e+00
1.604391759671060180e+00
1.606269459603822058e+00
1.603305652108823365e+00
1.592391449383692148e+00
1.570172418033674244e+00
1.534343628233524548e+00
1.483479387649264902e+00
1.413838539810931660e+00
1.314487470110433431e+00
1.168533313212343216e+00
9.736181532091530144e-01
7.857201836670796302e-01
7.493680693209948673e-01
1.000000000000000000e+00
