1.000000000000000000e+00
7.791979674548529244e-01
7.957715038588039080e-01
9.623298120149325063e-01
1.155979189251924888e+00
1.311879551083972251e+00
1.418658877717206002e+00
1.488427379740180578e+00
1.535187764171509928e+00
1.567507568220471548e+00
1.589393645420534629e+00
1.602826691600369280e+00
1.609103078567750478e+00
1.609063970595450588e+00
1.603146727926870296e+00
1.591754775465954896e+00
1.575811208520023543e+00
1.557108207642131648e+00
1.538201990705661215e+00
1.521889262475633497e+00
1.510510992868719704e+00
1.505372189170226083e+00
1.506471631540243772e+00
1.512586213071717589e+00
1.521627517287549747e+00
1.531124700151731632e+00
1.538690039139700483e+00
1.542368818382980011e+00
1.540833648815066903e+00
1.533431927153213525e+00
1.520123499764349573e+00
1.501354142155287619e+00
1.477905412390283946e+00
1.450750034611403949e+00
1.420929737859827124e+00
1.389462457169035048e+00
1.357278996970435303e+00
1.325185430999566538e+00
1.293845922641740476e+00
1.263780486370138290e+00
1.235372815151310366e+00
1.208884215773231130e+00
1.184470651449617273e+00
1.162200749423711876e+00
1.142073336354589186e+00
1.124033609674559120e+00
1.107987455642790664e+00
1.093813709625206299e+00
1.081374346883417603e+00
1.070522715567153726e+00
1.061109996308928771e+00
1.052990109442177191e+00
1.046023302568499735e+00
1.040078646346215940e+00
1.035035651129550205e+00
1.030785195935959520e+00
1.027229937350101707e+00
1.024284341596522374e+00
1.021874459593159923e+00
1.019937543234132660e+00
1.018421581922745123e+00
1.017284821653519522e+00
1.016495314673073747e+00
1.016030535725326089e+00
1.015877090795121784e+00
1.016030535725057860e+00
1.016495314672526185e+00
1.017284821652667315e+00
1.018421581921550967e+00
1.019937543232547705e+00
1.021874459591113560e+00
1.024284341593930447e+00
1.027229937346855415e+00
1.030785195931933629e+00
1.035035651124575296e+00
1.040078646340098834e+00
1.046023302561005952e+00
1.052990109433011190e+00
1.061109996297736169e+00
1.070522715553486881e+00
1.081374346866730507e+00
1.093813709604805950e+00
1.107987455617804429e+00
1.124033609643853460e+00
1.142073336316707266e+00
1.162200749376730124e+00
1.184470651390991947e+00
1.208884215699563613e+00
1.235372815058026319e+00
1.263780486251051771e+00
1.293845922488438660e+00
1.325185430800625008e+00
1.357278996710318264e+00
1.389462456826666026e+00
1.420929737406726456e+00
1.450750034009328671e+00
1.477905411588270601e+00
1.501354141086117755e+00
1.520123498340432810e+00
1.533431925262066953e+00
1.540833646314655470e+00
1.542368815097232337e+00
1.538690034854674371e+00
1.531124694612599368e+00
1.521627510196314370e+00
1.512586204084890973e+00
1.506471620265191547e+00
1.505372175158818493e+00
1.510510975608128748e+00
1.521889241378886704e+00
1.538201965108612956e+00
1.557108176817106004e+00
1.575811171716947179e+00
1.591754731987019333e+00
1.603146677231134465e+00
1.609063912419554265e+00
1.609103013044081099e+00
1.602826619357343718e+00
1.589393567655212225e+00
1.567507486732207633e+00
1.535187681336515952e+00
1.488427298404621846e+00
1.418658801002960823e+00
1.311879482125171137e+00
1.155979130896921614e+00
9.623297665506197474e-01
7.957714728499007961e-01
7.791979517732818827e-01
1.000000000000000000e+00
