1.000000000000000000e+00
9.275058196184819970e-01
9.237582408066642436e-01
9.940874857585133562e-01
1.113873192693239922e+00
1.250852018281464195e+00
1.377903596061298419e+00
1.478447677991152398e+00
1.546681570418506624e+00
1.584931141736687588e+00
1.600103438071387885e+00
1.600559735813473994e+00
1.593966312240824079e+00
1.586135866618372248e+00
1.580633886832687685e+00
1.578895018288950070e+00
1.580642390015933429e+00
1.584451449908216070e+00
1.588333462611776881e+00
1.590243566382049334e+00
1.588453401517813113e+00
1.581766963452347463e+00
1.569592156959162210e+00
1.551902340013346038e+00
1.529129963703225181e+00
1.502031054949250155e+00
1.471549724398598435e+00
1.438700740693291680e+00
1.404478509790901608e+00
1.369793826511991552e+00
1.335435589285657532e+00
1.302052728189889264e+00
1.270151162152506119e+00
1.240101027670761580e+00
1.212150237424199473e+00
1.186441336137163960e+00
1.163029462634290745e+00
1.141899931988610728e+00
1.122984504333121247e+00
1.106175818898553542e+00
1.091339765741919265e+00
1.078325768073861379e+00
1.066975077518143467e+00
1.057127261762690562e+00
1.048625103734720732e+00
1.041318145067353429e+00
1.035065102822293470e+00
1.029735373571175394e+00
1.025209817679328062e+00
1.021380992324594006e+00
1.018152976758322170e+00
1.015440909147522497e+00
1.013170332019492248e+00
1.011276423423763893e+00
1.009703173678698329e+00
1.008402553006559677e+00
1.007333703359316823e+00
1.006462178082841330e+00
1.005759245495905674e+00
1.005201266689357942e+00
1.004769153600143961e+00
1.004447910419880463e+00
1.004226259418189215e+00
1.004096351082389038e+00
1.004053557910800309e+00
1.004096351082419902e+00
1.004226259418252498e+00
1.004447910419979939e+00
1.004769153600283849e+00
1.005201266689546014e+00
1.005759245496151255e+00
1.006462178083156633e+00
1.007333703359716504e+00
1.008402553007065272e+00
1.009703173679333155e+00
1.011276423424558812e+00
1.013170332020487452e+00
1.015440909148765503e+00
1.018152976759872708e+00
1.021380992326526460e+00
1.025209817681735025e+00
1.029735373574170998e+00
1.035065102826020711e+00
1.041318145071987500e+00
1.048625103740481235e+00
1.057127261769849280e+00
1.066975077527037241e+00
1.078325768084909653e+00
1.091339765755642954e+00
1.106175818915602127e+00
1.122984504354305635e+00
1.141899932014941221e+00
1.163029462667032554e+00
1.186441336177898931e+00
1.212150237474915349e+00
1.240101027733956141e+00
1.270151162231320185e+00
1.302052728288287664e+00
1.335435589408626944e+00
1.369793826665826053e+00
1.404478509983528189e+00
1.438700740934666822e+00
1.471549724701199491e+00
1.502031055328615583e+00
1.529129964178570278e+00
1.551902340608184216e+00
1.569592157701888979e+00
1.581766964376664530e+00
1.588453402662844294e+00
1.590243567791959078e+00
1.588333464334659162e+00
1.584451451994013160e+00
1.580642392513202932e+00
1.578895021240365404e+00
1.580633890269326436e+00
1.586135870553025295e+00
1.593966316660818894e+00
1.600559740673844100e+00
1.600103443289566885e+00
1.584931147190236977e+00
1.546681575947552512e+00
1.478447683406661772e+00
1.377903601159165659e+00
1.250852022860292623e+00
1.113873196572009672e+00
9.940874887898784040e-01
9.237582428832962211e-01
9.275058206727633259e-01
1.000000000000000000e+00
