1.000000000000000000e+00
8.138640561050829447e-01
8.153493255749517665e-01
9.558720740602649757e-01
1.139486239473958662e+00
1.301015684837464770e+00
1.417560371782415229e+00
1.493118907440396326e+00
1.540719640704575788e+00
1.571738544329077669e+00
1.592613873830060589e+00
1.605664573475550805e+00
1.611084331838121164e+00
1.608676817403376536e+00
1.598947514865151076e+00
1.583553750699553397e+00
1.565195472315129788e+00
1.547087242087611392e+00
1.532231398893129093e+00
1.522747456886148543e+00
1.519462077884765394e+00
1.521848617247472113e+00
1.528280474149657397e+00
1.536477200176756597e+00
1.543997006945292183e+00
1.548655415469819330e+00
1.548802532253388931e+00
1.543445190552255708e+00
1.532238547633754999e+00
1.515389813597304070e+00
1.493518066480175488e+00
1.467505448955600311e+00
1.438362909067355755e+00
1.407122340078241107e+00
1.374758487722152811e+00
1.342138671167569575e+00
1.309995683197188843e+00
1.278918394338879994e+00
1.249354838275762436e+00
1.221623340213296993e+00
1.195928202321327349e+00
1.172377376741716049e+00
1.151000342286284228e+00
1.131765027349746155e+00
1.114593095247518040e+00
1.099373250939251756e+00
1.085972465784943664e+00
1.074245174018646720e+00
1.064040591772840383e+00
1.055208363386499260e+00
1.047602763259021463e+00
1.041085684407234924e+00
1.035528634386675639e+00
1.030813940659387251e+00
1.026835344657940352e+00
1.023498139407970964e+00
1.020718981470934983e+00
1.018425485346352799e+00
1.016555688033642157e+00
1.015057453542250965e+00
1.013887871841610888e+00
1.013012693963095234e+00
1.012405834488268708e+00
1.012048964186584854e+00
1.011931208763771739e+00
1.012048964186358813e+00
1.012405834487805301e+00
1.013012693962376698e+00
1.013887871840598587e+00
1.015057453540903376e+00
1.016555688031895555e+00
1.018425485344130355e+00
1.020718981468135667e+00
1.023498139404478202e+00
1.026835344653596493e+00
1.030813940654006444e+00
1.035528634380032953e+00
1.041085684399044808e+00
1.047602763248933755e+00
1.055208363374077640e+00
1.064040591757541510e+00
1.074245173999786251e+00
1.085972465761661176e+00
1.099373250910442579e+00
1.114593095211765306e+00
1.131765027305214222e+00
1.151000342230579676e+00
1.172377376671692728e+00
1.195928202232831250e+00
1.221623340100808752e+00
1.249354838131910617e+00
1.278918394153815807e+00
1.309995682957723062e+00
1.342138670856037219e+00
1.374758487314940991e+00
1.407122339543903644e+00
1.438362908364215764e+00
1.467505448028843196e+00
1.493518065258361283e+00
1.515389811988428592e+00
1.532238545521013684e+00
1.543445187789804551e+00
1.548802528662555522e+00
1.548655410836206503e+00
1.543997001017100024e+00
1.536477192664259528e+00
1.528280464725173315e+00
1.521848605544624089e+00
1.519462063495805371e+00
1.522747439357258870e+00
1.532231377720236543e+00
1.547087216718920022e+00
1.565195442169643458e+00
1.583553715211026391e+00
1.598947473556488363e+00
1.608676769987946731e+00
1.611084278334898867e+00
1.605664514318765557e+00
1.592613809953052018e+00
1.571738477204513540e+00
1.540719572326216591e+00
1.493118840233788491e+00
1.417560308435314997e+00
1.301015628049476014e+00
1.139486191652008706e+00
9.558720370400900501e-01
8.153493004912615305e-01
8.138640434836649229e-01
1.000000000000000000e+00
