1.000000000000000000e+00
9.991434256373362688e-01
1.019618792625911929e+00
1.067231367267596598e+00
1.138224966608745392e+00
1.223983785487096076e+00
1.314625886715374170e+00
1.401497983618829046e+00
1.478516665934223484e+00
1.542437461447940139e+00
1.592350017229094528e+00
1.628824286611704864e+00
1.653092117742744671e+00
1.666487533216096883e+00
1.670189729306609916e+00
1.665193479037203605e+00
1.652392744551988812e+00
1.632682354355169618e+00
1.607024484555233945e+00
1.576465165001372792e+00
1.542109816054926918e+00
1.505075851882490934e+00
1.466439621131811144e+00
1.427189781400423740e+00
1.388193373553007870e+00
1.350176237648792021e+00
1.313716496713394744e+00
1.279248417028825413e+00
1.247073581119400032e+00
1.217376542689121655e+00
1.190242642728989830e+00
1.165676245258241872e+00
1.143618187993566293e+00
1.123961689829133359e+00
1.106566302629113929e+00
1.091269747337026752e+00
1.077897648994839530e+00
1.066271298455925498e+00
1.056213635409666285e+00
1.047553680390236774e+00
1.040129652745174882e+00
1.033791004846371431e+00
1.028399586005066313e+00
1.023830126955966424e+00
1.019970210558801549e+00
1.016719868745806110e+00
1.013990921212735596e+00
1.011706148842270059e+00
1.009798374877830973e+00
1.008209509641872170e+00
1.006889600108413774e+00
1.005795913745066716e+00
1.004892076497829745e+00
1.004147277319992648e+00
1.003535545949115759e+00
1.003035106423966205e+00
1.002627805839129360e+00
1.002298615819088967e+00
1.002035202949069781e+00
1.001827563751797490e+00
1.001667719603830164e+00
1.001549467126059190e+00
1.001468179969296379e+00
1.001420658476110281e+00
1.001405024381447628e+00
1.001420658476110281e+00
1.001468179969296379e+00
1.001549467126059190e+00
1.001667719603830164e+00
1.001827563751797490e+00
1.002035202949069781e+00
1.002298615819088967e+00
1.002627805839129360e+00
1.003035106423966205e+00
1.003535545949115759e+00
1.004147277319992648e+00
1.004892076497829745e+00
1.005795913745066716e+00
1.006889600108413774e+00
1.008209509641872170e+00
1.009798374877830973e+00
1.011706148842270059e+00
1.013990921212735818e+00
1.016719868745805666e+00
1.019970210558801549e+00
1.023830126955966424e+00
1.028399586005066313e+00
1.033791004846371431e+00
1.040129652745174882e+00
1.047553680390236996e+00
1.056213635409666285e+00
1.066271298455925276e+00
1.077897648994839752e+00
1.091269747337026530e+00
1.106566302629113707e+00
1.123961689829133137e+00
1.143618187993564517e+00
1.165676245258241650e+00
1.190242642728989830e+00
1.217376542689121433e+00
1.247073581119400920e+00
1.279248417028824747e+00
1.313716496713395410e+00
1.350176237648791355e+00
1.388193373553008092e+00
1.427189781400422852e+00
1.466439621131810700e+00
1.505075851882491822e+00
1.542109816054927585e+00
1.576465165001371016e+00
1.607024484555234611e+00
1.632682354355168952e+00
1.652392744551987480e+00
1.665193479037201829e+00
1.670189729306607029e+00
1.666487533216096883e+00
1.653092117742744449e+00
1.628824286611703087e+00
1.592350017229092529e+00
1.542437461447937253e+00
1.478516665934221708e+00
1.401497983618826160e+00
1.314625886715372394e+00
1.223983785487095188e+00
1.138224966608744060e+00
1.067231367267594822e+00
1.019618792625910153e+00
9.991434256373339373e-01
1.000000000000000000e+00
