1.000000000000000000e+00
7.496342265094241286e-01
7.857805630710891220e-01
9.734984310635840243e-01
1.168433949896400481e+00
1.314491146286852707e+00
1.413899374018074750e+00
1.483525533507749072e+00
1.534343539538605361e+00
1.570138166676364966e+00
1.592353880086967655e+00
1.603291603487882799e+00
1.606289815163680412e+00
1.604438658032903753e+00
1.599487541780097555e+00
1.591707478090361727e+00
1.580611841254627281e+00
1.565979548786295972e+00
1.548592515186906882e+00
1.530363486943812967e+00
1.513880579911443425e+00
1.501644905546663633e+00
1.495345194537036626e+00
1.495424287735687807e+00
1.501030635298424620e+00
1.510298113696676436e+00
1.520810495597221257e+00
1.530092696826586218e+00
1.536009525380971574e+00
1.537012778897776988e+00
1.532232496642374375e+00
1.521443744955918609e+00
1.504954464652102919e+00
1.483458015138387154e+00
1.457883662217224874e+00
1.429265671369448265e+00
1.398640687737861876e+00
1.366975231272211211e+00
1.335120448147967931e+00
1.303789072923448700e+00
1.273549039229062485e+00
1.244828609219375659e+00
1.217928754674642455e+00
1.193039491549634734e+00
1.170257770336860847e+00
1.149605281211603103e+00
1.131045127870916378e+00
1.114496769065809190e+00
1.099848945826298774e+00
1.086970531411449947e+00
1.075719383965523024e+00
1.065949368693602572e+00
1.057515762937197845e+00
1.050279276019315366e+00
1.044108915312403907e+00
1.038883917454317851e+00
1.034494943950502233e+00
1.030844717100148467e+00
1.027848247739979737e+00
1.025432782362352802e+00
1.023537574764337155e+00
1.022113567082416408e+00
1.021123047076814006e+00
1.020539332808346300e+00
1.020346522176331927e+00
1.020539332808151345e+00
1.021123047076414325e+00
1.022113567081798680e+00
1.023537574763482505e+00
1.025432782361229922e+00
1.027848247738551768e+00
1.030844717098372776e+00
1.034494943948322643e+00
1.038883917451679517e+00
1.044108915309231778e+00
1.050279276015537722e+00
1.057515762932735859e+00
1.065949368688362986e+00
1.075719383959411024e+00
1.086970531404356066e+00
1.099848945818111101e+00
1.114496769056392722e+00
1.131045127860121458e+00
1.149605281199227891e+00
1.170257770322648216e+00
1.193039491533209207e+00
1.217928754655460244e+00
1.244828609196629632e+00
1.273549039201533173e+00
1.303789072889301792e+00
1.335120448104450519e+00
1.366975231215270314e+00
1.398640687661587778e+00
1.429265671265347537e+00
1.457883662073296893e+00
1.483458014937986791e+00
1.504954464372574519e+00
1.521443744567087863e+00
1.532232496104986463e+00
1.537012778162048621e+00
1.536009524385539837e+00
1.530092695497979882e+00
1.520810493850027534e+00
1.510298111434143831e+00
1.501030632412892363e+00
1.495424284107680135e+00
1.495345190031742044e+00
1.501644900006986028e+00
1.513880573148391973e+00
1.530363478727462700e+00
1.548592505243642226e+00
1.565979536808762118e+00
1.580611826928166597e+00
1.591707461133631263e+00
1.599487521990970551e+00
1.604438635328784946e+00
1.606289789611275776e+00
1.603291575327654650e+00
1.592353849761324547e+00
1.570138134859653478e+00
1.534343507148381303e+00
1.483525501671154601e+00
1.413899343986894985e+00
1.314491119320267964e+00
1.168433927133311068e+00
9.734984134003772382e-01
7.857805510835597085e-01
7.496342204731348824e-01
1.000000000000000000e+00
