1.000000000000000000e+00
7.969359708506421613e-01
8.055339774063960956e-01
9.596116957686110505e-01
1.149650897128281946e+00
1.309477892172233870e+00
1.421263731829440102e+00
1.493258016401010302e+00
1.539609068781027768e+00
1.570816743101193014e+00
1.592286663957062309e+00
1.606037762109612910e+00
1.612512582504390224e+00
1.611709925935511434e+00
1.603876151551767215e+00
1.589983945720755631e+00
1.571958567203117330e+00
1.552532763211361022e+00
1.534742938097168663e+00
1.521249070623923894e+00
1.513731613208055382e+00
1.512563712042774400e+00
1.516829851652580441e+00
1.524635150168035302e+00
1.533572969396118868e+00
1.541205771755102205e+00
1.545449719707363556e+00
1.544809471442318838e+00
1.538461150606913685e+00
1.526214913761684278e+00
1.508401719629332893e+00
1.485726795286683499e+00
1.459122067191739536e+00
1.429617522344675651e+00
1.398240755786019252e+00
1.365946317190088966e+00
1.333571922159637158e+00
1.301816489922011710e+00
1.271234494059636733e+00
1.242241560562496350e+00
1.215127110183161996e+00
1.190070803464389204e+00
1.167160437029612030e+00
1.146409685813758461e+00
1.127774671483717572e+00
1.111168774639013312e+00
1.096475421299626163e+00
1.083558788615333945e+00
1.072272514294705825e+00
1.062466578654387872e+00
1.053992573049216119e+00
1.046707585759199644e+00
1.040476935208816567e+00
1.035175967364000860e+00
1.030691114174756562e+00
1.026920386506024352e+00
1.023773450573994381e+00
1.021171413127072602e+00
1.019046418523490871e+00
1.017341141051243625e+00
1.016008238568710587e+00
1.015009818833066957e+00
1.014316957579457279e+00
1.013909297254479425e+00
1.013774746960579565e+00
1.013909297256399000e+00
1.014316957583396572e+00
1.015009818839232913e+00
1.016008238577421618e+00
1.017341141062956034e+00
1.019046418538810395e+00
1.021171413146792162e+00
1.023773450599128942e+00
1.026920386537871765e+00
1.030691114214942861e+00
1.035175967414583509e+00
1.040476935272381498e+00
1.046707585838982935e+00
1.053992573149277412e+00
1.062466578779809323e+00
1.072272514451862335e+00
1.083558788812212903e+00
1.096475421546255102e+00
1.111168774947970395e+00
1.127774671870822809e+00
1.146409686298917041e+00
1.167160437637920545e+00
1.190070804227540968e+00
1.215127111141259819e+00
1.242241561766388669e+00
1.271234495573927870e+00
1.301816491828985844e+00
1.333571924564310951e+00
1.365946320226754107e+00
1.398240759626709906e+00
1.429617527210066852e+00
1.459122073365083372e+00
1.485726803131545593e+00
1.508401729611843045e+00
1.526214926478106415e+00
1.538461166817119530e+00
1.544809492109349591e+00
1.545449746042670380e+00
1.541205805267900741e+00
1.533573011943903941e+00
1.524635204003488065e+00
1.516829919460221499e+00
1.512563796956996942e+00
1.513731718802828530e+00
1.521249200863358464e+00
1.534743097234684495e+00
1.552532955622633493e+00
1.571958797134190622e+00
1.589984216929812177e+00
1.603876466826458458e+00
1.611710286485355414e+00
1.612512987265396713e+00
1.606038207053533728e+00
1.592287141553638818e+00
1.570817242110768452e+00
1.539609574531135783e+00
1.493258511614866002e+00
1.421264197940797835e+00
1.309478310911774024e+00
1.149651252053649042e+00
9.596119734027603876e-01
8.055341677943226308e-01
7.969360675901537849e-01
1.000000000000000000e+00
