1.000000000000000000e+00
1.001729211414553955e+00
1.003433304046030816e+00
1.005078431075384193e+00
1.006622710657951947e+00
1.008019884116787779e+00
1.009224678619012661e+00
1.010198502481453708e+00
1.010914244596361922e+00
1.011359316103883188e+00
1.011536560429305398e+00
1.011463135640203292e+00
1.011167831906401693e+00
1.010687471580697938e+00
1.010063052739245792e+00
1.009336182915318236e+00
1.008546169110128510e+00
1.007727939410745677e+00
1.006910810201506523e+00
1.006118000395237022e+00
1.005366732831608934e+00
1.004668744727922336e+00
1.004031040892968907e+00
1.003456752259582307e+00
1.002945997513806198e+00
1.002496679892233900e+00
1.002105180445478583e+00
1.001766931557520168e+00
1.001476870245431083e+00
1.001229780634631084e+00
1.001020540277948401e+00
1.000844286955551166e+00
1.000696522388905496e+00
1.000573167820688836e+00
1.000470584306687449e+00
1.000385568275547143e+00
1.000315330709780959e+00
1.000257466335129797e+00
1.000209917539035986e+00
1.000170936382712483e+00
1.000139047004090509e+00
1.000113009894349592e+00
1.000091788926959602e+00
1.000074521584165765e+00
1.000060492524445843e+00
1.000049110433931299e+00
1.000039887979062847e+00
1.000032424605957093e+00
1.000026391898115374e+00
1.000021521195903595e+00
1.000017593189698850e+00
1.000014429217180867e+00
1.000011884019347264e+00
1.000009839736268669e+00
1.000008200950308401e+00
1.000006890610182220e+00
1.000005846693071909e+00
1.000005019483659829e+00
1.000004369368282520e+00
1.000003865059501118e+00
1.000003482181333281e+00
1.000003202158510129e+00
1.000003011364542838e+00
1.000002900493465408e+00
1.000002864129060587e+00
1.000002900493465408e+00
1.000003011364542838e+00
1.000003202158510129e+00
1.000003482181333281e+00
1.000003865059501118e+00
1.000004369368282520e+00
1.000005019483659829e+00
1.000005846693071909e+00
1.000006890610182220e+00
1.000008200950308401e+00
1.000009839736268669e+00
1.000011884019347264e+00
1.000014429217180867e+00
1.000017593189698850e+00
1.000021521195903595e+00
1.000026391898115374e+00
1.000032424605957093e+00
1.000039887979062847e+00
1.000049110433931299e+00
1.000060492524445843e+00
1.000074521584165765e+00
1.000091788926959602e+00
1.000113009894349592e+00
1.000139047004090509e+00
1.000170936382712483e+00
1.000209917539035986e+00
1.000257466335129797e+00
1.000315330709780959e+00
1.000385568275547143e+00
1.000470584306687449e+00
1.000573167820688836e+00
1.000696522388905496e+00
1.000844286955551166e+00
1.001020540277948401e+00
1.001229780634630862e+00
1.001476870245431083e+00
1.001766931557519946e+00
1.002105180445478583e+00
1.002496679892233900e+00
1.002945997513805976e+00
1.003456752259582085e+00
1.004031040892968463e+00
1.004668744727922336e+00
1.005366732831608712e+00
1.006118000395236356e+00
1.006910810201506079e+00
1.007727939410745011e+00
1.008546169110127844e+00
1.009336182915317570e+00
1.010063052739244904e+00
1.010687471580697050e+00
1.011167831906400805e+00
1.011463135640202404e+00
1.011536560429304732e+00
1.011359316103882300e+00
1.010914244596361034e+00
1.010198502481453042e+00
1.009224678619011772e+00
1.008019884116787335e+00
1.006622710657951503e+00
1.005078431075383749e+00
1.003433304046030594e+00
1.001729211414553733e+00
1.000000000000000000e+00
