1.000000000000000000e+00
7.589197376393226335e-01
7.889086900702914074e-01
9.708696759379503716e-01
1.166500404812066183e+00
1.316164206296712047e+00
1.417804269227377123e+00
1.487209660327912575e+00
1.536580305659416501e+00
1.571196753427646753e+00
1.593213376094592348e+00
1.604822218259638555e+00
1.608795675636596201e+00
1.607568658343331736e+00
1.602429885142742094e+00
1.593562752563831841e+00
1.580796113479331799e+00
1.564493343656075286e+00
1.546051041634871392e+00
1.527792948292936659e+00
1.512380817059161053e+00
1.502054668084818356e+00
1.498020048338731369e+00
1.500175740313222983e+00
1.507212273369893829e+00
1.516983825699598887e+00
1.526998549697690777e+00
1.534881714331154168e+00
1.538716127449726967e+00
1.537224358247457179e+00
1.529805196478767115e+00
1.516463478301409928e+00
1.497679355786719846e+00
1.474257004677807625e+00
1.447180943492993199e+00
1.417495916570900460e+00
1.386216497547808180e+00
1.354266034085489068e+00
1.322440961463221987e+00
1.291395086420384475e+00
1.261638377519186394e+00
1.233545450732926430e+00
1.207369871861263766e+00
1.183261352412791290e+00
1.161283763170901873e+00
1.141432581344962172e+00
1.123650919738518938e+00
1.107843677853891373e+00
1.093889630792585166e+00
1.081651457760125501e+00
1.070983830345088927e+00
1.061739749804305966e+00
1.053775356660276774e+00
1.046953445902624180e+00
1.041145915133015132e+00
1.036235357103218790e+00
1.032115986617637926e+00
1.028694067790497213e+00
1.025887983287526062e+00
1.023628063833302182e+00
1.021856274766892447e+00
1.020525837202989061e+00
1.019600844521410199e+00
1.019055920360985468e+00
1.018875951776282873e+00
1.019055920361622514e+00
1.019600844522718708e+00
1.020525837205043196e+00
1.021856274769809447e+00
1.023628063837245694e+00
1.025887983292716799e+00
1.028694067797230272e+00
1.032115986626288784e+00
1.036235357114279720e+00
1.041145915147102308e+00
1.046953445920532522e+00
1.053775356683018805e+00
1.061739749833155333e+00
1.070983830381665447e+00
1.081651457806470873e+00
1.093889630851292649e+00
1.107843677928230797e+00
1.123650919832627437e+00
1.141432581464057572e+00
1.161283763321591112e+00
1.183261352603415029e+00
1.207369872102369346e+00
1.233545451037870722e+00
1.261638377904883868e+00
1.291395086908288192e+00
1.322440962080555504e+00
1.354266034866890456e+00
1.386216498537385711e+00
1.417495917824927787e+00
1.447180945083374359e+00
1.474257006696565009e+00
1.497679358351742929e+00
1.516463481563819160e+00
1.529805200632235573e+00
1.537224363539842820e+00
1.538716134197354757e+00
1.534881722935760306e+00
1.526998560665890903e+00
1.516983839664011624e+00
1.507212291110429536e+00
1.500175762776163380e+00
1.498020076650512733e+00
1.502054703557020199e+00
1.512380861181233271e+00
1.527793002709457948e+00
1.546051108103896343e+00
1.564493423983518428e+00
1.580796209420960219e+00
1.593562865682668583e+00
1.602430016609548646e+00
1.607568808676799188e+00
1.608795844400896513e+00
1.604822403766002381e+00
1.593213575177746089e+00
1.571196961372604228e+00
1.536580516333882596e+00
1.487209866537125835e+00
1.417804463261251424e+00
1.316164380584826654e+00
1.166500552550215897e+00
9.708697915415251956e-01
7.889087693852944172e-01
7.589197779594466509e-01
1.000000000000000000e+00
