1.000000000000000000e+00
7.469882666067778620e-01
7.859184626412607511e-01
9.760535833562651309e-01
1.171049439064763664e+00
1.316186938161137299e+00
1.415154419671343700e+00
1.485085281018807324e+00
1.536479253392040167e+00
1.572633048257902511e+00
1.594796457016104618e+00
1.605331894717154206e+00
1.607769675552643163e+00
1.605422952509838463e+00
1.600219659021486773e+00
1.592502329542577755e+00
1.581719664122594571e+00
1.567475325380177642e+00
1.550338155052787936e+00
1.532055079987886481e+00
1.515154869544858673e+00
1.502198859047590762e+00
1.495025827880623881e+00
1.494265121518658868e+00
1.499234073310156790e+00
1.508179928745896348e+00
1.518729333773513046e+00
1.528385092919077648e+00
1.534943285452865069e+00
1.536763016037338447e+00
1.532878032815436109e+00
1.522978097348854920e+00
1.507304880198955699e+00
1.486507006124061281e+00
1.461489208351999247e+00
1.433277967300339517e+00
1.402914662335760454e+00
1.371378949343890596e+00
1.339539981688308234e+00
1.308130609862055760e+00
1.277738995387919241e+00
1.248812412172958242e+00
1.221668835589701185e+00
1.196512887436952166e+00
1.173453621523352197e+00
1.152522413362875087e+00
1.133689834674638020e+00
1.116880858037111013e+00
1.101988072004655983e+00
1.088882818414905973e+00
1.077424315846508440e+00
1.067466926776049263e+00
1.058865777336943648e+00
1.051480960361281136e+00
1.045180554140297424e+00
1.039842678158838352e+00
1.035356788123230398e+00
1.031624389627590510e+00
1.028559325390339563e+00
1.026087766888849062e+00
1.024148018527643478e+00
1.022690221807779798e+00
1.021676028571849804e+00
1.021078296262689200e+00
1.020880844045896740e+00
1.021078296263070229e+00
1.021676028572631845e+00
1.022690221809011923e+00
1.024148018529402071e+00
1.026087766891239150e+00
1.028559325393506585e+00
1.031624389631730310e+00
1.035356788128591221e+00
1.039842678165751932e+00
1.045180554149180763e+00
1.051480960372680240e+00
1.058865777351558624e+00
1.067466926794766069e+00
1.077424315870465055e+00
1.088882818445543466e+00
1.101988072043819100e+00
1.116880858087136552e+00
1.133689834738502711e+00
1.152522413444342142e+00
1.173453621627205345e+00
1.196512887569239680e+00
1.221668835758090710e+00
1.248812412387169779e+00
1.277738995660262722e+00
1.308130610208139366e+00
1.339539982127919915e+00
1.371378949902170685e+00
1.402914663044674048e+00
1.433277968200587393e+00
1.461489209495491881e+00
1.486507007577120509e+00
1.507304882046440975e+00
1.522978099699460186e+00
1.532878035808451278e+00
1.536763019851116852e+00
1.534943290315293751e+00
1.528385099120029622e+00
1.518729341679168066e+00
1.508179938814206089e+00
1.499234086106281394e+00
1.494265137728476356e+00
1.495025848320043815e+00
1.502198884665193912e+00
1.515154901415705968e+00
1.532055119296707790e+00
1.550338203064641318e+00
1.567475383395040778e+00
1.581719733407049633e+00
1.592502411228147619e+00
1.600219753959088109e+00
1.605423061077744018e+00
1.607769797433133085e+00
1.605332028679562928e+00
1.594796600759961658e+00
1.572633198368604379e+00
1.536479405443014201e+00
1.485085429827373238e+00
1.415154559687829217e+00
1.316187063936123280e+00
1.171049545698193750e+00
9.760536668200265886e-01
7.859185199258809096e-01
7.469882957366869025e-01
1.000000000000000000e+00
