1.000000000000000000e+00
7.853064223079869732e-01
7.987411563257208469e-01
9.608504261249423140e-01
1.153408198182875877e+00
1.310813900623199801e+00
1.419273424173786102e+00
1.489603356055252625e+00
1.536006424989769803e+00
1.567838684193089804e+00
1.589629608208022571e+00
1.603343170982667987e+00
1.609912496737937904e+00
1.609810035597598166e+00
1.603345064464741787e+00
1.591090247418746717e+00
1.574329049166382832e+00
1.555225768961997046e+00
1.536562954817214166e+00
1.521142002726105780e+00
1.511103927692996285e+00
1.507431854049519293e+00
1.509785782924865982e+00
1.516675401153916969e+00
1.525866429525364110e+00
1.534871288005275058e+00
1.541390753331137287e+00
1.543624134177761897e+00
1.540422566930172987e+00
1.531303573781043426e+00
1.516367759507233126e+00
1.496162826033180293e+00
1.471532763716888015e+00
1.443478069751461312e+00
1.413041018612687605e+00
1.381220808430545066e+00
1.348917434200843868e+00
1.316899974951195373e+00
1.285793835578745492e+00
1.256081574115511579e+00
1.228112665021870553e+00
1.202118495541488752e+00
1.178229832225097251e+00
1.156494815422402178e+00
1.136896202027944280e+00
1.119367082599294960e+00
1.103804668157289504e+00
1.090082000320322653e+00
1.078057611022926965e+00
1.067583266604068770e+00
1.058509993070088973e+00
1.050692608497626690e+00
1.043992995210189179e+00
1.038282336270032635e+00
1.033442523658810064e+00
1.029366923386582311e+00
1.025960658580504559e+00
1.023140547359198571e+00
1.020834809301317980e+00
1.018982633349307276e+00
1.017533681446948890e+00
1.016447586202431808e+00
1.015693487307211873e+00
1.015249640094424866e+00
1.015103120168040496e+00
1.015249640094348926e+00
1.015693487307058440e+00
1.016447586202196884e+00
1.017533681446624039e+00
1.018982633348886502e+00
1.020834809300789958e+00
1.023140547358553976e+00
1.025960658579729623e+00
1.029366923385672372e+00
1.033442523657747358e+00
1.038282336268812944e+00
1.043992995208814056e+00
1.050692608496096359e+00
1.058509993068413424e+00
1.067583266602260217e+00
1.078057611021009832e+00
1.090082000318317590e+00
1.103804668155218272e+00
1.119367082597146679e+00
1.136896202025669655e+00
1.156494815419857325e+00
1.178229832221985296e+00
1.202118495537262577e+00
1.228112665015581140e+00
1.256081574105598175e+00
1.285793835562716092e+00
1.316899974925217709e+00
1.348917434159147888e+00
1.381220808364627795e+00
1.413041018510282854e+00
1.443478069595229840e+00
1.471532763482792161e+00
1.496162825688610143e+00
1.516367759008918625e+00
1.531303573072986479e+00
1.540422565941862665e+00
1.543624132822998041e+00
1.541390751507881740e+00
1.534871285596635104e+00
1.525866426401486065e+00
1.516675397173826045e+00
1.509785777936632822e+00
1.507431847886845588e+00
1.511103920167160553e+00
1.521141993614504750e+00
1.536562943853297059e+00
1.555225755834657386e+00
1.574329033537452904e+00
1.591090228963015107e+00
1.603345042928332909e+00
1.609810010861763896e+00
1.609912468872499502e+00
1.603343140279757328e+00
1.589629575197255562e+00
1.567838649643565452e+00
1.536006389898325830e+00
1.489603321612546161e+00
1.419273391699918285e+00
1.310813871467684022e+00
1.153408173586591090e+00
9.608504070649780404e-01
7.987411434134945587e-01
7.853064158161606745e-01
1.000000000000000000e+00
