1.000000000000000000e+00
7.610119569591303756e-01
7.895461633875920926e-01
9.700346283269932757e-01
1.165662432184252140e+00
1.316076383063452759e+00
1.418225574287719892e+00
1.487594496572287595e+00
1.536636269739292349e+00
1.570985786640672677e+00
1.592977915573120073e+00
1.604778561735130893e+00
1.609012857949588815e+00
1.607949956387347390e+00
1.602773047712021892e+00
1.593660638036768828e+00
1.580533099075550174e+00
1.563898857537201925e+00
1.545292562687860416e+00
1.527117497463670315e+00
1.512032852834404695e+00
1.502202194394952617e+00
1.498711504485455315e+00
1.501335048396620353e+00
1.508665688583342268e+00
1.518504448673472451e+00
1.528353322172131934e+00
1.535869538079766672e+00
1.539191506807804810e+00
1.537106190244844184e+00
1.529073702433275894e+00
1.515149607475068994e+00
1.495850809053218100e+00
1.472004039582895718e+00
1.444603927693099532e+00
1.414695554326963922e+00
1.383286908042134833e+00
1.351290414495088799e+00
1.319489359096151615e+00
1.288523754144833111e+00
1.258890226878205398e+00
1.230951198328173346e+00
1.204949566048141740e+00
1.181026052473064025e+00
1.159237214702401042e+00
1.139572787920225760e+00
1.121971553029832869e+00
1.106335298639560927e+00
1.092540714014735181e+00
1.080449228356047842e+00
1.069914924810541956e+00
1.060790722867459790e+00
1.052933054201721008e+00
1.046205265217330815e+00
1.040479972437011069e+00
1.035640580310287717e+00
1.031582149186967889e+00
1.028211777111889269e+00
1.025448634788211244e+00
1.023223769864696875e+00
1.021479775424345648e+00
1.020170398580667825e+00
1.019260148521455855e+00
1.018723949061611789e+00
1.018546868511030379e+00
1.018723949062304124e+00
1.019260148522878495e+00
1.020170398582900262e+00
1.021479775427513337e+00
1.023223769868976563e+00
1.025448634793840075e+00
1.028211777119183212e+00
1.031582149196331066e+00
1.035640580322247040e+00
1.040479972452225788e+00
1.046205265236650916e+00
1.052933054226225407e+00
1.060790722898508287e+00
1.069914924849858950e+00
1.080449228405805817e+00
1.092540714077689712e+00
1.106335298719186566e+00
1.121971553130519883e+00
1.139572788047509944e+00
1.159237214863287235e+00
1.181026052676393601e+00
1.204949566305093089e+00
1.230951198652897371e+00
1.258890227288625541e+00
1.288523754663682075e+00
1.319489359752281876e+00
1.351290415325218985e+00
1.383286909093036199e+00
1.414695555658324500e+00
1.444603929381210961e+00
1.472004041725421652e+00
1.495850811775298661e+00
1.515149610937140734e+00
1.529073706840953006e+00
1.537106195861240421e+00
1.539191513968647396e+00
1.535869547211309527e+00
1.528353333811733439e+00
1.518504463491931800e+00
1.508665707407437218e+00
1.501335072229382561e+00
1.498711534520925204e+00
1.502202232023709616e+00
1.512032899636135408e+00
1.527117555183246989e+00
1.545292633191124532e+00
1.563898942741022591e+00
1.580533200843319275e+00
1.593660758026735236e+00
1.602773187165797752e+00
1.607950115855148354e+00
1.609013036970498467e+00
1.604778758520955639e+00
1.592978126770239866e+00
1.570986007250247729e+00
1.536636493255799873e+00
1.487594715359626951e+00
1.418225780160930150e+00
1.316076567985316581e+00
1.165662588931571930e+00
9.700347509734154050e-01
7.895462475289281024e-01
7.610119997302583483e-01
1.000000000000000000e+00
