1.000000000000000000e+00
8.556062445987100418e-01
8.468431206216706641e-01
9.561757350775739184e-01
1.119439230447524247e+00
1.280607160936880318e+00
1.409567174230647479e+00
1.499328019701169135e+00
1.555801372195391830e+00
1.588417519836676561e+00
1.604910402670732816e+00
1.610057661285117181e+00
1.606619144560460510e+00
1.596751271229463587e+00
1.582903476008264088e+00
1.567945338695597268e+00
1.554735911873139198e+00
1.545507915704735336e+00
1.541389768326665966e+00
1.542238494938084736e+00
1.546797183573973999e+00
1.553078609305145408e+00
1.558832481042167872e+00
1.561968445636493064e+00
1.560855102664385319e+00
1.554469636532119337e+00
1.542414501314738784e+00
1.524839776974252104e+00
1.502314359355141793e+00
1.475682405196578006e+00
1.445930042239156110e+00
1.414075995463829338e+00
1.381090884227030635e+00
1.347844141274110008e+00
1.315074415672389696e+00
1.283378192773704907e+00
1.253211441211658395e+00
1.224899790198430871e+00
1.198653656765752196e+00
1.174585654345662311e+00
1.152728410464667785e+00
1.133051564123844779e+00
1.115477203969210240e+00
1.099893366015206153e+00
1.086165459541928335e+00
1.074145656263086002e+00
1.063680382053479923e+00
1.054616109508079935e+00
1.046803676674837424e+00
1.040101362556175690e+00
1.034376940944905510e+00
1.029508916390830420e+00
1.025387123596359862e+00
1.021912847155322934e+00
1.018998594232757737e+00
1.016567629814274509e+00
1.014553363306573974e+00
1.012898656946979781e+00
1.011555110812951019e+00
1.010482366158405920e+00
1.009647458166219369e+00
1.009024240743572776e+00
1.008592899407685817e+00
1.008339563305809206e+00
1.008256023678586244e+00
1.008339563309092801e+00
1.008592899414422650e+00
1.009024240754110124e+00
1.009647458181091251e+00
1.010482366178375058e+00
1.011555110839030380e+00
1.012898656980490530e+00
1.014553363349205206e+00
1.016567629868170730e+00
1.018998594300611682e+00
1.021912847240518118e+00
1.025387123703133119e+00
1.029508916524470852e+00
1.034376941112020720e+00
1.040101362765011972e+00
1.046803676935695426e+00
1.054616109833822035e+00
1.063680382460186813e+00
1.074145656770875368e+00
1.086165460175999353e+00
1.099893366807169981e+00
1.115477204958789326e+00
1.133051565361046897e+00
1.152728412012584025e+00
1.174585656284063306e+00
1.198653659195740184e+00
1.224899793248463764e+00
1.253211445045335548e+00
1.283378197599863935e+00
1.315074421758147594e+00
1.347844148961703237e+00
1.381090893955401633e+00
1.414076007796161827e+00
1.445930057897582000e+00
1.475682425105401041e+00
1.502314384693663740e+00
1.524839809239787236e+00
1.542414542395461607e+00
1.554469688787680548e+00
1.560855169009907950e+00
1.561968529622387081e+00
1.558832586918564633e+00
1.553078742056042350e+00
1.546797348902845037e+00
1.542238699184299788e+00
1.541390018290294650e+00
1.545508218355916341e+00
1.554736273920915623e+00
1.567945765992350582e+00
1.582903972775164592e+00
1.596751839115187366e+00
1.606619781596893004e+00
1.610058360877279826e+00
1.604911152832336541e+00
1.588418302920616920e+00
1.555802165334255083e+00
1.499328796053312152e+00
1.409567904943340722e+00
1.280607817532087411e+00
1.119439787170148248e+00
9.561761707077485184e-01
8.468434194253016134e-01
8.556063964438865854e-01
1.000000000000000000e+00
