1.000000000000000000e+00
8.610942262684094795e-01
8.510434392611019305e-01
9.556936935764447361e-01
1.115196977046567062e+00
1.275394452230159681e+00
1.405680754486645867e+00
1.497549298965275666e+00
1.555568855727472499e+00
1.588543307661976600e+00
1.604282319288784064e+00
1.608065895080810215e+00
1.603280883355086006e+00
1.592610740681472681e+00
1.578804457419124452e+00
1.564763936092739005e+00
1.553145713946390893e+00
1.545828284920408358e+00
1.543539555788142170e+00
1.545787298685132427e+00
1.551083102375711897e+00
1.557351534720263775e+00
1.562385758572572447e+00
1.564234594836220182e+00
1.561456664175952413e+00
1.553228785927943445e+00
1.539332316315539018e+00
1.520058082012361478e+00
1.496071511173302504e+00
1.468271140247011219e+00
1.437662064503764325e+00
1.405255170353623795e+00
1.371994995136663453e+00
1.338714095747383315e+00
1.306109348950937221e+00
1.274734879947733601e+00
1.245006608831025874e+00
1.217214185214660960e+00
1.191537007788083136e+00
1.168061907966009061e+00
1.146800828599026989e+00
1.127707425330979341e+00
1.110691967503343314e+00
1.095634239255216524e+00
1.082394364840204126e+00
1.070821628720390661e+00
1.060761450612424550e+00
1.052060724267570357e+00
1.044571748663300159e+00
1.038154980758904111e+00
1.032680826928304318e+00
1.028030670688775627e+00
1.024097311038741909e+00
1.020784961163765603e+00
1.018008933209529676e+00
1.015695112374316311e+00
1.013779303398153919e+00
1.012206514937332935e+00
1.010930232385247374e+00
1.009911717340274961e+00
1.009119361929081249e+00
1.008528118305849208e+00
1.008119017570792808e+00
1.007878787780448704e+00
1.007799577359476340e+00
1.007878787779168617e+00
1.008119017568168907e+00
1.008528118301752263e+00
1.009119361923301206e+00
1.009911717332528047e+00
1.010930232375146343e+00
1.012206514924380851e+00
1.013779303381712849e+00
1.015695112353586893e+00
1.018008933183501385e+00
1.020784961131181889e+00
1.024097310998042687e+00
1.028030670638013566e+00
1.032680826865069346e+00
1.038154980680200845e+00
1.044571748565420899e+00
1.052060724145913673e+00
1.060761450461287003e+00
1.070821628532697911e+00
1.082394364607173198e+00
1.095634238965938589e+00
1.110691967144258996e+00
1.127707424885211251e+00
1.146800828045545284e+00
1.168061907278563627e+00
1.191537006933855336e+00
1.217214184152558110e+00
1.245006607509492769e+00
1.274734878301979846e+00
1.306109346899393620e+00
1.338714093187218568e+00
1.371994991938082498e+00
1.405255166352707308e+00
1.437662059493481026e+00
1.468271133966135844e+00
1.496071503292889515e+00
1.520058072119558457e+00
1.539332303894746401e+00
1.553228770339596387e+00
1.561456644633791857e+00
1.564234570384621881e+00
1.562385728066478796e+00
1.557351496811456348e+00
1.551083055510362074e+00
1.545787241118849797e+00
1.543539485625650798e+00
1.545828200187578716e+00
1.553145612702158562e+00
1.564763816587565026e+00
1.578804318304238175e+00
1.592610581268637970e+00
1.603280703917718819e+00
1.608065697171862540e+00
1.604282106027507870e+00
1.588543083914184084e+00
1.555568628084327720e+00
1.497549075433664667e+00
1.405680543860842180e+00
1.275394263222340285e+00
1.115196817378140581e+00
9.556935692965582430e-01
8.510433544905734449e-01
8.610941833743248619e-01
1.000000000000000000e+00
