1.000000000000000000e+00
8.541508146293934622e-01
8.451736696589101649e-01
9.549191713447852115e-01
1.118459896176476009e+00
1.279464756380016333e+00
1.407938528924309374e+00
1.497174558804475142e+00
1.553321438174674940e+00
1.585908500799341647e+00
1.602640868569869870e+00
1.608192044452017688e+00
1.605196000378610099e+00
1.595700293408493842e+00
1.582085058261219812e+00
1.567198579213940679e+00
1.553922939625109967e+00
1.544545137584803829e+00
1.540261002746078800e+00
1.540990236482149056e+00
1.545520728990629644e+00
1.551886076313454543e+00
1.557833540644849357e+00
1.561252554986963581e+00
1.560481325217401682e+00
1.554463788482260744e+00
1.542771909801780250e+00
1.525531426373738064e+00
1.503294383090097552e+00
1.476895412620000458e+00
1.447317374855246142e+00
1.415580519352194200e+00
1.382660283792131573e+00
1.349432887140309845e+00
1.316644670765427572e+00
1.284899935554946637e+00
1.254662057723643587e+00
1.226263341146751173e+00
1.199919977088309109e+00
1.175749398369714926e+00
1.153788119006257773e+00
1.134008801289891455e+00
1.116335790222555246e+00
1.100658719003108521e+00
1.086844043952829075e+00
1.074744537386919330e+00
1.064206873805244813e+00
1.055077505667550319e+00
1.047207053412261279e+00
1.040453440516128314e+00
1.034683995924257971e+00
1.029776728736250924e+00
1.025620957693168522e+00
1.022117453665139175e+00
1.019178228983145917e+00
1.016726084399508290e+00
1.014694003496284802e+00
1.013024465906161575e+00
1.011668734910824208e+00
1.010586161790639093e+00
1.009743538545020636e+00
1.009114522035482908e+00
1.008679145932459553e+00
1.008423431763846967e+00
1.008339106559922316e+00
1.008423431762831335e+00
1.008679145930378107e+00
1.009114522032233952e+00
1.009743538540436525e+00
1.010586161784496007e+00
1.011668734902815725e+00
1.013024465895893567e+00
1.014694003483253004e+00
1.016726084383080098e+00
1.019178228962521304e+00
1.022117453639324491e+00
1.025620957660930310e+00
1.029776728696049304e+00
1.034683995874184914e+00
1.040453440453812384e+00
1.047207053334764826e+00
1.055077505571223817e+00
1.064206873685560995e+00
1.074744537238251363e+00
1.086844043768179668e+00
1.100658718773767974e+00
1.116335789937669798e+00
1.134008800935913275e+00
1.153788118566251519e+00
1.175749397822465792e+00
1.199919976407191280e+00
1.226263340298288984e+00
1.254662056665655889e+00
1.284899934234188912e+00
1.316644669114564348e+00
1.349432885074085542e+00
1.382660281202489072e+00
1.415580516102161290e+00
1.447317370771283196e+00
1.476895407482619271e+00
1.503294376622520190e+00
1.525531418228478486e+00
1.542771899545279934e+00
1.554463775577917817e+00
1.560481309007827555e+00
1.561252534676786263e+00
1.557833515286018100e+00
1.551886044795737218e+00
1.545520690040701028e+00
1.540990188675566586e+00
1.540260944537344301e+00
1.544545067361812629e+00
1.553922855795137448e+00
1.567198480328656940e+00
1.582084943186791381e+00
1.595700161542569884e+00
1.605195851906891180e+00
1.608191880622082071e+00
1.602640691939110296e+00
1.585908315391464374e+00
1.553321249465137166e+00
1.497174373463370012e+00
1.407938354290722893e+00
1.279464599728045382e+00
1.118459763938229656e+00
9.549190685206250251e-01
8.451735995999214435e-01
8.541507792096590945e-01
1.000000000000000000e+00
