1.000000000000000000e+00
8.871265296194645877e-01
8.756678012163549019e-01
9.630519217620285843e-01
1.106578379394609790e+00
1.260949232526704655e+00
1.395001678233800835e+00
1.494686601710974561e+00
1.558907798229087982e+00
1.593471144266118911e+00
1.606288070680304880e+00
1.604804039065452104e+00
1.595179456830810416e+00
1.582298721549253440e+00
1.569911121827020084e+00
1.560636428166481293e+00
1.555879871971644013e+00
1.555806870361283956e+00
1.559482987242150731e+00
1.565185666529793851e+00
1.570814980018666152e+00
1.574301950642004400e+00
1.573930279988910552e+00
1.568528287845387892e+00
1.557529664871293962e+00
1.540930231119223448e+00
1.519179686496567649e+00
1.493045782219882600e+00
1.463479433164309951e+00
1.431498368356222795e+00
1.398097327365731557e+00
1.364185944241033788e+00
1.330551385522107166e+00
1.297840949451001258e+00
1.266559453247331435e+00
1.237076690189349071e+00
1.209641063842141984e+00
1.184396413972887530e+00
1.161399883005314937e+00
1.140639367875218690e+00
1.122049646288728386e+00
1.105526671169608122e+00
1.090939815326963824e+00
1.078142044604847971e+00
1.066978124197217825e+00
1.057291037891845420e+00
1.048926838366230907e+00
1.041738159526571783e+00
1.035586617710602120e+00
1.030344313631696984e+00
1.025894625798550619e+00
1.022132462078863213e+00
1.018964111374174530e+00
1.016306813569449075e+00
1.014088143981571211e+00
1.012245288997694947e+00
1.010724272702972160e+00
1.009479180065607773e+00
1.008471410548992253e+00
1.007668986638159403e+00
1.007045934434730006e+00
1.006581747903586788e+00
1.006260944259398826e+00
1.006072715086077540e+00
1.006010675832066381e+00
1.006072715081578028e+00
1.006260944250172207e+00
1.006581747889168099e+00
1.007045934414387833e+00
1.007668986610872564e+00
1.008471410513393174e+00
1.009479180019922095e+00
1.010724272644928146e+00
1.012245288924428444e+00
1.014088143889480653e+00
1.016306813454030067e+00
1.018964111229816671e+00
1.022132461898573652e+00
1.025894625573640084e+00
1.030344313351366559e+00
1.035586617361443196e+00
1.041738159091933014e+00
1.048926837825432834e+00
1.057291037219201035e+00
1.066978123360805553e+00
1.078142043564970898e+00
1.090939814034214805e+00
1.105526669562428177e+00
1.122049644290325832e+00
1.140639365389653381e+00
1.161399879912533128e+00
1.184396410122396492e+00
1.209641059044939349e+00
1.237076684207612853e+00
1.266559445781251680e+00
1.297840940121984810e+00
1.330551373851361241e+00
1.364185929622454996e+00
1.398097309031701707e+00
1.431498345334972111e+00
1.463479404227385983e+00
1.493045745818614156e+00
1.519179640687115640e+00
1.540930173477104814e+00
1.557529592398557261e+00
1.568528196876922909e+00
1.573930166108949091e+00
1.574301808627463384e+00
1.570814803831937612e+00
1.565185449389012939e+00
1.559482721800069305e+00
1.555806549023579954e+00
1.555879487380348758e+00
1.560635973863857773e+00
1.569910593098869267e+00
1.582298116422261369e+00
1.595178777162156614e+00
1.604803291610424898e+00
1.606287267956564513e+00
1.593470304967635087e+00
1.558906946915857406e+00
1.494685767565629542e+00
1.395000892876822718e+00
1.260948527199340141e+00
1.106577782127630583e+00
9.630514552437096087e-01
8.756674818189017495e-01
8.871263675379962299e-01
1.000000000000000000e+00
