1.000000000000000000e+00
1.062750217408199527e+00
1.124853786440995762e+00
1.185120578249952095e+00
1.241876436406317064e+00
1.293166670417281061e+00
1.337045894591207595e+00
1.371880281002525015e+00
1.396590617672634593e+00
1.410786806036770535e+00
1.414778328243750494e+00
1.409477895469737341e+00
1.396236477287918110e+00
1.376653458962003640e+00
1.352398621865615214e+00
1.325069194952524843e+00
1.296091351191936303e+00
1.266664906324030726e+00
1.237743778435747455e+00
1.210042435836172103e+00
1.184058840390173950e+00
1.160106029336985145e+00
1.138346544607356403e+00
1.118825868399832224e+00
1.101502610761631029e+00
1.086274362299930241e+00
1.072998913832531986e+00
1.061511032677543875e+00
1.051635253782683854e+00
1.043195262938377610e+00
1.036020473013805843e+00
1.029950361573625184e+00
1.024837076121980717e+00
1.020546739020859572e+00
1.016959808620925276e+00
1.013970782522512604e+00
1.011487466306257410e+00
1.009429977741364892e+00
1.007729612408698738e+00
1.006327661200480339e+00
1.005174242274340157e+00
1.004227188619178701e+00
1.003451016316386335e+00
1.002815986820139837e+00
1.002297268225669891e+00
1.001874194770574933e+00
1.001529620082137528e+00
1.001249357425793463e+00
1.001021699017848654e+00
1.000837006022116782e+00
1.000687360914086499e+00
1.000566274287563395e+00
1.000468438766234369e+00
1.000389523372267497e+00
1.000326002431297878e+00
1.000275013814411640e+00
1.000234242005994645e+00
1.000201822125531770e+00
1.000176261614275752e+00
1.000156376822028959e+00
1.000141242197132296e+00
1.000130150198230483e+00
1.000122580415615969e+00
1.000118176719223095e+00
1.000116731547066706e+00
1.000118176719223095e+00
1.000122580415615969e+00
1.000130150198230483e+00
1.000141242197132296e+00
1.000156376822028959e+00
1.000176261614275752e+00
1.000201822125531770e+00
1.000234242005994645e+00
1.000275013814411640e+00
1.000326002431297878e+00
1.000389523372267497e+00
1.000468438766234369e+00
1.000566274287563395e+00
1.000687360914086499e+00
1.000837006022116782e+00
1.001021699017848654e+00
1.001249357425793463e+00
1.001529620082137528e+00
1.001874194770574933e+00
1.002297268225669891e+00
1.002815986820139837e+00
1.003451016316386335e+00
1.004227188619178701e+00
1.005174242274340157e+00
1.006327661200480339e+00
1.007729612408698738e+00
1.009429977741364892e+00
1.011487466306257410e+00
1.013970782522512604e+00
1.016959808620925054e+00
1.020546739020859572e+00
1.024837076121980717e+00
1.029950361573625184e+00
1.036020473013805843e+00
1.043195262938377610e+00
1.051635253782684076e+00
1.061511032677543653e+00
1.072998913832532430e+00
1.086274362299930019e+00
1.101502610761631029e+00
1.118825868399832002e+00
1.138346544607356403e+00
1.160106029336985811e+00
1.184058840390173506e+00
1.210042435836171659e+00
1.237743778435747455e+00
1.266664906324030948e+00
1.296091351191935859e+00
1.325069194952523954e+00
1.352398621865614325e+00
1.376653458962003862e+00
1.396236477287917888e+00
1.409477895469736231e+00
1.414778328243750272e+00
1.410786806036770757e+00
1.396590617672633705e+00
1.371880281002524127e+00
1.337045894591207151e+00
1.293166670417281727e+00
1.241876436406316841e+00
1.185120578249951651e+00
1.124853786440996206e+00
1.062750217408199305e+00
1.000000000000000000e+00
