1.000000000000000000e+00
1.061745654828935237e+00
1.122842649617010746e+00
1.182115139616803035e+00
1.237917259270846060e+00
1.288331499990089446e+00
1.331451610784884831e+00
1.365677668445241411e+00
1.389953401150665346e+00
1.403897602496558816e+00
1.407814493759219188e+00
1.402599715134394520e+00
1.389579106446615420e+00
1.370322923984267138e+00
1.346471360148978613e+00
1.319594183421185285e+00
1.291093794772349757e+00
1.262150604935440290e+00
1.233703532137402803e+00
1.206456090316683216e+00
1.180898771541074366e+00
1.157340002977985005e+00
1.135939971443385987e+00
1.116743518207720998e+00
1.099709867173491062e+00
1.084738101233452712e+00
1.071688082165933364e+00
1.060396993888391259e+00
1.050691956622193501e+00
1.042399279131254408e+00
1.035350941020155346e+00
1.029388865774188533e+00
1.024367484345768187e+00
1.020155016002318504e+00
1.016633818609424589e+00
1.013700090732387649e+00
1.011263146066573970e+00
1.009244427970955149e+00
1.007576388307348525e+00
1.006201319726442112e+00
1.005070202997232043e+00
1.004141609830825566e+00
1.003380685794253990e+00
1.002758226320884294e+00
1.002249850599883363e+00
1.001835272500893215e+00
1.001497664028634826e+00
1.001223104593626401e+00
1.001000108225728935e+00
1.000819220433647683e+00
1.000672676487808221e+00
1.000554113298808057e+00
1.000458327649804247e+00
1.000381074226286859e+00
1.000318897607346047e+00
1.000268993096117276e+00
1.000229091947171911e+00
1.000197367179641361e+00
1.000172356739763568e+00
1.000152901293347218e+00
1.000138094389523058e+00
1.000127243146180511e+00
1.000119837970819825e+00
1.000115530154394250e+00
1.000114116467437197e+00
1.000115530154394250e+00
1.000119837970819825e+00
1.000127243146180511e+00
1.000138094389523058e+00
1.000152901293347218e+00
1.000172356739763568e+00
1.000197367179641361e+00
1.000229091947171911e+00
1.000268993096117276e+00
1.000318897607346047e+00
1.000381074226286859e+00
1.000458327649804247e+00
1.000554113298808057e+00
1.000672676487808221e+00
1.000819220433647683e+00
1.001000108225728935e+00
1.001223104593626401e+00
1.001497664028634826e+00
1.001835272500893215e+00
1.002249850599883363e+00
1.002758226320884294e+00
1.003380685794253990e+00
1.004141609830825566e+00
1.005070202997232043e+00
1.006201319726442112e+00
1.007576388307348525e+00
1.009244427970955149e+00
1.011263146066573970e+00
1.013700090732387649e+00
1.016633818609424367e+00
1.020155016002318504e+00
1.024367484345768187e+00
1.029388865774188533e+00
1.035350941020155346e+00
1.042399279131254408e+00
1.050691956622193723e+00
1.060396993888391037e+00
1.071688082165933809e+00
1.084738101233452490e+00
1.099709867173491062e+00
1.116743518207720776e+00
1.135939971443385987e+00
1.157340002977985671e+00
1.180898771541073922e+00
1.206456090316682772e+00
1.233703532137402803e+00
1.262150604935440512e+00
1.291093794772349090e+00
1.319594183421184175e+00
1.346471360148977725e+00
1.370322923984267360e+00
1.389579106446614976e+00
1.402599715134393410e+00
1.407814493759218966e+00
1.403897602496559038e+00
1.389953401150664236e+00
1.365677668445240300e+00
1.331451610784884387e+00
1.288331499990090112e+00
1.237917259270845838e+00
1.182115139616802590e+00
1.122842649617011190e+00
1.061745654828935015e+00
1.000000000000000000e+00
