1.000000000000000000e+00
1.044213490393553156e+00
1.095383283955143838e+00
1.156067050855470013e+00
1.225535086837452159e+00
1.300755882360483007e+00
1.377337279375424828e+00
1.450431486044927443e+00
1.515532070963292233e+00
1.569067860773543988e+00
1.608733713400052778e+00
1.633559736220269842e+00
1.643774021922792317e+00
1.640540241834183899e+00
1.625649733820117016e+00
1.601228353212202027e+00
1.569493508568264195e+00
1.532575016802809831e+00
1.492398365337622268e+00
1.450620774214504083e+00
1.408607489336229035e+00
1.367436028732244235e+00
1.327918003641964662e+00
1.290630541892372252e+00
1.255951634654492777e+00
1.224095636151496302e+00
1.195146603263967489e+00
1.169088206715478195e+00
1.145829655973212402e+00
1.125227539295414081e+00
1.107103760635568035e+00
1.091259912755695671e+00
1.077488502198455045e+00
1.065581465673632877e+00
1.055336408656409874e+00
1.046560968783668999e+00
1.039075667741497844e+00
1.032715571564361445e+00
1.027331034438813351e+00
1.022787757710391432e+00
1.018966355399496315e+00
1.015761581056187524e+00
1.013081338671932619e+00
1.010845572727423036e+00
1.008985109160339899e+00
1.007440499794239663e+00
1.006160907191012921e+00
1.005103054533472928e+00
1.004230255558045570e+00
1.003511532298753117e+00
1.002920823061717481e+00
1.002436279255037199e+00
1.002039647129520539e+00
1.001715728865992361e+00
1.001451916545963883e+00
1.001237792177052999e+00
1.001064786963577813e+00
1.000925893298934444e+00
1.000815423420500450e+00
1.000728809242775075e+00
1.000662438521993547e+00
1.000613523171752117e+00
1.000579996222305201e+00
1.000560434582380420e+00
1.000554005415649206e+00
1.000560434582380420e+00
1.000579996222305201e+00
1.000613523171752117e+00
1.000662438521993547e+00
1.000728809242775075e+00
1.000815423420500450e+00
1.000925893298934444e+00
1.001064786963577813e+00
1.001237792177052999e+00
1.001451916545963883e+00
1.001715728865992361e+00
1.002039647129520539e+00
1.002436279255037199e+00
1.002920823061717481e+00
1.003511532298753117e+00
1.004230255558045570e+00
1.005103054533472928e+00
1.006160907191012921e+00
1.007440499794239663e+00
1.008985109160339899e+00
1.010845572727423036e+00
1.013081338671932619e+00
1.015761581056187302e+00
1.018966355399496315e+00
1.022787757710391654e+00
1.027331034438813351e+00
1.032715571564361445e+00
1.039075667741497622e+00
1.046560968783668777e+00
1.055336408656409652e+00
1.065581465673632877e+00
1.077488502198454379e+00
1.091259912755695671e+00
1.107103760635567591e+00
1.125227539295414081e+00
1.145829655973213068e+00
1.169088206715477529e+00
1.195146603263967933e+00
1.224095636151496524e+00
1.255951634654493443e+00
1.290630541892372030e+00
1.327918003641964662e+00
1.367436028732244901e+00
1.408607489336229479e+00
1.450620774214503417e+00
1.492398365337622712e+00
1.532575016802809609e+00
1.569493508568264417e+00
1.601228353212201583e+00
1.625649733820115905e+00
1.640540241834185231e+00
1.643774021922794093e+00
1.633559736220268288e+00
1.608733713400051668e+00
1.569067860773543543e+00
1.515532070963292455e+00
1.450431486044926110e+00
1.377337279375424162e+00
1.300755882360483895e+00
1.225535086837453491e+00
1.156067050855469125e+00
1.095383283955142728e+00
1.044213490393552046e+00
1.000000000000000000e+00
