1.000000000000000000e+00
1.071688506239471428e+00
1.145691492977820802e+00
1.222153456682167683e+00
1.299457508880355050e+00
1.374740734610495396e+00
1.444504398593948746e+00
1.505256270783515538e+00
1.554082242667075509e+00
1.589048064411214156e+00
1.609376878375427866e+00
1.615409219202144531e+00
1.608401391935374125e+00
1.590239929783589412e+00
1.563144546499078080e+00
1.529410348700639855e+00
1.491214543662583880e+00
1.450492005111473137e+00
1.408871089791571052e+00
1.367655454822059191e+00
1.327837056065907406e+00
1.290127645104801823e+00
1.254999171094960841e+00
1.222726506318943862e+00
1.193428391403519750e+00
1.167104328590915063e+00
1.143666403154767419e+00
1.122965809374714130e+00
1.104814326390465062e+00
1.089001237203818695e+00
1.075306290572048518e+00
1.063509325921192072e+00
1.053397152445672669e+00
1.044768218738489018e+00
1.037435543173140129e+00
1.031228306600398881e+00
1.025992442821893169e+00
1.021590501550570629e+00
1.017901004525765041e+00
1.014817468585017757e+00
1.012247229722082142e+00
1.010110169060831842e+00
1.008337414637429763e+00
1.006870071202521144e+00
1.005658013198727829e+00
1.004658762919867110e+00
1.003836465949401902e+00
1.003160968701712230e+00
1.002606997720894677e+00
1.002153436872764258e+00
1.001782696314670984e+00
1.001480165830585412e+00
1.001233744522314950e+00
1.001033438750462023e+00
1.000871020465099015e+00
1.000739738536696288e+00
1.000634076304402154e+00
1.000549549236401825e+00
1.000482537301023322e+00
1.000430147346744292e+00
1.000390101465337134e+00
1.000360647954416260e+00
1.000340492099590195e+00
1.000328744561956862e+00
1.000324885688076870e+00
1.000328744561956862e+00
1.000340492099590195e+00
1.000360647954416260e+00
1.000390101465337134e+00
1.000430147346744292e+00
1.000482537301023322e+00
1.000549549236401825e+00
1.000634076304402154e+00
1.000739738536696288e+00
1.000871020465099015e+00
1.001033438750462023e+00
1.001233744522314950e+00
1.001480165830585412e+00
1.001782696314670984e+00
1.002153436872764258e+00
1.002606997720894677e+00
1.003160968701712230e+00
1.003836465949401902e+00
1.004658762919867110e+00
1.005658013198727829e+00
1.006870071202521144e+00
1.008337414637429763e+00
1.010110169060831620e+00
1.012247229722082142e+00
1.014817468585017979e+00
1.017901004525765041e+00
1.021590501550570629e+00
1.025992442821892947e+00
1.031228306600398659e+00
1.037435543173139907e+00
1.044768218738488796e+00
1.053397152445672003e+00
1.063509325921192072e+00
1.075306290572048296e+00
1.089001237203818473e+00
1.104814326390465284e+00
1.122965809374713686e+00
1.143666403154767863e+00
1.167104328590915063e+00
1.193428391403519750e+00
1.222726506318943640e+00
1.254999171094960619e+00
1.290127645104802490e+00
1.327837056065907406e+00
1.367655454822058969e+00
1.408871089791571274e+00
1.450492005111472693e+00
1.491214543662584102e+00
1.529410348700639410e+00
1.563144546499076304e+00
1.590239929783590300e+00
1.608401391935374347e+00
1.615409219202142976e+00
1.609376878375426756e+00
1.589048064411213268e+00
1.554082242667075064e+00
1.505256270783513983e+00
1.444504398593947858e+00
1.374740734610495840e+00
1.299457508880355050e+00
1.222153456682167016e+00
1.145691492977820358e+00
1.071688506239470762e+00
1.000000000000000000e+00
