1.000000000000000000e+00
8.274648464489890998e-01
8.251851182599584389e-01
9.559533561851121242e-01
1.134100172455340561e+00
1.296457833682726379e+00
1.417109478189357397e+00
1.496618392885529003e+00
1.546349735389563662e+00
1.577632700834753710e+00
1.597481786367840773e+00
1.608737196995960073e+00
1.611954439215481427e+00
1.607310780010379414e+00
1.595801226069099021e+00
1.579601618991539835e+00
1.561761028484857539e+00
1.545509451304796888e+00
1.533496569537121212e+00
1.527224055649035295e+00
1.526817700563662283e+00
1.531150535935105417e+00
1.538221664580832204e+00
1.545645847666970552e+00
1.551116621951443397e+00
1.552750850627432122e+00
1.549278654807272337e+00
1.540088887098059134e+00
1.525167140655729670e+00
1.504971177479459188e+00
1.480283523187311268e+00
1.452069750075659638e+00
1.421358975872738517e+00
1.389153289119443802e+00
1.356366144847092059e+00
1.323786030732286623e+00
1.292060153777183196e+00
1.261692747278170046e+00
1.233053199676409806e+00
1.206390114126245194e+00
1.181848352610037844e+00
1.159486964529866215e+00
1.139296593938930791e+00
1.121215496054951632e+00
1.105143689209497015e+00
1.090955047850095783e+00
1.078507331009533443e+00
1.067650261202467199e+00
1.058231839376172712e+00
1.050103116740490838e+00
1.043121655028363293e+00
1.037153901227068076e+00
1.032076687148330674e+00
1.027778042787741430e+00
1.024157488409375594e+00
1.021125945862787709e+00
1.018605386248302436e+00
1.016528309592784396e+00
1.014837133173043471e+00
1.013483548719838145e+00
1.012427894934864181e+00
1.011638580394516040e+00
1.011091582745644368e+00
1.010770042812405123e+00
1.010663966496177402e+00
1.010770042815187342e+00
1.011091582751352247e+00
1.011638580403448451e+00
1.012427894947472540e+00
1.013483548736773709e+00
1.014837133195170882e+00
1.016528309621230752e+00
1.018605386284509251e+00
1.021125945908590849e+00
1.024157488467075439e+00
1.027778042860236551e+00
1.032076687239257051e+00
1.037153901340963191e+00
1.043121655170905937e+00
1.050103116918776225e+00
1.058231839599073076e+00
1.067650261481074780e+00
1.078507331357735355e+00
1.090955048285286111e+00
1.105143689753490532e+00
1.121215496735151529e+00
1.139296594789816375e+00
1.159486965594900942e+00
1.181848353944130015e+00
1.206390115798910756e+00
1.233053201775861973e+00
1.261692749916628387e+00
1.292060157097732809e+00
1.323786034917763921e+00
1.356366150131576909e+00
1.389153295803072563e+00
1.421358984340677756e+00
1.452069760822261912e+00
1.480283536846496384e+00
1.504971194862429584e+00
1.525167162796891684e+00
1.540088915309529627e+00
1.549278690741521247e+00
1.552750896346131171e+00
1.551116679996601855e+00
1.545645921127896338e+00
1.538221757147549829e+00
1.531150651926069362e+00
1.526817844913102906e+00
1.527224233837320089e+00
1.533496787445540521e+00
1.545509714973777315e+00
1.561761343751613795e+00
1.579601990982273163e+00
1.595801658527986833e+00
1.607311274471869389e+00
1.611954994074448422e+00
1.608737806599084053e+00
1.597482440318871655e+00
1.577633383741852580e+00
1.546350427251430348e+00
1.496619070201880231e+00
1.417110115709600660e+00
1.296458406517469797e+00
1.134100658132008110e+00
9.559537362110718250e-01
8.251853789258383198e-01
8.274649789171212300e-01
1.000000000000000000e+00
