1.000000000000000000e+00
9.706546827862229110e-01
9.814802596119760469e-01
1.039078473021519011e+00
1.131685219840039558e+00
1.240442566208311614e+00
1.347129038897236786e+00
1.438656787152018612e+00
1.508659584952353416e+00
1.556800574793985259e+00
1.586751304237547844e+00
1.603849352118231320e+00
1.613187416344452396e+00
1.618484787645634970e+00
1.621735580169467950e+00
1.623419092380637530e+00
1.622998382847906873e+00
1.619473688522657495e+00
1.611840847315549885e+00
1.599389575166359156e+00
1.581839948851891942e+00
1.559351420316719583e+00
1.532450885691303055e+00
1.501922847238219560e+00
1.468693736193597887e+00
1.433730058184827350e+00
1.397959557819345555e+00
1.362217284119364491e+00
1.327214155195527212e+00
1.293523664707470600e+00
1.261581936408098015e+00
1.231696740686258229e+00
1.204061864403477067e+00
1.178774083354770852e+00
1.155850773800429998e+00
1.135246853009914458e+00
1.116870246598620220e+00
1.100595455524570276e+00
1.086275060357795752e+00
1.073749178550876815e+00
1.062853003190137313e+00
1.053422616659708932e+00
1.045299303645937483e+00
1.038332595540162995e+00
1.032382270512355316e+00
1.027319516197534810e+00
1.023027439329179833e+00
1.019401081804978570e+00
1.016347077678213529e+00
1.013783061816175612e+00
1.011636919301909021e+00
1.009845945526855582e+00
1.008355970493890030e+00
1.007120487087985072e+00
1.006099811812832812e+00
1.005260297495792710e+00
1.004573610453931565e+00
1.004016079303984732e+00
1.003568118712211854e+00
1.003213728661043191e+00
1.002940068030899301e+00
1.002737100260868042e+00
1.002597308394596043e+00
1.002515476798693905e+00
1.002488537146774883e+00
1.002515476798693905e+00
1.002597308394596043e+00
1.002737100260868042e+00
1.002940068030899301e+00
1.003213728661043191e+00
1.003568118712211854e+00
1.004016079303984732e+00
1.004573610453931565e+00
1.005260297495792710e+00
1.006099811812832812e+00
1.007120487087985072e+00
1.008355970493890030e+00
1.009845945526855582e+00
1.011636919301909021e+00
1.013783061816175612e+00
1.016347077678213529e+00
1.019401081804978793e+00
1.023027439329180055e+00
1.027319516197534144e+00
1.032382270512355316e+00
1.038332595540163217e+00
1.045299303645937927e+00
1.053422616659708932e+00
1.062853003190137757e+00
1.073749178550876371e+00
1.086275060357795530e+00
1.100595455524569832e+00
1.116870246598621108e+00
1.135246853009913348e+00
1.155850773800429110e+00
1.178774083354770408e+00
1.204061864403475512e+00
1.231696740686258673e+00
1.261581936408098237e+00
1.293523664707470155e+00
1.327214155195528322e+00
1.362217284119364047e+00
1.397959557819346887e+00
1.433730058184826683e+00
1.468693736193598109e+00
1.501922847238220005e+00
1.532450885691303055e+00
1.559351420316720915e+00
1.581839948851893718e+00
1.599389575166359601e+00
1.611840847315551439e+00
1.619473688522657939e+00
1.622998382847907539e+00
1.623419092380637530e+00
1.621735580169467728e+00
1.618484787645638079e+00
1.613187416344454617e+00
1.603849352118232874e+00
1.586751304237550286e+00
1.556800574793985703e+00
1.508659584952356969e+00
1.438656787152021499e+00
1.347129038897240116e+00
1.240442566208315389e+00
1.131685219840043555e+00
1.039078473021520566e+00
9.814802596119770461e-01
9.706546827862225779e-01
1.000000000000000000e+00
