1.000000000000000000e+00
7.525433623200187272e-01
7.871767415062812523e-01
9.735596997414623921e-01
1.168987710363375898e+00
1.316276575330164178e+00
1.416434077854673346e+00
1.486057004873765131e+00
1.536487489816783292e+00
1.571930109213265148e+00
1.594023923922677222e+00
1.605047607922566177e+00
1.608200421592207219e+00
1.606406431049307582e+00
1.601291676867201641e+00
1.593096957652804679e+00
1.581415084814358440e+00
1.566185077424611327e+00
1.548366444704340372e+00
1.529999409817923040e+00
1.513706604571370073e+00
1.501926076245971853e+00
1.496214444504407215e+00
1.496858468954748167e+00
1.502869845877246258e+00
1.512293825883330500e+00
1.522683622893477029e+00
1.531585479674687056e+00
1.536921630079004508e+00
1.537218894268840508e+00
1.531683781365654307e+00
1.520158019874133348e+00
1.503000436514883242e+00
1.480937898641629502e+00
1.454917146456892407e+00
1.425976806865369984e+00
1.395148218114017347e+00
1.363386218071320544e+00
1.331526683853592852e+00
1.300265652750140610e+00
1.270154476722714199e+00
1.241605965207626339e+00
1.214907358161449791e+00
1.190236938695754532e+00
1.167681981188065876e+00
1.147256469133050905e+00
1.128917594024839266e+00
1.112580476075925695e+00
1.098130853973395382e+00
1.085435700170025664e+00
1.074351853891641451e+00
1.064732845604537070e+00
1.056434129534863819e+00
1.049316956777433862e+00
1.043251119447902164e+00
1.038116782780043934e+00
1.033805601824512088e+00
1.030221295877152832e+00
1.027279829321493310e+00
1.024909323785769155e+00
1.023049804362996973e+00
1.021652862643386062e+00
1.020681301646794825e+00
1.020108812358478501e+00
1.019919718230553052e+00
1.020108812358968775e+00
1.020681301647801131e+00
1.021652862644968573e+00
1.023049804365250059e+00
1.024909323788822935e+00
1.027279829325524307e+00
1.030221295882399524e+00
1.033805601831276677e+00
1.038116782788727877e+00
1.043251119459006615e+00
1.049316956791610966e+00
1.056434129552947354e+00
1.064732845627577973e+00
1.074351853920983313e+00
1.085435700207366683e+00
1.098130854020898939e+00
1.112580476136326713e+00
1.128917594101610744e+00
1.147256469230576004e+00
1.167681981311907480e+00
1.190236938852939685e+00
1.214907358360877376e+00
1.241605965460568228e+00
1.270154477043449637e+00
1.300265653156775780e+00
1.331526684369093827e+00
1.363386218724888632e+00
1.395148218942810825e+00
1.425976807916750966e+00
1.454917147791323417e+00
1.480937900336427804e+00
1.503000438669039207e+00
1.520158022614499282e+00
1.531683784854796837e+00
1.537218898714869164e+00
1.536921635747679815e+00
1.531585486903811022e+00
1.522683632109431473e+00
1.512293837618988723e+00
1.502869860789940892e+00
1.496858487842187557e+00
1.496214468315904655e+00
1.501926106086072465e+00
1.513706641693131738e+00
1.529999455603477720e+00
1.548366500630173670e+00
1.566185145007430446e+00
1.581415165530039690e+00
1.593097052817259440e+00
1.601291787467777450e+00
1.606406557523725631e+00
1.608200563571231312e+00
1.605047763978070030e+00
1.594024091382328923e+00
1.571930284104284592e+00
1.536487666981672051e+00
1.486057178268952894e+00
1.416434241007143990e+00
1.316276721884342749e+00
1.168987834605169418e+00
9.735597969760211301e-01
7.871768082322238014e-01
7.525433962464034288e-01
1.000000000000000000e+00
