1.000000000000000000e+00
1.032213182047174715e+00
1.063989616748240108e+00
1.094689639189507790e+00
1.123488804744944725e+00
1.149460706639395813e+00
1.171697565746134817e+00
1.189437101564722932e+00
1.202166539609093698e+00
1.209683591167890926e+00
1.212106957148108677e+00
1.209841262152103303e+00
1.203509928389397965e+00
1.193872873285111158e+00
1.181744583620562006e+00
1.167923847546612048e+00
1.153141219968584652e+00
1.138025680054491895e+00
1.123088688067587437e+00
1.108722088221587132e+00
1.095205766649553603e+00
1.082721246931027448e+00
1.071368100785161648e+00
1.061180878233458857e+00
1.052145040716366831e+00
1.044211024577327951e+00
1.037306045283787670e+00
1.031343584568589655e+00
1.026230709462132351e+00
1.021873484310021674e+00
1.018180782497551506e+00
1.015066806944302513e+00
1.012452605146290319e+00
1.010266828211307200e+00
1.008445942375916671e+00
1.006934061156247173e+00
1.005682529529560831e+00
1.004649359769431483e+00
1.003798592158421377e+00
1.003099632569868449e+00
1.002526602313226878e+00
1.002057723004980083e+00
1.001674749865683500e+00
1.001362460102045437e+00
1.001108198336190469e+00
1.000901477905797865e+00
1.000733634880613732e+00
1.000597530505327404e+00
1.000487297239135653e+00
1.000398123430187525e+00
1.000326071798281591e+00
1.000267927198934537e+00
1.000221069533576701e+00
1.000183368102999459e+00
1.000153094140667775e+00
1.000128848687103389e+00
1.000109503363565189e+00
1.000094151965759348e+00
1.000082071124104077e+00
1.000072688566284729e+00
1.000065557772890301e+00
1.000060338040947183e+00
1.000056779167172172e+00
1.000054710136886404e+00
1.000054031360027240e+00
1.000054710136886404e+00
1.000056779167172172e+00
1.000060338040947183e+00
1.000065557772890301e+00
1.000072688566284729e+00
1.000082071124104077e+00
1.000094151965759348e+00
1.000109503363565189e+00
1.000128848687103389e+00
1.000153094140667775e+00
1.000183368102999459e+00
1.000221069533576701e+00
1.000267927198934537e+00
1.000326071798281591e+00
1.000398123430187525e+00
1.000487297239135653e+00
1.000597530505327404e+00
1.000733634880613732e+00
1.000901477905797865e+00
1.001108198336190469e+00
1.001362460102045437e+00
1.001674749865683500e+00
1.002057723004980083e+00
1.002526602313226878e+00
1.003099632569868449e+00
1.003798592158421377e+00
1.004649359769431483e+00
1.005682529529560831e+00
1.006934061156247173e+00
1.008445942375916449e+00
1.010266828211307200e+00
1.012452605146290319e+00
1.015066806944302513e+00
1.018180782497551506e+00
1.021873484310021452e+00
1.026230709462132351e+00
1.031343584568589433e+00
1.037306045283787892e+00
1.044211024577327729e+00
1.052145040716366831e+00
1.061180878233458413e+00
1.071368100785161204e+00
1.082721246931027892e+00
1.095205766649553158e+00
1.108722088221586688e+00
1.123088688067587215e+00
1.138025680054491895e+00
1.153141219968584208e+00
1.167923847546611382e+00
1.181744583620561118e+00
1.193872873285111158e+00
1.203509928389396855e+00
1.209841262152102193e+00
1.212106957148108455e+00
1.209683591167889816e+00
1.202166539609092588e+00
1.189437101564721821e+00
1.171697565746134373e+00
1.149460706639395813e+00
1.123488804744943614e+00
1.094689639189507124e+00
1.063989616748240330e+00
1.032213182047174493e+00
1.000000000000000000e+00
