1.000000000000000000e+00
9.949289036577254608e-01
1.013855124612683900e+00
1.062752337591835294e+00
1.136743348959694755e+00
1.225711773372508473e+00
1.318518242333555079e+00
1.405835283809216518e+00
1.481562480948151572e+00
1.542959557550258820e+00
1.589890833402911596e+00
1.623709951567852583e+00
1.646246974015342257e+00
1.659154481218973354e+00
1.663649635965418261e+00
1.660546261658887524e+00
1.650426669777649291e+00
1.633828969249935259e+00
1.611379463518779920e+00
1.583849611370702570e+00
1.552148712199174385e+00
1.517276400698360117e+00
1.480259035427476499e+00
1.442087839868571031e+00
1.403669095032921810e+00
1.365790377166946401e+00
1.329102618523633650e+00
1.294115499410664283e+00
1.261202834358878588e+00
1.230614643658279883e+00
1.202493071019870907e+00
1.176889932997361665e+00
1.153784303530243305e+00
1.133099070652793250e+00
1.114715827031745432e+00
1.098487774009706541e+00
1.084250544800821947e+00
1.071831004443912994e+00
1.061054179335941816e+00
1.051748522450412837e+00
1.043749743650152162e+00
1.036903437151861729e+00
1.031066727281343187e+00
1.026109134464948891e+00
1.021912839805475537e+00
1.018372501350905290e+00
1.015394750185894868e+00
1.012897471001457328e+00
1.010808950572777531e+00
1.009066958973296346e+00
1.007617812483751374e+00
1.006415453944803140e+00
1.005420575560936669e+00
1.004599800633722895e+00
1.003924934097321975e+00
1.003372286756569087e+00
1.002922074511078510e+00
1.002557891334164841e+00
1.002266253140525309e+00
1.002036208730553213e+00
1.001859013582707902e+00
1.001727862248386725e+00
1.001637675382452519e+00
1.001584937934666630e+00
1.001567585670460447e+00
1.001584937934666630e+00
1.001637675382452519e+00
1.001727862248386725e+00
1.001859013582707902e+00
1.002036208730553213e+00
1.002266253140525309e+00
1.002557891334164841e+00
1.002922074511078510e+00
1.003372286756569087e+00
1.003924934097321975e+00
1.004599800633722895e+00
1.005420575560936669e+00
1.006415453944803140e+00
1.007617812483751374e+00
1.009066958973296346e+00
1.010808950572777531e+00
1.012897471001457328e+00
1.015394750185895090e+00
1.018372501350904846e+00
1.021912839805475537e+00
1.026109134464948891e+00
1.031066727281343187e+00
1.036903437151861729e+00
1.043749743650152606e+00
1.051748522450413059e+00
1.061054179335941816e+00
1.071831004443912772e+00
1.084250544800822391e+00
1.098487774009706097e+00
1.114715827031745210e+00
1.133099070652793250e+00
1.153784303530241528e+00
1.176889932997361887e+00
1.202493071019871129e+00
1.230614643658279883e+00
1.261202834358879921e+00
1.294115499410663173e+00
1.329102618523634760e+00
1.365790377166945957e+00
1.403669095032922920e+00
1.442087839868570809e+00
1.480259035427476499e+00
1.517276400698361671e+00
1.552148712199176384e+00
1.583849611370702792e+00
1.611379463518781918e+00
1.633828969249935925e+00
1.650426669777649957e+00
1.660546261658888190e+00
1.663649635965418705e+00
1.659154481218976906e+00
1.646246974015345810e+00
1.623709951567854803e+00
1.589890833402914261e+00
1.542959557550261041e+00
1.481562480948155347e+00
1.405835283809218517e+00
1.318518242333557744e+00
1.225711773372511804e+00
1.136743348959697197e+00
1.062752337591836183e+00
1.013855124612684344e+00
9.949289036577242396e-01
1.000000000000000000e+00
