1.000000000000000000e+00
1.013896869912849663e+00
1.027595464232228029e+00
1.040821281011115707e+00
1.053229884446861053e+00
1.064438632005892282e+00
1.074073116007415063e+00
1.081816314234486986e+00
1.087449553892794629e+00
1.090877681671777566e+00
1.092135328342479061e+00
1.091375554081406074e+00
1.088845374084608464e+00
1.084854168808314867e+00
1.079740859589889856e+00
1.073844471393553102e+00
1.067480939490297764e+00
1.060927285780024265e+00
1.054412929744418026e+00
1.048117034654265423e+00
1.042170392568602333e+00
1.036660310589507361e+00
1.031637143004828783e+00
1.027121402610367440e+00
1.023110694871818716e+00
1.019585999134973164e+00
1.016517047343855840e+00
1.013866716823008218e+00
1.011594464656008441e+00
1.009658897139434908e+00
1.008019600047333819e+00
1.006638364445968215e+00
1.005479937129599710e+00
1.004512410890652019e+00
1.003707352353433446e+00
1.003039746969373258e+00
1.002487823770255027e+00
1.002032807525611746e+00
1.001658633401177667e+00
1.001351649063056293e+00
1.001100321213947097e+00
1.000894957486784254e+00
1.000727450133903407e+00
1.000591044725614109e+00
1.000480134833122037e+00
1.000390082180971918e+00
1.000317060820324899e+00
1.000257923342252608e+00
1.000210086900687800e+00
1.000171436757013588e+00
1.000140245125393568e+00
1.000115103241083547e+00
1.000094864758755531e+00
1.000078598790356432e+00
1.000065551096743555e+00
1.000055112144044411e+00
1.000046790918902140e+00
1.000040193563277224e+00
1.000035006038536789e+00
1.000030980160421468e+00
1.000027922462286112e+00
1.000025685445384394e+00
1.000024160863809630e+00
1.000023274769941350e+00
1.000022984115948033e+00
1.000023274769941350e+00
1.000024160863809630e+00
1.000025685445384394e+00
1.000027922462286112e+00
1.000030980160421468e+00
1.000035006038536789e+00
1.000040193563277224e+00
1.000046790918902140e+00
1.000055112144044411e+00
1.000065551096743555e+00
1.000078598790356432e+00
1.000094864758755531e+00
1.000115103241083547e+00
1.000140245125393568e+00
1.000171436757013588e+00
1.000210086900687800e+00
1.000257923342252608e+00
1.000317060820324899e+00
1.000390082180971918e+00
1.000480134833122037e+00
1.000591044725614109e+00
1.000727450133903407e+00
1.000894957486784254e+00
1.001100321213947097e+00
1.001351649063056293e+00
1.001658633401177667e+00
1.002032807525611746e+00
1.002487823770255027e+00
1.003039746969373258e+00
1.003707352353433224e+00
1.004512410890652019e+00
1.005479937129599710e+00
1.006638364445968215e+00
1.008019600047333819e+00
1.009658897139434686e+00
1.011594464656008441e+00
1.013866716823007996e+00
1.016517047343856062e+00
1.019585999134972720e+00
1.023110694871818716e+00
1.027121402610366996e+00
1.031637143004828339e+00
1.036660310589507139e+00
1.042170392568601889e+00
1.048117034654264978e+00
1.054412929744417582e+00
1.060927285780023821e+00
1.067480939490297098e+00
1.073844471393551991e+00
1.079740859589888524e+00
1.084854168808314201e+00
1.088845374084607354e+00
1.091375554081404964e+00
1.092135328342478173e+00
1.090877681671776234e+00
1.087449553892793519e+00
1.081816314234484544e+00
1.074073116007413731e+00
1.064438632005891616e+00
1.053229884446860165e+00
1.040821281011115040e+00
1.027595464232227807e+00
1.013896869912849219e+00
1.000000000000000000e+00
