1.000000000000000000e+00
7.595986314368564640e-01
7.891117803474283487e-01
9.705960252579686198e-01
1.166229607610107077e+00
1.316138586855453596e+00
1.417942749419421444e+00
1.487334337378147797e+00
1.536597035541648504e+00
1.571126475990569205e+00
1.593135102969930772e+00
1.604806350820305649e+00
1.608865116997048483e+00
1.607692685337323235e+00
1.602543178204617558e+00
1.593597655395327495e+00
1.580713973904032343e+00
1.564302352021889941e+00
1.545804542561575401e+00
1.527570850136595215e+00
1.512263010083201742e+00
1.502096808980914577e+00
1.498239182449164986e+00
1.500548319746898285e+00
1.507682623163520752e+00
1.517478508170015283e+00
1.527441676562587780e+00
1.535207461706756149e+00
1.538876575030696081e+00
1.537192485640363593e+00
1.529573986009881370e+00
1.516042526724370454e+00
1.497090349753058103e+00
1.473529099051381186e+00
1.446346693383068427e+00
1.416588072717865465e+00
1.385265729145958913e+00
1.353299495482521708e+00
1.321481549382013343e+00
1.290461216840507630e+00
1.260744123768102298e+00
1.232700910480226231e+00
1.206581660421960134e+00
1.182533147534080564e+00
1.160616849883120638e+00
1.140826363905293350e+00
1.123103381522333244e+00
1.107351779974638628e+00
1.093449647058624796e+00
1.081259248042727217e+00
1.070635057153578096e+00
1.061430044332853706e+00
1.053500441163856438e+00
1.046709219261500845e+00
1.040928508086641946e+00
1.036041163029582268e+00
1.031941673013691441e+00
1.028536572851276532e+00
1.025744501239027162e+00
1.023496021981878945e+00
1.021733304606855297e+00
1.020409741385538638e+00
1.019489561036628578e+00
1.018947484920682323e+00
1.018768459107026958e+00
1.018947484921336910e+00
1.019489561037973280e+00
1.020409741387649394e+00
1.021733304609851789e+00
1.023496021985929039e+00
1.025744501244356899e+00
1.028536572858187448e+00
1.031941673022567896e+00
1.036041163040928081e+00
1.040928508101086392e+00
1.046709219279856384e+00
1.053500441187156689e+00
1.061430044362399849e+00
1.070635057191022588e+00
1.081259248090153502e+00
1.093449647118676760e+00
1.107351780050651602e+00
1.123103381618524299e+00
1.140826364026980677e+00
1.160616850037037073e+00
1.182533147728725087e+00
1.206581660668079925e+00
1.232700910791428850e+00
1.260744124161620849e+00
1.290461217338199962e+00
1.321481550011617934e+00
1.353299496279333436e+00
1.385265730154927821e+00
1.416588073996343455e+00
1.446346695004345762e+00
1.473529101109261497e+00
1.497090352367720589e+00
1.516042530049877657e+00
1.529573990243676018e+00
1.537192491035120900e+00
1.538876581908867003e+00
1.535207470477818914e+00
1.527441687742866705e+00
1.517478522404188013e+00
1.507682641246303135e+00
1.500548342642501254e+00
1.498239211305385732e+00
1.502096845134295311e+00
1.512263055051704441e+00
1.527570905596481676e+00
1.545804610304941207e+00
1.564302433889679378e+00
1.580714071685978883e+00
1.593597770684499260e+00
1.602543312194125047e+00
1.607692838555796921e+00
1.608865289000728449e+00
1.604806539889017669e+00
1.593135305878906616e+00
1.571126687935155752e+00
1.536597250271657833e+00
1.487334547559428399e+00
1.417942947191932923e+00
1.316138764501400660e+00
1.166229758193026766e+00
9.705961430853865535e-01
7.891118611863785492e-01
7.595986725308995213e-01
1.000000000000000000e+00
