1.000000000000000000e+00
9.302768650885332447e-01
9.273452270102744421e-01
9.967739234957802008e-01
1.114901540534676938e+00
1.250320978981285469e+00
1.376361020933079438e+00
1.476510379570146192e+00
1.544826269648408745e+00
1.583453969785011628e+00
1.599169919652217109e+00
1.600263950115699885e+00
1.594356440757686233e+00
1.587205471415783054e+00
1.582301120666921967e+00
1.580992858045916716e+00
1.582931146810949485e+00
1.586651241755857589e+00
1.590165949289951142e+00
1.591470735679812787e+00
1.588904666624286532e+00
1.581351161425129659e+00
1.568295676364809044e+00
1.549777318296615247e+00
1.526277236938238691e+00
1.498581923169341579e+00
1.467649356038076336e+00
1.434494748323705604e+00
1.400103195513566545e+00
1.365369913667536350e+00
1.331064894335509452e+00
1.297817097810881393e+00
1.266113016955630277e+00
1.236304944648784820e+00
1.208625120434765776e+00
1.183202839573124221e+00
1.160082434350819369e+00
1.139240722906603942e+00
1.120603054164089452e+00
1.104057472617934188e+00
1.089466806953114597e+00
1.076678676342766039e+00
1.065533529785055666e+00
1.055870905216603539e+00
1.047534130749608661e+00
1.040373701234340365e+00
1.034249557725906321e+00
1.029032481460804949e+00
1.024604792092812966e+00
1.020860515394851342e+00
1.017705160627444538e+00
1.015055223790270578e+00
1.012837510938841667e+00
1.010988356175933633e+00
1.009452792030004487e+00
1.008183715711579609e+00
1.007141083055743458e+00
1.006291152590496951e+00
1.005605794848855483e+00
1.005061876483320793e+00
1.004640724666436835e+00
1.004327674409091875e+00
1.004111699562805438e+00
1.003985127183327108e+00
1.003943434438463678e+00
1.003985127183332438e+00
1.004111699562816318e+00
1.004327674409109417e+00
1.004640724666461260e+00
1.005061876483353878e+00
1.005605794848898782e+00
1.006291152590552684e+00
1.007141083055813402e+00
1.008183715711669093e+00
1.009452792030116175e+00
1.010988356176072633e+00
1.012837510939016417e+00
1.015055223790488848e+00
1.017705160627716765e+00
1.020860515395190626e+00
1.024604792093235295e+00
1.029032481461330306e+00
1.034249557726560464e+00
1.040373701235153048e+00
1.047534130750619186e+00
1.055870905217859423e+00
1.065533529786615752e+00
1.076678676344704044e+00
1.089466806955521117e+00
1.104057472620922686e+00
1.120603054167803148e+00
1.139240722911218695e+00
1.160082434356557002e+00
1.183202839580259180e+00
1.208625120443645562e+00
1.236304944659845306e+00
1.266113016969417249e+00
1.297817097828090072e+00
1.331064894357003592e+00
1.365369913694411963e+00
1.400103195547203638e+00
1.434494748365830574e+00
1.467649356090858781e+00
1.498581923235477786e+00
1.526277237021065547e+00
1.549777318400213266e+00
1.568295676494108282e+00
1.581351161585982767e+00
1.588904666823488965e+00
1.591470735925039515e+00
1.590165949589568362e+00
1.586651242118558125e+00
1.582931147245194126e+00
1.580992858559146397e+00
1.582301121264565014e+00
1.587205472100086334e+00
1.594356441526457502e+00
1.600263950961119841e+00
1.599169920559919911e+00
1.583453970733684990e+00
1.544826270610232699e+00
1.476510380512221943e+00
1.376361021819896946e+00
1.250320979777810537e+00
1.114901541209422531e+00
9.967739240231124898e-01
9.273452273715235838e-01
9.302768652719344278e-01
1.000000000000000000e+00
