1.000000000000000000e+00
7.566615104624293542e-01
7.882591009392250214e-01
9.717980913080196403e-01
1.167393219858321896e+00
1.316230063084132818e+00
1.417332428895736518e+00
1.486797016378724079e+00
1.536534368144213625e+00
1.571442242012143886e+00
1.593485790063396523e+00
1.604886560423038899e+00
1.608572519091278519e+00
1.607155320469259241e+00
1.602040899020427789e+00
1.593425640066671312e+00
1.581047006855231363e+00
1.565114495190261135e+00
1.546872308239919169e+00
1.528550709008405173e+00
1.512805795642291784e+00
1.501954023544681993e+00
1.497327875905598127e+00
1.498962311014328197e+00
1.505657663170775651e+00
1.515330764861646307e+00
1.525501110591110931e+00
1.533762694509486435e+00
1.538139809959683246e+00
1.537285527612382019e+00
1.530531416740857686e+00
1.517825994983249771e+00
1.499608056854962124e+00
1.476655892884949584e+00
1.449941866537840074e+00
1.420509456987983476e+00
1.389379765449500370e+00
1.357487618018212050e+00
1.325643539764468137e+00
1.294516268782464508e+00
1.264630309722180490e+00
1.236373630096285980e+00
1.210011521961479986e+00
1.185703612259848327e+00
1.163521866923882042e+00
1.143468142059682835e+00
1.125490383590946886e+00
1.109496981413600869e+00
1.095369070555436863e+00
1.082970765809363023e+00
1.072157440607881318e+00
1.062782234242621415e+00
1.054701008598617484e+00
1.047775987583890345e+00
1.041878307790386593e+00
1.036889693815856495e+00
1.032703450603519979e+00
1.029224941314674124e+00
1.026371694846284655e+00
1.024073263595081329e+00
1.022270930336319550e+00
1.020917343585527659e+00
1.019976143686015746e+00
1.019421627024710508e+00
1.019238482973995774e+00
1.019421627025291599e+00
1.019976143687209902e+00
1.020917343587402604e+00
1.022270930338985195e+00
1.024073263598687555e+00
1.026371694851035965e+00
1.029224941320843412e+00
1.032703450611456075e+00
1.036889693826016590e+00
1.041878307803343340e+00
1.047775987600384040e+00
1.054701008619593150e+00
1.062782234269267656e+00
1.072157440641713588e+00
1.082970765852292461e+00
1.095369070609893081e+00
1.109496981482650746e+00
1.125490383678474648e+00
1.143468142170588786e+00
1.163521867064376325e+00
1.185703612437771781e+00
1.210011522186752231e+00
1.236373630381471411e+00
1.264630310083189269e+00
1.294516269239475825e+00
1.325643540343084847e+00
1.357487618750999880e+00
1.389379766377920378e+00
1.420509458164913363e+00
1.449941868030822700e+00
1.476655894780401823e+00
1.499608059263567661e+00
1.517825998046876013e+00
1.530531420641317197e+00
1.537285532582379322e+00
1.538139816296268725e+00
1.533762702590035554e+00
1.525501120891681106e+00
1.515330777976886312e+00
1.505657679833962259e+00
1.498962332115248541e+00
1.497327902503363672e+00
1.501954056872189636e+00
1.512805837099135298e+00
1.528550760139347986e+00
1.546872370695837384e+00
1.565114570666864546e+00
1.581047097001509805e+00
1.593425746351266881e+00
1.602041022543947424e+00
1.607155461719270928e+00
1.608572677657040817e+00
1.604886734714756180e+00
1.593485977103217710e+00
1.571442437367495781e+00
1.536534566054001072e+00
1.486797210086900467e+00
1.417332611163977241e+00
1.316230226805493730e+00
1.167393358644462253e+00
9.717981999135261173e-01
7.882591754585419608e-01
7.566615483470776615e-01
1.000000000000000000e+00
