1.000000000000000000e+00
1.053488097893369391e+00
1.106345439389293972e+00
1.157529331501724768e+00
1.205627001896066419e+00
1.249015828177844512e+00
1.286093730267583668e+00
1.315519940036864011e+00
1.336409279993303834e+00
1.348440875238870573e+00
1.351868549359042770e+00
1.347445514663900612e+00
1.336292613016174524e+00
1.319744365035105949e+00
1.299202321880165378e+00
1.276015164959644954e+00
1.251394175257473318e+00
1.226364058452005468e+00
1.201743773635266521e+00
1.178149731583506554e+00
1.156013628228788059e+00
1.135608303109377104e+00
1.117076607204674055e+00
1.100459853011233724e+00
1.085723762898568756e+00
1.072780851998241136e+00
1.061508892078469657e+00
1.051765556108949395e+00
1.043399602513318536e+00
1.036259081213745548e+00
1.030197077281568951e+00
1.025075487347803405e+00
1.020767273614644921e+00
1.017157576893268134e+00
1.014144004052601300e+00
1.011636342773150066e+00
1.009555900804349537e+00
1.007834619355467254e+00
1.006414070954121609e+00
1.005244420542498629e+00
1.004283403860283252e+00
1.003495358263635451e+00
1.002850327031080679e+00
1.002323247966421027e+00
1.001893229896490212e+00
1.001542915774786824e+00
1.001257927963171923e+00
1.001026389408457229e+00
1.000838513494596960e+00
1.000686255053796270e+00
1.000563015149397161e+00
1.000463392643273997e+00
1.000382976117692335e+00
1.000318170355926961e+00
1.000266052243106163e+00
1.000224251592720881e+00
1.000190853013105174e+00
1.000164315489570743e+00
1.000143406866516482e+00
1.000127150868934667e+00
1.000114784706832571e+00
1.000105725663346989e+00
1.000099545383532629e+00
1.000095950861718430e+00
1.000094771377658898e+00
1.000095950861718430e+00
1.000099545383532629e+00
1.000105725663346989e+00
1.000114784706832571e+00
1.000127150868934667e+00
1.000143406866516482e+00
1.000164315489570743e+00
1.000190853013105174e+00
1.000224251592720881e+00
1.000266052243106163e+00
1.000318170355926961e+00
1.000382976117692335e+00
1.000463392643273997e+00
1.000563015149397161e+00
1.000686255053796270e+00
1.000838513494596960e+00
1.001026389408457229e+00
1.001257927963171923e+00
1.001542915774786824e+00
1.001893229896490212e+00
1.002323247966421027e+00
1.002850327031080679e+00
1.003495358263635451e+00
1.004283403860283252e+00
1.005244420542498629e+00
1.006414070954121609e+00
1.007834619355467254e+00
1.009555900804349537e+00
1.011636342773150066e+00
1.014144004052601078e+00
1.017157576893268134e+00
1.020767273614644921e+00
1.025075487347803405e+00
1.030197077281568951e+00
1.036259081213745548e+00
1.043399602513318758e+00
1.051765556108949173e+00
1.061508892078469879e+00
1.072780851998240914e+00
1.085723762898568756e+00
1.100459853011233502e+00
1.117076607204674055e+00
1.135608303109377548e+00
1.156013628228787615e+00
1.178149731583506110e+00
1.201743773635266521e+00
1.226364058452005468e+00
1.251394175257472652e+00
1.276015164959644288e+00
1.299202321880164712e+00
1.319744365035105726e+00
1.336292613016173414e+00
1.347445514663899502e+00
1.351868549359042770e+00
1.348440875238870129e+00
1.336409279993302501e+00
1.315519940036862900e+00
1.286093730267583002e+00
1.249015828177844956e+00
1.205627001896065975e+00
1.157529331501724101e+00
1.106345439389294416e+00
1.053488097893369169e+00
1.000000000000000000e+00
