1.000000000000000000e+00
8.769891029183358722e-01
8.655174619525837221e-01
9.591675210602509383e-01
1.109009405347002986e+00
1.266228446693650866e+00
1.399542638859967658e+00
1.496754259984177438e+00
1.558829848032895482e+00
1.592739967341289864e+00
1.606417886149885454e+00
1.606542054757779558e+00
1.598274717400901546e+00
1.585735834742333594e+00
1.572383171900984644e+00
1.561029674917649102e+00
1.553613159323022908e+00
1.550960543011070447e+00
1.552732018493517607e+00
1.557601934320742121e+00
1.563619968339954536e+00
1.568639925558434678e+00
1.570705514339546527e+00
1.568321014041870631e+00
1.560583127137844750e+00
1.547189056460592127e+00
1.528356897231256450e+00
1.504698959120860824e+00
1.477082386199968900e+00
1.446500659994051530e+00
1.413968778323121844e+00
1.380446435395684901e+00
1.346788010245196343e+00
1.313715248638336774e+00
1.281807476972722792e+00
1.251504291950505277e+00
1.223116360944763503e+00
1.196840867597249503e+00
1.172779027237541349e+00
1.150953871717327104e+00
1.131327127429339940e+00
1.113814485703381152e+00
1.098298910736317247e+00
1.084641871315824568e+00
1.072692542681898509e+00
1.062295124487220299e+00
1.053294476586751793e+00
1.045540299241462634e+00
1.038890088083195717e+00
1.033211084188952800e+00
1.028381421245828209e+00
1.024290648953867677e+00
1.020839787276208943e+00
1.017941041797315371e+00
1.015517287528064916e+00
1.013501407743372162e+00
1.011835556234113698e+00
1.010470395818905409e+00
1.009364353032282002e+00
1.008482918405629425e+00
1.007798013438595985e+00
1.007287438938956559e+00
1.006934414595413996e+00
1.006727216151945159e+00
1.006658914101077329e+00
1.006727216148975312e+00
1.006934414589323534e+00
1.007287438929441059e+00
1.007798013425171835e+00
1.008482918387625382e+00
1.009364353008797455e+00
1.010470395788772180e+00
1.011835556195837427e+00
1.013501407695070577e+00
1.015517287467369023e+00
1.017941041721265538e+00
1.020839787181121006e+00
1.024290648835151973e+00
1.028381421097783743e+00
1.033211084004497682e+00
1.038890087853544530e+00
1.045540298955710767e+00
1.053294476231365406e+00
1.062295124045401051e+00
1.072692542132785753e+00
1.084641870633496596e+00
1.098298909888541619e+00
1.113814484650030856e+00
1.131327126120412307e+00
1.150953870090412723e+00
1.172779025214631732e+00
1.196840865080674110e+00
1.223116357812011445e+00
1.251504288047621039e+00
1.281807472105886747e+00
1.313715242563139762e+00
1.346788002652977712e+00
1.380446425896267204e+00
1.413968766423032930e+00
1.446500645069406232e+00
1.477082367463057322e+00
1.504698935579721564e+00
1.528356867641953665e+00
1.547189019272682042e+00
1.560583080434999381e+00
1.568320955481658618e+00
1.570705441099313759e+00
1.568639834297794300e+00
1.563619855194240182e+00
1.557601794943330509e+00
1.552731848166946760e+00
1.550960336846779253e+00
1.553612912566281423e+00
1.561029383367959822e+00
1.572382832448492307e+00
1.585735446006617533e+00
1.598274280436861039e+00
1.606541573760325248e+00
1.606417369043573684e+00
1.592739426091805299e+00
1.558829298489740500e+00
1.496753721097882739e+00
1.399542131249224441e+00
1.266227990760134592e+00
1.109009019361761661e+00
9.591672197251344123e-01
8.655172557690773427e-01
8.769889983382533893e-01
1.000000000000000000e+00
