1.000000000000000000e+00
1.007734407654989450e+00
1.015357324821310803e+00
1.022716611512976659e+00
1.029622763846842481e+00
1.035865900921470351e+00
1.041240653066065169e+00
1.045572549988153854e+00
1.048740137689574636e+00
1.050688784146156518e+00
1.051434469656116866e+00
1.051058144997757182e+00
1.049692936032763591e+00
1.047507308109934199e+00
1.044687303718705662e+00
1.041420365240600443e+00
1.037882361158217970e+00
1.034228525144599065e+00
1.030588276096294775e+00
1.027063392929699503e+00
1.023728769068276367e+00
1.020634918761685439e+00
1.017811484654229659e+00
1.015271141329572746e+00
1.013013455232120830e+00
1.011028416559041521e+00
1.009299487306746901e+00
1.007806106295732418e+00
1.006525658081917074e+00
1.005434953043041091e+00
1.004511286629220956e+00
1.003733152607575452e+00
1.003080683041116528e+00
1.002535880532256840e+00
1.002082698659451765e+00
1.001707016352803015e+00
1.001396542290423408e+00
1.001140676837428023e+00
1.000930351831608611e+00
1.000757862664021891e+00
1.000616702504420141e+00
1.000501405016131384e+00
1.000407399308733680e+00
1.000330879011302576e+00
1.000268686053786604e+00
1.000218208882446946e+00
1.000177294295326202e+00
1.000144171775915858e+00
1.000117389058611028e+00
1.000095757625566906e+00
1.000078306872467460e+00
1.000064245762283033e+00
1.000052930891526914e+00
1.000043840009063656e+00
1.000036550144251191e+00
1.000030719613293595e+00
1.000026073277014760e+00
1.000022390517939064e+00
1.000019495489344434e+00
1.000017249263761565e+00
1.000015543574136911e+00
1.000014295898293160e+00
1.000013445687646163e+00
1.000012951585385945e+00
1.000012789518718970e+00
1.000012951585385945e+00
1.000013445687646163e+00
1.000014295898293160e+00
1.000015543574136911e+00
1.000017249263761565e+00
1.000019495489344434e+00
1.000022390517939064e+00
1.000026073277014760e+00
1.000030719613293595e+00
1.000036550144251191e+00
1.000043840009063656e+00
1.000052930891526914e+00
1.000064245762283033e+00
1.000078306872467460e+00
1.000095757625566906e+00
1.000117389058611028e+00
1.000144171775915858e+00
1.000177294295326202e+00
1.000218208882446946e+00
1.000268686053786604e+00
1.000330879011302576e+00
1.000407399308733680e+00
1.000501405016131384e+00
1.000616702504420141e+00
1.000757862664021891e+00
1.000930351831608611e+00
1.001140676837428023e+00
1.001396542290423408e+00
1.001707016352803015e+00
1.002082698659451543e+00
1.002535880532256840e+00
1.003080683041116528e+00
1.003733152607575452e+00
1.004511286629220956e+00
1.005434953043040869e+00
1.006525658081917074e+00
1.007806106295732196e+00
1.009299487306746901e+00
1.011028416559041299e+00
1.013013455232120608e+00
1.015271141329572302e+00
1.017811484654229215e+00
1.020634918761685217e+00
1.023728769068275923e+00
1.027063392929698837e+00
1.030588276096294331e+00
1.034228525144598398e+00
1.037882361158217304e+00
1.041420365240599333e+00
1.044687303718704330e+00
1.047507308109933089e+00
1.049692936032762258e+00
1.051058144997756072e+00
1.051434469656115978e+00
1.050688784146155186e+00
1.048740137689573082e+00
1.045572549988151634e+00
1.041240653066063837e+00
1.035865900921469462e+00
1.029622763846841593e+00
1.022716611512975993e+00
1.015357324821310581e+00
1.007734407654989006e+00
1.000000000000000000e+00
