1.000000000000000000e+00
1.080350579393965171e+00
1.161065539607461838e+00
1.241192136467236917e+00
1.318660200519712999e+00
1.390661622627952676e+00
1.454151335166083081e+00
1.506373651436446526e+00
1.545303652511009984e+00
1.569917433325788148e+00
1.580257432062215583e+00
1.577315709801213828e+00
1.562796754589297787e+00
1.538832805926604097e+00
1.507713156302090685e+00
1.471665855315341220e+00
1.432706787659506542e+00
1.392553733077522393e+00
1.352593434779068904e+00
1.313886564737142937e+00
1.277196396505802634e+00
1.243029812707854731e+00
1.211682516307822199e+00
1.183283201797998174e+00
1.157833683027314153e+00
1.135243554415428457e+00
1.115358989930396172e+00
1.097985898988854458e+00
1.082907987629290858e+00
1.069900416890077421e+00
1.058739780217675897e+00
1.049211086649630698e+00
1.041112367965192576e+00
1.034257445550375687e+00
1.028477308056792161e+00
1.023620470643770597e+00
1.019552614095481591e+00
1.016155738851526991e+00
1.013327015251470398e+00
1.010977466649848333e+00
1.009030585710232186e+00
1.007420955155831743e+00
1.006092921508020765e+00
1.004999352875987517e+00
1.004100498736824276e+00
1.003362960029172246e+00
1.002758771049359732e+00
1.002264589969334763e+00
1.001860991778875887e+00
1.001531855673157612e+00
1.001263838026982267e+00
1.001045921856702270e+00
1.000869033868179381e+00
1.000725720670726071e+00
1.000609876389888075e+00
1.000516514653930544e+00
1.000441578702837342e+00
1.000381784135356833e+00
1.000334489544875360e+00
1.000297590984181584e+00
1.000269436835977688e+00
1.000248760249088820e+00
1.000234626832458673e+00
1.000226395784875377e+00
1.000223693085376953e+00
1.000226395784875377e+00
1.000234626832458673e+00
1.000248760249088820e+00
1.000269436835977688e+00
1.000297590984181584e+00
1.000334489544875360e+00
1.000381784135356833e+00
1.000441578702837342e+00
1.000516514653930544e+00
1.000609876389888075e+00
1.000725720670726071e+00
1.000869033868179381e+00
1.001045921856702270e+00
1.001263838026982267e+00
1.001531855673157612e+00
1.001860991778875887e+00
1.002264589969334763e+00
1.002758771049359732e+00
1.003362960029172246e+00
1.004100498736824276e+00
1.004999352875987517e+00
1.006092921508020765e+00
1.007420955155831743e+00
1.009030585710232186e+00
1.010977466649848333e+00
1.013327015251470398e+00
1.016155738851526991e+00
1.019552614095481369e+00
1.023620470643770597e+00
1.028477308056791939e+00
1.034257445550375465e+00
1.041112367965192131e+00
1.049211086649630698e+00
1.058739780217675674e+00
1.069900416890077199e+00
1.082907987629291080e+00
1.097985898988854236e+00
1.115358989930396616e+00
1.135243554415428235e+00
1.157833683027314153e+00
1.183283201797997952e+00
1.211682516307822643e+00
1.243029812707855175e+00
1.277196396505802856e+00
1.313886564737142715e+00
1.352593434779069570e+00
1.392553733077522837e+00
1.432706787659506320e+00
1.471665855315340998e+00
1.507713156302089574e+00
1.538832805926605651e+00
1.562796754589298232e+00
1.577315709801212718e+00
1.580257432062215806e+00
1.569917433325789036e+00
1.545303652511010206e+00
1.506373651436445638e+00
1.454151335166083303e+00
1.390661622627953786e+00
1.318660200519714110e+00
1.241192136467236251e+00
1.161065539607461838e+00
1.080350579393965171e+00
1.000000000000000000e+00
