1.000000000000000000e+00
7.803140501262575413e-01
7.968840313510331397e-01
9.632758244605840181e-01
1.157129790988987494e+00
1.313482054863409187e+00
1.420652610988321518e+00
1.490595561314592477e+00
1.537345052166146919e+00
1.569573269949055216e+00
1.591361205651720123e+00
1.604700333647299804e+00
1.610856436070760900e+00
1.610637915422535649e+00
1.604475823628482845e+00
1.592800887770696505e+00
1.576585313580630920e+00
1.557671309425910477e+00
1.538647071738181493e+00
1.522313568032880093e+00
1.510989745069672319e+00
1.505941951606336371e+00
1.507126469695422744e+00
1.513285033090382647e+00
1.522308089679143661e+00
1.531719260728230170e+00
1.539138459045178653e+00
1.542627203106344158e+00
1.540878010048419844e+00
1.533257781942249931e+00
1.519742783874402647e+00
1.500790825430382114e+00
1.477190906594677999e+00
1.449919094129581643e+00
1.420017200649918987e+00
1.388500914005712739e+00
1.356297317670846159e+00
1.324207998354084870e+00
1.292892402425557252e+00
1.262865971907185969e+00
1.234508210352430080e+00
1.208076750488903839e+00
1.183724451354828844e+00
1.161517406774488670e+00
1.141452447072602405e+00
1.123473256601301262e+00
1.107484628165484430e+00
1.093364657024815667e+00
1.080974867446930165e+00
1.070168386379575898e+00
1.060796350204194161e+00
1.052712766238943498e+00
1.045778061742608900e+00
1.039861547916091089e+00
1.034843010914673789e+00
1.030613620607492731e+00
1.027076323908133304e+00
1.024145865135951627e+00
1.021748552496052564e+00
1.019821868272317245e+00
1.018314001181917172e+00
1.017183362703359073e+00
1.016398135006394199e+00
1.015935886169803348e+00
1.015783278359222441e+00
1.015935886170883373e+00
1.016398135008612869e+00
1.017183362706833627e+00
1.018314001186833240e+00
1.019821868278938837e+00
1.021748552504729179e+00
1.024145865147146450e+00
1.027076323922437862e+00
1.030613620625670412e+00
1.034843010937676056e+00
1.039861547945134967e+00
1.045778061779227830e+00
1.052712766285059498e+00
1.060796350262231069e+00
1.070168386452570619e+00
1.080974867538709194e+00
1.093364657140181162e+00
1.107484628310478447e+00
1.123473256783507290e+00
1.141452447301576578e+00
1.161517407062253815e+00
1.183724451716544612e+00
1.208076750943704925e+00
1.234508210924502913e+00
1.262865972627153610e+00
1.292892403332245532e+00
1.324207999496841204e+00
1.356297319112490740e+00
1.388500915826369253e+00
1.420017202951958879e+00
1.449919097044003902e+00
1.477190910289271741e+00
1.500790830120160235e+00
1.519742789834754193e+00
1.533257789525346082e+00
1.540878019703282753e+00
1.542627215402719631e+00
1.539138474701031711e+00
1.531719280639815883e+00
1.522308114951726354e+00
1.513285065066373392e+00
1.507126509975525774e+00
1.505942002058310747e+00
1.510989807818960529e+00
1.522313645429347995e+00
1.538647166293179991e+00
1.557671423712635894e+00
1.576585450087883533e+00
1.592801048696552257e+00
1.604476010600256020e+00
1.610638129139010388e+00
1.610856675887055944e+00
1.604700597159880671e+00
1.591361488377453171e+00
1.569573565207732280e+00
1.537345351255949177e+00
1.490595854014828747e+00
1.420652886345676880e+00
1.313482302131224522e+00
1.157130000520294022e+00
9.632759883544221857e-01
7.968841437545061135e-01
7.803141072499019115e-01
1.000000000000000000e+00
