1.000000000000000000e+00
7.605532705894119117e-01
7.887252424492512404e-01
9.688785630518719216e-01
1.164178179925051904e+00
1.314303030260363991e+00
1.416238714951584043e+00
1.485484941598904651e+00
1.534490063725601594e+00
1.568874893931236025e+00
1.590958785915736140e+00
1.602893678114165166e+00
1.607292558796861170e+00
1.606413714777806589e+00
1.601430163962471065e+00
1.592510650772626768e+00
1.579566460951381313e+00
1.563098399839090158e+00
1.544635913941837746e+00
1.526580134537738775e+00
1.511591141866984955e+00
1.501835768834505425e+00
1.498404577181905228e+00
1.501076605081362203e+00
1.508448805024244388e+00
1.518325124825627981e+00
1.528209225142078687e+00
1.535758939488897745e+00
1.539112556372975282e+00
1.537056541208200455e+00
1.529050423934604330e+00
1.515149286541610296e+00
1.495869747890302692e+00
1.472038475525588641e+00
1.444650229799262942e+00
1.414750373935707239e+00
1.383347277399029407e+00
1.351353797652903532e+00
1.319553664131077442e+00
1.288587317030420509e+00
1.258951776648118415e+00
1.231009811524369280e+00
1.205004616573364107e+00
1.181077161212298110e+00
1.159284201806690673e+00
1.139615629496422811e+00
1.122010343128464482e+00
1.106370216832162079e+00
1.092571998448942372e+00
1.080477153923330880e+00
1.069939785917522368e+00
1.060812820235615739e+00
1.052952685107606756e+00
1.046222716608061543e+00
1.040495516400245402e+00
1.035654471434538593e+00
1.031594623409821443e+00
1.028223051715769554e+00
1.025458909262449314e+00
1.023233227406776802e+00
1.021488584901138585e+00
1.020178716811643849e+00
1.019268122780152996e+00
1.018731719719147000e+00
1.018554571766405292e+00
1.018731719718980688e+00
1.019268122779813712e+00
1.020178716811119823e+00
1.021488584900412722e+00
1.023233227405824675e+00
1.025458909261238949e+00
1.028223051714266312e+00
1.031594623407979361e+00
1.035654471432313484e+00
1.040495516397574871e+00
1.046222716604887415e+00
1.052952685103866859e+00
1.060812820231236797e+00
1.069939785912429331e+00
1.080477153917434929e+00
1.092571998442154912e+00
1.106370216824374308e+00
1.122010343119545173e+00
1.139615629486189441e+00
1.159284201794901215e+00
1.181077161198584857e+00
1.205004616557172836e+00
1.231009811504860441e+00
1.258951776624008811e+00
1.288587316999765031e+00
1.319553664090937328e+00
1.351353797598945361e+00
1.383347277324910252e+00
1.414750373832299291e+00
1.444650229653638318e+00
1.472038475319765505e+00
1.495869747599721578e+00
1.515149286133420592e+00
1.529050423365846179e+00
1.537056540424067697e+00
1.539112555305467644e+00
1.535758938056030809e+00
1.528209223247950721e+00
1.518325122361157353e+00
1.508448801868037537e+00
1.501076601099558205e+00
1.498404572225462417e+00
1.501835762732726121e+00
1.511591134417506588e+00
1.526580125495881957e+00
1.544635903015205036e+00
1.563098386694961484e+00
1.579566445242597261e+00
1.592510632181582286e+00
1.601430142254874456e+00
1.606413689853400717e+00
1.607292530728038793e+00
1.602893647173835090e+00
1.590958752602701809e+00
1.568874858994277366e+00
1.534490028170200082e+00
1.485484906652600579e+00
1.416238681979187897e+00
1.314303000642263797e+00
1.164178154916463814e+00
9.688785436429258047e-01
7.887252292757243044e-01
7.605532639555370178e-01
1.000000000000000000e+00
