1.000000000000000000e+00
1.024063435207408945e+00
1.047791586122273966e+00
1.070706999885662203e+00
1.092202282339663766e+00
1.111598729785593598e+00
1.128231944875981885e+00
1.141542155166568095e+00
1.151148793123288883e+00
1.156895136512069655e+00
1.158857510743499297e+00
1.157322040376603578e+00
1.152737978885989722e+00
1.145659224417696853e+00
1.136685008070181357e+00
1.126408016576311066e+00
1.115374694230464536e+00
1.104059210950449899e+00
1.092850173566191074e+00
1.082047751514993106e+00
1.071868355102184811e+00
1.062454087091585730e+00
1.053884620711649234e+00
1.046189726671452824e+00
1.039361237505896485e+00
1.033363722900536796e+00
1.028143525137564351e+00
1.023636069376867352e+00
1.019771534246094458e+00
1.016479064844691083e+00
1.013689753384263925e+00
1.011338620060604931e+00
1.009365812340603519e+00
1.007717214853578236e+00
1.006344631479478613e+00
1.005205670466094547e+00
1.004263435052805686e+00
1.003486097398681887e+00
1.002846413026352135e+00
1.002321216400606785e+00
1.001890925280026767e+00
1.001539071601483810e+00
1.001251869343118273e+00
1.001017824551803770e+00
1.000827389064120165e+00
1.000672657012591005e+00
1.000547101677863315e+00
1.000445349373057624e+00
1.000362986634910412e+00
1.000296396900130169e+00
1.000242622955165972e+00
1.000199251683360213e+00
1.000164317938912806e+00
1.000136224712715682e+00
1.000113677095102904e+00
1.000095627868136772e+00
1.000081232865583258e+00
1.000069814517124955e+00
1.000060832243013564e+00
1.000053858586590128e+00
1.000048560166823419e+00
1.000044682703751464e+00
1.000042039519607462e+00
1.000040503050666496e+00
1.000039999022799053e+00
1.000040503050666496e+00
1.000042039519607462e+00
1.000044682703751464e+00
1.000048560166823419e+00
1.000053858586590128e+00
1.000060832243013564e+00
1.000069814517124955e+00
1.000081232865583258e+00
1.000095627868136772e+00
1.000113677095102904e+00
1.000136224712715682e+00
1.000164317938912806e+00
1.000199251683360213e+00
1.000242622955165972e+00
1.000296396900130169e+00
1.000362986634910412e+00
1.000445349373057624e+00
1.000547101677863315e+00
1.000672657012591005e+00
1.000827389064120165e+00
1.001017824551803770e+00
1.001251869343118273e+00
1.001539071601483810e+00
1.001890925280026767e+00
1.002321216400606785e+00
1.002846413026352135e+00
1.003486097398681887e+00
1.004263435052805686e+00
1.005205670466094547e+00
1.006344631479478391e+00
1.007717214853578236e+00
1.009365812340603519e+00
1.011338620060604931e+00
1.013689753384263925e+00
1.016479064844690861e+00
1.019771534246094458e+00
1.023636069376867130e+00
1.028143525137564573e+00
1.033363722900536352e+00
1.039361237505896485e+00
1.046189726671452380e+00
1.053884620711648790e+00
1.062454087091585953e+00
1.071868355102184367e+00
1.082047751514992662e+00
1.092850173566190630e+00
1.104059210950449677e+00
1.115374694230463870e+00
1.126408016576310178e+00
1.136685008070180247e+00
1.145659224417696631e+00
1.152737978885988612e+00
1.157322040376602690e+00
1.158857510743498853e+00
1.156895136512068545e+00
1.151148793123287772e+00
1.141542155166566541e+00
1.128231944875981219e+00
1.111598729785593376e+00
1.092202282339662878e+00
1.070706999885661537e+00
1.047791586122274188e+00
1.024063435207408501e+00
1.000000000000000000e+00
