1.000000000000000000e+00
7.371021205053629455e-01
7.841953849546756672e-01
9.806787230293899649e-01
1.174326077359815645e+00
1.315543204505367436e+00
1.412684409454336931e+00
1.483386293136891965e+00
1.536473927715086729e+00
1.573784314189826672e+00
1.596070546214078067e+00
1.605864630301973683e+00
1.607148061495603075e+00
1.603781220361725657e+00
1.598202941963875690e+00
1.591045717463128728e+00
1.581668456439955683e+00
1.569201089606130139e+00
1.553535359170307384e+00
1.535811182216383353e+00
1.518250368155746655e+00
1.503500078276739815e+00
1.493819370446948680e+00
1.490433729438873423e+00
1.493249342554232806e+00
1.500951191524311890e+00
1.511380508479066354e+00
1.522031333418706778e+00
1.530517856502288110e+00
1.534916458931145922e+00
1.533947627242864042e+00
1.527011158423813963e+00
1.514114576397950440e+00
1.495741274988138025e+00
1.472698518030925330e+00
1.445973426424343344e+00
1.416612791683594441e+00
1.385632757671619419e+00
1.353957904127273792e+00
1.322385705160871838e+00
1.291570936371884137e+00
1.262024556988206703e+00
1.234122256017444075e+00
1.208118789061241483e+00
1.184165189010234265e+00
1.162326781260896613e+00
1.142600624917270435e+00
1.124931532917181842e+00
1.109226214517192277e+00
1.095365358669098788e+00
1.083213662097485930e+00
1.072627923731104049e+00
1.063463395816520274e+00
1.055578615835936152e+00
1.048838953139353158e+00
1.043119098111722209e+00
1.038304705706214914e+00
1.034293383610304762e+00
1.030995191230972718e+00
1.028332791183290684e+00
1.026241371401239055e+00
1.024668434161663644e+00
1.023573528603757055e+00
1.022927985807902118e+00
1.022714700015342704e+00
1.022927985808099072e+00
1.023573528604162508e+00
1.024668434162308461e+00
1.026241371402169644e+00
1.028332791184572992e+00
1.030995191232694452e+00
1.034293383612590489e+00
1.038304705709223397e+00
1.043119098115670829e+00
1.048838953144514585e+00
1.055578615842674983e+00
1.063463395825313462e+00
1.072627923742558442e+00
1.083213662112390896e+00
1.095365358688459745e+00
1.109226214542314626e+00
1.124931532949726698e+00
1.142600624959364986e+00
1.162326781315247803e+00
1.184165189080292446e+00
1.208118789151379602e+00
1.234122256133217910e+00
1.262024557136662839e+00
1.291570936561938776e+00
1.322385705403818168e+00
1.353957904437393944e+00
1.385632758067009362e+00
1.416612792187192493e+00
1.445973427065260442e+00
1.472698518846167204e+00
1.495741276024843636e+00
1.514114577716307197e+00
1.527011160100814280e+00
1.533947629377155009e+00
1.534916461649153518e+00
1.530517859965860650e+00
1.522031337834242937e+00
1.511380514108050743e+00
1.500951198694609579e+00
1.493249351671222414e+00
1.490433740994889344e+00
1.493819385027314706e+00
1.503500096560708155e+00
1.518250390911082937e+00
1.535811210286850192e+00
1.553535393455202085e+00
1.569201131029476670e+00
1.581668505903739641e+00
1.591045775775705939e+00
1.598203009734646907e+00
1.603781297860354060e+00
1.607148148488926287e+00
1.605864725898950240e+00
1.596070648758827648e+00
1.573784421237797382e+00
1.536474036111235009e+00
1.483386399197076377e+00
1.412684509237115860e+00
1.315543294140403718e+00
1.174326153365856662e+00
9.806787825400945513e-01
7.841954258170853453e-01
7.371021412924360083e-01
1.000000000000000000e+00
