1.000000000000000000e+00
1.059033031101745514e+00
1.117417211425078660e+00
1.174017701327636942e+00
1.227265186356593540e+00
1.275341013173857618e+00
1.316442011144239643e+00
1.349056858947390136e+00
1.372188531075561269e+00
1.385477792963413890e+00
1.389213438061740025e+00
1.384244550343806335e+00
1.371829232920733332e+00
1.353459570931932365e+00
1.330696522399597681e+00
1.305036419291409455e+00
1.277818163487841607e+00
1.250170403962717058e+00
1.222992128595126404e+00
1.196957782394181491e+00
1.172538138919908546e+00
1.150029572822536927e+00
1.129586252836187077e+00
1.111251577148873126e+00
1.094986662061256055e+00
1.080694803958229366e+00
1.068241592832211095e+00
1.057470830483697721e+00
1.048216671958557278e+00
1.040312529810688336e+00
1.033597308627981048e+00
1.027919509447930535e+00
1.023139686212554800e+00
1.019131666402682379e+00
1.015782876140890245e+00
1.012994042568376551e+00
1.010678486383639108e+00
1.008761166337982296e+00
1.007177595279372451e+00
1.005872713402779173e+00
1.004799777739191047e+00
1.003919306507274678e+00
1.003198101678785870e+00
1.002608361971347284e+00
1.002126890600683051e+00
1.001734396751555733e+00
1.001414886246901670e+00
1.001155134811163361e+00
1.000944236245548957e+00
1.000773217457329611e+00
1.000634712383045688e+00
1.000522687246128806e+00
1.000432210169314162e+00
1.000359258833040332e+00
1.000300560572551012e+00
1.000253459998328154e+00
1.000215809881926710e+00
1.000185881657894793e+00
1.000162292445780698e+00
1.000143945992818084e+00
1.000129985380004971e+00
1.000119755726131432e+00
1.000112775471931670e+00
1.000108715136011961e+00
1.000107382712666082e+00
1.000108715136011961e+00
1.000112775471931670e+00
1.000119755726131432e+00
1.000129985380004971e+00
1.000143945992818084e+00
1.000162292445780698e+00
1.000185881657894793e+00
1.000215809881926710e+00
1.000253459998328154e+00
1.000300560572551012e+00
1.000359258833040332e+00
1.000432210169314162e+00
1.000522687246128806e+00
1.000634712383045688e+00
1.000773217457329611e+00
1.000944236245548957e+00
1.001155134811163361e+00
1.001414886246901670e+00
1.001734396751555733e+00
1.002126890600683051e+00
1.002608361971347284e+00
1.003198101678785870e+00
1.003919306507274678e+00
1.004799777739191047e+00
1.005872713402779173e+00
1.007177595279372451e+00
1.008761166337982296e+00
1.010678486383639108e+00
1.012994042568376551e+00
1.015782876140890023e+00
1.019131666402682379e+00
1.023139686212554800e+00
1.027919509447930535e+00
1.033597308627981048e+00
1.040312529810688336e+00
1.048216671958557500e+00
1.057470830483697499e+00
1.068241592832211539e+00
1.080694803958229144e+00
1.094986662061256055e+00
1.111251577148872904e+00
1.129586252836187077e+00
1.150029572822537594e+00
1.172538138919908102e+00
1.196957782394181047e+00
1.222992128595126404e+00
1.250170403962717280e+00
1.277818163487840941e+00
1.305036419291408567e+00
1.330696522399597015e+00
1.353459570931932365e+00
1.371829232920732666e+00
1.384244550343805225e+00
1.389213438061740025e+00
1.385477792963413890e+00
1.372188531075559936e+00
1.349056858947389026e+00
1.316442011144239199e+00
1.275341013173858284e+00
1.227265186356593318e+00
1.174017701327636498e+00
1.117417211425079104e+00
1.059033031101745292e+00
1.000000000000000000e+00
