1.000000000000000000e+00
8.625492179697301642e-01
8.527529520152574705e-01
9.570150165141376730e-01
1.116225276163266944e+00
1.276547847751229536e+00
1.407288291428920868e+00
1.499667723390883278e+00
1.558012721464769879e+00
1.591017742343718178e+00
1.606516997325270424e+00
1.609898516134240953e+00
1.604681793874514595e+00
1.593662342081431760e+00
1.579655084129215403e+00
1.565574700121539653e+00
1.554044975036934728e+00
1.546883128758518300e+00
1.544747562443355093e+00
1.547086175198441049e+00
1.552371850706799172e+00
1.558515524247845452e+00
1.563319166625898538e+00
1.564856196067298866e+00
1.561717712388244195e+00
1.553113865679730532e+00
1.538855189130396317e+00
1.519254798611623380e+00
1.494992719116518431e+00
1.466974922584009189e+00
1.436208046421020290e+00
1.403700157134066151e+00
1.370390092646047275e+00
1.337103096484006937e+00
1.304528103582786036e+00
1.273211376454722155e+00
1.243561517371209790e+00
1.215861675407552855e+00
1.190285693834425507e+00
1.166915819784677621e+00
1.145760341787531722e+00
1.126770109245871065e+00
1.109853330116207459e+00
1.094888361000200927e+00
1.081734422737173906e+00
1.070240317766598004e+00
1.060251312702895410e+00
1.051614396444698896e+00
1.044182142851536099e+00
1.037815406715205002e+00
1.032385069230483232e+00
1.027773029407299976e+00
1.023872614445916707e+00
1.020588557533106178e+00
1.017836667517248994e+00
1.015543292577069545e+00
1.013644659949469506e+00
1.012086156328248610e+00
1.010821598751328709e+00
1.009812533559856229e+00
1.009027591134802559e+00
1.008441916330332422e+00
1.008036688534209357e+00
1.007798740790335046e+00
1.007720284120480647e+00
1.007798740793623304e+00
1.008036688540954851e+00
1.008441916340883315e+00
1.009027591149693537e+00
1.009812533579850458e+00
1.010821598777439823e+00
1.012086156361799105e+00
1.013644659992149810e+00
1.015543292631025940e+00
1.017836667585176436e+00
1.020588557618389070e+00
1.023872614552795213e+00
1.027773029541063421e+00
1.032385069397742772e+00
1.037815406924207817e+00
1.044182143112584393e+00
1.051614396770655491e+00
1.060251313109838334e+00
1.070240318274641167e+00
1.081734423371507381e+00
1.094888361792419884e+00
1.109853331106009700e+00
1.126770110483225062e+00
1.145760343335469278e+00
1.166915821722882329e+00
1.190285696263871706e+00
1.215861678456515715e+00
1.243561521203030429e+00
1.273211381277876919e+00
1.304528109663895430e+00
1.337103104164635958e+00
1.370390102364244411e+00
1.403700169451852942e+00
1.436208062059050938e+00
1.466974942464777998e+00
1.494992744417200425e+00
1.519254830827175828e+00
1.538855230146604525e+00
1.553113917854155313e+00
1.561717778634700071e+00
1.564856279936256200e+00
1.563319272369486201e+00
1.558515656854303044e+00
1.552372015885791212e+00
1.547086379296242376e+00
1.544747812265303999e+00
1.546883431275150933e+00
1.554045336949494427e+00
1.565575127264322797e+00
1.579655580695596528e+00
1.593662909686718310e+00
1.604682430519029923e+00
1.609899215202041045e+00
1.606517746827003101e+00
1.591018524650080312e+00
1.558013513744192169e+00
1.499668498848064413e+00
1.407289021259203521e+00
1.276548503520663846e+00
1.116225832156293452e+00
9.570154515484677882e-01
8.527532503935322250e-01
8.625493695922870074e-01
1.000000000000000000e+00
