1.000000000000000000e+00
8.476661783396872707e-01
8.403857214737806558e-01
9.556725981475432397e-01
1.123415932556403041e+00
1.285255820163962781e+00
1.411968637554748218e+00
1.498681479541491335e+00
1.553046676109740121e+00
1.585234258861488499e+00
1.602828781032916705e+00
1.609955532927344501e+00
1.608580926632733776e+00
1.600174764998770982e+00
1.586751964587105990e+00
1.571062844373898981e+00
1.556150220571213216e+00
1.544654396383580819e+00
1.538212898567019149e+00
1.537164350536095014e+00
1.540605215371369852e+00
1.546721955125722081e+00
1.553258082472533941e+00
1.557975179802944865e+00
1.559008410536564471e+00
1.555072861642623927e+00
1.545525131004314101e+00
1.530313950521600797e+00
1.509863739270404848e+00
1.484931269910727547e+00
1.456465044084232163e+00
1.425485058881752920e+00
1.392990620299686233e+00
1.359896894239566834e+00
1.326996869771805976e+00
1.294943657097599399e+00
1.264247763519268819e+00
1.235284522145833730e+00
1.208307724560844676e+00
1.183466446547948747e+00
1.160822907120676595e+00
1.140369905375263837e+00
1.122046927188775411e+00
1.105754419362680929e+00
1.091366016649951032e+00
1.078738702479415723e+00
1.067721009699661439e+00
1.058159441951755486e+00
1.049903334035027891e+00
1.042808382092946351e+00
1.036739070052419276e+00
1.031570203735141966e+00
1.027187742965354200e+00
1.023489098069634284e+00
1.020383032660612699e+00
1.017789291027393572e+00
1.015638046767568303e+00
1.013869250015230650e+00
1.012431933968243936e+00
1.011283527401524163e+00
1.010389208331960331e+00
1.009721324742243631e+00
1.009258900990498198e+00
1.008987242918951699e+00
1.008897650411562985e+00
1.008987242922133820e+00
1.009258900997026087e+00
1.009721324752454574e+00
1.010389208346372358e+00
1.011283527420876904e+00
1.012431933993519717e+00
1.013869250047711112e+00
1.015638046808892359e+00
1.017789291079642666e+00
1.020383032726398520e+00
1.023489098152241539e+00
1.027187743068897374e+00
1.031570203864756063e+00
1.036739070214521163e+00
1.042808382295546732e+00
1.049903334288134760e+00
1.058159442267868178e+00
1.067721010094411449e+00
1.078738702972363628e+00
1.091366017265602117e+00
1.105754420131785265e+00
1.122046928149982303e+00
1.140369906577244130e+00
1.160822908624849381e+00
1.183466448431995666e+00
1.208307726923243397e+00
1.235284525111743026e+00
1.264247767248126042e+00
1.294943661792977263e+00
1.326996875694142153e+00
1.359896901722599027e+00
1.392990629771509559e+00
1.425485070891672867e+00
1.456465059336585544e+00
1.484931289306967273e+00
1.509863763960485050e+00
1.530313981965179648e+00
1.545525171041409740e+00
1.555072912571648258e+00
1.559008475195461152e+00
1.557975261646105336e+00
1.553258185632725441e+00
1.546722084446783718e+00
1.540605376394297954e+00
1.537164549418831516e+00
1.538213141916360271e+00
1.544654690975879596e+00
1.556150572936684684e+00
1.571063260219944357e+00
1.586752448044908670e+00
1.600175317703960154e+00
1.608581546702184006e+00
1.609956213967271621e+00
1.602829511386931971e+00
1.585235021344471695e+00
1.553047448438978018e+00
1.498682235557664777e+00
1.411969349143004315e+00
1.285256459583044242e+00
1.123416474724228564e+00
9.556730223994720497e-01
8.403860124823110400e-01
8.476663262278235633e-01
1.000000000000000000e+00
