1.000000000000000000e+00
7.546847513980037281e-01
7.870273738782682660e-01
9.712853556659967191e-01
1.166504226263642252e+00
1.314486129020996819e+00
1.415021944154325473e+00
1.484416198209559834e+00
1.534370058361624434e+00
1.569510455631771606e+00
1.591664007008181336e+00
1.603058964172185297e+00
1.606713105265442421e+00
1.605344089685384334e+00
1.600428286794367994e+00
1.592166054122180707e+00
1.580229413373279712e+00
1.564718926841347946e+00
1.546769265915223235e+00
1.528540891387690337e+00
1.512681474744951737e+00
1.501558002094757427e+00
1.496591292586181954e+00
1.497913612351746693e+00
1.504405963371826305e+00
1.514033640238591438e+00
1.524328520850791513e+00
1.532866338076892321e+00
1.537632965939712992e+00
1.537234307996133698e+00
1.530955516572009012e+00
1.518705756033419840e+00
1.500894628158652822e+00
1.478281943078733285e+00
1.451831200979068592e+00
1.422584711973020832e+00
1.391567957754074936e+00
1.359723702915957233e+00
1.327872316376230266e+00
1.296693027170554346e+00
1.266720593281116747e+00
1.238352429326372350e+00
1.211862147160351233e+00
1.187416427212647285e+00
1.165093009800398871e+00
1.144898315307577796e+00
1.126783761097528647e+00
1.110660257002544116e+00
1.096410655131357048e+00
1.083900129420412695e+00
1.072984588888939994e+00
1.063517304948763398e+00
1.055353972328578083e+00
1.048356436637702505e+00
1.042395317892926165e+00
1.037351744794202446e+00
1.033118393760847242e+00
1.029600003006215347e+00
1.026713507502843292e+00
1.024387917070668008e+00
1.022564037925678626e+00
1.021194118335403189e+00
1.020241481698088037e+00
1.019680195315877835e+00
1.019494810124772721e+00
1.019680195315690652e+00
1.020241481697705233e+00
1.021194118334811662e+00
1.022564037924860170e+00
1.024387917069592646e+00
1.026713507501475053e+00
1.029600003004512709e+00
1.033118393758756470e+00
1.037351744791670694e+00
1.042395317889879713e+00
1.048356436634070077e+00
1.055353972324283074e+00
1.063517304943712549e+00
1.072984588883037826e+00
1.083900129413547520e+00
1.096410655123410294e+00
1.110660256993373896e+00
1.126783761086968205e+00
1.144898315295400870e+00
1.165093009786316136e+00
1.187416427196235302e+00
1.211862147140995161e+00
1.238352429303166913e+00
1.266720593252704807e+00
1.296693027134911080e+00
1.327872316330338087e+00
1.359723702855401228e+00
1.391567957672442235e+00
1.422584711861136331e+00
1.451831200823993528e+00
1.478281942862545550e+00
1.500894627856965702e+00
1.518705755613727559e+00
1.530955515991944127e+00
1.537234307201817307e+00
1.537632964864486418e+00
1.532866336640587024e+00
1.524328518959757517e+00
1.514033637786273756e+00
1.504405960239297402e+00
1.497913608407036357e+00
1.496591287681007687e+00
1.501557996057660160e+00
1.512681467371390864e+00
1.528540882430232450e+00
1.546769255079716965e+00
1.564718913796139033e+00
1.580229397776215183e+00
1.592166035663995505e+00
1.600428265249720372e+00
1.605344064959645989e+00
1.606713077430250047e+00
1.603058933493177962e+00
1.591663973973496349e+00
1.569510420980457344e+00
1.534370023092755719e+00
1.484416163546140144e+00
1.415021911454356296e+00
1.314486099652901085e+00
1.166504201467466917e+00
9.712853364193468897e-01
7.870273608115014863e-01
7.546847448162452565e-01
1.000000000000000000e+00
