1.000000000000000000e+00
9.763973290594163412e-01
9.892194726625479495e-01
1.044968499895728931e+00
1.133460610318831607e+00
1.237771423476645039e+00
1.341201247313253297e+00
1.431457563772765340e+00
1.502252236693689014e+00
1.552803872172655586e+00
1.586069835183330445e+00
1.606627994528207815e+00
1.618922457842058238e+00
1.626220932932875396e+00
1.630290434865516058e+00
1.631592094733711473e+00
1.629735829129878466e+00
1.623975519757508756e+00
1.613607807040305930e+00
1.598219566264483360e+00
1.577788372703062381e+00
1.552671689353660067e+00
1.523529195764530275e+00
1.491217343317057020e+00
1.456683940873855665e+00
1.420878850170956165e+00
1.384687490767262164e+00
1.348887605493816588e+00
1.314126287646570468e+00
1.280912864785687333e+00
1.249623100784529317e+00
1.220510711426741279e+00
1.193722982953653311e+00
1.169318100487449108e+00
1.147282517019391213e+00
1.127547280803304464e+00
1.110002687266549382e+00
1.094510947454729655e+00
1.080916791272476196e+00
1.069056072871370056e+00
1.058762537037334805e+00
1.049872955236566874e+00
1.042230860487651345e+00
1.035689110863822648e+00
1.030111499231322947e+00
1.025373606969222973e+00
1.021363075626716244e+00
1.017979445384578518e+00
1.015133684586381646e+00
1.012747511641274967e+00
1.010752589945653090e+00
1.009089658447882343e+00
1.007707645162875254e+00
1.006562798236570577e+00
1.005617858864526815e+00
1.004841292223541238e+00
1.004206586296598980e+00
1.003691623774438879e+00
1.003278128832336469e+00
1.002951188263899063e+00
1.002698844989967641e+00
1.002511761166404503e+00
1.002382947835821270e+00
1.002307558177977231e+00
1.002282741809155109e+00
1.002307558177977231e+00
1.002382947835821270e+00
1.002511761166404503e+00
1.002698844989967641e+00
1.002951188263899063e+00
1.003278128832336469e+00
1.003691623774438879e+00
1.004206586296598980e+00
1.004841292223541238e+00
1.005617858864526815e+00
1.006562798236570577e+00
1.007707645162875254e+00
1.009089658447882343e+00
1.010752589945653090e+00
1.012747511641274967e+00
1.015133684586381646e+00
1.017979445384578518e+00
1.021363075626716466e+00
1.025373606969222307e+00
1.030111499231322947e+00
1.035689110863822870e+00
1.042230860487651345e+00
1.049872955236566874e+00
1.058762537037335028e+00
1.069056072871369611e+00
1.080916791272475752e+00
1.094510947454729433e+00
1.110002687266549826e+00
1.127547280803303797e+00
1.147282517019390546e+00
1.169318100487448442e+00
1.193722982953651313e+00
1.220510711426741501e+00
1.249623100784529095e+00
1.280912864785687111e+00
1.314126287646571356e+00
1.348887605493815700e+00
1.384687490767263052e+00
1.420878850170955277e+00
1.456683940873855443e+00
1.491217343317056576e+00
1.523529195764528943e+00
1.552671689353660289e+00
1.577788372703062381e+00
1.598219566264482250e+00
1.613607807040305264e+00
1.623975519757506536e+00
1.629735829129875802e+00
1.631592094733707254e+00
1.630290434865511395e+00
1.626220932932873176e+00
1.618922457842054241e+00
1.606627994528202041e+00
1.586069835183325116e+00
1.552803872172648258e+00
1.502252236693684351e+00
1.431457563772759345e+00
1.341201247313248190e+00
1.237771423476641042e+00
1.133460610318828721e+00
1.044968499895725156e+00
9.892194726625450629e-01
9.763973290594141208e-01
1.000000000000000000e+00
