1.000000000000000000e+00
1.079670887042964544e+00
1.159277059662465970e+00
1.237659710946451330e+00
1.312719419202971416e+00
1.381755484183921912e+00
1.441925374689196460e+00
1.490725639502011868e+00
1.526387909561313094e+00
1.548110930020021092e+00
1.556100805705230128e+00
1.551444381239231340e+00
1.535875284308867661e+00
1.511501112442630301e+00
1.480548302552076478e+00
1.445159245709822571e+00
1.407254337824167090e+00
1.368455707108417574e+00
1.330060720105752825e+00
1.293050700217023730e+00
1.258121348269874762e+00
1.225724118816090780e+00
1.196110922103758467e+00
1.169377274560122082e+00
1.145501147494381478e+00
1.124376257845440152e+00
1.105839511774712625e+00
1.089692885426870816e+00
1.075720328747626242e+00
1.063700403319201460e+00
1.053415382552916668e+00
1.044657498981919064e+00
1.037232949107784519e+00
1.030964180101716199e+00
1.025690895833719196e+00
1.021270138452749832e+00
1.017575729202176094e+00
1.014497289539579850e+00
1.011939010997513266e+00
1.009818298969811901e+00
1.008064380788850523e+00
1.006616940977026031e+00
1.005424825293725233e+00
1.004444839093327380e+00
1.003640653593868448e+00
1.002981825079206191e+00
1.002442926094107234e+00
1.002002783733477953e+00
1.001643817677488224e+00
1.001351469284323281e+00
1.001113712506965570e+00
1.000920637406045532e+00
1.000764097402425223e+00
1.000637412012452598e+00
1.000535117535613194e+00
1.000452758947009801e+00
1.000386717037317297e+00
1.000334065608298850e+00
1.000292454253748353e+00
1.000260012923459563e+00
1.000235275077959285e+00
1.000217116795302452e+00
1.000204709692333216e+00
1.000197485977210476e+00
1.000195114365572513e+00
1.000197485977210476e+00
1.000204709692333216e+00
1.000217116795302452e+00
1.000235275077959285e+00
1.000260012923459563e+00
1.000292454253748353e+00
1.000334065608298850e+00
1.000386717037317297e+00
1.000452758947009801e+00
1.000535117535613194e+00
1.000637412012452598e+00
1.000764097402425223e+00
1.000920637406045532e+00
1.001113712506965570e+00
1.001351469284323281e+00
1.001643817677488224e+00
1.002002783733477953e+00
1.002442926094107234e+00
1.002981825079206191e+00
1.003640653593868448e+00
1.004444839093327380e+00
1.005424825293725233e+00
1.006616940977026031e+00
1.008064380788850523e+00
1.009818298969811901e+00
1.011939010997513266e+00
1.014497289539579850e+00
1.017575729202175872e+00
1.021270138452749832e+00
1.025690895833718974e+00
1.030964180101716199e+00
1.037232949107784075e+00
1.044657498981919064e+00
1.053415382552916668e+00
1.063700403319201238e+00
1.075720328747626464e+00
1.089692885426870594e+00
1.105839511774713069e+00
1.124376257845439930e+00
1.145501147494381478e+00
1.169377274560121860e+00
1.196110922103758689e+00
1.225724118816091224e+00
1.258121348269874762e+00
1.293050700217023286e+00
1.330060720105753713e+00
1.368455707108418018e+00
1.407254337824166646e+00
1.445159245709822127e+00
1.480548302552075146e+00
1.511501112442631189e+00
1.535875284308867661e+00
1.551444381239229564e+00
1.556100805705229684e+00
1.548110930020021536e+00
1.526387909561312206e+00
1.490725639502010758e+00
1.441925374689196238e+00
1.381755484183922800e+00
1.312719419202972082e+00
1.237659710946450442e+00
1.159277059662465748e+00
1.079670887042964544e+00
1.000000000000000000e+00
