1.000000000000000000e+00
7.690055568174964939e-01
7.916423878826024385e-01
9.657549477592138887e-01
1.160685940370730584e+00
1.313656115732796614e+00
1.417735345833594618e+00
1.487024462243152323e+00
1.534839235129458412e+00
1.568201320188892467e+00
1.590190254989621632e+00
1.602865308322723559e+00
1.608231479249087048e+00
1.607878006266646231e+00
1.602592520873811655e+00
1.592591207285014798e+00
1.578209517698545339e+00
1.560543843228227034e+00
1.541640608601096307e+00
1.524150940345069261e+00
1.510652843437695125e+00
1.502957301108842847e+00
1.501660808353728616e+00
1.506061038565768229e+00
1.514402183383176226e+00
1.524320272511899610e+00
1.533333705265413904e+00
1.539255142599785353e+00
1.540458058089594795e+00
1.535987009326413633e+00
1.525538897842128705e+00
1.509359382009559880e+00
1.488098641294982816e+00
1.462661219593313744e+00
1.434072229745961824e+00
1.403370931979167180e+00
1.371534416843310344e+00
1.339429037176605330e+00
1.307784749560483295e+00
1.277186820808780210e+00
1.248079687432902096e+00
1.220778578836406725e+00
1.195485479704505583e+00
1.172306921350954489e+00
1.151271868876828863e+00
1.132348586999616824e+00
1.115459831200984464e+00
1.100496045175942683e+00
1.087326476546935483e+00
1.075808274733433434e+00
1.065793728250634675e+00
1.057135849925716187e+00
1.049692540204709923e+00
1.043329560414046897e+00
1.037922536619776404e+00
1.033358195773153021e+00
1.029535012866765742e+00
1.026363423461922109e+00
1.023765731951874480e+00
1.021675823420721940e+00
1.020038766587346935e+00
1.018810377371295095e+00
1.017956797106529532e+00
1.017454126196707609e+00
1.017288142762049485e+00
1.017454126196586817e+00
1.017956797106283950e+00
1.018810377370916731e+00
1.020038766586825352e+00
1.021675823420042262e+00
1.023765731951016278e+00
1.026363423460864510e+00
1.029535012865483656e+00
1.033358195771626908e+00
1.037922536617971403e+00
1.043329560411941026e+00
1.049692540202283864e+00
1.057135849922949511e+00
1.065793728247515837e+00
1.075808274729951997e+00
1.087326476543095444e+00
1.100496045171750925e+00
1.115459831196450313e+00
1.132348586994729622e+00
1.151271868871554638e+00
1.172306921345183772e+00
1.195485479698006115e+00
1.220778578828734640e+00
1.248079687423268469e+00
1.277186820795858768e+00
1.307784749542113545e+00
1.339429037149431512e+00
1.371534416802224987e+00
1.403370931916597231e+00
1.434072229650940278e+00
1.462661219450320349e+00
1.488098641082536311e+00
1.509359381698638369e+00
1.525538897394499216e+00
1.535987008693085798e+00
1.540458057209688869e+00
1.539255141400054594e+00
1.533333703660759495e+00
1.524320270406759992e+00
1.514402180673339426e+00
1.506061035139419912e+00
1.501660804090084289e+00
1.502957295872783039e+00
1.510652837070069143e+00
1.524150932650903290e+00
1.541640599341202567e+00
1.560543832121922048e+00
1.578209504444118894e+00
1.592591191598991429e+00
1.602592502541719588e+00
1.607877985192085690e+00
1.608231455489958606e+00
1.602865282113573597e+00
1.590190226758185998e+00
1.568201290571785478e+00
1.534839204977294758e+00
1.487024432595697387e+00
1.417735317854558419e+00
1.313656090609244487e+00
1.160685919186118742e+00
9.657549313584175010e-01
7.916423767848104198e-01
7.690055512435031160e-01
1.000000000000000000e+00
