1.000000000000000000e+00
9.563311338838175191e-01
9.620703423675615040e-01
1.023864491199242943e+00
1.126010098577552299e+00
1.245084973624760893e+00
1.359455796951677398e+00
1.454361907950326271e+00
1.523327401593169705e+00
1.566944540827601928e+00
1.590298554819315369e+00
1.600206045119335174e+00
1.603047564573443440e+00
1.603504871571573842e+00
1.604152612662820054e+00
1.605666496072371663e+00
1.607365699963586136e+00
1.607847800826005535e+00
1.605550611255012194e+00
1.599155168815060923e+00
1.587809794417609943e+00
1.571198688098598861e+00
1.549499546954037577e+00
1.523277879785303490e+00
1.493357955558651806e+00
1.460698149281721259e+00
1.426286424108746065e+00
1.391062196134559281e+00
1.355864525144221622e+00
1.321403105283849078e+00
1.288247137581391977e+00
1.256827076966661849e+00
1.227444843584055922e+00
1.200288953858616781e+00
1.175451914545665666e+00
1.152948009723289813e+00
1.132730250754021561e+00
1.114705749920638755e+00
1.098749137130481390e+00
1.084713889980240653e+00
1.072441614684472633e+00
1.061769419930968184e+00
1.052535584749697106e+00
1.044583748333344886e+00
1.037765854594448367e+00
1.031944074685727575e+00
1.026991912342923863e+00
1.022794673786451281e+00
1.019249458914713635e+00
1.016264805613239730e+00
1.013760095482957313e+00
1.011664807938992272e+00
1.009917690852146110e+00
1.008465899830523593e+00
1.007264144815361639e+00
1.006273871717604962e+00
1.005462498105665681e+00
1.004802715191384754e+00
1.004271863265951970e+00
1.003851384036225758e+00
1.003526350752947049e+00
1.003285075381521008e+00
1.003118791149135491e+00
1.003021408442916096e+00
1.002989342093882019e+00
1.003021408442916096e+00
1.003118791149135491e+00
1.003285075381521008e+00
1.003526350752947049e+00
1.003851384036225758e+00
1.004271863265951970e+00
1.004802715191384754e+00
1.005462498105665681e+00
1.006273871717605184e+00
1.007264144815361639e+00
1.008465899830523593e+00
1.009917690852146110e+00
1.011664807938992494e+00
1.013760095482957313e+00
1.016264805613239730e+00
1.019249458914713857e+00
1.022794673786451281e+00
1.026991912342923863e+00
1.031944074685727131e+00
1.037765854594448367e+00
1.044583748333345108e+00
1.052535584749697550e+00
1.061769419930968406e+00
1.072441614684472633e+00
1.084713889980239765e+00
1.098749137130480946e+00
1.114705749920638977e+00
1.132730250754022894e+00
1.152948009723288925e+00
1.175451914545664778e+00
1.200288953858616559e+00
1.227444843584053924e+00
1.256827076966662737e+00
1.288247137581392421e+00
1.321403105283849300e+00
1.355864525144223176e+00
1.391062196134559725e+00
1.426286424108748285e+00
1.460698149281721925e+00
1.493357955558653583e+00
1.523277879785305711e+00
1.549499546954040241e+00
1.571198688098603524e+00
1.587809794417615716e+00
1.599155168815066919e+00
1.605550611255020410e+00
1.607847800826013973e+00
1.607365699963597239e+00
1.605666496072383875e+00
1.604152612662834709e+00
1.603504871571592938e+00
1.603047564573464534e+00
1.600206045119356491e+00
1.590298554819338461e+00
1.566944540827624133e+00
1.523327401593195907e+00
1.454361907950351362e+00
1.359455796951700490e+00
1.245084973624782654e+00
1.126010098577571839e+00
1.023864491199256710e+00
9.620703423675710519e-01
9.563311338838211828e-01
1.000000000000000000e+00
