1.000000000000000000e+00
1.079063302342160968e+00
1.157961891528362486e+00
1.235495925755387914e+00
1.309572408930138598e+00
1.377532873638090294e+00
1.436599835706415140e+00
1.484343657540129202e+00
1.519065283115093257e+00
1.540018064591356373e+00
1.547442372347245909e+00
1.542438044462971281e+00
1.526733142201271098e+00
1.502415870867968239e+00
1.471684675467079595e+00
1.436650015325062757e+00
1.399199994951135340e+00
1.360926502745588795e+00
1.323100114464280219e+00
1.286679443008622359e+00
1.252341669523055812e+00
1.220523709604308449e+00
1.191466529600712088e+00
1.165257832483004741e+00
1.141870423227218989e+00
1.121195032861707075e+00
1.103067331338768442e+00
1.087289423100519237e+00
1.073646414872099442e+00
1.061918766742627529e+00
1.051891152818243969e+00
1.043358512811682681e+00
1.036129900848540952e+00
1.030030651190290358e+00
1.024903293596774789e+00
1.020607569867150621e+00
1.017019830792902368e+00
1.014032030495645609e+00
1.011550482922778826e+00
1.009494502495151824e+00
1.007795016563134638e+00
1.006393210310283948e+00
1.005239243912400937e+00
1.004291066039405766e+00
1.003513336206000250e+00
1.002876460182908769e+00
1.002355736949779974e+00
1.001930611899643608e+00
1.001584028701889784e+00
1.001301871002613586e+00
1.001072484678715790e+00
1.000886271427101626e+00
1.000735344882412559e+00
1.000613241081857563e+00
1.000514675837206324e+00
1.000435342363152014e+00
1.000371743301964766e+00
1.000321052046156511e+00
1.000280998976228686e+00
1.000249778890178076e+00
1.000225976502447933e+00
1.000208507433982819e+00
1.000196572606449674e+00
1.000189624398451382e+00
1.000187343327708200e+00
1.000189624398451382e+00
1.000196572606449674e+00
1.000208507433982819e+00
1.000225976502447933e+00
1.000249778890178076e+00
1.000280998976228686e+00
1.000321052046156511e+00
1.000371743301964766e+00
1.000435342363152014e+00
1.000514675837206324e+00
1.000613241081857563e+00
1.000735344882412559e+00
1.000886271427101626e+00
1.001072484678715790e+00
1.001301871002613586e+00
1.001584028701889784e+00
1.001930611899643608e+00
1.002355736949779974e+00
1.002876460182908769e+00
1.003513336206000250e+00
1.004291066039405766e+00
1.005239243912400937e+00
1.006393210310283948e+00
1.007795016563134638e+00
1.009494502495151824e+00
1.011550482922778826e+00
1.014032030495645609e+00
1.017019830792902146e+00
1.020607569867150621e+00
1.024903293596774567e+00
1.030030651190290358e+00
1.036129900848540508e+00
1.043358512811682681e+00
1.051891152818243969e+00
1.061918766742627307e+00
1.073646414872099664e+00
1.087289423100519015e+00
1.103067331338768886e+00
1.121195032861706853e+00
1.141870423227218989e+00
1.165257832483004519e+00
1.191466529600712310e+00
1.220523709604308893e+00
1.252341669523056034e+00
1.286679443008621915e+00
1.323100114464281107e+00
1.360926502745589239e+00
1.399199994951134896e+00
1.436650015325062313e+00
1.471684675467078263e+00
1.502415870867969128e+00
1.526733142201271098e+00
1.542438044462969504e+00
1.547442372347245465e+00
1.540018064591357039e+00
1.519065283115092146e+00
1.484343657540128092e+00
1.436599835706415140e+00
1.377532873638091404e+00
1.309572408930139265e+00
1.235495925755387026e+00
1.157961891528362264e+00
1.079063302342160968e+00
1.000000000000000000e+00
