1.000000000000000000e+00
8.740652061708891196e-01
8.631802580889459398e-01
9.594475611589808883e-01
1.111716537716398889e+00
1.269998698259040548e+00
1.403054762024335433e+00
1.499390632805485346e+00
1.560710024376430693e+00
1.594384740984422066e+00
1.608348712985793183e+00
1.609011451563623352e+00
1.601186698133352904e+00
1.588721852211285368e+00
1.574960175967295095e+00
1.562767166924884377e+00
1.554256853942209027e+00
1.550487829875605961e+00
1.551339920990080667e+00
1.555646104836482024e+00
1.561530995075806061e+00
1.566841626250464747e+00
1.569552203868088913e+00
1.568061095506102065e+00
1.561348157702051598e+00
1.549002406381459584e+00
1.531154352555238685e+00
1.508354222244692400e+00
1.481432240270288192e+00
1.451366631493935966e+00
1.419173892507513246e+00
1.385826895819384230e+00
1.352200356437394779e+00
1.319039869487030225e+00
1.286949417954951658e+00
1.256392208196717597e+00
1.227700317889870885e+00
1.201089527592777984e+00
1.176676610946733259e+00
1.154497158639342436e+00
1.134522662666590298e+00
1.116676087729843170e+00
1.100845523313584318e+00
1.086895767444367999e+00
1.074677865610105254e+00
1.064036737050828574e+00
1.054817082927089089e+00
1.046867800268398430e+00
1.040045132417560581e+00
1.034214778636212140e+00
1.029253168313214450e+00
1.025048082949855610e+00
1.021498784720486386e+00
1.018515785949054786e+00
1.016020370637387815e+00
1.013943958046159111e+00
1.012227379698344532e+00
1.010820125203864661e+00
1.009679598958096891e+00
1.008770418883166764e+00
1.008063779720509867e+00
1.007536896666252124e+00
1.007172540073737688e+00
1.006958668237558863e+00
1.006888162642129769e+00
1.006958668240439225e+00
1.007172540079646073e+00
1.007536896675494509e+00
1.008063779733554322e+00
1.008770418900681420e+00
1.009679598980970594e+00
1.010820125233256483e+00
1.012227379735734401e+00
1.013943958093427522e+00
1.016020370696897102e+00
1.018515786023770575e+00
1.021498784814122818e+00
1.025048083067049198e+00
1.029253168459757672e+00
1.034214778819333436e+00
1.040045132646288506e+00
1.046867800554008632e+00
1.054817083283674295e+00
1.064036737496021123e+00
1.074677866165991258e+00
1.086895768138651297e+00
1.100845524181077950e+00
1.116676088814370305e+00
1.134522664023442928e+00
1.154497160338424644e+00
1.176676613076643507e+00
1.201089530266084671e+00
1.227700321249939330e+00
1.256392212426558075e+00
1.286949423288662686e+00
1.319039876224575414e+00
1.352200364963552559e+00
1.385826906627959598e+00
1.419173906231873117e+00
1.451366648945108917e+00
1.481432262483597384e+00
1.508354250535504759e+00
1.531154388583559456e+00
1.549002452223574355e+00
1.561348215925327354e+00
1.568061169240112962e+00
1.569552296861869367e+00
1.566841742902177703e+00
1.561531140418057406e+00
1.555646284458482187e+00
1.551340140876802609e+00
1.550488096143898709e+00
1.554257172453974878e+00
1.562767542759513129e+00
1.574960612743745214e+00
1.588722351272231936e+00
1.601187257646274009e+00
1.609012065655129442e+00
1.608349371088692026e+00
1.594385427610659711e+00
1.560710719501860799e+00
1.499391312952073951e+00
1.403055401968276383e+00
1.269999273113725069e+00
1.111717024989587577e+00
9.594479423424761011e-01
8.631805194867661069e-01
8.740653389860609801e-01
1.000000000000000000e+00
