1.000000000000000000e+00
9.897741469052621088e-01
1.007003683324940502e+00
1.057837758548520357e+00
1.135914097975210479e+00
1.229168243529457971e+00
1.324846608016339466e+00
1.412760426267240632e+00
1.486780482071123677e+00
1.544793130420301974e+00
1.587633654413784123e+00
1.617651356568037935e+00
1.637458124019675498e+00
1.649154178263381176e+00
1.654059824758142616e+00
1.652813289706893451e+00
1.645643898932858340e+00
1.632662417396158583e+00
1.614076674800315914e+00
1.590303104004056722e+00
1.561986022846335143e+00
1.529954761631677984e+00
1.495150439438451162e+00
1.458547279572226740e+00
1.421084003415338470e+00
1.383612572722711098e+00
1.346865701096317869e+00
1.311441146663319346e+00
1.277799276019218722e+00
1.246270090426472743e+00
1.217066273769542795e+00
1.190299472521529900e+00
1.165997719877770233e+00
1.144122550950886552e+00
1.124584876711069326e+00
1.107259084330894705e+00
1.091995122989150246e+00
1.078628536134854210e+00
1.066988533403100847e+00
1.056904275265175608e+00
1.048209585437117397e+00
1.040746321356694981e+00
1.034366630313463098e+00
1.028934304567877822e+00
1.024325427805572675e+00
1.020428480995146492e+00
1.017144050580208736e+00
1.014384257576951942e+00
1.012072003607238369e+00
1.010140109765013339e+00
1.008530406753624042e+00
1.007192819975476050e+00
1.006084481080549597e+00
1.005168887667237776e+00
1.004415125108349516e+00
1.003797158557502955e+00
1.003293198791936902e+00
1.002885142399954965e+00
1.002558084685216677e+00
1.002299902326843961e+00
1.002100902126657811e+00
1.001953531945815046e+00
1.001852150063609503e+00
1.001792849585430245e+00
1.001773335110668350e+00
1.001792849585430245e+00
1.001852150063609503e+00
1.001953531945815046e+00
1.002100902126657811e+00
1.002299902326843961e+00
1.002558084685216677e+00
1.002885142399954965e+00
1.003293198791936902e+00
1.003797158557502955e+00
1.004415125108349516e+00
1.005168887667237776e+00
1.006084481080549597e+00
1.007192819975476050e+00
1.008530406753624042e+00
1.010140109765013339e+00
1.012072003607238369e+00
1.014384257576951942e+00
1.017144050580208958e+00
1.020428480995145826e+00
1.024325427805572675e+00
1.028934304567877822e+00
1.034366630313463098e+00
1.040746321356694981e+00
1.048209585437117841e+00
1.056904275265175608e+00
1.066988533403100625e+00
1.078628536134853988e+00
1.091995122989150691e+00
1.107259084330894483e+00
1.124584876711068882e+00
1.144122550950886330e+00
1.165997719877768457e+00
1.190299472521530122e+00
1.217066273769542795e+00
1.246270090426472521e+00
1.277799276019220054e+00
1.311441146663318014e+00
1.346865701096318979e+00
1.383612572722710876e+00
1.421084003415338914e+00
1.458547279572226740e+00
1.495150439438450718e+00
1.529954761631679316e+00
1.561986022846336253e+00
1.590303104004056722e+00
1.614076674800317024e+00
1.632662417396158583e+00
1.645643898932858118e+00
1.652813289706892785e+00
1.654059824758142172e+00
1.649154178263383397e+00
1.637458124019677275e+00
1.617651356568038379e+00
1.587633654413784789e+00
1.544793130420301530e+00
1.486780482071125675e+00
1.412760426267240854e+00
1.324846608016340133e+00
1.229168243529459081e+00
1.135914097975211590e+00
1.057837758548519913e+00
1.007003683324939836e+00
9.897741469052606655e-01
1.000000000000000000e+00
