1.000000000000000000e+00
7.774373077634891827e-01
7.956662835598867778e-01
9.642481775161509949e-01
1.158587877425125701e+00
1.314190901080559248e+00
1.420592693852787747e+00
1.490345002286532328e+00
1.537336595027565922e+00
1.569828164987743246e+00
1.591642211789306982e+00
1.604787531841178616e+00
1.610722225456723944e+00
1.610453569311854460e+00
1.604494937849219482e+00
1.593209225295371123e+00
1.577396815853346235e+00
1.558710165535750258e+00
1.539610304376490602e+00
1.522877234894968845e+00
1.510913164968544775e+00
1.505135222129461603e+00
1.505667040294606851e+00
1.511388829814611645e+00
1.520272941887641727e+00
1.529861365149792540e+00
1.537738422541739647e+00
1.541894669636956872e+00
1.540936540603135896e+00
1.534146601813321409e+00
1.521429733901653814e+00
1.503190786597355055e+00
1.480185159732432698e+00
1.453372677427682946e+00
1.423792790940826114e+00
1.392468840914723449e+00
1.360341990195896411e+00
1.328231355315284690e+00
1.296815097071416734e+00
1.266626962925070154e+00
1.238063327959387783e+00
1.211396682918676637e+00
1.186792479333499628e+00
1.164327113110380063e+00
1.144005548617622381e+00
1.125777645570520624e+00
1.109552666263024623e+00
1.095211735676850706e+00
1.082618227556945145e+00
1.071626178746819980e+00
1.062086910963902620e+00
1.053854078755268597e+00
1.046787376076237175e+00
1.040755130380022431e+00
1.035635998651257772e+00
1.031319959082905413e+00
1.027708768385087845e+00
1.024716030317513793e+00
1.022266997479881256e+00
1.020298206622477721e+00
1.018757028264981601e+00
1.017601194427554701e+00
1.016798353747553119e+00
1.016325690978034935e+00
1.016169637533054448e+00
1.016325690979159591e+00
1.016798353749862383e+00
1.017601194431172029e+00
1.018757028270101284e+00
1.020298206629374871e+00
1.022266997488920914e+00
1.024716030329178684e+00
1.027708768399996586e+00
1.031319959101856476e+00
1.035635998675245917e+00
1.040755130410320417e+00
1.046787376114450607e+00
1.053854078803410532e+00
1.062086911024512581e+00
1.071626178823083864e+00
1.082618227652880183e+00
1.095211735797501973e+00
1.109552666414746147e+00
1.125777645761297352e+00
1.144005548857526922e+00
1.164327113412101600e+00
1.186792479713060899e+00
1.211396683396331886e+00
1.238063328560778720e+00
1.266626963682717433e+00
1.296815098026621538e+00
1.328231356520638062e+00
1.360341991718464483e+00
1.392468842840200338e+00
1.423792793378886978e+00
1.453372680518895343e+00
1.480185163657097069e+00
1.503190791586788588e+00
1.521429740252391527e+00
1.534146609904779357e+00
1.540936550919155712e+00
1.541894682791332905e+00
1.537738439307511307e+00
1.529861386491166986e+00
1.520272968992523621e+00
1.511388864124413756e+00
1.505667083526826877e+00
1.505135276287528079e+00
1.510913232332945055e+00
1.522877317989445478e+00
1.539610405902609003e+00
1.558710288267433297e+00
1.577396962479712617e+00
1.593209398196828497e+00
1.604495138792588760e+00
1.610453799061754010e+00
1.610722483327088783e+00
1.604787815249847815e+00
1.591642515915881351e+00
1.569828482650031276e+00
1.537336916870437165e+00
1.490345317319110574e+00
1.420592990287984358e+00
1.314191167339846089e+00
1.158588103098837641e+00
9.642483540662133423e-01
7.956664046562225145e-01
7.774373693080262049e-01
1.000000000000000000e+00
