1.000000000000000000e+00
9.973534501764471649e-01
1.017143040164374845e+00
1.065248987134980840e+00
1.137455649431555305e+00
1.224528019814862256e+00
1.316063365170283550e+00
1.403128248409756917e+00
1.479631622126383217e+00
1.542537885577180967e+00
1.591257565992914680e+00
1.626684191323001905e+00
1.650294678947176408e+00
1.663550742472351018e+00
1.667642308649407878e+00
1.663484509901584918e+00
1.651838680479911892e+00
1.633449915346829151e+00
1.609140833168983376e+00
1.579844526969482077e+00
1.546586775216058252e+00
1.510438189339462722e+00
1.472456462728490623e+00
1.433633223538919088e+00
1.394853415425727050e+00
1.356869797059846894e+00
1.320291696766470624e+00
1.285585393108152674e+00
1.253082930162136899e+00
1.222996329992099174e+00
1.195434661984123847e+00
1.170422029419449617e+00
1.147915105489806464e+00
1.127819334417843988e+00
1.110003292059163149e+00
1.094310980144074241e+00
1.080572024216632343e+00
1.068609874553562600e+00
1.058248187890913128e+00
1.049315609166368235e+00
1.041649187533188581e+00
1.035096658023572758e+00
1.029517805810356235e+00
1.024785108778932141e+00
1.020783829528586040e+00
1.017411702417648112e+00
1.014578336513150658e+00
1.012204432364748996e+00
1.010220890005256056e+00
1.008567867763599191e+00
1.007193836400717579e+00
1.006054660626268138e+00
1.005112730005603972e+00
1.004336153349472349e+00
1.003698024600721439e+00
1.003175763702213841e+00
1.002750532676330186e+00
1.002406724923179837e+00
1.002131524338359281e+00
1.001914530079899279e+00
1.001747442527673115e+00
1.001623806054876331e+00
1.001538804573847807e+00
1.001489106351452163e+00
1.001472755255758962e+00
1.001489106351452163e+00
1.001538804573847807e+00
1.001623806054876331e+00
1.001747442527673115e+00
1.001914530079899279e+00
1.002131524338359281e+00
1.002406724923179837e+00
1.002750532676330186e+00
1.003175763702213841e+00
1.003698024600721439e+00
1.004336153349472349e+00
1.005112730005603972e+00
1.006054660626268138e+00
1.007193836400717579e+00
1.008567867763599191e+00
1.010220890005256056e+00
1.012204432364748996e+00
1.014578336513150880e+00
1.017411702417647668e+00
1.020783829528586040e+00
1.024785108778932141e+00
1.029517805810356235e+00
1.035096658023572758e+00
1.041649187533188803e+00
1.049315609166368457e+00
1.058248187890913128e+00
1.068609874553562378e+00
1.080572024216632565e+00
1.094310980144073797e+00
1.110003292059162927e+00
1.127819334417843766e+00
1.147915105489804688e+00
1.170422029419449617e+00
1.195434661984123847e+00
1.222996329992099174e+00
1.253082930162138009e+00
1.285585393108151786e+00
1.320291696766471290e+00
1.356869797059846006e+00
1.394853415425727494e+00
1.433633223538917978e+00
1.472456462728490179e+00
1.510438189339463610e+00
1.546586775216059140e+00
1.579844526969480745e+00
1.609140833168984264e+00
1.633449915346828485e+00
1.651838680479910781e+00
1.663484509901583364e+00
1.667642308649405214e+00
1.663550742472351462e+00
1.650294678947176408e+00
1.626684191323000128e+00
1.591257565992912903e+00
1.542537885577178303e+00
1.479631622126381885e+00
1.403128248409754253e+00
1.316063365170282218e+00
1.224528019814861590e+00
1.137455649431554194e+00
1.065248987134979064e+00
1.017143040164373291e+00
9.973534501764449445e-01
1.000000000000000000e+00
