1.000000000000000000e+00
8.762765631670417221e-01
8.648389427283048603e-01
9.589639126312660133e-01
1.109255458939053529e+00
1.266650582787921753e+00
1.399875260005803534e+00
1.496880200603327271e+00
1.558787977956934689e+00
1.592653585457870946e+00
1.606408731057011430e+00
1.606672200581346743e+00
1.598529452420514030e+00
1.586040215766697958e+00
1.572636312789520652e+00
1.561140838992772562e+00
1.553528319801164459e+00
1.550674167143508253e+00
1.552284387437039559e+00
1.557066111918816054e+00
1.563084100402046817e+00
1.568190115723194555e+00
1.570412822287833077e+00
1.568234053632345359e+00
1.560726016701817764e+00
1.547563437293701272e+00
1.528946392269575405e+00
1.505474592586232507e+00
1.478007878124524055e+00
1.447536948119582556e+00
1.415077488342066925e+00
1.381592276521419027e+00
1.347940220793859334e+00
1.314848280756000687e+00
1.282901119824548353e+00
1.252543412958835312e+00
1.224090412172008424e+00
1.197743269594702342e+00
1.173606511103888028e+00
1.151705833963501124e+00
1.132005031901214043e+00
1.114421331724504416e+00
1.098838775905847776e+00
1.085119530096910756e+00
1.073113157207072454e+00
1.062664001200132935e+00
1.053616880890689167e+00
1.045821319819110418e+00
1.039134542677418338e+00
1.033423459160514479e+00
1.028565837983098641e+00
1.024450851081434299e+00
1.020979143510085896e+00
1.018062560167726449e+00
1.015623637501008369e+00
1.013594947499163013e+00
1.011918362995877896e+00
1.010544297665474600e+00
1.009430961082312450e+00
1.008543658630391748e+00
1.007854157658873762e+00
1.007340134796426590e+00
1.006984714470090747e+00
1.006776105133234678e+00
1.006707337217939369e+00
1.006776105130439136e+00
1.006984714464357555e+00
1.007340134787469532e+00
1.007854157646237425e+00
1.008543658613445082e+00
1.009430961060207910e+00
1.010544297637113509e+00
1.011918362959854045e+00
1.013594947453706485e+00
1.015623637443890503e+00
1.018062560096164804e+00
1.020979143420615909e+00
1.024450850969740312e+00
1.028565837843821829e+00
1.033423458986998611e+00
1.039134542461406463e+00
1.045821319550356066e+00
1.053616880556477620e+00
1.062664000784685259e+00
1.073113156690797432e+00
1.085119529455469856e+00
1.098838775108983645e+00
1.114421330734558513e+00
1.132005030671273005e+00
1.151705832435027332e+00
1.173606509203734882e+00
1.197743267231317521e+00
1.224090409230594423e+00
1.252543409295182375e+00
1.282901115257173652e+00
1.314848275056141436e+00
1.347940213672725207e+00
1.381592267614093039e+00
1.415077477187197452e+00
1.447536934134101339e+00
1.478007860572496668e+00
1.505474570541163404e+00
1.528946364569895966e+00
1.547563402491880735e+00
1.560725973008907363e+00
1.568233998861665368e+00
1.570412753804250272e+00
1.568190030407781599e+00
1.563083994645525276e+00
1.557065981660523679e+00
1.552284228268087762e+00
1.550673974492708052e+00
1.553528089219253339e+00
1.561140566544598318e+00
1.572635995554799049e+00
1.586039852436927911e+00
1.598529043959697082e+00
1.606671750887526784e+00
1.606408247518758659e+00
1.592653079252666970e+00
1.558787463910888293e+00
1.496879696461977050e+00
1.399874785089777918e+00
1.266650156218303680e+00
1.109255097833293791e+00
9.589636307477454880e-01
8.648387498761355152e-01
8.762764653576232687e-01
1.000000000000000000e+00
