1.000000000000000000e+00
8.436180845680941731e-01
8.367216457665909157e-01
9.544101207477417859e-01
1.123817353261369112e+00
1.285602417909170736e+00
1.411040169422459023e+00
1.496249560987136240e+00
1.549640088129274451e+00
1.581668783281572788e+00
1.599827690992962737e+00
1.607952472585824966e+00
1.607668566738098992e+00
1.600142849159596370e+00
1.587179436620300255e+00
1.571441782820261590e+00
1.556016804567265543e+00
1.543697633448579243e+00
1.536336590339737240e+00
1.534492196516942464e+00
1.537436169190418589e+00
1.543455401992690934e+00
1.550312263143043490e+00
1.555718242669651863e+00
1.557713088397162604e+00
1.554897051419909193e+00
1.546514318127110821e+00
1.532418361940833806e+00
1.512962839340580734e+00
1.488859630506540022e+00
1.461035651183112405e+00
1.430508031486707132e+00
1.398286765143207599e+00
1.365306433358079108e+00
1.332384141263194488e+00
1.300198736393254340e+00
1.269285910412897733e+00
1.240044224106413129e+00
1.212747942419253988e+00
1.187563510010668066e+00
1.164567371320446076e+00
1.143763570897806225e+00
1.125100143672981501e+00
1.108483733127486381e+00
1.093792181388741902e+00
1.080885044655170990e+00
1.069612123274193749e+00
1.059820177605770297e+00
1.051358043851009949e+00
1.044080380093499016e+00
1.037850270758514215e+00
1.032540904112185576e+00
1.028036517096283076e+00
1.024232778164356095e+00
1.021036754258663803e+00
1.018366584265984587e+00
1.016150959243923291e+00
1.014328490005201422e+00
1.012847025551198765e+00
1.011662971392717436e+00
1.010740644865194771e+00
1.010051694915091280e+00
1.009574606223305082e+00
1.009294301628223867e+00
1.009201852295026347e+00
1.009294301627475798e+00
1.009574606221771420e+00
1.010051694912697862e+00
1.010740644861818582e+00
1.011662971388193943e+00
1.012847025545302815e+00
1.014328489997644578e+00
1.016150959234335183e+00
1.018366584253903806e+00
1.021036754243500599e+00
1.024232778145384382e+00
1.028036517072601130e+00
1.032540904082664524e+00
1.037850270721754509e+00
1.044080380047758716e+00
1.051358043794130337e+00
1.059820177535060193e+00
1.069612123186306718e+00
1.080885044545934370e+00
1.093792181252941864e+00
1.108483732958601697e+00
1.125100143462837599e+00
1.143763570636134208e+00
1.164567370994314732e+00
1.187563509603751788e+00
1.212747941910881977e+00
1.240044223470365914e+00
1.269285909615823327e+00
1.300198735392650073e+00
1.332384140004796880e+00
1.365306431772552065e+00
1.398286763141913580e+00
1.430508028956425148e+00
1.461035647979468832e+00
1.488859626446040307e+00
1.512962834191143191e+00
1.532418355410840816e+00
1.546514309853265434e+00
1.554897040954340337e+00
1.557713075194602226e+00
1.555718226075737176e+00
1.550312242385029959e+00
1.543455376174093008e+00
1.537436137291303684e+00
1.534492157402260748e+00
1.536336542779240810e+00
1.543697576153887363e+00
1.556016736253795330e+00
1.571441702303225885e+00
1.587179342952819816e+00
1.600142741815733904e+00
1.607668445833071225e+00
1.607952339110455542e+00
1.599827547021903218e+00
1.581668632099628935e+00
1.549639934214159132e+00
1.496249409796798879e+00
1.411040026968434002e+00
1.285602290157957350e+00
1.123817245487481076e+00
9.544100370278982837e-01
8.367215887881483960e-01
8.436180557877489550e-01
1.000000000000000000e+00
