1.000000000000000000e+00
1.077700125595482339e+00
1.155096676402060707e+00
1.230940985441602686e+00
1.303164322237089001e+00
1.369186690147400576e+00
1.426341429909882219e+00
1.472318641104576775e+00
1.505526452086959566e+00
1.525297208666656967e+00
1.531914493174672875e+00
1.526485830960177648e+00
1.510717423645834057e+00
1.486654881489344104e+00
1.456442405973506826e+00
1.422132273070038977e+00
1.385556094775361347e+00
1.348254508482026548e+00
1.311453919491007314e+00
1.276076458390120738e+00
1.242770329452644429e+00
1.211950345222607694e+00
1.183841397834028975e+00
1.158520235069694815e+00
1.135952937290574116e+00
1.116026919979520526e+00
1.098577213045089263e+00
1.083407317649108803e+00
1.070305229257112911e+00
1.059055333023721346e+00
1.049446890703271018e+00
1.041279792278491323e+00
1.034368169951155325e+00
1.028542385489919386e+00
1.023649815174347610e+00
1.019554775837264282e+00
1.016137863822319520e+00
1.013294917154147212e+00
1.010935759830397629e+00
1.008982845200237177e+00
1.007369881872566042e+00
1.006040499347356842e+00
1.004946990428777998e+00
1.004049152371820020e+00
1.003313237658088664e+00
1.002711017440785612e+00
1.002218955325266059e+00
1.001817485664031393e+00
1.001490388461738767e+00
1.001224251923044761e+00
1.001008013334226732e+00
1.000832569118860427e+00
1.000690445375810977e+00
1.000575520866869184e+00
1.000482795180295925e+00
1.000408195591055760e+00
1.000348416926073458e+00
1.000300789495681242e+00
1.000263170855065775e+00
1.000233857804200932e+00
1.000211515619743530e+00
1.000195122039884144e+00
1.000183923998212210e+00
1.000177405531420538e+00
1.000175265676269687e+00
1.000177405531420538e+00
1.000183923998212210e+00
1.000195122039884144e+00
1.000211515619743530e+00
1.000233857804200932e+00
1.000263170855065775e+00
1.000300789495681242e+00
1.000348416926073458e+00
1.000408195591055760e+00
1.000482795180295925e+00
1.000575520866869184e+00
1.000690445375810977e+00
1.000832569118860427e+00
1.001008013334226732e+00
1.001224251923044761e+00
1.001490388461738767e+00
1.001817485664031393e+00
1.002218955325266059e+00
1.002711017440785612e+00
1.003313237658088664e+00
1.004049152371820020e+00
1.004946990428777998e+00
1.006040499347356842e+00
1.007369881872566042e+00
1.008982845200237177e+00
1.010935759830397629e+00
1.013294917154147212e+00
1.016137863822319298e+00
1.019554775837264282e+00
1.023649815174347388e+00
1.028542385489919386e+00
1.034368169951154881e+00
1.041279792278491323e+00
1.049446890703271018e+00
1.059055333023721124e+00
1.070305229257113133e+00
1.083407317649108581e+00
1.098577213045089707e+00
1.116026919979520304e+00
1.135952937290574116e+00
1.158520235069694593e+00
1.183841397834028975e+00
1.211950345222608139e+00
1.242770329452644429e+00
1.276076458390120294e+00
1.311453919491008202e+00
1.348254508482026992e+00
1.385556094775360902e+00
1.422132273070038311e+00
1.456442405973505494e+00
1.486654881489344993e+00
1.510717423645834057e+00
1.526485830960176093e+00
1.531914493174672431e+00
1.525297208666657633e+00
1.505526452086958455e+00
1.472318641104575887e+00
1.426341429909882219e+00
1.369186690147401686e+00
1.303164322237089445e+00
1.230940985441602020e+00
1.155096676402060707e+00
1.077700125595482339e+00
1.000000000000000000e+00
