1.000000000000000000e+00
1.043154921801742852e+00
1.085755882918972404e+00
1.126949864248697475e+00
1.165613182170825990e+00
1.200471133623055353e+00
1.230271282788064857e+00
1.253965117495942749e+00
1.270855638360647299e+00
1.280681661451658071e+00
1.283628723591086374e+00
1.280274949827823638e+00
1.271492715110653648e+00
1.258331231877048095e+00
1.241902404654182002e+00
1.223285379946046803e+00
1.203457347143669587e+00
1.183251543591416599e+00
1.163339066364033725e+00
1.144228988762690635e+00
1.126280886637416767e+00
1.109724530207516935e+00
1.094682620197480860e+00
1.081193652369481395e+00
1.069233064367691055e+00
1.058731663652081600e+00
1.049590944494682487e+00
1.041695304871327776e+00
1.034921414527592676e+00
1.029145107797320824e+00
1.024246216936880671e+00
1.020111753554291401e+00
1.016637808901461160e+00
1.013730493357018592e+00
1.011306181110718461e+00
1.009291273775202669e+00
1.007621649613487769e+00
1.006241924703062729e+00
1.005104618947916917e+00
1.004169293019992804e+00
1.003401701335457252e+00
1.002772990183137924e+00
1.002258958244949483e+00
1.001839388165424838e+00
1.001497451821905083e+00
1.001219187911319475e+00
1.000993047906389100e+00
1.000809504945537665e+00
1.000660719496202278e+00
1.000540255432712744e+00
1.000442840319329729e+00
1.000364164055210559e+00
1.000300710527507686e+00
1.000249617465380769e+00
1.000208560247390688e+00
1.000175655958579934e+00
1.000149384504379402e+00
1.000128524056854040e+00
1.000112098531198424e+00
1.000099335166658499e+00
1.000089630618904657e+00
1.000082524264050754e+00
1.000077677673120391e+00
1.000074859444825215e+00
1.000073934789651675e+00
1.000074859444825215e+00
1.000077677673120391e+00
1.000082524264050754e+00
1.000089630618904657e+00
1.000099335166658499e+00
1.000112098531198424e+00
1.000128524056854040e+00
1.000149384504379402e+00
1.000175655958579934e+00
1.000208560247390688e+00
1.000249617465380769e+00
1.000300710527507686e+00
1.000364164055210559e+00
1.000442840319329729e+00
1.000540255432712744e+00
1.000660719496202278e+00
1.000809504945537665e+00
1.000993047906389100e+00
1.001219187911319475e+00
1.001497451821905083e+00
1.001839388165424838e+00
1.002258958244949483e+00
1.002772990183137924e+00
1.003401701335457252e+00
1.004169293019992804e+00
1.005104618947916917e+00
1.006241924703062729e+00
1.007621649613487769e+00
1.009291273775202669e+00
1.011306181110718239e+00
1.013730493357018592e+00
1.016637808901461160e+00
1.020111753554291401e+00
1.024246216936880671e+00
1.029145107797320602e+00
1.034921414527592676e+00
1.041695304871327554e+00
1.049590944494682709e+00
1.058731663652081378e+00
1.069233064367691055e+00
1.081193652369481173e+00
1.094682620197480638e+00
1.109724530207517379e+00
1.126280886637416545e+00
1.144228988762690413e+00
1.163339066364033725e+00
1.183251543591416821e+00
1.203457347143668921e+00
1.223285379946045914e+00
1.241902404654181113e+00
1.258331231877047873e+00
1.271492715110652760e+00
1.280274949827822528e+00
1.283628723591085929e+00
1.280681661451656961e+00
1.270855638360645967e+00
1.253965117495941861e+00
1.230271282788064191e+00
1.200471133623055575e+00
1.165613182170824880e+00
1.126949864248696809e+00
1.085755882918972626e+00
1.043154921801742629e+00
1.000000000000000000e+00
