1.000000000000000000e+00
1.062081335456605435e+00
1.123514555272189241e+00
1.183118981706620554e+00
1.239239290782611747e+00
1.289945585866246525e+00
1.333318601193270281e+00
1.367747155750553611e+00
1.392167378505203779e+00
1.406195142773013274e+00
1.410136459408785736e+00
1.404892686077186870e+00
1.391798058486853673e+00
1.372432555730560555e+00
1.348446241736274143e+00
1.321418043473070458e+00
1.292758288012100021e+00
1.263653854027904311e+00
1.235048657156136320e+00
1.207649858482791494e+00
1.181950434381789039e+00
1.158260342249069375e+00
1.136740547109125643e+00
1.117436097091233593e+00
1.100306005072975601e+00
1.085248850727706715e+00
1.072123800485355494e+00
1.060767228531519502e+00
1.051005389962727632e+00
1.042663716638032367e+00
1.035573330713131401e+00
1.029575339111682863e+00
1.024523410896629017e+00
1.020285066042043498e+00
1.016742029239554590e+00
1.013789932303959862e+00
1.011337586633024976e+00
1.009305994240718318e+00
1.007627222144076296e+00
1.006243229683951634e+00
1.005104710701967052e+00
1.004169991258691885e+00
1.003404007649916441e+00
1.002777377832031469e+00
1.002265571099964836e+00
1.001848175202503910e+00
1.001508256394990193e+00
1.001231805704579259e+00
1.001007263513059353e+00
1.000825114132149141e+00
1.000677542117131225e+00
1.000558142458393140e+00
1.000461677377119329e+00
1.000383873138041002e+00
1.000321251015042989e+00
1.000270987261587807e+00
1.000230797620748513e+00
1.000198842543404965e+00
1.000173649860715219e+00
1.000154052176288388e+00
1.000139136706689413e+00
1.000128205710083096e+00
1.000120746008120065e+00
1.000116406431824867e+00
1.000114982315621903e+00
1.000116406431824867e+00
1.000120746008120065e+00
1.000128205710083096e+00
1.000139136706689413e+00
1.000154052176288388e+00
1.000173649860715219e+00
1.000198842543404965e+00
1.000230797620748513e+00
1.000270987261587807e+00
1.000321251015042989e+00
1.000383873138041002e+00
1.000461677377119329e+00
1.000558142458393140e+00
1.000677542117131225e+00
1.000825114132149141e+00
1.001007263513059353e+00
1.001231805704579259e+00
1.001508256394990193e+00
1.001848175202503910e+00
1.002265571099964836e+00
1.002777377832031469e+00
1.003404007649916441e+00
1.004169991258691885e+00
1.005104710701967052e+00
1.006243229683951634e+00
1.007627222144076296e+00
1.009305994240718318e+00
1.011337586633024976e+00
1.013789932303959862e+00
1.016742029239554368e+00
1.020285066042043498e+00
1.024523410896629017e+00
1.029575339111682863e+00
1.035573330713131401e+00
1.042663716638032367e+00
1.051005389962727854e+00
1.060767228531519279e+00
1.072123800485355938e+00
1.085248850727706493e+00
1.100306005072975601e+00
1.117436097091233371e+00
1.136740547109125643e+00
1.158260342249070041e+00
1.181950434381788595e+00
1.207649858482791050e+00
1.235048657156136320e+00
1.263653854027904533e+00
1.292758288012099355e+00
1.321418043473069348e+00
1.348446241736273254e+00
1.372432555730560777e+00
1.391798058486853229e+00
1.404892686077185759e+00
1.410136459408785514e+00
1.406195142773013496e+00
1.392167378505202668e+00
1.367747155750552501e+00
1.333318601193269837e+00
1.289945585866247191e+00
1.239239290782611524e+00
1.183118981706620110e+00
1.123514555272189686e+00
1.062081335456605213e+00
1.000000000000000000e+00
