1.000000000000000000e+00
1.064406918191511675e+00
1.128173215972126053e+00
1.190086485877112521e+00
1.248426034623566272e+00
1.301175097938203074e+00
1.346322444302743282e+00
1.382176816090917582e+00
1.407619751819356280e+00
1.422245382307015360e+00
1.426371164875682940e+00
1.420937654844524278e+00
1.407337268444513123e+00
1.387217642542001084e+00
1.362297684860307445e+00
1.334220287513675940e+00
1.304451207467442142e+00
1.274222623058032466e+00
1.244513520102770165e+00
1.216056729080113419e+00
1.189362792597657537e+00
1.164752577826277724e+00
1.142392703712775903e+00
1.122329869253508416e+00
1.104521800063670289e+00
1.088863723696712693e+00
1.075210086165441226e+00
1.063391715557586714e+00
1.053228908343670334e+00
1.044541032060733787e+00
1.037153259898589308e+00
1.030901018055085272e+00
1.025632662621586144e+00
1.021210826770353464e+00
1.017512801948135204e+00
1.014430244821573179e+00
1.011868438000970594e+00
1.009745278270267166e+00
1.007990121165778463e+00
1.006542574591182460e+00
1.005351305711421617e+00
1.004372903491652425e+00
1.003570822808144358e+00
1.002914424010971750e+00
1.002378113242379021e+00
1.001940582924649048e+00
1.001584147977798711e+00
1.001294170984168064e+00
1.001058568267632953e+00
1.000867388376171840e+00
1.000712454501095472e+00
1.000587062750133205e+00
1.000485728779960670e+00
1.000403975990016958e+00
1.000338159216857870e+00
1.000285318601807250e+00
1.000243059006114654e+00
1.000209451000447780e+00
1.000182950051412778e+00
1.000162331064563981e+00
1.000146635922790406e+00
1.000135132085182788e+00
1.000127280690597420e+00
1.000122712948462667e+00
1.000121213904537010e+00
1.000122712948462667e+00
1.000127280690597420e+00
1.000135132085182788e+00
1.000146635922790406e+00
1.000162331064563981e+00
1.000182950051412778e+00
1.000209451000447780e+00
1.000243059006114654e+00
1.000285318601807250e+00
1.000338159216857870e+00
1.000403975990016958e+00
1.000485728779960670e+00
1.000587062750133205e+00
1.000712454501095472e+00
1.000867388376171840e+00
1.001058568267632953e+00
1.001294170984168064e+00
1.001584147977798711e+00
1.001940582924649048e+00
1.002378113242379021e+00
1.002914424010971750e+00
1.003570822808144358e+00
1.004372903491652425e+00
1.005351305711421617e+00
1.006542574591182460e+00
1.007990121165778463e+00
1.009745278270267166e+00
1.011868438000970594e+00
1.014430244821573179e+00
1.017512801948134982e+00
1.021210826770353464e+00
1.025632662621586144e+00
1.030901018055085272e+00
1.037153259898589308e+00
1.044541032060733787e+00
1.053228908343670556e+00
1.063391715557586492e+00
1.075210086165441670e+00
1.088863723696712471e+00
1.104521800063670289e+00
1.122329869253508194e+00
1.142392703712775903e+00
1.164752577826278390e+00
1.189362792597657092e+00
1.216056729080112975e+00
1.244513520102770165e+00
1.274222623058032688e+00
1.304451207467441698e+00
1.334220287513675052e+00
1.362297684860306557e+00
1.387217642542001306e+00
1.407337268444512679e+00
1.420937654844523168e+00
1.426371164875682718e+00
1.422245382307015582e+00
1.407619751819355391e+00
1.382176816090916693e+00
1.346322444302743060e+00
1.301175097938203740e+00
1.248426034623566050e+00
1.190086485877112077e+00
1.128173215972126275e+00
1.064406918191511453e+00
1.000000000000000000e+00
