1.000000000000000000e+00
1.077667044091852988e+00
1.156555607601424951e+00
1.236183833532277676e+00
1.314655167505364819e+00
1.389099594547528183e+00
1.456228714346219588e+00
1.512921373020284843e+00
1.556730325896250600e+00
1.586215734389727849e+00
1.601061462681991454e+00
1.601990101669824584e+00
1.590537044013028645e+00
1.568760261332776018e+00
1.538953359106188135e+00
1.503406477918513895e+00
1.464234686466848068e+00
1.423274245614059019e+00
1.382035905317190894e+00
1.341700160198475267e+00
1.303139730844397715e+00
1.266957146271793011e+00
1.233528554152948820e+00
1.203047881296275046e+00
1.175567844063548861e+00
1.151036016457265054e+00
1.129325297040928877e+00
1.110258812335666700e+00
1.093629684299352922e+00
1.079216277390311562e+00
1.066793602591607160e+00
1.056141543581900821e+00
1.047050517858616248e+00
1.039325114310390097e+00
1.032786171380821294e+00
1.027271684064869905e+00
1.022636857651292974e+00
1.018753563393676398e+00
1.015509396902482653e+00
1.012806493969919286e+00
1.010560220285181998e+00
1.008697820336725615e+00
1.007157085882198766e+00
1.005885084817396358e+00
1.004836976242482915e+00
1.003974926216841812e+00
1.003267130406401586e+00
1.002686943940779063e+00
1.002212114786291908e+00
1.001824114365518881e+00
1.001507557655150871e+00
1.001249704282680675e+00
1.001040031991518475e+00
1.000869874076636412e+00
1.000732112875388324e+00
1.000620922030719395e+00
1.000531550954964377e+00
1.000460145660621913e+00
1.000403600856251796e+00
1.000359438909054877e+00
1.000325711938692352e+00
1.000300923924046792e+00
1.000283970275757772e+00
1.000274092854988917e+00
1.000270848909176502e+00
1.000274092854988917e+00
1.000283970275757772e+00
1.000300923924046792e+00
1.000325711938692352e+00
1.000359438909054877e+00
1.000403600856251796e+00
1.000460145660621913e+00
1.000531550954964377e+00
1.000620922030719395e+00
1.000732112875388324e+00
1.000869874076636412e+00
1.001040031991518475e+00
1.001249704282680675e+00
1.001507557655150871e+00
1.001824114365518881e+00
1.002212114786291908e+00
1.002686943940779063e+00
1.003267130406401586e+00
1.003974926216841812e+00
1.004836976242482915e+00
1.005885084817396358e+00
1.007157085882198766e+00
1.008697820336725393e+00
1.010560220285181998e+00
1.012806493969919508e+00
1.015509396902482653e+00
1.018753563393676398e+00
1.022636857651292752e+00
1.027271684064869683e+00
1.032786171380821072e+00
1.039325114310389875e+00
1.047050517858615803e+00
1.056141543581900821e+00
1.066793602591606938e+00
1.079216277390311340e+00
1.093629684299353144e+00
1.110258812335666256e+00
1.129325297040929321e+00
1.151036016457264832e+00
1.175567844063548861e+00
1.203047881296274602e+00
1.233528554152948820e+00
1.266957146271793455e+00
1.303139730844397715e+00
1.341700160198474823e+00
1.382035905317191560e+00
1.423274245614058797e+00
1.464234686466848068e+00
1.503406477918513451e+00
1.538953359106186358e+00
1.568760261332777128e+00
1.590537044013028423e+00
1.601990101669822808e+00
1.601061462681990566e+00
1.586215734389727849e+00
1.556730325896249933e+00
1.512921373020283067e+00
1.456228714346218922e+00
1.389099594547528627e+00
1.314655167505365485e+00
1.236183833532276788e+00
1.156555607601424507e+00
1.077667044091852766e+00
1.000000000000000000e+00
