1.000000000000000000e+00
7.455619666141508617e-01
7.849095190071398997e-01
9.753516710682137436e-01
1.169915377727064776e+00
1.314382101368720912e+00
1.412942604131519397e+00
1.482817790735155405e+00
1.534345441511682617e+00
1.570655392142481732e+00
1.592922481304868354e+00
1.603510808082284189e+00
1.605990471002197717e+00
1.603725915899298471e+00
1.598687561528068457e+00
1.591231889376394371e+00
1.580781268749077872e+00
1.566878309495968624e+00
1.550018240923251911e+00
1.531889663930668499e+00
1.514998732232905931e+00
1.501925283232615316e+00
1.494558495977209800e+00
1.493592267408533569e+00
1.498404075300914462e+00
1.507283447678502197e+00
1.517875655786658173e+00
1.527679744690943808e+00
1.534471517129352369e+00
1.536580847751185086e+00
1.533010269229912348e+00
1.523421445891514514e+00
1.508033981490875863e+00
1.487481475684562238e+00
1.462660349872943355e+00
1.434594396891705426e+00
1.404326547087442645e+00
1.372840873209388413e+00
1.341012622293183076e+00
1.309581478048008618e+00
1.279142493157871874e+00
1.250149434562737971e+00
1.222926098482789437e+00
1.197682118662126260e+00
1.174530712867513760e+00
1.153506598700683172e+00
1.134582934437431412e+00
1.117686611877506175e+00
1.102711568569333389e+00
1.089530022419130662e+00
1.078001687098976147e+00
1.067981122573210317e+00
1.059323428060275463e+00
1.051888507657318339e+00
1.045544141359128654e+00
1.040168083490309314e+00
1.035649391896668714e+00
1.031889168384444444e+00
1.028800866498090105e+00
1.026310298570539903e+00
1.024355451190730903e+00
1.022886197442975709e+00
1.021863975744035313e+00
1.021261488826945785e+00
1.021062462192299902e+00
1.021261488826742614e+00
1.021863975743619202e+00
1.022886197442333112e+00
1.024355451189841393e+00
1.026310298569371504e+00
1.028800866496603739e+00
1.031889168382597033e+00
1.035649391894401417e+00
1.040168083487563955e+00
1.045544141355827739e+00
1.051888507653387483e+00
1.059323428055632510e+00
1.067981122567759344e+00
1.078001687092618788e+00
1.089530022411755006e+00
1.102711568560824640e+00
1.117686611867730884e+00
1.134582934426240808e+00
1.153506598687881413e+00
1.174530712852854375e+00
1.197682118645251537e+00
1.222926098463184008e+00
1.250149434539640447e+00
1.279142493130125846e+00
1.309581478013876810e+00
1.341012622250050024e+00
1.372840873153396535e+00
1.404326547012957782e+00
1.434594396790624726e+00
1.462660349733809761e+00
1.487481475491480687e+00
1.508033981222228315e+00
1.523421445518534423e+00
1.533010268715235824e+00
1.536580847047527065e+00
1.534471516178569583e+00
1.527679743423600911e+00
1.517875654122232909e+00
1.507283445525928745e+00
1.498404072558858102e+00
1.493592263964247602e+00
1.494558491702804082e+00
1.501925277978074513e+00
1.514998725816794511e+00
1.531889656131826927e+00
1.550018231479005193e+00
1.566878298112783563e+00
1.580781255128721918e+00
1.591231873254673967e+00
1.598687542717279531e+00
1.603725894324423251e+00
1.605990446727377785e+00
1.603510781333849167e+00
1.592922452499840213e+00
1.570655361919484960e+00
1.534345410742873339e+00
1.482817760493253756e+00
1.412942575606810802e+00
1.314382075756415746e+00
1.169915356107134485e+00
9.753516542912474829e-01
7.849095076205131472e-01
7.455619608803075726e-01
1.000000000000000000e+00
