1.000000000000000000e+00
1.011550027600438773e+00
1.038365209110644560e+00
1.085564587511740120e+00
1.151584909565499970e+00
1.230957553101100110e+00
1.316542607412448884e+00
1.401246054874320635e+00
1.479158301868948033e+00
1.546093155454747459e+00
1.599622315658714600e+00
1.638793438703814109e+00
1.663732818375103895e+00
1.675276382426707178e+00
1.674692057839749060e+00
1.663494436472753968e+00
1.643324343613580929e+00
1.615864375056547342e+00
1.582772032434774045e+00
1.545623280708252834e+00
1.505866168035271624e+00
1.464786373727467783e+00
1.423485959649885668e+00
1.382875026493539217e+00
1.343674559245393807e+00
1.306427928885806278e+00
1.271518305782350922e+00
1.239189457211275158e+00
1.209567845208755710e+00
1.182684454904411986e+00
1.158495270652624809e+00
1.136899730166572642e+00
1.117756810917286847e+00
1.100898642123723903e+00
1.086141701861013109e+00
1.073295766594948519e+00
1.062170843529443021e+00
1.052582346294513638e+00
1.044354781248775010e+00
1.037324202508129067e+00
1.031339674482486757e+00
1.026263955522773497e+00
1.021973588429140989e+00
1.018358555320271641e+00
1.015321627269698546e+00
1.012777514174670213e+00
1.010651898104540036e+00
1.008880414123769942e+00
1.007407626313672200e+00
1.006186033282467474e+00
1.005175126610735159e+00
1.004340517131013133e+00
1.003653137368141657e+00
1.003088523556214584e+00
1.002626177104660066e+00
1.002249002944126666e+00
1.001942820611293250e+00
1.001695943033358072e+00
1.001498817585026346e+00
1.001343723980906431e+00
1.001224523829913560e+00
1.001136457134358393e+00
1.001075981604163445e+00
1.001040651330532327e+00
1.001029032092402904e+00
1.001040651330532327e+00
1.001075981604163445e+00
1.001136457134358393e+00
1.001224523829913560e+00
1.001343723980906431e+00
1.001498817585026346e+00
1.001695943033358072e+00
1.001942820611293250e+00
1.002249002944126666e+00
1.002626177104660066e+00
1.003088523556214584e+00
1.003653137368141657e+00
1.004340517131013133e+00
1.005175126610735159e+00
1.006186033282467474e+00
1.007407626313672200e+00
1.008880414123769942e+00
1.010651898104540258e+00
1.012777514174670213e+00
1.015321627269698546e+00
1.018358555320271641e+00
1.021973588429140989e+00
1.026263955522773275e+00
1.031339674482486757e+00
1.037324202508129289e+00
1.044354781248775010e+00
1.052582346294513638e+00
1.062170843529443021e+00
1.073295766594948297e+00
1.086141701861012887e+00
1.100898642123723903e+00
1.117756810917285737e+00
1.136899730166572198e+00
1.158495270652624587e+00
1.182684454904412208e+00
1.209567845208756154e+00
1.239189457211274270e+00
1.271518305782351366e+00
1.306427928885805834e+00
1.343674559245394029e+00
1.382875026493538995e+00
1.423485959649885668e+00
1.464786373727469559e+00
1.505866168035272068e+00
1.545623280708251501e+00
1.582772032434775600e+00
1.615864375056547342e+00
1.643324343613580929e+00
1.663494436472753746e+00
1.674692057839747727e+00
1.675276382426709398e+00
1.663732818375105671e+00
1.638793438703814997e+00
1.599622315658714822e+00
1.546093155454747681e+00
1.479158301868949366e+00
1.401246054874320635e+00
1.316542607412448884e+00
1.230957553101101887e+00
1.151584909565501302e+00
1.085564587511739898e+00
1.038365209110643894e+00
1.011550027600437440e+00
1.000000000000000000e+00
