1.000000000000000000e+00
9.411458396462714093e-01
9.416529737631037511e-01
1.007769108007535275e+00
1.119350350921088477e+00
1.248317957302102155e+00
1.369926507722734721e+00
1.468168387702755817e+00
1.536724396158718697e+00
1.577074352661036238e+00
1.595398373319336205e+00
1.599548471963361695e+00
1.596801053625321432e+00
1.592581884675374093e+00
1.590037349941819000e+00
1.590202412532143894e+00
1.592509061395194880e+00
1.595421385535343184e+00
1.597040592322292119e+00
1.595582826557641942e+00
1.589688050788852225e+00
1.578563005553202947e+00
1.561990367472127605e+00
1.540248697262212918e+00
1.513986826477452086e+00
1.484087358937281831e+00
1.451542191751859390e+00
1.417352048013984289e+00
1.382453751387793250e+00
1.347673714394033384e+00
1.313703399552731854e+00
1.281091602005990593e+00
1.250248580730304093e+00
1.221457785807039897e+00
1.194891831369535806e+00
1.170630242493437390e+00
1.148677262252486120e+00
1.128978611449697578e+00
1.111436552661893007e+00
1.095922942465382022e+00
1.082290185789757109e+00
1.070380157870643334e+00
1.060031252396150370e+00
1.051083765372146317e+00
1.043383845534200383e+00
1.036786243327562529e+00
1.031156078654051678e+00
1.026369827952799296e+00
1.022315707500600634e+00
1.018893604739756320e+00
1.016014684775630172e+00
1.013600776102582923e+00
1.011583618806989993e+00
1.009904040298721384e+00
1.008511108127448930e+00
1.007361296564936337e+00
1.006417693188639495e+00
1.005649263432299767e+00
1.005030184695948625e+00
1.004539256847391204e+00
1.004159392530074468e+00
1.003877188370631446e+00
1.003682576733627263e+00
1.003568556908838616e+00
1.003531004373762414e+00
1.003568556908838616e+00
1.003682576733627041e+00
1.003877188370631446e+00
1.004159392530074246e+00
1.004539256847391204e+00
1.005030184695948847e+00
1.005649263432300211e+00
1.006417693188639495e+00
1.007361296564937003e+00
1.008511108127449596e+00
1.009904040298721384e+00
1.011583618806990437e+00
1.013600776102583589e+00
1.016014684775631283e+00
1.018893604739757208e+00
1.022315707500601967e+00
1.026369827952800629e+00
1.031156078654053898e+00
1.036786243327564749e+00
1.043383845534203047e+00
1.051083765372150092e+00
1.060031252396155255e+00
1.070380157870649329e+00
1.082290185789764214e+00
1.095922942465390237e+00
1.111436552661904109e+00
1.128978611449712011e+00
1.148677262252504772e+00
1.170630242493458706e+00
1.194891831369562230e+00
1.221457785807073204e+00
1.250248580730343617e+00
1.281091602006044106e+00
1.313703399552797135e+00
1.347673714394115096e+00
1.382453751387896945e+00
1.417352048014111521e+00
1.451542191752019928e+00
1.484087358937481227e+00
1.513986826477701886e+00
1.540248697262524669e+00
1.561990367472516406e+00
1.578563005553687004e+00
1.589688050789451079e+00
1.595582826558376910e+00
1.597040592323189845e+00
1.595421385536428316e+00
1.592509061396494729e+00
1.590202412533679555e+00
1.590037349943607792e+00
1.592581884677425119e+00
1.596801053627626255e+00
1.599548471965895002e+00
1.595398373322056695e+00
1.577074352663877743e+00
1.536724396161603279e+00
1.468168387705580225e+00
1.369926507725393039e+00
1.248317957304490688e+00
1.119350350923113080e+00
1.007769108009116232e+00
9.416529737641865516e-01
9.411458396468200815e-01
1.000000000000000000e+00
