1.000000000000000000e+00
1.013577137205329048e+00
1.041673660322453898e+00
1.089271846202955807e+00
1.155010005210863167e+00
1.233749433008115126e+00
1.318657460198414899e+00
1.402834937308166330e+00
1.480426952084855197e+00
1.547185956916318883e+00
1.600560800857406374e+00
1.639473775796036703e+00
1.663966371152850510e+00
1.674848673368304119e+00
1.673417842398556399e+00
1.661255295836358892e+00
1.640084778575318980e+00
1.611669332468997018e+00
1.577732096815757989e+00
1.539894089072195937e+00
1.499627240875280876e+00
1.458222647729814136e+00
1.416773575521257600e+00
1.376171670493475885e+00
1.337113907763568532e+00
1.300117399343855951e+00
1.265539239499392954e+00
1.233598933174684165e+00
1.204401464001287447e+00
1.177959587620530213e+00
1.154214411090693337e+00
1.133053708358983336e+00
1.114327719708881004e+00
1.097862398112300797e+00
1.083470211438493092e+00
1.070958701251534917e+00
1.060137049812140964e+00
1.050820928037947244e+00
1.042835897474740925e+00
1.036019625705386416e+00
1.030223152339944104e+00
1.025311415725612463e+00
1.021163221664904031e+00
1.017670806770687442e+00
1.014739121991016013e+00
1.012284937160918830e+00
1.010235845644659181e+00
1.008529229386841530e+00
1.007111228952455528e+00
1.005935750221696789e+00
1.004963529046428272e+00
1.004161267059547447e+00
1.003500845632032901e+00
1.002958620379346577e+00
1.002514795337834608e+00
1.002152873701610547e+00
1.001859180605911614e+00
1.001622452673182506e+00
1.001433488746631406e+00
1.001284856295943548e+00
1.001170648292007970e+00
1.001086285835017353e+00
1.001028362426333418e+00
1.000994526456518319e+00
1.000983399211607283e+00
1.000994526456518319e+00
1.001028362426333418e+00
1.001086285835017353e+00
1.001170648292007970e+00
1.001284856295943548e+00
1.001433488746631406e+00
1.001622452673182506e+00
1.001859180605911614e+00
1.002152873701610547e+00
1.002514795337834608e+00
1.002958620379346577e+00
1.003500845632032901e+00
1.004161267059547447e+00
1.004963529046428272e+00
1.005935750221696789e+00
1.007111228952455528e+00
1.008529229386841530e+00
1.010235845644659403e+00
1.012284937160918830e+00
1.014739121991016013e+00
1.017670806770687442e+00
1.021163221664904031e+00
1.025311415725612241e+00
1.030223152339944104e+00
1.036019625705386638e+00
1.042835897474740925e+00
1.050820928037947244e+00
1.060137049812140742e+00
1.070958701251534695e+00
1.083470211438492870e+00
1.097862398112300575e+00
1.114327719708879894e+00
1.133053708358982892e+00
1.154214411090692893e+00
1.177959587620530213e+00
1.204401464001287669e+00
1.233598933174683276e+00
1.265539239499393176e+00
1.300117399343855507e+00
1.337113907763568532e+00
1.376171670493475441e+00
1.416773575521257378e+00
1.458222647729815691e+00
1.499627240875280876e+00
1.539894089072194161e+00
1.577732096815759100e+00
1.611669332468996574e+00
1.640084778575318314e+00
1.661255295836357782e+00
1.673417842398554400e+00
1.674848673368305008e+00
1.663966371152850954e+00
1.639473775796036037e+00
1.600560800857405264e+00
1.547185956916317773e+00
1.480426952084855197e+00
1.402834937308165220e+00
1.318657460198413567e+00
1.233749433008116014e+00
1.155010005210863389e+00
1.089271846202954919e+00
1.041673660322453010e+00
1.013577137205327494e+00
1.000000000000000000e+00
