1.000000000000000000e+00
1.060395137640187890e+00
1.120140630421102790e+00
1.178080638538803848e+00
1.232607387896127449e+00
1.281852856302483135e+00
1.323962559116858451e+00
1.357381187654683519e+00
1.381082421585843489e+00
1.394696331717035997e+00
1.398519654869149864e+00
1.393424919222391978e+00
1.380704210856490421e+00
1.361888778763731933e+00
1.338579252076801840e+00
1.312308717383884771e+00
1.284447847566354772e+00
1.256151179625225156e+00
1.228337659830865736e+00
1.201696248098550690e+00
1.176707547062292525e+00
1.153673919722273622e+00
1.132752501400050127e+00
1.113987367874885726e+00
1.097338646408080542e+00
1.082707486907917183e+00
1.069956579992052959e+00
1.058926388466847390e+00
1.049447525376489665e+00
1.041349832114950802e+00
1.034468736429822844e+00
1.028649440576931751e+00
1.023749430688289275e+00
1.019639726845854799e+00
1.016205220138098442e+00
1.013344374322350916e+00
1.010968508807515986e+00
1.009000827747319695e+00
1.007375317139618920e+00
1.006035597325416919e+00
1.004933791193543868e+00
1.004029447618946636e+00
1.003288544098388746e+00
1.002682581184671129e+00
1.002187773268596427e+00
1.001784334759440842e+00
1.001455857145250095e+00
1.001188770269336281e+00
1.000971880041473971e+00
1.000795974403527744e+00
1.000653489455994194e+00
1.000538228050228851e+00
1.000445123734607922e+00
1.000370043621203520e+00
1.000309624450905988e+00
1.000261136837884424e+00
1.000222373343189197e+00
1.000191556647215263e+00
1.000167264654924004e+00
1.000148369874461318e+00
1.000133990861329369e+00
1.000123453920706673e+00
1.000116263615980383e+00
1.000112080948213134e+00
1.000110708356321876e+00
1.000112080948213134e+00
1.000116263615980383e+00
1.000123453920706673e+00
1.000133990861329369e+00
1.000148369874461318e+00
1.000167264654924004e+00
1.000191556647215263e+00
1.000222373343189197e+00
1.000261136837884424e+00
1.000309624450905988e+00
1.000370043621203520e+00
1.000445123734607922e+00
1.000538228050228851e+00
1.000653489455994194e+00
1.000795974403527744e+00
1.000971880041473971e+00
1.001188770269336281e+00
1.001455857145250095e+00
1.001784334759440842e+00
1.002187773268596427e+00
1.002682581184671129e+00
1.003288544098388746e+00
1.004029447618946636e+00
1.004933791193543868e+00
1.006035597325416919e+00
1.007375317139618920e+00
1.009000827747319695e+00
1.010968508807515986e+00
1.013344374322350916e+00
1.016205220138098220e+00
1.019639726845854799e+00
1.023749430688289275e+00
1.028649440576931751e+00
1.034468736429822844e+00
1.041349832114950802e+00
1.049447525376489887e+00
1.058926388466847168e+00
1.069956579992053403e+00
1.082707486907916961e+00
1.097338646408080542e+00
1.113987367874885503e+00
1.132752501400050127e+00
1.153673919722274288e+00
1.176707547062292081e+00
1.201696248098550246e+00
1.228337659830865736e+00
1.256151179625225378e+00
1.284447847566354106e+00
1.312308717383883883e+00
1.338579252076800952e+00
1.361888778763732155e+00
1.380704210856489755e+00
1.393424919222390868e+00
1.398519654869149642e+00
1.394696331717035997e+00
1.381082421585842157e+00
1.357381187654682408e+00
1.323962559116858007e+00
1.281852856302483801e+00
1.232607387896127227e+00
1.178080638538803404e+00
1.120140630421103234e+00
1.060395137640187668e+00
1.000000000000000000e+00
