1.000000000000000000e+00
8.858639250599001924e-01
8.743491295296145216e-01
9.624567844416453966e-01
1.106755049037677852e+00
1.261512680569240041e+00
1.395528783695342279e+00
1.494956318005925988e+00
1.558937217813080478e+00
1.593416977357087649e+00
1.606314343634310360e+00
1.604989139238513829e+00
1.595489013061610839e+00
1.582613953286128305e+00
1.570085156302015506e+00
1.560550738954201933e+00
1.555482058908548293e+00
1.555122705958633444e+00
1.558605487576723680e+00
1.564249717684979668e+00
1.569967490070633520e+00
1.573675659436228891e+00
1.573625914776966228e+00
1.568606272538061397e+00
1.558010070668201408e+00
1.541798407903438362e+00
1.520394842317402073e+00
1.494550265072503548e+00
1.465207208101614311e+00
1.433381893451348477e+00
1.400072576992467344e+00
1.366195677043069878e+00
1.332546935362691753e+00
1.299782879243476241e+00
1.268417400925252236e+00
1.238828689337728273e+00
1.211272562483148407e+00
1.185899157274178828e+00
1.162770775724977002e+00
1.141879392273154492e+00
1.123162880771170657e+00
1.106519432791720492e+00
1.091819933851803315e+00
1.078918265565949053e+00
1.067659632018205018e+00
1.057887086517926623e+00
1.049446475235202403e+00
1.042190028426689397e+00
1.035978826673963349e+00
1.030684355152652332e+00
1.026189338099755766e+00
1.022388021697674620e+00
1.019186048888868212e+00
1.016500045749491488e+00
1.014257016981286119e+00
1.012393628393591261e+00
1.010855437193560080e+00
1.009596116511938257e+00
1.008576708744903794e+00
1.007764932776046729e+00
1.007134562692190594e+00
1.006664889935453999e+00
1.006340276654363874e+00
1.006149805051588464e+00
1.006087025517477418e+00
1.006149805047134915e+00
1.006340276645231624e+00
1.006664889921182748e+00
1.007134562672056255e+00
1.007764932749038556e+00
1.008576708709668424e+00
1.009596116466719318e+00
1.010855437136108925e+00
1.012393628321073047e+00
1.014257016890136143e+00
1.016500045635251315e+00
1.019186048745984507e+00
1.022388021519225809e+00
1.026189337877141394e+00
1.030684354875182507e+00
1.035978826328365798e+00
1.042190027996481749e+00
1.049446474699913923e+00
1.057887085852128983e+00
1.067659631190296832e+00
1.078918264536630423e+00
1.091819932572158924e+00
1.106519431200800652e+00
1.123162878792939523e+00
1.141879389812611167e+00
1.162770772663234586e+00
1.185899153462196098e+00
1.211272557733733324e+00
1.238828683415318155e+00
1.268417393532861981e+00
1.299782870006051416e+00
1.332546923805880024e+00
1.366195662566347391e+00
1.400072558835234071e+00
1.433381870650668244e+00
1.465207179440150220e+00
1.494550229015555676e+00
1.520394796938645321e+00
1.541798350800252404e+00
1.558009998869750223e+00
1.568606182412561667e+00
1.573625801949106506e+00
1.573675518731237677e+00
1.569967315507366346e+00
1.564249502545746795e+00
1.558605224584601601e+00
1.555122387592706046e+00
1.555481677882429858e+00
1.560550288873033153e+00
1.570084632497046995e+00
1.582613353802020173e+00
1.595488339735604111e+00
1.604988398758580015e+00
1.606313548396681501e+00
1.593416145878207679e+00
1.558936374423999238e+00
1.494955491621323684e+00
1.395528005648155379e+00
1.261511981816866523e+00
1.106754457353094967e+00
9.624563222983502087e-01
8.743488131375583006e-01
8.858637645073681455e-01
1.000000000000000000e+00
