1.000000000000000000e+00
8.238351043439683385e-01
8.226275367246842496e-01
9.561870278734498907e-01
1.136017285341959449e+00
1.298295444549439903e+00
1.417861374056929913e+00
1.496235221627410406e+00
1.545305764018112704e+00
1.576476808736951174e+00
1.596624999309900428e+00
1.608425330643115769e+00
1.612291038916584540e+00
1.608258748386308890e+00
1.597172694349814126e+00
1.581075312442344671e+00
1.562946945673980848e+00
1.546046460017026281e+00
1.533147991124099718e+00
1.525937988371522724e+00
1.524735823303477122e+00
1.528569407654453149e+00
1.535524701213016208e+00
1.543228541126606235e+00
1.549323593646318109e+00
1.551835078103532162e+00
1.549384808831999694e+00
1.541256767859074284e+00
1.527348449020336618e+00
1.508052730546920017e+00
1.484111430626274153e+00
1.456470993495314836e+00
1.426158609855472159e+00
1.394186804956880410e+00
1.361487359335394665e+00
1.328871269077621431e+00
1.297009615554774786e+00
1.266429895295198227e+00
1.237522881518392515e+00
1.210555971758248806e+00
1.185689928211256738e+00
1.162996785191644511e+00
1.142477418087192387e+00
1.124077829196759026e+00
1.107703622256259290e+00
1.093232433656212255e+00
1.080524289971389607e+00
1.069429991476736230e+00
1.059797698850571290e+00
1.051477940279891943e+00
1.044327270180690714e+00
1.038210807359741583e+00
1.033003866057006448e+00
1.028592872569064953e+00
1.024875736391360537e+00
1.021761820348471073e+00
1.019171630560951725e+00
1.017036325300624933e+00
1.015297122360400150e+00
1.013904667741241106e+00
1.012818414247080856e+00
1.012006046832998329e+00
1.011442982029523874e+00
1.011111961161538675e+00
1.011002751058757143e+00
1.011111961164234296e+00
1.011442982035054561e+00
1.012006046841652740e+00
1.012818414259297972e+00
1.013904667757652645e+00
1.015297122381844108e+00
1.017036325328195767e+00
1.019171630596047651e+00
1.021761820392875109e+00
1.024875736447305785e+00
1.028592872639366274e+00
1.033003866145194349e+00
1.038210807470225649e+00
1.044327270318988088e+00
1.051477940452898885e+00
1.059797699066913124e+00
1.069429991747198772e+00
1.080524290309480717e+00
1.093232434078851956e+00
1.107703622784676156e+00
1.124077829857623723e+00
1.142477418914070730e+00
1.162996786226857981e+00
1.185689929508281892e+00
1.210555973384803474e+00
1.237522883560422615e+00
1.266429897862061393e+00
1.297009618785928353e+00
1.328871273151293275e+00
1.361487364479790685e+00
1.394186811464637854e+00
1.426158618102159270e+00
1.456471003962986677e+00
1.484111443933083585e+00
1.508052747483867639e+00
1.527348470595992991e+00
1.541256795352629272e+00
1.549384843854185734e+00
1.551835122663521194e+00
1.549323650220758797e+00
1.543228612724520277e+00
1.535524791427470781e+00
1.528569520689253558e+00
1.524735963960768492e+00
1.525938161984282448e+00
1.533148203415575228e+00
1.546046716866675608e+00
1.562947252766327955e+00
1.581075674774002460e+00
1.597173115576688174e+00
1.608259230016660268e+00
1.612291579402760799e+00
1.608425924492424608e+00
1.596625636403325554e+00
1.576477474079602814e+00
1.545306438114678382e+00
1.496235881566873260e+00
1.417861995221953775e+00
1.298296002679642847e+00
1.136017758539879186e+00
9.561873981261986843e-01
8.226277906823495911e-01
8.238352334017657874e-01
1.000000000000000000e+00
