1.000000000000000000e+00
7.515342849647071999e-01
7.862265984341862968e-01
9.726516348857880967e-01
1.167716620320914833e+00
1.314505049590622088e+00
1.414328091261832565e+00
1.483856321313037130e+00
1.534345795232250120e+00
1.569895266013104695e+00
1.592087435055351330e+00
1.603195132458326011e+00
1.606439981102447234e+00
1.604775471631000983e+00
1.599847641905357998e+00
1.591896232156638558e+00
1.580488657633423610e+00
1.565521638569166596e+00
1.547910623704114919e+00
1.529665719192575768e+00
1.513402877911075306e+00
1.501577254032602227e+00
1.495778980264453217e+00
1.496333676043658745e+00
1.502286850321396416e+00
1.511705736937519973e+00
1.522151476602799036e+00
1.531165784691474130e+00
1.536657756587541224e+00
1.537136901343221895e+00
1.531792085012724902e+00
1.520449717871941164e+00
1.503457028359019398e+00
1.481533366919950856e+00
1.455621707391872688e+00
1.426759963298138922e+00
1.395980996354668546e+00
1.364242628297859028e+00
1.332384525748989246e+00
1.301106816256306198e+00
1.270964883507958332e+00
1.242375275953387481e+00
1.215628544732107796e+00
1.190905794735310552e+00
1.168296622580383914e+00
1.147816858012922214e+00
1.129425106533945566e+00
1.113037524250072741e+00
1.098540565315541340e+00
1.085801653925860144e+00
1.074677870215932751e+00
1.065022822215743181e+00
1.056691919736797436e+00
1.049546282603034841e+00
1.043455513945131807e+00
1.038299555962214349e+00
1.033969825437555334e+00
1.030369802816857083e+00
1.027415224211071232e+00
1.025034001862746624e+00
1.023165976402194088e+00
1.021762584147093200e+00
1.020786504958268281e+00
1.020211340699029856e+00
1.020021360924742160e+00
1.020211340698837121e+00
1.020786504957872820e+00
1.021762584146482578e+00
1.023165976401348543e+00
1.025034001861636401e+00
1.027415224209658140e+00
1.030369802815100044e+00
1.033969825435397283e+00
1.038299555959601328e+00
1.043455513941988544e+00
1.049546282599288505e+00
1.056691919732369644e+00
1.065022822210538456e+00
1.074677870209854724e+00
1.085801653918796239e+00
1.098540565307374317e+00
1.113037524240662046e+00
1.129425106523130440e+00
1.147816858000486162e+00
1.168296622566051379e+00
1.190905794718679633e+00
1.215628544712597403e+00
1.242375275930138523e+00
1.270964883479681840e+00
1.301106816221073936e+00
1.332384525703918188e+00
1.364242628238722554e+00
1.395980996275317354e+00
1.426759963189758951e+00
1.455621707242027441e+00
1.481533366711405897e+00
1.503457028068328816e+00
1.520449717467874828e+00
1.531792084454629554e+00
1.537136900579485710e+00
1.536657755554449389e+00
1.531165783312591566e+00
1.522151474789072978e+00
1.511705734587856842e+00
1.502286847323114793e+00
1.496333672271656923e+00
1.495778975577757297e+00
1.501577248267428555e+00
1.513402870871084493e+00
1.529665710639541931e+00
1.547910613354788412e+00
1.565521626105027542e+00
1.580488642727465365e+00
1.591896214515226227e+00
1.599847621316296209e+00
1.604775448006537264e+00
1.606439954511476254e+00
1.603195103152348810e+00
1.592087403497062681e+00
1.569895232906016069e+00
1.534345761531184849e+00
1.483856288189260075e+00
1.414328060015916932e+00
1.314505021531527040e+00
1.167716596633248782e+00
9.726516165025056448e-01
7.862265859557516778e-01
7.515342786802301500e-01
1.000000000000000000e+00
