1.000000000000000000e+00
8.922733081013021206e-01
8.815766651776238971e-01
9.667961515701869457e-01
1.107834500594374161e+00
1.260977036935597484e+00
1.395242491722744838e+00
1.495890812932008318e+00
1.560986879040073605e+00
1.595838770801812245e+00
1.608331170422737655e+00
1.606216750809788651e+00
1.596060373948338329e+00
1.583047648100687654e+00
1.571025799421466029e+00
1.562511097591675835e+00
1.558673422232399686e+00
1.559404652612785602e+00
1.563540402400577900e+00
1.569221358929261401e+00
1.574317357572192044e+00
1.576820357045225940e+00
1.575135057654906801e+00
1.568236489900685315e+00
1.555701901510923024e+00
1.537648194080848407e+00
1.514614162774268191e+00
1.487423013992600795e+00
1.457050957291692539e+00
1.424516936387099975e+00
1.390799610534869890e+00
1.356781542928552353e+00
1.323217070480284807e+00
1.290718882146626001e+00
1.259758196818656417e+00
1.230674004508131025e+00
1.203687696413334285e+00
1.178920307268110923e+00
1.156410397321004924e+00
1.136131260793610709e+00
1.118006656981527458e+00
1.101924635177826017e+00
1.087749289003610897e+00
1.075330453684057552e+00
1.064511472668893788e+00
1.055135225287962886e+00
1.047048638619652250e+00
1.040105914949444044e+00
1.034170698996411453e+00
1.029117392314857993e+00
1.024831800175200147e+00
1.021211271814218335e+00
1.018164470312920900e+00
1.015610884896864130e+00
1.013480177015106287e+00
1.011711432601438698e+00
1.010252376633063331e+00
1.009058592456150372e+00
1.008092777193146716e+00
1.007324055651487749e+00
1.006727368245094567e+00
1.006282943231386007e+00
1.005975859774937975e+00
1.005795705705350596e+00
1.005736332094250729e+00
1.005795705706560739e+00
1.005975859777420878e+00
1.006282943235270677e+00
1.006727368250578181e+00
1.007324055658852746e+00
1.008092777202769241e+00
1.009058592468521365e+00
1.010252376648806072e+00
1.011711432621350326e+00
1.013480177040187780e+00
1.015610884928370927e+00
1.018164470352431072e+00
1.021211271863698533e+00
1.024831800237112178e+00
1.029117392392276287e+00
1.034170699093179602e+00
1.040105915070365761e+00
1.047048638770739837e+00
1.055135225476742544e+00
1.064511472904803524e+00
1.075330453978948553e+00
1.087749289372386796e+00
1.101924635639269789e+00
1.118006657559357908e+00
1.136131261517844271e+00
1.156410398229721803e+00
1.178920308409737716e+00
1.203687697849604943e+00
1.230674006317922009e+00
1.259758199102958054e+00
1.290718885034973118e+00
1.323217074139003246e+00
1.356781547571336066e+00
1.390799616436128039e+00
1.424516943898686439e+00
1.457050966863433716e+00
1.487423026196940112e+00
1.514614178334961814e+00
1.537648213904947436e+00
1.555701926722347528e+00
1.568236521872298450e+00
1.575135098034374792e+00
1.576820407768231291e+00
1.574317420855027683e+00
1.569221437231997696e+00
1.563540498351802199e+00
1.559404768887640902e+00
1.558673561376826999e+00
1.562511261787658201e+00
1.571025990191946331e+00
1.583047865961348943e+00
1.596060618029556011e+00
1.606217018496008730e+00
1.608331457082186722e+00
1.595839069694547252e+00
1.560987181483294295e+00
1.495891108761323363e+00
1.395242770021802858e+00
1.260977286928116170e+00
1.107834712526795329e+00
9.667963173960285594e-01
8.815767789199746574e-01
8.922733659038133425e-01
1.000000000000000000e+00
