1.000000000000000000e+00
7.790005659439991348e-01
7.963226226102843031e-01
9.637177439152971870e-01
1.157802935688823531e+00
1.313819424539701242e+00
1.420638418896272404e+00
1.490489455958841747e+00
1.537344448936998509e+00
1.569690160944704260e+00
1.591490078098874550e+00
1.604743085422218885e+00
1.610801805795003983e+00
1.610564106643074034e+00
1.604497129326508231e+00
1.592999485749626132e+00
1.576964664202780142e+00
1.558149006505102463e+00
1.539084150910158044e+00
1.522563147339575318e+00
1.510944201236970486e+00
1.505563012322193028e+00
1.506452025371636694e+00
1.512415411952614308e+00
1.521380001984945496e+00
1.530876854293828471e+00
1.538508936661320048e+00
1.542304993789153977e+00
1.540918160973267392e+00
1.533676972402240990e+00
1.520525361855447732e+00
1.501897262592872151e+00
1.478566623307428829e+00
1.451502337969326595e+00
1.421745325045489894e+00
1.390314891721942558e+00
1.358144624055638516e+00
1.326044146447138194e+00
1.294681454416200417e+00
1.264580332607625701e+00
1.236127960489235234e+00
1.209588721237637277e+00
1.185121188001192483e+00
1.162796123822086303e+00
1.142614040967114386e+00
1.124521415003313152e+00
1.108425055055558328e+00
1.094204419339154466e+00
1.081721859997376800e+00
1.070830906305862751e+00
1.061382769179490593e+00
1.053231287361214408e+00
1.046236547935185390e+00
1.040267409316242064e+00
1.035203139845151776e+00
1.030934364084213017e+00
1.027363485083106154e+00
1.024404726502898821e+00
1.021983915027962375e+00
1.020038101873894876e+00
1.018515102903366110e+00
1.017373020066850708e+00
1.016579792543414573e+00
1.016112813862123376e+00
1.015958641126614825e+00
1.016112813863229380e+00
1.016579792545686090e+00
1.017373020070408307e+00
1.018515102908400305e+00
1.020038101880676340e+00
1.021983915036849710e+00
1.024404726514365871e+00
1.027363485097760432e+00
1.030934364102837897e+00
1.035203139868723365e+00
1.040267409346008920e+00
1.046236547972722253e+00
1.053231287408494365e+00
1.061382769239003654e+00
1.070830906380729974e+00
1.081721860091532150e+00
1.094204419457536437e+00
1.108425055204384835e+00
1.124521415190393059e+00
1.142614041202292929e+00
1.162796124117758456e+00
1.185121188372999734e+00
1.209588721705338044e+00
1.236127961077824855e+00
1.264580333348781283e+00
1.294681455350120469e+00
1.326044147624966252e+00
1.358144625542543560e+00
1.390314893601126034e+00
1.421745327423356686e+00
1.451502340982155692e+00
1.478566627129910716e+00
1.501897267449012752e+00
1.520525368032300984e+00
1.533676980267014711e+00
1.540918170994216130e+00
1.542305006560381830e+00
1.538508952931292306e+00
1.530876874996498049e+00
1.521380028271512863e+00
1.512415445220625765e+00
1.506452067286947250e+00
1.505563064828317810e+00
1.510944266545923398e+00
1.522563227898174887e+00
1.539084249335505472e+00
1.558149125481474107e+00
1.576964806329113955e+00
1.592999653323318610e+00
1.604497324049630969e+00
1.610564329247714088e+00
1.610802055610024652e+00
1.604743359941929848e+00
1.591490372650953944e+00
1.569690468569997943e+00
1.537344760572949776e+00
1.490489760961550170e+00
1.420638705855979067e+00
1.313819682255479293e+00
1.157803154097625908e+00
9.637179147683457847e-01
7.963227397935553897e-01
7.790006254985630818e-01
1.000000000000000000e+00
