1.000000000000000000e+00
1.012896503233974510e+00
1.040556740426819671e+00
1.088009507434521961e+00
1.153829354848684874e+00
1.232771450754732934e+00
1.317903521167867353e+00
1.402262459798260474e+00
1.479974222977604503e+00
1.546809369575334880e+00
1.600254683430724967e+00
1.639271346939536356e+00
1.663926918908900987e+00
1.675038872514483357e+00
1.673894353384665745e+00
1.662052983450132748e+00
1.641211809574729452e+00
1.613108186148292988e+00
1.579444474673086241e+00
1.541827617682892670e+00
1.501722309198060268e+00
1.460418336583952703e+00
1.419012193479568751e+00
1.378401811476233751e+00
1.339292183543465464e+00
1.302209108705966401e+00
1.267518258608637538e+00
1.235447086592351917e+00
1.206107589648073297e+00
1.179518458305548467e+00
1.155625628704227914e+00
1.134320648085670236e+00
1.115456571384514373e+00
1.098861329413571841e+00
1.084348661693795624e+00
1.071726803934273109e+00
1.060805174991977795e+00
1.051399332186550017e+00
1.043334466224034252e+00
1.036447694795640029e+00
1.030589392583281638e+00
1.025623768982449446e+00
1.021428876318945189e+00
1.017896202801602978e+00
1.014929977351452184e+00
1.012446288680413309e+00
1.010372099056128681e+00
1.008644214275830731e+00
1.007208255457611612e+00
1.006017665171684339e+00
1.005032769916255342e+00
1.004219912685041960e+00
1.003550663053932812e+00
1.003001107517323298e+00
1.002551219437985308e+00
1.002184305675160481e+00
1.001886525496702873e+00
1.001646476569572508e+00
1.001454842500204556e+00
1.001304096433641710e+00
1.001188255516862524e+00
1.001102681509179693e+00
1.001043923422834991e+00
1.001009598756424923e+00
1.000998310613407938e+00
1.001009598756424923e+00
1.001043923422834991e+00
1.001102681509179693e+00
1.001188255516862524e+00
1.001304096433641710e+00
1.001454842500204556e+00
1.001646476569572508e+00
1.001886525496702873e+00
1.002184305675160481e+00
1.002551219437985308e+00
1.003001107517323298e+00
1.003550663053932812e+00
1.004219912685041960e+00
1.005032769916255342e+00
1.006017665171684339e+00
1.007208255457611612e+00
1.008644214275830731e+00
1.010372099056128903e+00
1.012446288680413309e+00
1.014929977351452184e+00
1.017896202801602978e+00
1.021428876318945189e+00
1.025623768982449224e+00
1.030589392583281638e+00
1.036447694795640251e+00
1.043334466224034252e+00
1.051399332186550017e+00
1.060805174991977795e+00
1.071726803934272887e+00
1.084348661693795401e+00
1.098861329413571841e+00
1.115456571384513262e+00
1.134320648085669792e+00
1.155625628704227692e+00
1.179518458305548689e+00
1.206107589648073741e+00
1.235447086592351251e+00
1.267518258608637982e+00
1.302209108705965956e+00
1.339292183543465686e+00
1.378401811476233529e+00
1.419012193479568751e+00
1.460418336583954479e+00
1.501722309198060712e+00
1.541827617682891338e+00
1.579444474673088017e+00
1.613108186148293210e+00
1.641211809574729674e+00
1.662052983450132748e+00
1.673894353384664857e+00
1.675038872514485799e+00
1.663926918908902985e+00
1.639271346939537466e+00
1.600254683430725633e+00
1.546809369575335769e+00
1.479974222977606502e+00
1.402262459798261141e+00
1.317903521167867797e+00
1.232771450754735154e+00
1.153829354848686428e+00
1.088009507434521961e+00
1.040556740426819227e+00
1.012896503233973178e+00
1.000000000000000000e+00
