1.000000000000000000e+00
8.770336440742416695e-01
8.659809030614474823e-01
9.602521675794086775e-01
1.110660455356441201e+00
1.268246434252275678e+00
1.401718729191051782e+00
1.498948438394078764e+00
1.560981956306248586e+00
1.594839621021639342e+00
1.608465410507837756e+00
1.608521604612376033e+00
1.600146333288597233e+00
1.587443087695195043e+00
1.573868780634003262e+00
1.562251476395195793e+00
1.554555058770639597e+00
1.551636050418941037e+00
1.553180702604977093e+00
1.557880984282439929e+00
1.563793797857649048e+00
1.568770490383202265e+00
1.570845112746508843e+00
1.568508260012341671e+00
1.560841892555716814e+00
1.547529649194440582e+00
1.528778575665892925e+00
1.505192974583726917e+00
1.477634961697444238e+00
1.447095552161283827e+00
1.414589268968921454e+00
1.381076737590093861e+00
1.347414154109162210e+00
1.314325547405305716e+00
1.282392680044655009e+00
1.252057521616650515e+00
1.223632912370635317e+00
1.197317933261357936e+00
1.173215390162572591e+00
1.151349597839065320e+00
1.131683276498154589e+00
1.114132851949293013e+00
1.098581798686899536e+00
1.084891908146302431e+00
1.072912525857559141e+00
1.062487901863786055e+00
1.053462855275480115e+00
1.045686979200432853e+00
1.039017616397471810e+00
1.033321826226204276e+00
1.028477545230032542e+00
1.024374120922886044e+00
1.020912373833780640e+00
1.018004318505548289e+00
1.015572651193175746e+00
1.013550091213888615e+00
1.011878644651662995e+00
1.010508843536001011e+00
1.009399000640982091e+00
1.008514509509086832e+00
1.007827210948865071e+00
1.007314840803759104e+00
1.006960568948604529e+00
1.006752635951457808e+00
1.006684091367858747e+00
1.006752635953773511e+00
1.006960568953354285e+00
1.007314840811189605e+00
1.007827210959352460e+00
1.008514509523169345e+00
1.009399000659375822e+00
1.010508843559638992e+00
1.011878644681736494e+00
1.013550091251913754e+00
1.015572651241055224e+00
1.018004318565671751e+00
1.020912373909143689e+00
1.024374121017227246e+00
1.028477545348025712e+00
1.033321826373682972e+00
1.039017616581727310e+00
1.045686979430575203e+00
1.053462855562901090e+00
1.062487902222748026e+00
1.072912526305938474e+00
1.084891908706539398e+00
1.098581799387215341e+00
1.114132852825241660e+00
1.131683277594636605e+00
1.151349599212901920e+00
1.173215391885852332e+00
1.197317935425768809e+00
1.223632915093076035e+00
1.252057525046507580e+00
1.282392684373226510e+00
1.314325552877977588e+00
1.347414161041031289e+00
1.381076746385945908e+00
1.414589280148424999e+00
1.447095566390440124e+00
1.477634979827068262e+00
1.505192997695429691e+00
1.528778605125311607e+00
1.547529686710176655e+00
1.560841940240706771e+00
1.568508320441930559e+00
1.570845189004732134e+00
1.568770586085931340e+00
1.563793917138818879e+00
1.557881131728108715e+00
1.553180883119261280e+00
1.551636269005903124e+00
1.554555320216307823e+00
1.562251784835406276e+00
1.573869139000156236e+00
1.587443497047893892e+00
1.600146792084149672e+00
1.608522107998028527e+00
1.608465949793582483e+00
1.594840183502995723e+00
1.560982525587776948e+00
1.498948995278993390e+00
1.401719253074265037e+00
1.268246904811643150e+00
1.110660854220134386e+00
9.602524796158671272e-01
8.659811170563553873e-01
8.770337528108643754e-01
1.000000000000000000e+00
