1.000000000000000000e+00
1.027410065619463575e+00
1.054442073266153246e+00
1.080551800511647453e+00
1.105043370468481667e+00
1.127137512786892337e+00
1.146071134578093842e+00
1.161202245013898571e+00
1.172096336038983111e+00
1.178577645278809038e+00
1.180739005076195003e+00
1.178913989188310474e+00
1.173622130468164437e+00
1.165500897286567916e+00
1.155237239932296323e+00
1.143508200044657475e+00
1.130935896241447303e+00
1.118058396622300332e+00
1.105315232160540839e+00
1.093044744028585535e+00
1.081489911485070676e+00
1.070809458228672462e+00
1.061091569101015875e+00
1.052368221130736137e+00
1.044628785674761584e+00
1.037832109652384371e+00
1.031916704857610334e+00
1.026808968540474654e+00
1.022429545219954328e+00
1.018698043590495761e+00
1.015536367131761875e+00
1.012870922685912722e+00
1.010633953374092231e+00
1.008764212026770357e+00
1.007207156421914052e+00
1.005914812867729102e+00
1.004845422786206477e+00
1.003962959286627266e+00
1.003236577680152175e+00
1.002640045336099517e+00
1.002151181774056932e+00
1.001751328846730349e+00
1.001424862692493312e+00
1.001158753254426381e+00
1.000942173069883978e+00
1.000766154304405964e+00
1.000623291286672822e+00
1.000507484818815795e+00
1.000413724072503951e+00
1.000337901771165106e+00
1.000276658480108827e+00
1.000227252089600727e+00
1.000187448918034683e+00
1.000155433238800073e+00
1.000129732416305206e+00
1.000109155204838229e+00
1.000092741107780014e+00
1.000079719008161616e+00
1.000069473562960054e+00
1.000061518103019909e+00
1.000055473000274864e+00
1.000051048656792396e+00
1.000048032439546208e+00
1.000046279034436658e+00
1.000045703826510479e+00
1.000046279034436658e+00
1.000048032439546208e+00
1.000051048656792396e+00
1.000055473000274864e+00
1.000061518103019909e+00
1.000069473562960054e+00
1.000079719008161616e+00
1.000092741107780014e+00
1.000109155204838229e+00
1.000129732416305206e+00
1.000155433238800073e+00
1.000187448918034683e+00
1.000227252089600727e+00
1.000276658480108827e+00
1.000337901771165106e+00
1.000413724072503951e+00
1.000507484818815795e+00
1.000623291286672822e+00
1.000766154304405964e+00
1.000942173069883978e+00
1.001158753254426381e+00
1.001424862692493312e+00
1.001751328846730349e+00
1.002151181774056932e+00
1.002640045336099517e+00
1.003236577680152175e+00
1.003962959286627266e+00
1.004845422786206477e+00
1.005914812867729102e+00
1.007207156421913830e+00
1.008764212026770357e+00
1.010633953374092231e+00
1.012870922685912722e+00
1.015536367131761875e+00
1.018698043590495539e+00
1.022429545219954328e+00
1.026808968540474432e+00
1.031916704857610556e+00
1.037832109652383927e+00
1.044628785674761584e+00
1.052368221130735693e+00
1.061091569101015430e+00
1.070809458228672684e+00
1.081489911485070232e+00
1.093044744028585091e+00
1.105315232160540617e+00
1.118058396622300332e+00
1.130935896241446859e+00
1.143508200044656586e+00
1.155237239932295212e+00
1.165500897286567916e+00
1.173622130468163327e+00
1.178913989188309586e+00
1.180739005076194781e+00
1.178577645278807928e+00
1.172096336038982001e+00
1.161202245013897016e+00
1.146071134578093176e+00
1.127137512786892115e+00
1.105043370468480779e+00
1.080551800511646787e+00
1.054442073266153468e+00
1.027410065619463353e+00
1.000000000000000000e+00
