1.000000000000000000e+00
8.392676187706581414e-01
8.333732696211969548e-01
9.543879834541656448e-01
1.126111207721753438e+00
1.288080847080100400e+00
1.412214965361655361e+00
1.495809935943593905e+00
1.548133949259676845e+00
1.579949230437205143e+00
1.598639324198968703e+00
1.607734797068976818e+00
1.608510190271613904e+00
1.601816198326202700e+00
1.589225226936210156e+00
1.573291568739424662e+00
1.557134230711637812e+00
1.543706161522754527e+00
1.535101226778815109e+00
1.532137390332471982e+00
1.534303057221261257e+00
1.540018623289425959e+00
1.547083650404408761e+00
1.553161677223593218e+00
1.556185560413388513e+00
1.554620434948920993e+00
1.547574198096672404e+00
1.534781908561561492e+00
1.516506876157340145e+00
1.493401448095951878e+00
1.466361461930082877e+00
1.436396290476549042e+00
1.404525407889471778e+00
1.371704273082637648e+00
1.338777302807624636e+00
1.306453234660937213e+00
1.275297463257852870e+00
1.245736244186203878e+00
1.218068460952173693e+00
1.192481594807887069e+00
1.169069434915550154e+00
1.147849830042736663e+00
1.128781388662771556e+00
1.111778490332029579e+00
1.096724299790126977e+00
1.083481702025894444e+00
1.071902225487700200e+00
1.061833111887869663e+00
1.053122740790092715e+00
1.045624637828373782e+00
1.039200296388215428e+00
1.033721030870189184e+00
1.029069060367792332e+00
1.025137998407149809e+00
1.021832899906717440e+00
1.019069992480827080e+00
1.016776196765746043e+00
1.014888520255010418e+00
1.013353391512802348e+00
1.012125986662713917e+00
1.011169587628540700e+00
1.010455001525061292e+00
1.009960062585560037e+00
1.009669231756987529e+00
1.009573304268548632e+00
1.009669231756333829e+00
1.009960062584219553e+00
1.010455001522970298e+00
1.011169587625591948e+00
1.012125986658763299e+00
1.013353391507654022e+00
1.014888520248414361e+00
1.016776196757378514e+00
1.019069992470288843e+00
1.021832899893494018e+00
1.025137998390611038e+00
1.029069060347155729e+00
1.033721030844472866e+00
1.039200296356203923e+00
1.045624637788553191e+00
1.053122740740584318e+00
1.061833111826330223e+00
1.071902225411213161e+00
1.083481701930814056e+00
1.096724299671890002e+00
1.111778490184912815e+00
1.128781388479582093e+00
1.147849829814407085e+00
1.169069434630622739e+00
1.192481594451837656e+00
1.218068460506534390e+00
1.245736243627444839e+00
1.275297462555909256e+00
1.306453233777317813e+00
1.338777301692969379e+00
1.371704271673607645e+00
1.404525406104781826e+00
1.436396288212017591e+00
1.466361459052500926e+00
1.493401444435682457e+00
1.516506871499607279e+00
1.534781902636490392e+00
1.547574190568414831e+00
1.554620425404348749e+00
1.556185548351132208e+00
1.553161662044359792e+00
1.547083631403568083e+00
1.540018599652925868e+00
1.534303028025989502e+00
1.532137354552834507e+00
1.535101183302628458e+00
1.543706109181920194e+00
1.557134168335642332e+00
1.573291495241397442e+00
1.589225141439944755e+00
1.601816100336773685e+00
1.608510079881243060e+00
1.607734675175023886e+00
1.598639192695195499e+00
1.579949092327289861e+00
1.548133808638632924e+00
1.495809797802682750e+00
1.412214835200765739e+00
1.288080730362533011e+00
1.126111109278829403e+00
9.543879070125901309e-01
8.333732176206936071e-01
8.392675925150252514e-01
1.000000000000000000e+00
