1.000000000000000000e+00
7.520904645057996385e-01
7.863623915249856600e-01
9.724069139940109130e-01
1.167504599841147073e+00
1.314505551402282535e+00
1.414452228107635934e+00
1.483954185878093579e+00
1.534348159519095756e+00
1.569825552824785975e+00
1.592010858803567963e+00
1.603168856840339496e+00
1.606486047754571045e+00
1.604875062289132792e+00
1.599951783766710545e+00
1.591947864621882758e+00
1.580447858527614935e+00
1.565383747419928584e+00
1.547709920227639868e+00
1.529464048933147691e+00
1.513268988629982825e+00
1.501565390281662360e+00
1.495913996526658796e+00
1.496606177705436025e+00
1.502657828116678695e+00
1.512117407786472301e+00
1.522540149000497278e+00
1.531473224588024262e+00
1.536838991896825268e+00
1.537163922204130673e+00
1.531653998935279759e+00
1.520150459691547828e+00
1.503011795290032371e+00
1.480964736416707117e+00
1.454956078220467353e+00
1.426024657980898613e+00
1.395202132915544846e+00
1.363443722534593450e+00
1.331585709371411408e+00
1.300324530305237092e+00
1.270211910673648248e+00
1.241660994640674254e+00
1.214959312074827880e+00
1.190285389606796862e+00
1.167726700297914144e+00
1.147297385017235438e+00
1.128954755937505050e+00
1.112614022322479412e+00
1.098160985372993004e+00
1.085462658349256371e+00
1.074375903984255087e+00
1.064754262847135813e+00
1.056453189220392330e+00
1.049333927038373693e+00
1.043266256375440015e+00
1.038130327434011013e+00
1.033817778744292593e+00
1.030232312760900326e+00
1.027289877596375689e+00
1.024918579843303368e+00
1.023058431279453062e+00
1.021661012245000499e+00
1.020689116812848019e+00
1.020116429482156306e+00
1.019927269778077683e+00
1.020116429481964238e+00
1.020689116812454111e+00
1.021661012244392319e+00
1.023058431278611291e+00
1.024918579842198030e+00
1.027289877594968814e+00
1.030232312759150615e+00
1.033817778742143423e+00
1.038130327431408428e+00
1.043266256372309186e+00
1.049333927034641345e+00
1.056453189215980304e+00
1.064754262841948851e+00
1.074375903978196600e+00
1.085462658342213116e+00
1.098160985364846853e+00
1.112614022313088258e+00
1.128954755926706577e+00
1.147297385004810044e+00
1.167726700283582053e+00
1.190285389590149512e+00
1.214959312055275742e+00
1.241660994617346248e+00
1.270211910645238973e+00
1.300324530269795442e+00
1.331585709326022382e+00
1.363443722474986908e+00
1.395202132835512199e+00
1.426024657871544976e+00
1.454956078069245651e+00
1.480964736206233034e+00
1.503011794996657047e+00
1.520150459283769351e+00
1.531653998372081604e+00
1.537163921433424729e+00
1.536838990854281661e+00
1.531473223196430977e+00
1.522540147169846314e+00
1.512117405414531879e+00
1.502657825089457111e+00
1.496606173896371850e+00
1.495913991793196507e+00
1.501565384458321439e+00
1.513268981518578471e+00
1.529464040293374127e+00
1.547709909773818060e+00
1.565383734830684936e+00
1.580447843472737368e+00
1.591947846804503186e+00
1.599951762971958402e+00
1.604875038427874490e+00
1.606486020896275235e+00
1.603168827239424887e+00
1.592010826928044409e+00
1.569825519385722457e+00
1.534348125480876179e+00
1.483954152423245132e+00
1.414452196549198071e+00
1.314505523062002190e+00
1.167504575915444542e+00
9.724068954253214381e-01
7.863623789201596992e-01
7.520904581574304748e-01
1.000000000000000000e+00
