1.000000000000000000e+00
8.479822594122593538e-01
8.401619320184888773e-01
9.545356708066637941e-01
1.121553807752790677e+00
1.283075243278482880e+00
1.409799006195868287e+00
1.496665568671528446e+00
1.551174794390514977e+00
1.583429134918653336e+00
1.601017097405649237e+00
1.608106064693429982e+00
1.606714698121334051e+00
1.598357686852651449e+00
1.585077164435670261e+00
1.569627552263789250e+00
1.555032278453297279e+00
1.543893932920162859e+00
1.537803499480022706e+00
1.537055161861864194e+00
1.540712160341134229e+00
1.546944018735501025e+00
1.553494081140527561e+00
1.558137383257749864e+00
1.559031094966755182e+00
1.554915572445347394e+00
1.545171619961077436e+00
1.529768283574603593e+00
1.509145066166075688e+00
1.484068430767561342e+00
1.455491770020792996e+00
1.424436142190457444e+00
1.391899146851808489e+00
1.358792455769054053e+00
1.325904587445279947e+00
1.293883822834035691e+00
1.263235916630123246e+00
1.234331807196402453e+00
1.207421409800476519e+00
1.182650514083843474e+00
1.160078653143744809e+00
1.139696510313923161e+00
1.121441971949461935e+00
1.105214335591173658e+00
1.090886467116193748e+00
1.078314893092845672e+00
1.067347938014766573e+00
1.057832088894441913e+00
1.049616806409425340e+00
1.042558013547910001e+00
1.036520487844268645e+00
1.031379367999250007e+00
1.027020964434707251e+00
1.023343039345696592e+00
1.020254697313832670e+00
1.017676004022578740e+00
1.015537428997759672e+00
1.013779189099248912e+00
1.012350552925771030e+00
1.011209152363654606e+00
1.010320336069151947e+00
1.009656590488053896e+00
1.009197046800184516e+00
1.008927086618867097e+00
1.008838055061019867e+00
1.008927086618017777e+00
1.009197046798443465e+00
1.009656590485336514e+00
1.010320336065317903e+00
1.011209152358517382e+00
1.012350552919074609e+00
1.013779189090664223e+00
1.015537428986865720e+00
1.017676004008849056e+00
1.020254697296597568e+00
1.023343039324127624e+00
1.027020964407776571e+00
1.031379367965671756e+00
1.036520487802449209e+00
1.042558013495867852e+00
1.049616806344704001e+00
1.057832088813984051e+00
1.067347937914774780e+00
1.078314892968591732e+00
1.090886466961781709e+00
1.105214335399245407e+00
1.121441971710818386e+00
1.139696510017041087e+00
1.160078652774160890e+00
1.182650513623362043e+00
1.207421409226149045e+00
1.234331806479234350e+00
1.263235915733386561e+00
1.293883821711121040e+00
1.325904586036928734e+00
1.358792453999847272e+00
1.391899144625688534e+00
1.424436139385128808e+00
1.455491766480733196e+00
1.484068426295506393e+00
1.509145060512826930e+00
1.529768276427112550e+00
1.545171610929048978e+00
1.554915561046755323e+00
1.559031080613112241e+00
1.558137365240297445e+00
1.553494058618908102e+00
1.546943990730899499e+00
1.540712125736257265e+00
1.537055119410853488e+00
1.537803447832415404e+00
1.543893870664651891e+00
1.555032204188703027e+00
1.569627464705769748e+00
1.585077062566556894e+00
1.598357570117065141e+00
1.606714566660251808e+00
1.608105919594130961e+00
1.601016940925929832e+00
1.583428970625541554e+00
1.551174627144543239e+00
1.496665404396944066e+00
1.409798851415299259e+00
1.283075104461229854e+00
1.121553690616901688e+00
9.545355797806073239e-01
8.401618700403870044e-01
8.479822280951940794e-01
1.000000000000000000e+00
