1.000000000000000000e+00
9.632573029407993648e-01
9.714598533519852586e-01
1.031274191148120467e+00
1.128913684517408367e+00
1.243128259269633329e+00
1.353871572053672478e+00
1.447135339152858746e+00
1.516474975530953895e+00
1.562056102128674517e+00
1.588336639627534685e+00
1.601485408315492576e+00
1.607316039168753541e+00
1.610074799415284863e+00
1.612056463273670914e+00
1.613819451378830649e+00
1.614717505512150764e+00
1.613505765259102498e+00
1.608860355443671564e+00
1.599734691302555190e+00
1.585541797117396179e+00
1.566192530685548867e+00
1.542036411198756563e+00
1.513751392776705229e+00
1.482219213877540964e+00
1.448410329955554632e+00
1.413290959974325522e+00
1.377756248082448787e+00
1.342588201500017675e+00
1.308434351915839677e+00
1.275802192797383938e+00
1.245064628399338513e+00
1.216472379232121703e+00
1.190170167314140492e+00
1.166214353699257744e+00
1.144590428596742315e+00
1.125229333192341086e+00
1.108022028082441768e+00
1.092832036655850159e+00
1.079505907222539030e+00
1.067881678176888727e+00
1.057795515473838099e+00
1.049086736774166750e+00
1.041601453821609624e+00
1.035195063047302355e+00
1.029733800816913014e+00
1.025095559092997100e+00
1.021170133137216274e+00
1.017859047720226284e+00
1.015075083827193136e+00
1.012741605118246069e+00
1.010791763043374702e+00
1.009167641805233551e+00
1.007819389359219331e+00
1.006704368229073943e+00
1.005786349888664777e+00
1.005034768554178504e+00
1.004424044161138951e+00
1.003932979785099322e+00
1.003544235537176865e+00
1.003243878784947585e+00
1.003021009203910463e+00
1.002867456473396590e+00
1.002777548239999428e+00
1.002747946154675995e+00
1.002777548239999428e+00
1.002867456473396590e+00
1.003021009203910463e+00
1.003243878784947585e+00
1.003544235537176865e+00
1.003932979785099322e+00
1.004424044161138951e+00
1.005034768554178504e+00
1.005786349888664777e+00
1.006704368229073943e+00
1.007819389359219331e+00
1.009167641805233551e+00
1.010791763043374925e+00
1.012741605118246069e+00
1.015075083827193136e+00
1.017859047720226284e+00
1.021170133137216496e+00
1.025095559092997322e+00
1.029733800816912570e+00
1.035195063047302355e+00
1.041601453821610068e+00
1.049086736774167194e+00
1.057795515473838321e+00
1.067881678176888949e+00
1.079505907222538585e+00
1.092832036655849715e+00
1.108022028082441546e+00
1.125229333192342196e+00
1.144590428596741427e+00
1.166214353699256856e+00
1.190170167314140270e+00
1.216472379232120149e+00
1.245064628399338957e+00
1.275802192797384160e+00
1.308434351915839455e+00
1.342588201500019229e+00
1.377756248082449009e+00
1.413290959974327299e+00
1.448410329955554854e+00
1.482219213877542074e+00
1.513751392776707005e+00
1.542036411198758117e+00
1.566192530685551976e+00
1.585541797117400398e+00
1.599734691302559186e+00
1.608860355443677559e+00
1.613505765259108493e+00
1.614717505512158535e+00
1.613819451378839087e+00
1.612056463273680684e+00
1.610074799415299518e+00
1.607316039168768640e+00
1.601485408315507897e+00
1.588336639627551561e+00
1.562056102128690060e+00
1.516474975530972769e+00
1.447135339152876732e+00
1.353871572053688688e+00
1.243128259269648872e+00
1.128913684517421911e+00
1.031274191148129571e+00
9.714598533519915868e-01
9.632573029408014742e-01
1.000000000000000000e+00
