1.000000000000000000e+00
1.079159898020538355e+00
1.159182918775361504e+00
1.239385421339569415e+00
1.317788352523626472e+00
1.391534020972402752e+00
1.457421012582998054e+00
1.512467898286379508e+00
1.554395060774848014e+00
1.581933146837830151e+00
1.594918163960083790e+00
1.594192252445109759e+00
1.581371454801531629e+00
1.558556116989617601e+00
1.528049311016406397e+00
1.492125451546579384e+00
1.452866803111124261e+00
1.412067008548681724e+00
1.371190206330016759e+00
1.331370539285004151e+00
1.293437470200521355e+00
1.257955044840528114e+00
1.225266513620986597e+00
1.195538689068886606e+00
1.168802745187356162e+00
1.144989823696612063e+00
1.123960902889185265e+00
1.105531047292455549e+00
1.089488520399572113e+00
1.075609411437730367e+00
1.063668475017724324e+00
1.053446860222416959e+00
1.044737346132135647e+00
1.037347624489420639e+00
1.031102089526681365e+00
1.025842517022169442e+00
1.021427943223124135e+00
1.017733991157766082e+00
1.014651837592199790e+00
1.012086968278437471e+00
1.009957831570211129e+00
1.008194470117575126e+00
1.006737186263491735e+00
1.005535278022456014e+00
1.004545868235892980e+00
1.003732838860360577e+00
1.003065874636021260e+00
1.002519614984619611e+00
1.002072909376795051e+00
1.001708169156367623e+00
1.001410807564297345e+00
1.001168759188690860e+00
1.000972070061902475e+00
1.000812549963812526e+00
1.000683479046422297e+00
1.000579361575976822e+00
1.000495720329148464e+00
1.000428925932970614e+00
1.000376056174396844e+00
1.000334781005682405e+00
1.000303269626441338e+00
1.000280116628559979e+00
1.000264284747186760e+00
1.000255062273193385e+00
1.000252033656586548e+00
1.000255062273193385e+00
1.000264284747186760e+00
1.000280116628559979e+00
1.000303269626441338e+00
1.000334781005682405e+00
1.000376056174396844e+00
1.000428925932970614e+00
1.000495720329148464e+00
1.000579361575976822e+00
1.000683479046422297e+00
1.000812549963812526e+00
1.000972070061902475e+00
1.001168759188690860e+00
1.001410807564297345e+00
1.001708169156367623e+00
1.002072909376795051e+00
1.002519614984619611e+00
1.003065874636021260e+00
1.003732838860360577e+00
1.004545868235892980e+00
1.005535278022456014e+00
1.006737186263491735e+00
1.008194470117574904e+00
1.009957831570211129e+00
1.012086968278437471e+00
1.014651837592199790e+00
1.017733991157766082e+00
1.021427943223123913e+00
1.025842517022169442e+00
1.031102089526681143e+00
1.037347624489420417e+00
1.044737346132135203e+00
1.053446860222416959e+00
1.063668475017724102e+00
1.075609411437730145e+00
1.089488520399572336e+00
1.105531047292455327e+00
1.123960902889185709e+00
1.144989823696611841e+00
1.168802745187356162e+00
1.195538689068886162e+00
1.225266513620987041e+00
1.257955044840528336e+00
1.293437470200521577e+00
1.331370539285003929e+00
1.371190206330017647e+00
1.412067008548681724e+00
1.452866803111124261e+00
1.492125451546578718e+00
1.528049311016404843e+00
1.558556116989618934e+00
1.581371454801531629e+00
1.594192252445107982e+00
1.594918163960083124e+00
1.581933146837830373e+00
1.554395060774847348e+00
1.512467898286377732e+00
1.457421012582997832e+00
1.391534020972403640e+00
1.317788352523627138e+00
1.239385421339568527e+00
1.159182918775361060e+00
1.079159898020538133e+00
1.000000000000000000e+00
