1.000000000000000000e+00
9.137355368936066480e-01
9.062096361286294810e-01
9.811259615911376297e-01
1.108746026434619836e+00
1.252572428620548628e+00
1.383580799321053378e+00
1.485263956914391281e+00
1.552811559721636980e+00
1.589520029839956328e+00
1.602807905803501187e+00
1.601129834923177508e+00
1.592099655689128035e+00
1.581585033015684427e+00
1.573416145340884142e+00
1.569449641959034025e+00
1.569851195614096584e+00
1.573521028296897661e+00
1.578593232043321803e+00
1.582930591265938158e+00
1.584541184782511714e+00
1.581867566259695268e+00
1.573933833905681201e+00
1.560366764936155004e+00
1.541325795521463871e+00
1.517381586641072699e+00
1.489377825682735468e+00
1.458300936721122154e+00
1.425171805053012219e+00
1.390964966792156421e+00
1.356554837847183892e+00
1.322685279630120725e+00
1.289957481922147542e+00
1.258831078803585912e+00
1.229634018406159157e+00
1.202577577634753148e+00
1.177773806946778912e+00
1.155253484972197819e+00
1.134983311654321314e+00
1.116881567964554511e+00
1.100831836814686326e+00
1.086694637426359300e+00
1.074316998151547020e+00
1.063540101681562433e+00
1.054205198995688431e+00
1.046158017809938334e+00
1.039251898014473152e+00
1.033349878368561958e+00
1.028325941265168630e+00
1.024065599832425066e+00
1.020465986960175986e+00
1.017435581067549499e+00
1.014893679910173985e+00
1.012769712288371426e+00
1.011002458600709586e+00
1.009539234950862507e+00
1.008335081928041221e+00
1.007351988082450633e+00
1.006558169272737890e+00
1.005927418198627965e+00
1.005438533265168743e+00
1.005074832177832000e+00
1.004823753081422577e+00
1.004676544394352389e+00
1.004628043543984273e+00
1.004676544390881165e+00
1.004823753074305603e+00
1.005074832166709120e+00
1.005438533249477073e+00
1.005927418177578136e+00
1.006558169245275414e+00
1.007351988047203717e+00
1.008335081883258821e+00
1.009539234894332393e+00
1.011002458529650871e+00
1.012769712199308891e+00
1.014893679798773096e+00
1.017435580928416794e+00
1.020465986786603940e+00
1.024065599616084343e+00
1.028325940995719279e+00
1.033349878033169134e+00
1.039251897597210483e+00
1.046158017291036968e+00
1.054205198350604444e+00
1.063540100879810435e+00
1.074316997155233322e+00
1.086694636188343610e+00
1.100831835276263826e+00
1.116881566052525310e+00
1.134983309277286967e+00
1.155253482015850652e+00
1.177773803267922803e+00
1.202577573053678739e+00
1.229634012696943390e+00
1.258831071681729252e+00
1.289957473028857216e+00
1.322685268512425516e+00
1.356554823932847098e+00
1.390964949358396430e+00
1.425171783187878516e+00
1.458300909276622814e+00
1.489377791219271385e+00
1.517381543363587326e+00
1.541325741209379707e+00
1.560366696871562819e+00
1.573933748807745392e+00
1.581867460237622369e+00
1.584541053324418858e+00
1.582930429285686724e+00
1.578593034010544294e+00
1.573520788475585741e+00
1.569850908430860281e+00
1.569449302512619937e+00
1.573415750049555140e+00
1.581584580378142091e+00
1.592099147106502466e+00
1.601129275492409132e+00
1.602807304946787248e+00
1.589519401590918202e+00
1.552810922471992372e+00
1.485263332474481501e+00
1.383580211296310258e+00
1.252571900337549060e+00
1.108745578868164161e+00
9.811256117995607040e-01
9.062093965140083363e-01
9.137354152498121662e-01
1.000000000000000000e+00
