1.000000000000000000e+00
7.421600405322407168e-01
7.842675970480100789e-01
9.769311441367898308e-01
1.171087005176683071e+00
1.314208102101929621e+00
1.412107986725549269e+00
1.482228826322043114e+00
1.534347163650926715e+00
1.571070654893907292e+00
1.593380874773434819e+00
1.603697998911864708e+00
1.605762980034619591e+00
1.603145854874170162e+00
1.597997909009498896e+00
1.590765483067857700e+00
1.580822536414224766e+00
1.567534256371803991e+00
1.551158797002387013e+00
1.533182925790930629e+00
1.516020923649300522e+00
1.502296339997260644e+00
1.494052523804086485e+00
1.492191202455331434e+00
1.496288912071250365e+00
1.504778340665397396e+00
1.515370070799789692e+00
1.525552829478360239e+00
1.533035016823780738e+00
1.536047148236292292e+00
1.533484182496942738e+00
1.524909754146317908e+00
1.510465391502823218e+00
1.490730460265959012e+00
1.466570190402314955e+00
1.438996703018609269e+00
1.409056133578487247e+00
1.377745962914650457e+00
1.345960957039632255e+00
1.314463175512611492e+00
1.283870516428996300e+00
1.254658447137940724e+00
1.227170333211856645e+00
1.201632738025361524e+00
1.178173002226855726e+00
1.156837222503260598e+00
1.137607398883623055e+00
1.120417013687982299e+00
1.105164664249259188e+00
1.091725621771316934e+00
1.079961355090247821e+00
1.069727162059193715e+00
1.060878110006094222e+00
1.053273513586303611e+00
1.046780183493563277e+00
1.041274670439745087e+00
1.036644711089133253e+00
1.032790060215445171e+00
1.029622869036221022e+00
1.027067745366690765e+00
1.025061608135528157e+00
1.023553427611707978e+00
1.022503923711048035e+00
1.021885278002645503e+00
1.021680900333562070e+00
1.021885278002431896e+00
1.022503923710609053e+00
1.023553427611030520e+00
1.025061608134589575e+00
1.027067745365457974e+00
1.029622869034652055e+00
1.032790060213492733e+00
1.036644711086734505e+00
1.041274670436838079e+00
1.046780183490063632e+00
1.053273513582127840e+00
1.060878110001154173e+00
1.069727162053382363e+00
1.079961355083453922e+00
1.091725621763414145e+00
1.105164664240117611e+00
1.120417013677447393e+00
1.137607398871522735e+00
1.156837222489373929e+00
1.178173002210903375e+00
1.201632738006951806e+00
1.227170333190433560e+00
1.254658447112698472e+00
1.283870516398726735e+00
1.314463175475522272e+00
1.345960956993048852e+00
1.377745962854652451e+00
1.409056133499382968e+00
1.438996702912245018e+00
1.466570190257202366e+00
1.490730460066203689e+00
1.510465391226858189e+00
1.524909753765506304e+00
1.533484181974153371e+00
1.536047147524599144e+00
1.533035015865534811e+00
1.525552828204725264e+00
1.515370069130866248e+00
1.504778338510597502e+00
1.496288909329330341e+00
1.492191199012957492e+00
1.494052519531859469e+00
1.502296334742686312e+00
1.516020917227778764e+00
1.533182917978138216e+00
1.551158787533447381e+00
1.567534244952821121e+00
1.580822522748722037e+00
1.590765466894841662e+00
1.597997890144423394e+00
1.603145833243634799e+00
1.605762955702379369e+00
1.603697972102899216e+00
1.593380845904320386e+00
1.571070624604971933e+00
1.534347132817810877e+00
1.482228796020946149e+00
1.412107958148249409e+00
1.314208076442516582e+00
1.171086983513071944e+00
9.769311273196777945e-01
7.842675856287978364e-01
7.421600347797201458e-01
1.000000000000000000e+00
