1.000000000000000000e+00
7.403128507045075857e-01
7.839514353728410656e-01
9.777989469383776555e-01
1.171697179470646111e+00
1.314084102748208638e+00
1.411645194607878961e+00
1.481912706431256055e+00
1.534348169942343798e+00
1.571287383150888672e+00
1.593620633593231029e+00
1.603799944692530177e+00
1.605649467198313918e+00
1.602840470223847680e+00
1.597619829192021390e+00
1.590489315513352153e+00
1.580807645154201690e+00
1.567852378594565721e+00
1.551754967810708541e+00
1.533887679943253923e+00
1.516606018890745311e+00
1.502548388937495982e+00
1.493836088829343822e+00
1.491482325961427158e+00
1.495174260538801425e+00
1.503427199987033891e+00
1.513992620792057320e+00
1.524358206073797461e+00
1.532198690847996092e+00
1.535691829826213883e+00
1.533673927529161984e+00
1.525654210463993854e+00
1.511730192249294724e+00
1.492450114398321759e+00
1.468660785777031963e+00
1.441366816882793112e+00
1.411615250020928025e+00
1.380410324081353224e+00
1.348657136798631084e+00
1.317129823234262975e+00
1.286458745625609357e+00
1.257131298082682314e+00
1.229501661839345283e+00
1.203805800721847730e+00
1.180178930808117865e+00
1.158673521196974088e+00
1.139276546441239102e+00
1.121925217591537072e+00
1.106520788242701503e+00
1.092940290412179660e+00
1.081046227691474071e+00
1.070694361622569923e+00
1.061739789236522125e+00
1.054041538823436763e+00
1.047465917656328349e+00
1.041888837297013426e+00
1.037197324943468058e+00
1.033290407127522847e+00
1.030079527822748142e+00
1.027488638636793405e+00
1.025454075500308759e+00
1.023924314854711692e+00
1.022859683114428098e+00
1.022232076172093107e+00
1.022024730752109756e+00
1.022232076171872395e+00
1.022859683113974683e+00
1.023924314854011586e+00
1.025454075499338202e+00
1.027488638635518203e+00
1.030079527821124330e+00
1.033290407125500687e+00
1.037197324940981602e+00
1.041888837293996950e+00
1.047465917652694145e+00
1.054041538819095347e+00
1.061739789231378239e+00
1.070694361616510548e+00
1.081046227684376859e+00
1.092940290403907388e+00
1.106520788233111174e+00
1.121925217580458600e+00
1.139276546428478865e+00
1.158673521182288946e+00
1.180178930791200953e+00
1.203805800702272943e+00
1.229501661816517100e+00
1.257131298055746083e+00
1.286458745593300534e+00
1.317129823194719940e+00
1.348657136749096930e+00
1.380410324017811163e+00
1.411615249937571814e+00
1.441366816771336268e+00
1.468660785625832244e+00
1.492450114191306687e+00
1.511730191964698600e+00
1.525654210072955097e+00
1.533673926994297831e+00
1.535691829100310324e+00
1.532198689873058850e+00
1.524358204780542403e+00
1.513992619099957526e+00
1.503427197804575677e+00
1.495174257763351333e+00
1.491482322477620359e+00
1.493836084504965633e+00
1.502548383616418626e+00
1.516606012384082547e+00
1.533887672022135717e+00
1.551754958205998847e+00
1.567852367008937930e+00
1.580807631288847048e+00
1.590489299105910082e+00
1.597619810057120171e+00
1.602840448287545572e+00
1.605649442524523796e+00
1.603799917508301753e+00
1.593620604320595602e+00
1.571287352439835194e+00
1.534348138681930873e+00
1.481912675713248806e+00
1.411645165639676902e+00
1.314084076737928930e+00
1.171697157508171827e+00
9.777989298849130151e-01
7.839514237893077109e-01
7.403128448675405648e-01
1.000000000000000000e+00
