1.000000000000000000e+00
7.726351010001684116e-01
7.930553038305350189e-01
9.645264316676188665e-01
1.159114948285250746e+00
1.313199385387799234e+00
1.418231672954026301e+00
1.487638712650560580e+00
1.535026612330264051e+00
1.567989597457554840e+00
1.589939371247145017e+00
1.602902810828961799e+00
1.608626466719546677e+00
1.608422698109269300e+00
1.602939014033650578e+00
1.592443416874210316e+00
1.577473858459900846e+00
1.559379841933672184e+00
1.540404779639776844e+00
1.523270887274334351e+00
1.510487789875883724e+00
1.503694419858863096e+00
1.503273545156425417e+00
1.508329455228450966e+00
1.516976449339030530e+00
1.526801083365187273e+00
1.535346313929340401e+00
1.540502419247305577e+00
1.540747738951409929e+00
1.535235758778387360e+00
1.523759775675194161e+00
1.506640162538228189e+00
1.484577302594405790e+00
1.458502969313484332e+00
1.429450480736332407e+00
1.398453105103536931e+00
1.366472440592544135e+00
1.334353871150270265e+00
1.302804053573909604e+00
1.272384894822412793e+00
1.243518918912809967e+00
1.216501785978594041e+00
1.191518691777921690e+00
1.168662271815088305e+00
1.147950385961775011e+00
1.129342750006862239e+00
1.112755821985989879e+00
1.098075667249984066e+00
1.085168743068960051e+00
1.073890684902713222e+00
1.064093262141079688e+00
1.055629716871433255e+00
1.048358717162434006e+00
1.042147155566821803e+00
1.036872010786021647e+00
1.032421470626053273e+00
1.028695491034394172e+00
1.025605941603648708e+00
1.023076464114432316e+00
1.021042148507721015e+00
1.019449110708197326e+00
1.018254039205858330e+00
1.017423762238257590e+00
1.016934874619978002e+00
1.016773452440694392e+00
1.016934874619862539e+00
1.017423762238023111e+00
1.018254039205496841e+00
1.019449110707699058e+00
1.021042148507072866e+00
1.023076464113613193e+00
1.025605941602639959e+00
1.028695491033171150e+00
1.032421470624597770e+00
1.036872010784299913e+00
1.042147155564813188e+00
1.048358717160119857e+00
1.055629716868794477e+00
1.064093262138104512e+00
1.073890684899390768e+00
1.085168743065292762e+00
1.098075667245975051e+00
1.112755821981643578e+00
1.129342750002159557e+00
1.147950385956670205e+00
1.168662271809453701e+00
1.191518691771502603e+00
1.216501785970914851e+00
1.243518918903039783e+00
1.272384894809169831e+00
1.302804053554961650e+00
1.334353871122169188e+00
1.366472440550059675e+00
1.398453105038937716e+00
1.429450480638440490e+00
1.458502969166499241e+00
1.484577302376467234e+00
1.506640162219799350e+00
1.523759775217335966e+00
1.535235758131150652e+00
1.540747738052628213e+00
1.540502418022055675e+00
1.535346312290432724e+00
1.526801081214608447e+00
1.516976446569939130e+00
1.508329451726562409e+00
1.503273540799102470e+00
1.503694414510208910e+00
1.510487783377273630e+00
1.523270879432342406e+00
1.540404770216815988e+00
1.559379830649152199e+00
1.577473845009051967e+00
1.592443400966495615e+00
1.602938995444300740e+00
1.608422676730966172e+00
1.608626442602306916e+00
1.602902784205622266e+00
1.589939342551212054e+00
1.567989567338289980e+00
1.535026581656492972e+00
1.487638682484965447e+00
1.418231644487101040e+00
1.313199359834417823e+00
1.159114926751870334e+00
9.645264150111917401e-01
7.930552925698857170e-01
7.726350953482579165e-01
1.000000000000000000e+00
