1.000000000000000000e+00
1.042432309468855012e+00
1.084317490975900800e+00
1.124816337447553716e+00
1.162825174513099968e+00
1.197092898227015034e+00
1.226390555964151474e+00
1.249689159412789241e+00
1.266304230857574931e+00
1.275978502019537331e+00
1.278892832805647251e+00
1.275613448697776375e+00
1.266995796325162349e+00
1.254069561161301527e+00
1.237926716369567082e+00
1.219627754345037562e+00
1.200133570320116139e+00
1.180264001235248106e+00
1.160679743474302805e+00
1.141882286292848159e+00
1.124226089986752442e+00
1.107937859421417759e+00
1.093138856027539241e+00
1.079867370674050031e+00
1.068099530460391078e+00
1.057767444542186741e+00
1.048774295596442974e+00
1.041006382295440513e+00
1.034342356851662759e+00
1.028660023651036148e+00
1.023841107604281042e+00
1.019774393460592510e+00
1.016357601446775227e+00
1.013498315081604151e+00
1.011114223554903990e+00
1.009132889530055088e+00
1.007491206834978614e+00
1.006134672675086827e+00
1.005016566029125924e+00
1.004097097408616523e+00
1.003342574460059700e+00
1.002724612112577240e+00
1.002219404255817459e+00
1.001807065468050428e+00
1.001471045393341530e+00
1.001197614389723878e+00
1.000975416545996310e+00
1.000795084700206283e+00
1.000648911381371020e+00
1.000530569402803716e+00
1.000434875984814509e+00
1.000357594647180992e+00
1.000295269595498082e+00
1.000245087865153204e+00
1.000204765038940957e+00
1.000172450890680631e+00
1.000146651810839504e+00
1.000126167331786942e+00
1.000110038486499597e+00
1.000097506105181555e+00
1.000087977482071899e+00
1.000081000133369313e+00
1.000076241621781437e+00
1.000073474648666139e+00
1.000072566816583741e+00
1.000073474648666139e+00
1.000076241621781437e+00
1.000081000133369313e+00
1.000087977482071899e+00
1.000097506105181555e+00
1.000110038486499597e+00
1.000126167331786942e+00
1.000146651810839504e+00
1.000172450890680631e+00
1.000204765038940957e+00
1.000245087865153204e+00
1.000295269595498082e+00
1.000357594647180992e+00
1.000434875984814509e+00
1.000530569402803716e+00
1.000648911381371020e+00
1.000795084700206283e+00
1.000975416545996310e+00
1.001197614389723878e+00
1.001471045393341530e+00
1.001807065468050428e+00
1.002219404255817459e+00
1.002724612112577240e+00
1.003342574460059700e+00
1.004097097408616523e+00
1.005016566029125924e+00
1.006134672675086827e+00
1.007491206834978614e+00
1.009132889530055088e+00
1.011114223554903768e+00
1.013498315081604151e+00
1.016357601446775227e+00
1.019774393460592510e+00
1.023841107604281042e+00
1.028660023651035926e+00
1.034342356851662759e+00
1.041006382295440291e+00
1.048774295596443196e+00
1.057767444542186519e+00
1.068099530460391078e+00
1.079867370674049809e+00
1.093138856027539019e+00
1.107937859421418203e+00
1.124226089986751997e+00
1.141882286292847937e+00
1.160679743474302805e+00
1.180264001235248328e+00
1.200133570320115473e+00
1.219627754345036674e+00
1.237926716369566194e+00
1.254069561161301305e+00
1.266995796325161461e+00
1.275613448697775265e+00
1.278892832805646806e+00
1.275978502019536220e+00
1.266304230857573598e+00
1.249689159412788131e+00
1.226390555964150808e+00
1.197092898227015256e+00
1.162825174513098858e+00
1.124816337447553050e+00
1.084317490975901022e+00
1.042432309468854790e+00
1.000000000000000000e+00
