1.000000000000000000e+00
8.113773855818742220e-01
8.142751354109267758e-01
9.573814908885235342e-01
1.142471029572178498e+00
1.304046536200525352e+00
1.419950839750879990e+00
1.494907218869007348e+00
1.542216501943981299e+00
1.573189376049949129e+00
1.594126041328078669e+00
1.607281871908255333e+00
1.612852656573962262e+00
1.610635357406717816e+00
1.601072126684860875e+00
1.585712433217677741e+00
1.567155701001467616e+00
1.548575624170051679e+00
1.533017194101802927e+00
1.522714397570847478e+00
1.518643713738234924e+00
1.520420593418313926e+00
1.526519009470853616e+00
1.534701279613788216e+00
1.542511935684323321e+00
1.547710071934368825e+00
1.548565542403637307e+00
1.543999198705380271e+00
1.533588145709876116e+00
1.517477528082963101e+00
1.496243357758071824e+00
1.470743060007030367e+00
1.441978415391028889e+00
1.410984008388652233e+00
1.378745412301864093e+00
1.346145645775838062e+00
1.313935473370186235e+00
1.282722100228189221e+00
1.252970964841767731e+00
1.225016077329585729e+00
1.199075297021991560e+00
1.175267871451293633e+00
1.153632363552799855e+00
1.134143740334260908e+00
1.116728887987106900e+00
1.101280176066453009e+00
1.087666942730014075e+00
1.075744938876368462e+00
1.065363872626906128e+00
1.056373254100027470e+00
1.048626767145000471e+00
1.041985399727681116e+00
1.036319555511265200e+00
1.031510351373726708e+00
1.027450283141416509e+00
1.024043417517732646e+00
1.021205243981857969e+00
1.018862297586800691e+00
1.016951642855157711e+00
1.015420290736998243e+00
1.014224604969175658e+00
1.013329741079526780e+00
1.012709150506007294e+00
1.012344173559228677e+00
1.012223737909629717e+00
1.012344173561592564e+00
1.012709150510856082e+00
1.013329741087116043e+00
1.014224604979892419e+00
1.015420290751399390e+00
1.016951642873981543e+00
1.018862297611013767e+00
1.021205244012694191e+00
1.024043417556768087e+00
1.027450283190626701e+00
1.031510351435603212e+00
1.036319555588936625e+00
1.041985399825058112e+00
1.048626767266980453e+00
1.056373254252736871e+00
1.065363872818015256e+00
1.075744939115477417e+00
1.087666943029158340e+00
1.101280176440718073e+00
1.116728888455438717e+00
1.134143740920479537e+00
1.153632364286908629e+00
1.175267872371150935e+00
1.199075298175469539e+00
1.225016078777345419e+00
1.252970966660844399e+00
1.282722102516659968e+00
1.313935476253184742e+00
1.346145649413353684e+00
1.378745416898822018e+00
1.410984014207907533e+00
1.441978422769984780e+00
1.470743069378796175e+00
1.496243369678018631e+00
1.517477543261658957e+00
1.533588165053097807e+00
1.543999223361487427e+00
1.548565573817846097e+00
1.547710111908157771e+00
1.542511986436509996e+00
1.534701343837636900e+00
1.526519090379212740e+00
1.520420694766533076e+00
1.518643839812700680e+00
1.522714553129401072e+00
1.533017384250529247e+00
1.548575854158260823e+00
1.567155975913171240e+00
1.585712757535827633e+00
1.601072503709959793e+00
1.610635788532532642e+00
1.612853140466402380e+00
1.607282403696168815e+00
1.594126611978373464e+00
1.573189972132697623e+00
1.542217105965852486e+00
1.494907810253530922e+00
1.419951396388222209e+00
1.304047036316784647e+00
1.142471453539050774e+00
9.573818225839201279e-01
8.142753629020920147e-01
8.113775011837918161e-01
1.000000000000000000e+00
