1.000000000000000000e+00
1.000449343699909122e+00
1.000892151085429616e+00
1.001319637124018058e+00
1.001720945996452006e+00
1.002084094110119228e+00
1.002397352591882562e+00
1.002650716030351496e+00
1.002837141611378158e+00
1.002953336964704789e+00
1.002999999999999892e+00
1.002981536355365577e+00
1.002905372196562395e+00
1.002781027962368121e+00
1.002619122797435702e+00
1.002430450859066680e+00
1.002225224797251846e+00
1.002012532852222026e+00
1.001800014364831348e+00
1.001593729159543811e+00
1.001398180038686192e+00
1.001216442524279771e+00
1.001050358746608193e+00
1.000900759660937833e+00
1.000767688815303202e+00
1.000650609773900079e+00
1.000548586917869853e+00
1.000460435237929380e+00
1.000384838876080096e+00
1.000320440786913068e+00
1.000265907296846057e+00
1.000219971877172709e+00
1.000181462409619026e+00
1.000149315846265319e+00
1.000122583621204431e+00
1.000100430575688426e+00
1.000082129583943491e+00
1.000067053552945451e+00
1.000054666033443951e+00
1.000044511324391872e+00
1.000036204673353080e+00
1.000029422961989711e+00
1.000023896107479437e+00
1.000019399296939060e+00
1.000015746092914437e+00
1.000012782395412358e+00
1.000010381212986799e+00
1.000008438176547498e+00
1.000006867720676151e+00
1.000005599855058769e+00
1.000004577450838372e+00
1.000003753971542952e+00
1.000003091584527715e+00
1.000002559595778662e+00
1.000002133157896989e+00
1.000001792207783957e+00
1.000001520596767834e+00
1.000001305381569727e+00
1.000001136249552003e+00
1.000001005056153636e+00
1.000000905456319922e+00
1.000000832615156154e+00
1.000000782986014247e+00
1.000000754146851856e+00
1.000000744688032572e+00
1.000000754146851856e+00
1.000000782986014247e+00
1.000000832615156154e+00
1.000000905456319922e+00
1.000001005056153636e+00
1.000001136249552003e+00
1.000001305381569727e+00
1.000001520596767834e+00
1.000001792207783957e+00
1.000002133157896989e+00
1.000002559595778662e+00
1.000003091584527715e+00
1.000003753971542952e+00
1.000004577450838372e+00
1.000005599855058769e+00
1.000006867720676151e+00
1.000008438176547498e+00
1.000010381212986799e+00
1.000012782395412358e+00
1.000015746092914437e+00
1.000019399296939060e+00
1.000023896107479437e+00
1.000029422961989711e+00
1.000036204673353080e+00
1.000044511324391872e+00
1.000054666033443951e+00
1.000067053552945451e+00
1.000082129583943491e+00
1.000100430575688426e+00
1.000122583621204431e+00
1.000149315846265319e+00
1.000181462409619026e+00
1.000219971877172709e+00
1.000265907296846057e+00
1.000320440786913068e+00
1.000384838876080096e+00
1.000460435237929380e+00
1.000548586917869853e+00
1.000650609773900079e+00
1.000767688815302980e+00
1.000900759660937833e+00
1.001050358746607971e+00
1.001216442524279771e+00
1.001398180038685970e+00
1.001593729159543589e+00
1.001800014364831126e+00
1.002012532852221804e+00
1.002225224797251624e+00
1.002430450859066458e+00
1.002619122797435480e+00
1.002781027962367899e+00
1.002905372196562173e+00
1.002981536355365355e+00
1.002999999999999670e+00
1.002953336964704345e+00
1.002837141611377936e+00
1.002650716030351274e+00
1.002397352591882340e+00
1.002084094110119006e+00
1.001720945996451784e+00
1.001319637124017836e+00
1.000892151085429393e+00
1.000449343699909122e+00
1.000000000000000000e+00
