1.000000000000000000e+00
7.951910032264444261e-01
8.039763321669989304e-01
9.586901802047153032e-01
1.148787525358012651e+00
1.308124514600449650e+00
1.419333786889000582e+00
1.490986670250360024e+00
1.537266595243732992e+00
1.568554617779823745e+00
1.590149646663680194e+00
1.604045541847624934e+00
1.610716484376869539e+00
1.610190307738034399e+00
1.602699043966975267e+00
1.589155331540899940e+00
1.571405781470770036e+00
1.552121131540390442e+00
1.534316971235333948e+00
1.520678991308591410e+00
1.512947904558641810e+00
1.511570509596124934e+00
1.515697206379180262e+00
1.523476751580168598e+00
1.532518391968859417e+00
1.540375218542004099e+00
1.544936170872092784e+00
1.544669778208933586e+00
1.538715070232043791e+00
1.526849756507189682e+00
1.509380023889247413e+00
1.486994863527167032e+00
1.460617882167336568e+00
1.431277239815761160e+00
1.400003496561426530e+00
1.367757323174280559e+00
1.335384322198425622e+00
1.303591986934872660e+00
1.272943279903983482e+00
1.243861723997832014e+00
1.216643749255350127e+00
1.191474999937830681e+00
1.168448203624081305e+00
1.147580959174749893e+00
1.128832394942174133e+00
1.112118093753760029e+00
1.097323000448522823e+00
1.084312247073492941e+00
1.072939974070680647e+00
1.063056312845398699e+00
1.054512741844391810e+00
1.047166046873886147e+00
1.040881116032188913e+00
1.035532787122448228e+00
1.031006945720217560e+00
1.027201048765295388e+00
1.024024224127284555e+00
1.021397072746009327e+00
1.019251277743701722e+00
1.017529104957129116e+00
1.016182861917712676e+00
1.015174367443424819e+00
1.014474471555199653e+00
1.014062655133552093e+00
1.013926730256863751e+00
1.014062655133499469e+00
1.014474471555093515e+00
1.015174367443263836e+00
1.016182861917490632e+00
1.017529104956844677e+00
1.019251277743349116e+00
1.021397072745585444e+00
1.024024224126783844e+00
1.027201048764722735e+00
1.031006945719568302e+00
1.035532787121731912e+00
1.040881116031424192e+00
1.047166046873093892e+00
1.054512741843607548e+00
1.063056312844664397e+00
1.072939974070056257e+00
1.084312247073044633e+00
1.097323000448328090e+00
1.112118093753880155e+00
1.128832394942651973e+00
1.147580959175562132e+00
1.168448203625092274e+00
1.191474999938708423e+00
1.216643749255439388e+00
1.243861723995971280e+00
1.272943279898229640e+00
1.303591986922145063e+00
1.335384322173984728e+00
1.367757323131026270e+00
1.400003496488992472e+00
1.431277239699354276e+00
1.460617881986288058e+00
1.486994863253263910e+00
1.509380023484862665e+00
1.526849755923429086e+00
1.538715069407168068e+00
1.544669777067381178e+00
1.544936169324534703e+00
1.540375216486632448e+00
1.532518389293801242e+00
1.523476748166234351e+00
1.515697202101410124e+00
1.511570504322126141e+00
1.512947898142137593e+00
1.520678983578480636e+00
1.534316961983812178e+00
1.552121120517206965e+00
1.571405768392250657e+00
1.589155316119691186e+00
1.602699025961248580e+00
1.610190287010198729e+00
1.610716460947143602e+00
1.604045515931322941e+00
1.590149618690013922e+00
1.568554588396188443e+00
1.537266565307323196e+00
1.490986640801984286e+00
1.419333759099169034e+00
1.308124489675273061e+00
1.148787504398374626e+00
9.586901640466504171e-01
8.039763212857055086e-01
7.951909977823176101e-01
1.000000000000000000e+00
