1.000000000000000000e+00
1.019198467073763048e+00
1.051096009359252070e+00
1.100271281979320115e+00
1.165760751979275645e+00
1.243149560469948067e+00
1.326310854173121667e+00
1.408825761940304622e+00
1.485023802481470145e+00
1.550591315088214239e+00
1.602774069053967354e+00
1.640279008132065286e+00
1.663010983909541940e+00
1.671760241406184067e+00
1.667911495057330606e+00
1.653203375213486037e+00
1.629541197313725487e+00
1.598855823532722154e+00
1.563000227893739380e+00
1.523677173734338419e+00
1.482393023032576806e+00
1.440433376197421289e+00
1.398856335718862143e+00
1.358499197607841991e+00
1.319994583073867078e+00
1.283792477927675479e+00
1.250185268278419581e+00
1.219333536119395767e+00
1.191291016855731799e+00
1.166027669612024420e+00
1.143450250177474592e+00
1.123420107601396989e+00
1.105768162152124257e+00
1.090307182099039096e+00
1.076841576873665884e+00
1.065174979734152538e+00
1.055115916451744518e+00
1.046481857461263321e+00
1.039101936815098881e+00
1.032818597774393554e+00
1.027488396150656458e+00
1.022982161640672683e+00
1.019184686560720587e+00
1.015994082073275795e+00
1.013320915159581892e+00
1.011087215754443491e+00
1.009225422841776965e+00
1.007677320897146123e+00
1.006393003687612087e+00
1.005329890831535788e+00
1.004451813359618306e+00
1.003728177462918536e+00
1.003133210328593483e+00
1.002645288135066259e+00
1.002246343622970048e+00
1.001921348928888733e+00
1.001657868356155001e+00
1.001445675285976611e+00
1.001276427361985633e+00
1.001143394299276901e+00
1.001041233088507010e+00
1.000965805920480456e+00
1.000914036799111173e+00
1.000883803505679293e+00
1.000873862302663841e+00
1.000883803505679293e+00
1.000914036799111173e+00
1.000965805920480456e+00
1.001041233088507010e+00
1.001143394299276901e+00
1.001276427361985633e+00
1.001445675285976611e+00
1.001657868356155001e+00
1.001921348928888733e+00
1.002246343622970048e+00
1.002645288135066259e+00
1.003133210328593483e+00
1.003728177462918536e+00
1.004451813359618306e+00
1.005329890831535788e+00
1.006393003687612087e+00
1.007677320897146123e+00
1.009225422841777187e+00
1.011087215754443491e+00
1.013320915159581892e+00
1.015994082073275795e+00
1.019184686560720587e+00
1.022982161640672460e+00
1.027488396150656458e+00
1.032818597774393776e+00
1.039101936815098881e+00
1.046481857461263321e+00
1.055115916451744296e+00
1.065174979734152316e+00
1.076841576873665662e+00
1.090307182099038874e+00
1.105768162152123368e+00
1.123420107601396323e+00
1.143450250177474148e+00
1.166027669612024420e+00
1.191291016855732021e+00
1.219333536119394656e+00
1.250185268278419581e+00
1.283792477927675035e+00
1.319994583073867300e+00
1.358499197607841547e+00
1.398856335718861921e+00
1.440433376197422621e+00
1.482393023032576584e+00
1.523677173734336643e+00
1.563000227893740490e+00
1.598855823532721931e+00
1.629541197313725043e+00
1.653203375213484927e+00
1.667911495057328830e+00
1.671760241406184511e+00
1.663010983909542828e+00
1.640279008132064842e+00
1.602774069053966244e+00
1.550591315088213351e+00
1.485023802481470367e+00
1.408825761940303511e+00
1.326310854173120557e+00
1.243149560469948955e+00
1.165760751979276311e+00
1.100271281979319449e+00
1.051096009359251182e+00
1.019198467073761272e+00
1.000000000000000000e+00
