1.000000000000000000e+00
8.128772384008922103e-01
8.147042449999517544e-01
9.559815281639091333e-01
1.139991694299772762e+00
1.301448619070471047e+00
1.417705825261284636e+00
1.493012363605539905e+00
1.540493544565969986e+00
1.571504525133774921e+00
1.592433785263429380e+00
1.605572391115516639e+00
1.611106942338420778e+00
1.608831438678050230e+00
1.599224222719390909e+00
1.583902656430048017e+00
1.565531323207261627e+00
1.547311139257379509e+00
1.532259837382115686e+00
1.522536748277730334e+00
1.519020020058787779e+00
1.521231456092251522e+00
1.527578501320096427e+00
1.535795014528333891e+00
1.543434414360384865e+00
1.548293085126283941e+00
1.548694102835620479e+00
1.543615487091382965e+00
1.532686373043228523e+00
1.516093410253849694e+00
1.494441547578771345e+00
1.468604974551794395e+00
1.439591895089656681e+00
1.408435410726506021e+00
1.376114169219383232e+00
1.343500986710439049e+00
1.311334876253734016e+00
1.280211014233473721e+00
1.250583396188510665e+00
1.222775704599039059e+00
1.196996861913764310e+00
1.173358662687566500e+00
1.151893670869598152e+00
1.132572201490929187e+00
1.115317685781046064e+00
1.100020066517091166e+00
1.086547112024316641e+00
1.074753697244548611e+00
1.064489199603128933e+00
1.055603212847112449e+00
1.047949806623266866e+00
1.041390563169961370e+00
1.035796612448681486e+00
1.031049868718549645e+00
1.027043648844845780e+00
1.023682828270422451e+00
1.020883666440128623e+00
1.018573410767859233e+00
1.016689767696075108e+00
1.015180311375631472e+00
1.014001885084560461e+00
1.013120037617261104e+00
1.012508526297150713e+00
1.012148909702860866e+00
1.012030246312939585e+00
1.012148909702647037e+00
1.012508526296712175e+00
1.013120037616581648e+00
1.014001885083603671e+00
1.015180311374358491e+00
1.016689767694426205e+00
1.018573410765762910e+00
1.020883666437490067e+00
1.023682828267133305e+00
1.027043648840759049e+00
1.031049868713492801e+00
1.035796612442446030e+00
1.041390563162282623e+00
1.047949806613820645e+00
1.055603212835494409e+00
1.064489199588836810e+00
1.074753697226947802e+00
1.086547112002609339e+00
1.100020066490250414e+00
1.115317685747752030e+00
1.132572201449465910e+00
1.151893670817720761e+00
1.173358662622313808e+00
1.196996861831212122e+00
1.222775704493951787e+00
1.250583396053869922e+00
1.280211014059869257e+00
1.311334876028521279e+00
1.343500986416632070e+00
1.376114168834215334e+00
1.408435410219589290e+00
1.439591894420642504e+00
1.468604973667540836e+00
1.494441546409951416e+00
1.516093408711139512e+00
1.532686371013231907e+00
1.543615484432593332e+00
1.548694099374873456e+00
1.548293080656133691e+00
1.543434408637708977e+00
1.535795007274058932e+00
1.527578492219327844e+00
1.521231444793542886e+00
1.519020006171273085e+00
1.522536731366021412e+00
1.532259816961536014e+00
1.547311114795790532e+00
1.565531294142754382e+00
1.583902622213816613e+00
1.599224182888522749e+00
1.608831392954347406e+00
1.611106890740015674e+00
1.605572334062289830e+00
1.592433723656865086e+00
1.571504460394737901e+00
1.540493478616812739e+00
1.493012298784662573e+00
1.417705764160979376e+00
1.301448564296528554e+00
1.139991648177065553e+00
9.559814924649127077e-01
8.147042208168241428e-01
8.128772262350384414e-01
1.000000000000000000e+00
