1.000000000000000000e+00
8.242278051400188099e-01
8.223837501586062082e-01
9.549584221005072981e-01
1.134094871492352663e+00
1.296124320252648898e+00
1.415728375086092283e+00
1.494224677395562084e+00
1.543391608317503216e+00
1.574614525956369082e+00
1.594790374261525256e+00
1.606614375236823378e+00
1.610512523880332836e+00
1.606535102784659719e+00
1.595545941949705782e+00
1.579607792245431686e+00
1.561711140458905911e+00
1.545106412295768283e+00
1.532539911444371850e+00
1.525657679799720112e+00
1.524736934158269941e+00
1.528771994432805759e+00
1.535830306759827124e+00
1.543536871500265750e+00
1.549546650807256620e+00
1.551906389388404861e+00
1.549263260094446260e+00
1.540925894340032798e+00
1.526812679611527113e+00
1.507332130973632056e+00
1.483236188318357129e+00
1.455476459403806988e+00
1.425081312768847974e+00
1.393061553318654777e+00
1.360345356917332049e+00
1.327739075882595321e+00
1.295908755731850714e+00
1.265376923174091894e+00
1.236529745145373838e+00
1.209630547583893989e+00
1.184836633553569163e+00
1.162217203388110853e+00
1.141770893831659306e+00
1.123442008660396674e+00
1.107134924993304237e+00
1.092726451919759034e+00
1.080076116786626406e+00
1.069034482382616780e+00
1.059449674222778359e+00
1.051172336050020029e+00
1.044059244918270624e+00
1.037975813345054510e+00
1.032797691334331303e+00
1.028411660169831876e+00
1.024715986052032068e+00
1.021620377185628259e+00
1.019045664349699454e+00
1.016923303258470801e+00
1.015194777681025062e+00
1.013810965555922206e+00
1.012731516214741445e+00
1.011924275167986664e+00
1.011364783462255890e+00
1.011035871083430626e+00
1.010927357922051240e+00
1.011035871083055371e+00
1.011364783461487615e+00
1.011924275166791398e+00
1.012731516213054794e+00
1.013810965553667565e+00
1.015194777678092741e+00
1.016923303254722244e+00
1.019045664344955471e+00
1.021620377179672579e+00
1.024715986044580474e+00
1.028411660160540864e+00
1.032797691322777878e+00
1.037975813330705543e+00
1.044059244900467309e+00
1.051172336027941245e+00
1.059449674195402924e+00
1.069034482348664383e+00
1.080076116744496550e+00
1.092726451867430670e+00
1.107134924928222075e+00
1.123442008579315310e+00
1.141770893730438274e+00
1.162217203261442400e+00
1.184836633394622751e+00
1.209630547383836907e+00
1.236529744892735483e+00
1.265376922853946873e+00
1.295908755324715500e+00
1.327739075362996957e+00
1.360345356251950077e+00
1.393061552463946251e+00
1.425081311668021433e+00
1.455476457983090555e+00
1.483236186482445929e+00
1.507332128600361809e+00
1.526812676545856950e+00
1.540925890387554897e+00
1.549263255014863283e+00
1.551906382889477465e+00
1.549546642539759711e+00
1.543536861054340292e+00
1.535830293662696633e+00
1.528771978147449584e+00
1.524736914082532424e+00
1.525657655266146051e+00
1.532539881723163244e+00
1.545106376606593335e+00
1.561711098000549081e+00
1.579607742253562153e+00
1.595545883790175257e+00
1.606535036082137324e+00
1.610512448671095553e+00
1.606614292123741849e+00
1.594790284541778291e+00
1.574614431689888461e+00
1.543391512306639068e+00
1.494224583053197275e+00
1.415728286181777484e+00
1.296124240548881312e+00
1.134094804326686745e+00
9.549583700297373801e-01
8.223837148080814785e-01
8.242277873218816220e-01
1.000000000000000000e+00
