1.000000000000000000e+00
1.080381679241027237e+00
1.160998724086553580e+00
1.240832818171153207e+00
1.317798096457745594e+00
1.389109734106120042e+00
1.451774172604018753e+00
1.503103629563873778e+00
1.541145273720222475e+00
1.564940682142831552e+00
1.574583525303759002e+00
1.571099144723023366e+00
1.556207294161054966e+00
1.532039986973527279e+00
1.500874633104516853e+00
1.464919813704883778e+00
1.426167968433168065e+00
1.386312281878388175e+00
1.346715744524806802e+00
1.308417376597672321e+00
1.272161583485061032e+00
1.238439429955155324e+00
1.207533838261688031e+00
1.179563570929457850e+00
1.154523070569437149e+00
1.132316785749261534e+00
1.112787622233037954e+00
1.095739761331737894e+00
1.080956407676167519e+00
1.068213166318540575e+00
1.057287774793030710e+00
1.047966877778086614e+00
1.040050461446117458e+00
1.033354480802050501e+00
1.027712127815590515e+00
1.022974107425846046e+00
1.019008215863251188e+00
1.015698452567006305e+00
1.012943843480521799e+00
1.010657109204847748e+00
1.008763275536509463e+00
1.007198295296344970e+00
1.005907728011428359e+00
1.004845506917791731e+00
1.003972809962887958e+00
1.003257042161583179e+00
1.002670930071219990e+00
1.002191724684222462e+00
1.001800506182785488e+00
1.001481582346644750e+00
1.001221971623017959e+00
1.001010961700348423e+00
1.000839734677250625e+00
1.000701050435833794e+00
1.000588980505004555e+00
1.000498685455182724e+00
1.000426229646428800e+00
1.000368427920079517e+00
1.000322719556911100e+00
1.000287065509289031e+00
1.000259865545081839e+00
1.000239892516750828e+00
1.000226241493137769e+00
1.000218291969081186e+00
1.000215681806652102e+00
1.000218291969081186e+00
1.000226241493137769e+00
1.000239892516750828e+00
1.000259865545081839e+00
1.000287065509289031e+00
1.000322719556911100e+00
1.000368427920079517e+00
1.000426229646428800e+00
1.000498685455182724e+00
1.000588980505004555e+00
1.000701050435833794e+00
1.000839734677250625e+00
1.001010961700348423e+00
1.001221971623017959e+00
1.001481582346644750e+00
1.001800506182785488e+00
1.002191724684222462e+00
1.002670930071219990e+00
1.003257042161583179e+00
1.003972809962887958e+00
1.004845506917791731e+00
1.005907728011428359e+00
1.007198295296344970e+00
1.008763275536509463e+00
1.010657109204847748e+00
1.012943843480521799e+00
1.015698452567006305e+00
1.019008215863250966e+00
1.022974107425846046e+00
1.027712127815590293e+00
1.033354480802050501e+00
1.040050461446117014e+00
1.047966877778086614e+00
1.057287774793030710e+00
1.068213166318540353e+00
1.080956407676167741e+00
1.095739761331737672e+00
1.112787622233038398e+00
1.132316785749261312e+00
1.154523070569437149e+00
1.179563570929457628e+00
1.207533838261688253e+00
1.238439429955155768e+00
1.272161583485061254e+00
1.308417376597672099e+00
1.346715744524807690e+00
1.386312281878388841e+00
1.426167968433167843e+00
1.464919813704883556e+00
1.500874633104515743e+00
1.532039986973528611e+00
1.556207294161055632e+00
1.571099144723022256e+00
1.574583525303759224e+00
1.564940682142832440e+00
1.541145273720222475e+00
1.503103629563872889e+00
1.451774172604018975e+00
1.389109734106121374e+00
1.317798096457746704e+00
1.240832818171152541e+00
1.160998724086553358e+00
1.080381679241027237e+00
1.000000000000000000e+00
