1.000000000000000000e+00
1.069103601766255851e+00
1.140947652887627228e+00
1.215919224057420145e+00
1.292510895028489148e+00
1.367867022447522452e+00
1.438415722627607085e+00
1.500531937206931010e+00
1.551131917629933632e+00
1.588098915119549037e+00
1.610482609034930901e+00
1.618475827569272107e+00
1.613222748758405212e+00
1.596536324786713701e+00
1.570598743739129555e+00
1.537697707889819299e+00
1.500025717123800506e+00
1.459548212080962415e+00
1.417932885302148005e+00
1.376526322395392965e+00
1.336363212510604859e+00
1.298195302740376755e+00
1.262530272903515494e+00
1.229673705727784006e+00
1.199769828794873927e+00
1.172838576148570677e+00
1.148807809995243900e+00
1.127540375539734852e+00
1.108856160589055895e+00
1.092549602620604077e+00
1.078403209947626840e+00
1.066197696917048798e+00
1.055719313503431289e+00
1.046764901534297243e+00
1.039145148298213694e+00
1.032686442704522589e+00
1.027231674952319151e+00
1.022640260914933652e+00
1.018787618751586743e+00
1.015564278277899080e+00
1.012874763430354763e+00
1.010636354447588925e+00
1.008777808645579865e+00
1.007238096247568437e+00
1.005965189958331951e+00
1.004914933161293433e+00
1.004050001116364665e+00
1.003338961749625335e+00
1.002755437024026364e+00
1.002277362004205585e+00
1.001886336189594662e+00
1.001567060165903911e+00
1.001306849853648817e+00
1.001095220403793729e+00
1.000923531941175337e+00
1.000784689759601997e+00
1.000672892134089498e+00
1.000583419565587162e+00
1.000512459962723311e+00
1.000456964959497652e+00
1.000414533245792548e+00
1.000383317436444930e+00
1.000361951618766954e+00
1.000349497296452617e+00
1.000345405993175785e+00
1.000349497296452617e+00
1.000361951618766954e+00
1.000383317436444930e+00
1.000414533245792548e+00
1.000456964959497652e+00
1.000512459962723311e+00
1.000583419565587162e+00
1.000672892134089498e+00
1.000784689759601997e+00
1.000923531941175337e+00
1.001095220403793729e+00
1.001306849853648817e+00
1.001567060165903911e+00
1.001886336189594662e+00
1.002277362004205585e+00
1.002755437024026364e+00
1.003338961749625335e+00
1.004050001116364665e+00
1.004914933161293433e+00
1.005965189958331951e+00
1.007238096247568437e+00
1.008777808645579865e+00
1.010636354447588703e+00
1.012874763430354763e+00
1.015564278277899302e+00
1.018787618751586743e+00
1.022640260914933652e+00
1.027231674952318929e+00
1.032686442704522367e+00
1.039145148298213472e+00
1.046764901534297021e+00
1.055719313503430623e+00
1.066197696917048798e+00
1.078403209947626618e+00
1.092549602620603855e+00
1.108856160589056339e+00
1.127540375539734407e+00
1.148807809995244344e+00
1.172838576148570677e+00
1.199769828794874149e+00
1.229673705727783783e+00
1.262530272903515272e+00
1.298195302740377866e+00
1.336363212510604859e+00
1.376526322395392743e+00
1.417932885302148449e+00
1.459548212080962193e+00
1.500025717123800950e+00
1.537697707889819299e+00
1.570598743739128444e+00
1.596536324786715033e+00
1.613222748758405878e+00
1.618475827569270997e+00
1.610482609034930235e+00
1.588098915119548593e+00
1.551131917629933632e+00
1.500531937206929900e+00
1.438415722627606641e+00
1.367867022447523340e+00
1.292510895028489593e+00
1.215919224057419479e+00
1.140947652887626784e+00
1.069103601766255185e+00
1.000000000000000000e+00
