1.000000000000000000e+00
7.582569925960689350e-01
7.887139130270801601e-01
9.711392751583336480e-01
1.166763709613019451e+00
1.316186595717486751e+00
1.417667529786259539e+00
1.487088192849849833e+00
1.536565285565394401e+00
1.571266975486721007e+00
1.593291448145182088e+00
1.604839270329188272e+00
1.608728902921758408e+00
1.607447413780621170e+00
1.602317597145810346e+00
1.593525828667772481e+00
1.580873314389183104e+00
1.564677942118711584e+00
1.546291921461038221e+00
1.528012370583500257e+00
1.512500298775252716e+00
1.502018833636431072e+00
1.497811024899053711e+00
1.499815444736175341e+00
1.506754383124113472e+00
1.516499836558962588e+00
1.526562774294283553e+00
1.534558931322691278e+00
1.538553773028682237e+00
1.537249465756150180e+00
1.530025178843806621e+00
1.516869387436117655e+00
1.498250288349822767e+00
1.474964627563260855e+00
1.447993491853083015e+00
1.418381353059798400e+00
1.387144764450409795e+00
1.355210476926089758e+00
1.323379072805839884e+00
1.292308736862771923e+00
1.262513689361569602e+00
1.234372444480782649e+00
1.208141986689129865e+00
1.183974914474309026e+00
1.161937452622384015e+00
1.142026930777256810e+00
1.124187863073430549e+00
1.108326158958065299e+00
1.094321274309629111e+00
1.082036300237667170e+00
1.071326107030168284e+00
1.062043731014610914e+00
1.054045227038120203e+00
1.047193219842835976e+00
1.041359382037187364e+00
1.036426050698984858e+00
1.032287173283548576e+00
1.028848749567573329e+00
1.026028911985096048e+00
1.023757763314937064e+00
1.021977069111193792e+00
1.020639882962358858e+00
1.019710165745068675e+00
1.019162445405908279e+00
1.018981551203308022e+00
1.019162445406528450e+00
1.019710165746342545e+00
1.020639882964359035e+00
1.021977069114034853e+00
1.023757763318779102e+00
1.026028911990154002e+00
1.028848749574136523e+00
1.032287173291983828e+00
1.036426050709774005e+00
1.041359382050933480e+00
1.047193219860317770e+00
1.054045227060329548e+00
1.062043731042795924e+00
1.071326107065916799e+00
1.082036300282982033e+00
1.094321274367054064e+00
1.108326159030808666e+00
1.124187863165553303e+00
1.142026930893880854e+00
1.161937452769996604e+00
1.183974914661099609e+00
1.208141986925456157e+00
1.234372444779762157e+00
1.262513689739813039e+00
1.292308737341347546e+00
1.323379073411481421e+00
1.355210477692809334e+00
1.387144765421514769e+00
1.418381354290535690e+00
1.447993493414037935e+00
1.474964629544760930e+00
1.498250290867578327e+00
1.516869390638450499e+00
1.530025182920803140e+00
1.537249470951085106e+00
1.538553779652051201e+00
1.534558939768864150e+00
1.526562785060637140e+00
1.516499850266637583e+00
1.506754400538926841e+00
1.499815466787338458e+00
1.497811052692662681e+00
1.502018868460295531e+00
1.512500342091674721e+00
1.528012424006895520e+00
1.546291986717062583e+00
1.564678020979952677e+00
1.580873408579102746e+00
1.593525939720827678e+00
1.602317726211518911e+00
1.607447561368236633e+00
1.608729068603014012e+00
1.604839452445214087e+00
1.593291643587341211e+00
1.571267179625382093e+00
1.536565492380473463e+00
1.487088395279237529e+00
1.417667720262547171e+00
1.316186766810452324e+00
1.166763854644263576e+00
9.711393886458479230e-01
7.887139908919935660e-01
7.582570321797784674e-01
1.000000000000000000e+00
