1.000000000000000000e+00
7.399800184721865293e-01
7.846300989889708477e-01
9.793135091906162160e-01
1.173427667096223370e+00
1.315790006486015518e+00
1.413419474606419035e+00
1.483870478492276712e+00
1.536475643009011849e+00
1.573470290689910733e+00
1.595722198876806441e+00
1.605710889950527687e+00
1.607307299272367374e+00
1.604235590369752940e+00
1.598792681391659309e+00
1.591513469826396410e+00
1.581759637331918933e+00
1.568779748156973186e+00
1.552657140764991173e+00
1.534717783052166551e+00
1.517291178119758888e+00
1.503018435653812546e+00
1.494049037872737795e+00
1.491438550710137756e+00
1.494916990060796591e+00
1.503031941664868310e+00
1.513550776448049140e+00
1.523960327976049189e+00
1.531921304018763808e+00
1.535589623492662925e+00
1.533777269907661500e+00
1.525970799542770706e+00
1.512249245941232445e+00
1.493147619614145327e+00
1.469504705757475271e+00
1.442321590861698200e+00
1.412645288135400135e+00
1.381482458659184287e+00
1.349742141760357450e+00
1.318203180839053523e+00
1.287500852779348115e+00
1.258127287067013711e+00
1.230440979690496039e+00
1.204681658086019791e+00
1.180987700479931624e+00
1.159414141032906187e+00
1.139949961389873145e+00
1.122533880722692112e+00
1.107068230048815494e+00
1.093430758400959713e+00
1.081484393578806547e+00
1.071085090596347378e+00
1.062087964263592088e+00
1.054351932405465542e+00
1.047743103499619410e+00
1.042137134819459909e+00
1.037420770233432599e+00
1.033492744775759364e+00
1.030264218886095318e+00
1.027658880804375396e+00
1.025612832282289277e+00
1.024074351277547423e+00
1.023003605972574226e+00
1.022372377348597983e+00
1.022163832478146128e+00
1.022372377348846451e+00
1.023003605973083596e+00
1.024074351278353667e+00
1.025612832283447684e+00
1.027658880805962349e+00
1.030264218888214955e+00
1.033492744778555350e+00
1.037420770237087231e+00
1.042137134824224098e+00
1.047743103505804019e+00
1.054351932413486015e+00
1.062087964273986662e+00
1.071085090609800172e+00
1.081484393596200411e+00
1.093430758423423077e+00
1.107068230077800752e+00
1.122533880760047564e+00
1.139949961437958903e+00
1.159414141094720296e+00
1.180987700559291920e+00
1.204681658187762627e+00
1.230440979820758729e+00
1.258127287233580915e+00
1.287500852992073286e+00
1.318203181110421340e+00
1.349742142106170384e+00
1.381482459099485194e+00
1.412645288695621559e+00
1.442321591574153850e+00
1.469504706663289362e+00
1.493147620765757910e+00
1.512249247405646368e+00
1.525970801405735155e+00
1.533777272279044590e+00
1.535589626513223838e+00
1.531921307868570725e+00
1.523960332884521929e+00
1.513550782705532338e+00
1.503031949635074138e+00
1.494917000193116019e+00
1.491438563550193441e+00
1.494049054069315208e+00
1.503018455960257960e+00
1.517291203388344334e+00
1.534717814220406762e+00
1.552657178832765883e+00
1.568779794151762719e+00
1.581759692256192062e+00
1.591513534577818634e+00
1.598792756646709057e+00
1.604235676428746427e+00
1.607307395879590040e+00
1.605710996121912038e+00
1.595722312779073171e+00
1.573470409611036791e+00
1.536475763443044373e+00
1.483870596341293702e+00
1.413419585484779972e+00
1.315790106087267208e+00
1.173427751547511999e+00
9.793135753053525683e-01
7.846301443785336227e-01
7.399800415589359304e-01
1.000000000000000000e+00
