1.000000000000000000e+00
7.536773382287456080e-01
7.874616696196983234e-01
9.730661448124795498e-01
1.168553227970648090e+00
1.316272971793986057e+00
1.416685719564389601e+00
1.486258766504543471e+00
1.536495812783124082e+00
1.571791216018068926e+00
1.593871061215763829e+00
1.604997868470001032e+00
1.608298057208416898e+00
1.606611272579079985e+00
1.601502337184906644e+00
1.593197150866042522e+00
1.581325347289955996e+00
1.565898878289615270e+00
1.547956331164352717e+00
1.529592707308329080e+00
1.513442882783416543e+00
1.501913837281444231e+00
1.496501556500392072e+00
1.497423124219991575e+00
1.503630656497257023e+00
1.513132217795602141e+00
1.523470019570708267e+00
1.532202203244649175e+00
1.537278454256348459e+00
1.537260254210148558e+00
1.531388844037181451e+00
1.519535875193578356e+00
1.502082782149334772e+00
1.479771143951955636e+00
1.453555212787085882e+00
1.424475290608586908e+00
1.393560121158167631e+00
1.361759158054627994e+00
1.329901347083854990e+00
1.298675203032737757e+00
1.268624643632439097e+00
1.240155575213703232e+00
1.213549121720656654e+00
1.188978354778844393e+00
1.166526262427141303e+00
1.146203424198988907e+00
1.127964429214461273e+00
1.111722496512909553e+00
1.097362057654034606e+00
1.084749266602544449e+00
1.073740534387160661e+00
1.064189265264860351e+00
1.055951012333976369e+00
1.048887285369793254e+00
1.042868240844258221e+00
1.037774470094462886e+00
1.033498081119707868e+00
1.029943245864447743e+00
1.027026360407025996e+00
1.024675941762307030e+00
1.022832362968342235e+00
1.021447508265302506e+00
1.020484412661531781e+00
1.019916934948144727e+00
1.019729500031906211e+00
1.019916934948658760e+00
1.020484412662587381e+00
1.021447508266961846e+00
1.022832362970703679e+00
1.024675941765505360e+00
1.027026360411245953e+00
1.029943245869936019e+00
1.033498081126779322e+00
1.037774470103533409e+00
1.042868240855847617e+00
1.048887285384577206e+00
1.055951012352817298e+00
1.064189265288845165e+00
1.073740534417677805e+00
1.084749266641348298e+00
1.097362057703357596e+00
1.111722496575574315e+00
1.127964429294047166e+00
1.146203424300015206e+00
1.166526262555339644e+00
1.188978354941454096e+00
1.213549121926843721e+00
1.240155575475077265e+00
1.268624643963705667e+00
1.298675203452543947e+00
1.329901347615855878e+00
1.361759158728903518e+00
1.393560122012999392e+00
1.424475291692777645e+00
1.453555214162946418e+00
1.479771145699178447e+00
1.502082784369962676e+00
1.519535878018382968e+00
1.531388847633752937e+00
1.537260258793017753e+00
1.537278460099446686e+00
1.532202210696115063e+00
1.523470029069903031e+00
1.513132229891549274e+00
1.503630671867151047e+00
1.497423143685633562e+00
1.496501581039832995e+00
1.501913868032826782e+00
1.513442921038148592e+00
1.529592754491089446e+00
1.547956388797218308e+00
1.565898947936049668e+00
1.581325430471014037e+00
1.593197248937454846e+00
1.601502451163512752e+00
1.606611402915518294e+00
1.608298203522493752e+00
1.604998029291220707e+00
1.593871233791829711e+00
1.571791396255961315e+00
1.536495995367622269e+00
1.486258945206045956e+00
1.416685887710172453e+00
1.316273122832459119e+00
1.168553356011788003e+00
9.730662450176583711e-01
7.874617383818243166e-01
7.536773731893871009e-01
1.000000000000000000e+00
