1.000000000000000000e+00
9.437834719242760295e-01
9.451712838391171934e-01
1.010521574911740439e+00
1.120494818883316368e+00
1.247817057543698427e+00
1.368248456194045559e+00
1.465955332875477968e+00
1.534563933577094641e+00
1.575399374119272000e+00
1.594475253846261653e+00
1.599499620498808783e+00
1.597627372861891271e+00
1.594177172669870801e+00
1.592202326016903813e+00
1.592667495114983289e+00
1.594968232090722138e+00
1.597572055934315394e+00
1.598620893883304639e+00
1.596398792475464123e+00
1.589626915279687580e+00
1.577592956180229100e+00
1.560149957959065858e+00
1.537630272470595916e+00
1.510718043105623076e+00
1.480313838040795638e+00
1.447413093652050398e+00
1.413009284067821669e+00
1.378024790852836468e+00
1.343267510422140543e+00
1.309408776614346293e+00
1.276977431202237279e+00
1.246365144688410309e+00
1.217838847827382942e+00
1.191557041474890388e+00
1.167587618987114828e+00
1.145925574554571558e+00
1.126509557469378864e+00
1.109236673781617943e+00
1.093975254425552990e+00
1.080575527526828727e+00
1.068878275480535711e+00
1.058721644177114785e+00
1.049946318164578951e+00
1.042399293712342967e+00
1.035936480857270414e+00
1.030424352388617182e+00
1.025740837362291602e+00
1.021775632725524074e+00
1.018430081509791529e+00
1.015616741527426869e+00
1.013258745684364470e+00
1.011289034536289710e+00
1.009649523868484611e+00
1.008290254933467578e+00
1.007168562434586301e+00
1.006248285196699399e+00
1.005499036458080253e+00
1.004895544569122112e+00
1.004417070310749338e+00
1.004046903781518285e+00
1.003771941603348816e+00
1.003582343846117109e+00
1.003471269383151121e+00
1.003434688203335590e+00
1.003471269383151121e+00
1.003582343846116887e+00
1.003771941603348816e+00
1.004046903781518063e+00
1.004417070310749338e+00
1.004895544569122334e+00
1.005499036458080475e+00
1.006248285196699399e+00
1.007168562434586745e+00
1.008290254933467800e+00
1.009649523868484389e+00
1.011289034536289932e+00
1.013258745684364914e+00
1.015616741527427314e+00
1.018430081509791529e+00
1.021775632725524741e+00
1.025740837362291824e+00
1.030424352388618070e+00
1.035936480857270858e+00
1.042399293712343411e+00
1.049946318164580283e+00
1.058721644177116339e+00
1.068878275480537710e+00
1.080575527526830504e+00
1.093975254425554988e+00
1.109236673781621496e+00
1.126509557469383749e+00
1.145925574554578441e+00
1.167587618987121267e+00
1.191557041474898382e+00
1.217838847827393378e+00
1.246365144688421411e+00
1.276977431202255042e+00
1.309408776614367165e+00
1.343267510422166522e+00
1.378024790852870440e+00
1.413009284067862081e+00
1.447413093652102356e+00
1.480313838040859142e+00
1.510718043105703234e+00
1.537630272470695836e+00
1.560149957959190425e+00
1.577592956180385420e+00
1.589626915279880759e+00
1.596398792475700157e+00
1.598620893883593297e+00
1.597572055934663782e+00
1.594968232091139804e+00
1.592667495115476228e+00
1.592202326017478242e+00
1.594177172670531162e+00
1.597627372862633344e+00
1.599499620499623020e+00
1.594475253847136509e+00
1.575399374120184381e+00
1.534563933578023454e+00
1.465955332876386796e+00
1.368248456194900653e+00
1.247817057544467367e+00
1.120494818883968957e+00
1.010521574912248921e+00
9.451712838394655813e-01
9.437834719244518888e-01
1.000000000000000000e+00
