1.000000000000000000e+00
1.002721391402709994e+00
1.024729903153342114e+00
1.071663121936454743e+00
1.140583517996000440e+00
1.223999914637212250e+00
1.312986427539607037e+00
1.399411323690409326e+00
1.477214913090608039e+00
1.542779264673869832e+00
1.594616027608699582e+00
1.632715284897625185e+00
1.657877127180744870e+00
1.671222001054639250e+00
1.673929912268583342e+00
1.667158682287017690e+00
1.652056627176780479e+00
1.629797676666602690e+00
1.601598522651333623e+00
1.568706529402611904e+00
1.532364823927809150e+00
1.493767317474028022e+00
1.454015415117919874e+00
1.414084073674381825e+00
1.374800508710016134e+00
1.336835559112706129e+00
1.300705782877199956e+00
1.266783554671587764e+00
1.235312385679539160e+00
1.206425044284486381e+00
1.180162575306572981e+00
1.156492846484859838e+00
1.135327718480134029e+00
1.116538311053854260e+00
1.099968121828473588e+00
1.085443956086070472e+00
1.072784761509047557e+00
1.061808545655074543e+00
1.052337599482296548e+00
1.044202268221549268e+00
1.037243509864033797e+00
1.031314468051966360e+00
1.026281265158619505e+00
1.022023196455598359e+00
1.018432480093709458e+00
1.015413691967367527e+00
1.012882990565637353e+00
1.010767215331375590e+00
1.009002923194670442e+00
1.007535411902079847e+00
1.006317765436268497e+00
1.005309946006456734e+00
1.004477948519295394e+00
1.003793026814671974e+00
1.003230995973008355e+00
1.002771611385387729e+00
1.002398022767954755e+00
1.002096299670244717e+00
1.001855024080312129e+00
1.001664945305981158e+00
1.001518692280310541e+00
1.001410538695588937e+00
1.001336216832863224e+00
1.001292776560381848e+00
1.001278486678949031e+00
1.001292776560381848e+00
1.001336216832863224e+00
1.001410538695588937e+00
1.001518692280310541e+00
1.001664945305981158e+00
1.001855024080312129e+00
1.002096299670244717e+00
1.002398022767954755e+00
1.002771611385387729e+00
1.003230995973008355e+00
1.003793026814671974e+00
1.004477948519295394e+00
1.005309946006456734e+00
1.006317765436268497e+00
1.007535411902079847e+00
1.009002923194670442e+00
1.010767215331375590e+00
1.012882990565637575e+00
1.015413691967367082e+00
1.018432480093709458e+00
1.022023196455598359e+00
1.026281265158619505e+00
1.031314468051966138e+00
1.037243509864033797e+00
1.044202268221549490e+00
1.052337599482296548e+00
1.061808545655074543e+00
1.072784761509047557e+00
1.085443956086070250e+00
1.099968121828473366e+00
1.116538311053854260e+00
1.135327718480132697e+00
1.156492846484859616e+00
1.180162575306572759e+00
1.206425044284485937e+00
1.235312385679539826e+00
1.266783554671587320e+00
1.300705782877200622e+00
1.336835559112705463e+00
1.374800508710016134e+00
1.414084073674381603e+00
1.454015415117919652e+00
1.493767317474029355e+00
1.532364823927810260e+00
1.568706529402610572e+00
1.601598522651335177e+00
1.629797676666603135e+00
1.652056627176780257e+00
1.667158682287017246e+00
1.673929912268581788e+00
1.671222001054641471e+00
1.657877127180747090e+00
1.632715284897625851e+00
1.594616027608700248e+00
1.542779264673870054e+00
1.477214913090609150e+00
1.399411323690409326e+00
1.312986427539607703e+00
1.223999914637213582e+00
1.140583517996001550e+00
1.071663121936454521e+00
1.024729903153341226e+00
1.002721391402707996e+00
1.000000000000000000e+00
