1.000000000000000000e+00
1.012751904493467192e+00
1.025321484700727481e+00
1.037457031328198775e+00
1.048843154193233707e+00
1.059129685567584023e+00
1.067973996941326442e+00
1.075085799774963435e+00
1.080264523259226284e+00
1.083422348552309566e+00
1.084590052160194995e+00
1.083906796571097120e+00
1.081597926400575282e+00
1.077946209000744560e+00
1.073261867178481710e+00
1.067855627431389509e+00
1.062017414910767288e+00
1.056001754201233434e+00
1.050019690756554658e+00
1.044236250196379556e+00
1.038772079519593383e+00
1.033707867413044657e+00
1.029090300727647955e+00
1.024938574538823088e+00
1.021250755994937087e+00
1.018009559406619191e+00
1.015187298511311953e+00
1.012749935558139525e+00
1.010660250001694793e+00
1.008880211209635114e+00
1.007372670003413795e+00
1.006102492652259928e+00
1.005037256048031180e+00
1.004147610215466946e+00
1.003407398301512377e+00
1.002793607518595254e+00
1.002286208853153004e+00
1.001867929559166592e+00
1.001523990870614167e+00
1.001241833989276797e+00
1.001010850051189838e+00
1.000822124174132632e+00
1.000668199541695946e+00
1.000542864499893492e+00
1.000440963573369091e+00
1.000358231931730124e+00
1.000291151973768722e+00
1.000236830205704530e+00
1.000192892359029084e+00
1.000157394640152075e+00
1.000128749065872569e+00
1.000105660970674437e+00
1.000087076942213216e+00
1.000072141628058464e+00
1.000060162045459888e+00
1.000050578207198670e+00
1.000042939045424628e+00
1.000036882768767121e+00
1.000032120925339330e+00
1.000028425565677059e+00
1.000025619006293498e+00
1.000023565787861335e+00
1.000022166503808707e+00
1.000021353247117606e+00
1.000021086487248523e+00
1.000021353247117606e+00
1.000022166503808707e+00
1.000023565787861335e+00
1.000025619006293498e+00
1.000028425565677059e+00
1.000032120925339330e+00
1.000036882768767121e+00
1.000042939045424628e+00
1.000050578207198670e+00
1.000060162045459888e+00
1.000072141628058464e+00
1.000087076942213216e+00
1.000105660970674437e+00
1.000128749065872569e+00
1.000157394640152075e+00
1.000192892359029084e+00
1.000236830205704530e+00
1.000291151973768722e+00
1.000358231931730124e+00
1.000440963573369091e+00
1.000542864499893492e+00
1.000668199541695946e+00
1.000822124174132632e+00
1.001010850051189838e+00
1.001241833989276797e+00
1.001523990870614167e+00
1.001867929559166592e+00
1.002286208853153004e+00
1.002793607518595254e+00
1.003407398301512155e+00
1.004147610215466946e+00
1.005037256048031180e+00
1.006102492652259928e+00
1.007372670003413795e+00
1.008880211209634892e+00
1.010660250001694793e+00
1.012749935558139303e+00
1.015187298511311953e+00
1.018009559406618747e+00
1.021250755994937087e+00
1.024938574538822644e+00
1.029090300727647511e+00
1.033707867413044434e+00
1.038772079519592939e+00
1.044236250196379112e+00
1.050019690756554214e+00
1.056001754201232989e+00
1.062017414910766622e+00
1.067855627431388399e+00
1.073261867178480378e+00
1.077946209000743671e+00
1.081597926400573950e+00
1.083906796571096010e+00
1.084590052160194107e+00
1.083422348552308234e+00
1.080264523259225173e+00
1.075085799774961215e+00
1.067973996941325110e+00
1.059129685567583357e+00
1.048843154193232818e+00
1.037457031328198109e+00
1.025321484700727259e+00
1.012751904493466748e+00
1.000000000000000000e+00
