1.000000000000000000e+00
7.391553477205768941e-01
7.837648612818856053e-01
9.783459375121836832e-01
1.172069975347415083e+00
1.313996302179899489e+00
1.411352667589188981e+00
1.481716601010337087e+00
1.534348829975685335e+00
1.571419492241381999e+00
1.593766903323917239e+00
1.603863587787605072e+00
1.605582198819936801e+00
1.602653389268201556e+00
1.597382703610401578e+00
1.590308906246263865e+00
1.580785219359739813e+00
1.568037671452366055e+00
1.552119321363148119e+00
1.534329103267494832e+00
1.516982525909015278e+00
1.502724012572366208e+00
1.493721471841551907e+00
1.491057313735087542e+00
1.494488820702249532e+00
1.502584787097942964e+00
1.513124286563390486e+00
1.523596043471966199e+00
1.531654819807281243e+00
1.535445796522270978e+00
1.533768477966643839e+00
1.526097594818268011e+00
1.512502502276838356e+00
1.493511330019298589e+00
1.469958798088647933e+00
1.442844375205368124e+00
1.413215359412168803e+00
1.382080025919856681e+00
1.350349842636414222e+00
1.318806479232859763e+00
1.288088126276709433e+00
1.258689701448741705e+00
1.230972231058878874e+00
1.205177644525380787e+00
1.181446168040448219e+00
1.159834334519729060e+00
1.140332299240881753e+00
1.122879664915431341e+00
1.107379396024379847e+00
1.093709665927671049e+00
1.081733656846131320e+00
1.071307444250837015e+00
1.062286161273963137e+00
1.054528669343353320e+00
1.047900968873209049e+00
1.042278576371323373e+00
1.037548077518168466e+00
1.033608043800522402e+00
1.030369476080794877e+00
1.027755914056175834e+00
1.025703327200182091e+00
1.024159881234438574e+00
1.023085654797543320e+00
1.022452363807633047e+00
1.022243135887019205e+00
1.022452363807407449e+00
1.023085654797080135e+00
1.024159881233722702e+00
1.025703327199189774e+00
1.027755914054872211e+00
1.030369476079133984e+00
1.033608043798452725e+00
1.037548077515622280e+00
1.042278576368232734e+00
1.047900968869482696e+00
1.054528669338899105e+00
1.062286161268680473e+00
1.071307444244606888e+00
1.081733656838825386e+00
1.093709665919143648e+00
1.107379396014477990e+00
1.122879664903974062e+00
1.140332299227660773e+00
1.159834334504483477e+00
1.181446168022850962e+00
1.205177644504980439e+00
1.230972231035049269e+00
1.258689701420591112e+00
1.288088126242929121e+00
1.318806479191533265e+00
1.350349842584719129e+00
1.382080025853697380e+00
1.413215359325642684e+00
1.442844375090075237e+00
1.469958797932809702e+00
1.493511329806678667e+00
1.512502501985480530e+00
1.526097594419083769e+00
1.533768477421983079e+00
1.535445795784599055e+00
1.531654818818207975e+00
1.523596042161700970e+00
1.513124284850732471e+00
1.502584784890452108e+00
1.494488817896002297e+00
1.491057310212950515e+00
1.493721467468966280e+00
1.502724007190269440e+00
1.516982519325098533e+00
1.534329095249225450e+00
1.552119311637844445e+00
1.568037659719622612e+00
1.580785205318334441e+00
1.590308889632075839e+00
1.597382684236796635e+00
1.602653367060478784e+00
1.605582173842211580e+00
1.603863560269039201e+00
1.593766873691619734e+00
1.571419461153929831e+00
1.534348798333887043e+00
1.481716569919675708e+00
1.411352638271156090e+00
1.313996275855658036e+00
1.172069953118141994e+00
9.783459202486733952e-01
7.837648495531023274e-01
7.391553418092853267e-01
1.000000000000000000e+00
