1.000000000000000000e+00
8.937845031437197107e-01
8.828223140686596304e-01
9.665837377981484346e-01
1.106048040721337999e+00
1.258188301592964242e+00
1.392146838586696411e+00
1.492938413457344238e+00
1.558299214084484685e+00
1.593325334639249524e+00
1.605865794726026419e+00
1.603765466907928650e+00
1.593718675746464530e+00
1.581000330311404189e+00
1.569469223019331006e+00
1.561578424084738570e+00
1.558389215851982312e+00
1.559677275153612763e+00
1.564186149188878883e+00
1.570006546319545171e+00
1.575003538730967323e+00
1.577201449561038249e+00
1.575060664435790736e+00
1.567620769894616073e+00
1.554520717066792290e+00
1.535928688964627531e+00
1.512420847618373143e+00
1.484843524658375991e+00
1.454183492230583852e+00
1.421460341564581453e+00
1.387646324031253098e+00
1.353613151081741961e+00
1.320102006609128020e+00
1.287711740780387082e+00
1.256900172348707434e+00
1.227994042955518283e+00
1.201204040688029551e+00
1.176642202432816253e+00
1.154339795216055231e+00
1.134264420929238959e+00
1.116335583824033861e+00
1.100438323045160205e+00
1.086434767215049613e+00
1.074173638659866148e+00
1.063497842266710292e+00
1.054250335320901399e+00
1.046278503404903804e+00
1.039437273774826531e+00
1.033591189226947371e+00
1.028615647976336867e+00
1.024397492595700010e+00
1.020835106523182656e+00
1.017838152057416679e+00
1.015327060443372620e+00
1.013232363425474070e+00
1.011493936933715476e+00
1.010060211529064000e+00
1.008887390829182662e+00
1.007938708203049982e+00
1.007183743326068859e+00
1.006597813451132861e+00
1.006161449188682555e+00
1.005859960919216700e+00
1.005683099418774651e+00
1.005624812617988306e+00
1.005683099414036441e+00
1.005859960909500472e+00
1.006161449173497813e+00
1.006597813429710664e+00
1.007183743297333400e+00
1.007938708165561081e+00
1.008887390781071369e+00
1.010060211467938451e+00
1.011493936856558529e+00
1.013232363328493424e+00
1.015327060321825181e+00
1.017838151905392730e+00
1.020835106333319642e+00
1.024397492358847916e+00
1.028615647681125900e+00
1.033591188859260157e+00
1.039437273317132870e+00
1.046278502835439328e+00
1.054250334612633511e+00
1.063497841386051412e+00
1.074173637565059236e+00
1.086434765854133788e+00
1.100438321353417903e+00
1.116335581720756753e+00
1.134264418313631673e+00
1.154339791962039730e+00
1.176642198382415572e+00
1.201204035642930101e+00
1.227994036666300026e+00
1.256900164501092654e+00
1.287711730977701530e+00
1.320101994349951680e+00
1.353613135731609018e+00
1.387646304786955165e+00
1.421460317409658725e+00
1.454183461880459882e+00
1.484843486493957476e+00
1.512420799607648858e+00
1.535928628573128396e+00
1.554520641160173300e+00
1.567620674640062495e+00
1.575060545213768481e+00
1.577201300904832237e+00
1.575003354317832560e+00
1.570006319043141252e+00
1.564185871346125412e+00
1.559676938778831179e+00
1.558388813225652259e+00
1.561577948432814722e+00
1.569468669401129723e+00
1.580999696667749754e+00
1.593717964041380553e+00
1.603764684242772853e+00
1.605864954236177589e+00
1.593324455916685700e+00
1.558298322843094663e+00
1.492937540226842996e+00
1.392146016430597877e+00
1.258187563175396484e+00
1.106047415364840525e+00
9.665832492676734722e-01
8.828219795506595524e-01
8.937843333700634663e-01
1.000000000000000000e+00
