1.000000000000000000e+00
1.031873952649677850e+00
1.073212950814955491e+00
1.127601405237274479e+00
1.194405653206716877e+00
1.270165428183535061e+00
1.349827003929959579e+00
1.427844969090355409e+00
1.499089547881077067e+00
1.559478193502899179e+00
1.606296290903566737e+00
1.638238032263514388e+00
1.655245561387653996e+00
1.658237709993486186e+00
1.648806109714584522e+00
1.628931270977895807e+00
1.600746568686089999e+00
1.566359675386865602e+00
1.527729588771637559e+00
1.486591537572621968e+00
1.444419862452956504e+00
1.402418955774947573e+00
1.361533470587613426e+00
1.322470609876426062e+00
1.285728978806509826e+00
1.251630002655505169e+00
1.220349180760935903e+00
1.191945439177745314e+00
1.166387582865907158e+00
1.143577373040132406e+00
1.123369112396523484e+00
1.105585852194058694e+00
1.090032475356969455e+00
1.076505985870745086e+00
1.064803366866909684e+00
1.054727372502039184e+00
1.046090602447482754e+00
1.038718179912936801e+00
1.032449319870270887e+00
1.027138037222346867e+00
1.022653207655245700e+00
1.018878158571355108e+00
1.015709934949783122e+00
1.013058355868487137e+00
1.010844952039858580e+00
1.009001853083627998e+00
1.007470675228296919e+00
1.006201445410967343e+00
1.005151585981611140e+00
1.004284975025638182e+00
1.003571090310035885e+00
1.002984239664136634e+00
1.002502876888703875e+00
1.002108999747071350e+00
1.001787624972595880e+00
1.001526334310800292e+00
1.001314885224891649e+00
1.001144879886374017e+00
1.001009486336031040e+00
1.000903206147618629e+00
1.000821683492503889e+00
1.000761551140691097e+00
1.000720309609564485e+00
1.000696236363712188e+00
1.000688322664950780e+00
1.000696236363712188e+00
1.000720309609564485e+00
1.000761551140691097e+00
1.000821683492503889e+00
1.000903206147618629e+00
1.001009486336031040e+00
1.001144879886374017e+00
1.001314885224891649e+00
1.001526334310800292e+00
1.001787624972595880e+00
1.002108999747071350e+00
1.002502876888703875e+00
1.002984239664136634e+00
1.003571090310035885e+00
1.004284975025638182e+00
1.005151585981611140e+00
1.006201445410967343e+00
1.007470675228296919e+00
1.009001853083627998e+00
1.010844952039858580e+00
1.013058355868487137e+00
1.015709934949783122e+00
1.018878158571354886e+00
1.022653207655245700e+00
1.027138037222347089e+00
1.032449319870271109e+00
1.038718179912936801e+00
1.046090602447482532e+00
1.054727372502038962e+00
1.064803366866909462e+00
1.076505985870745086e+00
1.090032475356968789e+00
1.105585852194058250e+00
1.123369112396523040e+00
1.143577373040132406e+00
1.166387582865907824e+00
1.191945439177744426e+00
1.220349180760936569e+00
1.251630002655505836e+00
1.285728978806510270e+00
1.322470609876426062e+00
1.361533470587613426e+00
1.402418955774949128e+00
1.444419862452957171e+00
1.486591537572621524e+00
1.527729588771638891e+00
1.566359675386866712e+00
1.600746568686090665e+00
1.628931270977896695e+00
1.648806109714584744e+00
1.658237709993489073e+00
1.655245561387657105e+00
1.638238032263515720e+00
1.606296290903567403e+00
1.559478193502900512e+00
1.499089547881079509e+00
1.427844969090355853e+00
1.349827003929960467e+00
1.270165428183537504e+00
1.194405653206719320e+00
1.127601405237274701e+00
1.073212950814955269e+00
1.031873952649676518e+00
1.000000000000000000e+00
