1.000000000000000000e+00
1.075029257945050221e+00
1.149604539873154696e+00
1.222443024569902725e+00
1.291537356495270128e+00
1.354437788665233455e+00
1.408644489596270200e+00
1.452016688643962050e+00
1.483103814468971882e+00
1.501331384207162500e+00
1.507020250495435976e+00
1.501263007727460685e+00
1.485710152429744690e+00
1.462325422315733814e+00
1.433159007885022707e+00
1.400168259501015200e+00
1.365096617003036084e+00
1.329407668156547206e+00
1.294263698151146613e+00
1.260535719618534722e+00
1.228832867980861998e+00
1.199541476102196969e+00
1.172866916516631441e+00
1.148873776659836476e+00
1.127521865195572515e+00
1.108696917386490233e+00
1.092235760818465629e+00
1.077946235503376871e+00
1.065622442661408042e+00
1.055056011092039503e+00
1.046044082651784946e+00
1.038394672919666029e+00
1.031929988568897505e+00
1.026488197484447529e+00
1.021924062179786707e+00
1.018108767669357873e+00
1.014929204655278694e+00
1.012286908771413474e+00
1.010096806623970833e+00
1.008285878749145326e+00
1.006791817321504245e+00
1.005561731314605689e+00
1.004550932665891905e+00
1.003721822737623448e+00
1.003042888019527012e+00
1.002487806744409626e+00
1.002034663178710039e+00
1.001665263224361224e+00
1.001364543159361853e+00
1.001120062483363826e+00
1.000921571635171370e+00
1.000760645594096276e+00
1.000630374904425191e+00
1.000525106353275850e+00
1.000440226302778290e+00
1.000371980469453748e+00
1.000317324718708267e+00
1.000273802176440352e+00
1.000239442639741183e+00
1.000212680888826755e+00
1.000192291062136141e+00
1.000177334759005721e+00
1.000167120985080649e+00
1.000161176460946599e+00
1.000159225182600142e+00
1.000161176460946599e+00
1.000167120985080649e+00
1.000177334759005721e+00
1.000192291062136141e+00
1.000212680888826755e+00
1.000239442639741183e+00
1.000273802176440352e+00
1.000317324718708267e+00
1.000371980469453748e+00
1.000440226302778290e+00
1.000525106353275850e+00
1.000630374904425191e+00
1.000760645594096276e+00
1.000921571635171370e+00
1.001120062483363826e+00
1.001364543159361853e+00
1.001665263224361224e+00
1.002034663178710039e+00
1.002487806744409626e+00
1.003042888019527012e+00
1.003721822737623448e+00
1.004550932665891905e+00
1.005561731314605689e+00
1.006791817321504245e+00
1.008285878749145326e+00
1.010096806623970833e+00
1.012286908771413474e+00
1.014929204655278472e+00
1.018108767669357873e+00
1.021924062179786485e+00
1.026488197484447529e+00
1.031929988568897061e+00
1.038394672919666029e+00
1.046044082651784946e+00
1.055056011092039281e+00
1.065622442661408265e+00
1.077946235503376649e+00
1.092235760818466073e+00
1.108696917386490011e+00
1.127521865195572515e+00
1.148873776659836254e+00
1.172866916516631441e+00
1.199541476102197413e+00
1.228832867980861998e+00
1.260535719618534278e+00
1.294263698151147723e+00
1.329407668156547428e+00
1.365096617003035639e+00
1.400168259501014534e+00
1.433159007885021152e+00
1.462325422315734702e+00
1.485710152429744246e+00
1.501263007727459353e+00
1.507020250495435532e+00
1.501331384207162944e+00
1.483103814468970771e+00
1.452016688643961162e+00
1.408644489596269977e+00
1.354437788665234343e+00
1.291537356495270572e+00
1.222443024569902059e+00
1.149604539873154696e+00
1.075029257945050221e+00
1.000000000000000000e+00
