1.000000000000000000e+00
8.582310949050320215e-01
8.490461539477688335e-01
9.564431261755564906e-01
1.118187057058187106e+00
1.279065365476919292e+00
1.408723833366248401e+00
1.499485790020940401e+00
1.556667691854000779e+00
1.589429673101725893e+00
1.605546917357960846e+00
1.610024860528165069e+00
1.605905346520413834e+00
1.595583983215983270e+00
1.581651036863878090e+00
1.566999779327926889e+00
1.554407881868645314e+00
1.545956417190826659e+00
1.542597729213043722e+00
1.544031979490297246e+00
1.548895351824536304e+00
1.555156521260140146e+00
1.560580000509622867e+00
1.563133935925932416e+00
1.561269416673690680e+00
1.554051630099070547e+00
1.541162710209297959e+00
1.522815965375711622e+00
1.499624053352367259e+00
1.472456122131833745e+00
1.442307394276375998e+00
1.410193572991017330e+00
1.377073949158912569e+00
1.343801661715021245e+00
1.311096761710036640e+00
1.279536786910555390e+00
1.249559731720268241e+00
1.221475032553827278e+00
1.195479111521353888e+00
1.171672920880275637e+00
1.150079707572572385e+00
1.130661839419694337e+00
1.113336006598050654e+00
1.097986454401179257e+00
1.084476141185196418e+00
1.072655872841572489e+00
1.062371562719556017e+00
1.053469820187662886e+00
1.045802094826031148e+00
1.039227606311783791e+00
1.033615279649130914e+00
1.028844886828316652e+00
1.024807573118277748e+00
1.021405921722829735e+00
1.018553686317520635e+00
1.016175298241454472e+00
1.014205234566832425e+00
1.012587315271149757e+00
1.011273982399260030e+00
1.010225601352894742e+00
1.009409814096804192e+00
1.008800965866090360e+00
1.008379620606070892e+00
1.008132175567470368e+00
1.008050581913042976e+00
1.008132175570763511e+00
1.008379620612826599e+00
1.008800965876657463e+00
1.009409814111718040e+00
1.010225601372920057e+00
1.011273982425411777e+00
1.012587315304753988e+00
1.014205234609581563e+00
1.016175298295498797e+00
1.018553686385559764e+00
1.021405921808255401e+00
1.024807573225337887e+00
1.028844886962311911e+00
1.033615279816685550e+00
1.039227606521162972e+00
1.045802095087559280e+00
1.053469820514231214e+00
1.062371563127280316e+00
1.072655873350613742e+00
1.084476141820805983e+00
1.097986455195032018e+00
1.113336007589947441e+00
1.130661840659737738e+00
1.150079709123968730e+00
1.171672922822937002e+00
1.195479113956553929e+00
1.221475035610232851e+00
1.249559735561734941e+00
1.279536791746235247e+00
1.311096767807434116e+00
1.343801669416853972e+00
1.377073958904728723e+00
1.410193585344770018e+00
1.442307409961189002e+00
1.472456142073311103e+00
1.499624078731542243e+00
1.522815997692231083e+00
1.541162751354506089e+00
1.554051682436931481e+00
1.561269483125157453e+00
1.563134020049168349e+00
1.560580106564807501e+00
1.555156654243822434e+00
1.548895517455123993e+00
1.544032184123848017e+00
1.542597979666807673e+00
1.545956720450756938e+00
1.554408244656001692e+00
1.567000207501555664e+00
1.581651534644094470e+00
1.595584552242693910e+00
1.605905984809262055e+00
1.610025561461585264e+00
1.605547668921939453e+00
1.589430457617015735e+00
1.556668486416674879e+00
1.499486567748324450e+00
1.408724565360784053e+00
1.279066023214593395e+00
1.118187614741387392e+00
9.564435625503215910e-01
8.490464532572241652e-01
8.582312470052931852e-01
1.000000000000000000e+00
