1.000000000000000000e+00
8.564839825178526267e-01
8.475757414580682436e-01
9.562588189384164661e-01
1.119016041432003616e+00
1.280091017389137997e+00
1.409287599212012410e+00
1.499384234415807482e+00
1.556094334085525333e+00
1.588759071076718099e+00
1.605126624081569586e+00
1.610050287702406990e+00
1.606383339874065674e+00
1.596361709045774235e+00
1.582482200189946342e+00
1.567623206930848001e+00
1.554617645015703209e+00
1.545648345299725168e+00
1.541785154103211042e+00
1.542832412935793096e+00
1.547496854900330732e+00
1.553775756585183077e+00
1.559423090419175040e+00
1.562367574864996334e+00
1.561005142851505489e+00
1.554342370536283546e+00
1.542008474535370155e+00
1.524174881601061626e+00
1.501425352409239578e+00
1.474612619045699180e+00
1.444726033791221553e+00
1.412783450834916410e+00
1.379751798128281859e+00
1.346495119437466359e+00
1.313745874809901792e+00
1.282094221897822628e+00
1.251990112165866087e+00
1.223753743946402128e+00
1.197590833160597557e+00
1.173610070385560089e+00
1.151840922864238559e+00
1.132250575987568952e+00
1.114759293105737736e+00
1.099253825041961896e+00
1.085598746504292000e+00
1.073645760018422823e+00
1.063241109960552322e+00
1.054231306656541189e+00
1.046467386476379824e+00
1.039807938364940121e+00
1.034121117750638863e+00
1.029285850731153529e+00
1.025192408805390976e+00
1.021742510003194049e+00
1.018849077980320983e+00
1.016435767751286079e+00
1.014436345983543042e+00
1.012793995561305893e+00
1.011460598570320890e+00
1.010396038896019144e+00
1.009567555086879675e+00
1.008949165758754818e+00
1.008521183312670599e+00
1.008269826800583191e+00
1.008186941095392308e+00
1.008269826803871005e+00
1.008521183319415870e+00
1.008949165769305045e+00
1.009567555101769765e+00
1.010396038916012706e+00
1.011460598596431559e+00
1.012793995594857277e+00
1.014436346026225566e+00
1.016435767805246693e+00
1.018849078048255530e+00
1.021742510088489597e+00
1.025192408912289244e+00
1.029285850864949170e+00
1.034121117917946808e+00
1.039807938574014656e+00
1.046467386737532701e+00
1.054231306982647443e+00
1.063241110367709075e+00
1.073645760526767079e+00
1.085598747139047360e+00
1.099253825834768605e+00
1.114759294096355102e+00
1.132250577226049160e+00
1.151840924413727318e+00
1.173610072325895981e+00
1.197590835592965641e+00
1.223753746999363123e+00
1.251990116003146358e+00
1.282094226728417885e+00
1.313745880901126206e+00
1.346495127131803304e+00
1.379751807864987079e+00
1.412783463177572862e+00
1.444726049462474515e+00
1.474612638970519862e+00
1.501425377767806379e+00
1.524174913891846561e+00
1.542008515648084943e+00
1.554342422832618809e+00
1.561005209249274106e+00
1.562367658918104585e+00
1.559423196382200283e+00
1.553775889447598590e+00
1.547497020372073928e+00
1.542832617363456560e+00
1.541785404294382378e+00
1.545648648231660038e+00
1.554618007403302471e+00
1.567623634630211038e+00
1.582482697423088336e+00
1.596362277458890144e+00
1.606383977493104132e+00
1.610050987923117294e+00
1.605127374905277460e+00
1.588759854841018671e+00
1.556095127904939757e+00
1.499385011428132630e+00
1.409288330542176393e+00
1.280091674536421475e+00
1.119016598620384606e+00
9.562592549309794077e-01
8.475760405088038629e-01
8.564841344880066432e-01
1.000000000000000000e+00
