1.000000000000000000e+00
7.720117584554904155e-01
7.928067348193315045e-01
9.647341508728072279e-01
1.159389807659481297e+00
1.313288033832962887e+00
1.418155656062538572e+00
1.487538147745444350e+00
1.534995365701999681e+00
1.568024824856316224e+00
1.589981224528185022e+00
1.602896659776228638e+00
1.608561682263339510e+00
1.608335467996637291e+00
1.602888388220752303e+00
1.592478298189210273e+00
1.577607726951226308e+00
1.559583042197811409e+00
1.540615015746753524e+00
1.523415199668852971e+00
1.510506282065112060e+00
1.503557436702683603e+00
1.502988096121234296e+00
1.507935135279362626e+00
1.516534235720700785e+00
1.526379518618571129e+00
1.535008996329292996e+00
1.540299190203704205e+00
1.540710298301675607e+00
1.535377195283340157e+00
1.524076858584937133e+00
1.507117122088122319e+00
1.485190035562347299e+00
1.459222943975994502e+00
1.430247947312856871e+00
1.399299475364436773e+00
1.367341867367884989e+00
1.335224147007619155e+00
1.303656980152235523e+00
1.273206272030350972e+00
1.244298283335007804e+00
1.217232001616757708e+00
1.192195470174434391e+00
1.169283675820245172e+00
1.148516352999267465e+00
1.129854656629904142e+00
1.113216101246839340e+00
1.098487483214556137e+00
1.085535721999678849e+00
1.074216699605090808e+00
1.064382264235719910e+00
1.055885610934192753e+00
1.048585270483735732e+00
1.042347937502118960e+00
1.037050356145528207e+00
1.032580462168965818e+00
1.028837956809879994e+00
1.025734463561870813e+00
1.023193395058656474e+00
1.021149635049928506e+00
1.019549120412638565e+00
1.018348390551819138e+00
1.017514156403925840e+00
1.017022928385548974e+00
1.016860731734000156e+00
1.017022928385434843e+00
1.017514156403694026e+00
1.018348390551461646e+00
1.019549120412146070e+00
1.021149635049288129e+00
1.023193395057848010e+00
1.025734463560875831e+00
1.028837956808674958e+00
1.032580462167534074e+00
1.037050356143837559e+00
1.042347937500150534e+00
1.048585270481473541e+00
1.055885610931621033e+00
1.064382264232831554e+00
1.074216699601880709e+00
1.085535721996156555e+00
1.098487483210734084e+00
1.113216101242733957e+00
1.129854656625511877e+00
1.148516352994562117e+00
1.169283675815124157e+00
1.192195470168675220e+00
1.217232001609925840e+00
1.244298283326325194e+00
1.273206272018503338e+00
1.303656980135077470e+00
1.335224146981814242e+00
1.367341867328346616e+00
1.399299475303619644e+00
1.430247947219823068e+00
1.459222943835255082e+00
1.485190035352446092e+00
1.507117121780047642e+00
1.524076858140430701e+00
1.535377194653331889e+00
1.540710297425126551e+00
1.540299189007119596e+00
1.535008994727265152e+00
1.526379516515261603e+00
1.516534233011855193e+00
1.507935131853684219e+00
1.502988091859431607e+00
1.503557431472509531e+00
1.510506275711856583e+00
1.523415192003285901e+00
1.540615006535851039e+00
1.559583031166029032e+00
1.577607713799349387e+00
1.592478282632520337e+00
1.602888370039870836e+00
1.608335447088029335e+00
1.608561658677706729e+00
1.602896633742566745e+00
1.589981196470672486e+00
1.568024795409144190e+00
1.534995335713634557e+00
1.487538118254000841e+00
1.418155628231468901e+00
1.313288008850109101e+00
1.159389786607271988e+00
9.647341345897582077e-01
7.928067238124402172e-01
7.720117529316095073e-01
1.000000000000000000e+00
