1.000000000000000000e+00
8.651039664674023966e-01
8.549972479688122684e-01
9.574381068319199883e-01
1.115131777662659696e+00
1.275076057940069063e+00
1.406409605080200631e+00
1.499719899253998401e+00
1.558745806168943426e+00
1.591896315545961116e+00
1.607035261006088733e+00
1.609779370886243788e+00
1.603935677094521450e+00
1.592537364403910027e+00
1.578526704184566087e+00
1.564820712151328008e+00
1.553941474299593839e+00
1.547543297377771410e+00
1.546109768953044084e+00
1.548944125762182988e+00
1.554430605974732371e+00
1.560454711996578814e+00
1.564847911370732314e+00
1.565750660797889493e+00
1.561838858077361891e+00
1.552408055532558340e+00
1.537342841912933578e+00
1.517012714982251431e+00
1.492134758092289015e+00
1.463634208213377086e+00
1.432522418772322670e+00
1.399801441916809441e+00
1.366397024083410683e+00
1.333117337180533379e+00
1.300632665272016375e+00
1.269470759655884518e+00
1.240022980487239579e+00
1.212557164256421016e+00
1.187234081875814251e+00
1.164125213260951863e+00
1.143230287829675618e+00
1.124493608957014779e+00
1.107818605304063286e+00
1.093080355867170228e+00
1.080136043636994225e+00
1.068833427843104644e+00
1.059017506056615376e+00
1.050535580149453807e+00
1.043240955972424722e+00
1.036995504435109350e+00
1.031671297990476965e+00
1.027151516125271336e+00
1.023330789765179105e+00
1.020115129922209762e+00
1.017421562060707219e+00
1.015177565566404594e+00
1.013320397959331487e+00
1.011796366363365562e+00
1.010560094273079024e+00
1.009573819727352495e+00
1.008806751396623236e+00
1.008234501547552453e+00
1.007838609070798919e+00
1.007606161443043602e+00
1.007529521350626789e+00
1.007606161446313653e+00
1.007838609077506664e+00
1.008234501558044727e+00
1.008806751411431391e+00
1.009573819747235479e+00
1.010560094299044254e+00
1.011796366396728875e+00
1.013320398001772871e+00
1.015177565620058564e+00
1.017421562128253854e+00
1.020115130007013926e+00
1.023330789871456092e+00
1.027151516258280939e+00
1.031671298156791483e+00
1.036995504642928667e+00
1.043240956231990868e+00
1.050535580473554775e+00
1.059017506461234381e+00
1.068833428348237469e+00
1.080136044267681728e+00
1.093080356654819507e+00
1.107818606288134333e+00
1.124493610187174086e+00
1.143230289368572850e+00
1.164125215187783224e+00
1.187234084290931468e+00
1.212557167287303228e+00
1.240022984296206943e+00
1.269470764450100431e+00
1.300632671316412470e+00
1.333117344814501948e+00
1.366397033742202449e+00
1.399801454158851710e+00
1.432522434313669102e+00
1.463634227970658230e+00
1.492134783235257833e+00
1.517012746996553529e+00
1.537342882672800837e+00
1.552408107381400226e+00
1.561838923911917032e+00
1.565750744148350693e+00
1.564848016465543168e+00
1.560454843796745816e+00
1.554430770159055619e+00
1.548944328642417823e+00
1.546110017296471018e+00
1.547543598113833463e+00
1.553941834086753015e+00
1.564821136782225119e+00
1.578527197816927297e+00
1.592537928630552546e+00
1.603936309915284353e+00
1.609780065715706643e+00
1.607036005923268673e+00
1.591897093030057331e+00
1.558746593533211211e+00
1.499720669874479828e+00
1.406410330336194558e+00
1.275076709579211487e+00
1.115132330135442773e+00
9.574385390968952469e-01
8.549975444381958667e-01
8.651041171164384203e-01
1.000000000000000000e+00
