1.000000000000000000e+00
7.617506718370961050e-01
7.897794363986277988e-01
9.697457120556713939e-01
1.165364167325358968e+00
1.316039010702628298e+00
1.418370292827651591e+00
1.487730682149897454e+00
1.536659160958898207e+00
1.570915392095627583e+00
1.592898975677508711e+00
1.604766872335535943e+00
1.609091665503492807e+00
1.608083716012110198e+00
1.602889773556443798e+00
1.593688245035535189e+00
1.580433276589073399e+00
1.563684938866651164e+00
1.545025798736356037e+00
1.526885568610986565e+00
1.511920777273653593e+00
1.502266774500199187e+00
1.498966955550860014e+00
1.501752057967024045e+00
1.509181420061892265e+00
1.519038417792523799e+00
1.528823845220073530e+00
1.536206869650800444e+00
1.539345823378209133e+00
1.537050383136044696e+00
1.528802083789690736e+00
1.514674063251124636e+00
1.495195843624164356e+00
1.471201799254832299e+00
1.443689870321945401e+00
1.413705070913922723e+00
1.382252946439601171e+00
1.350242004365699078e+00
1.318450868106617380e+00
1.287514690381623028e+00
1.257925417964684378e+00
1.230041206805755127e+00
1.204101232787206488e+00
1.180243089610023999e+00
1.158520794474159343e+00
1.138922093269547409e+00
1.121384270409914397e+00
1.105808043854060951e+00
1.092069389058085704e+00
1.080029311856125940e+00
1.069541701478092133e+00
1.060459458843815872e+00
1.052639125767305783e+00
1.045944248278010580e+00
1.040247699765620260e+00
1.035433172848517325e+00
1.031396026924565446e+00
1.028043654237364768e+00
1.025295503003424535e+00
1.023082873010751737e+00
1.021348577899725552e+00
1.020046549455855489e+00
1.019141442771713590e+00
1.018608286951099950e+00
1.018432213864500779e+00
1.018608286951813158e+00
1.019141442773178641e+00
1.020046549458153651e+00
1.021348577902985832e+00
1.023082873015155547e+00
1.025295503009215459e+00
1.028043654244866323e+00
1.031396026934191967e+00
1.035433172860809048e+00
1.040247699781252422e+00
1.045944248297853152e+00
1.052639125792463215e+00
1.060459458875678607e+00
1.069541701518423871e+00
1.080029311907147571e+00
1.092069389122613421e+00
1.105808043935644802e+00
1.121384270513039016e+00
1.138922093399866498e+00
1.158520794638825624e+00
1.180243089818064695e+00
1.204101233050034248e+00
1.230041207137816839e+00
1.257925418384277183e+00
1.287514690911956361e+00
1.318450868777149232e+00
1.350242005213921903e+00
1.382252947513276986e+00
1.413705072274010988e+00
1.443689872046370670e+00
1.471201801443358770e+00
1.495195846404631768e+00
1.514674066787440321e+00
1.528802088291917327e+00
1.537050388872979401e+00
1.539345830692806949e+00
1.536206878978448653e+00
1.528823857109581130e+00
1.519038432928905946e+00
1.509181439289374760e+00
1.501752082309758762e+00
1.498966986228043030e+00
1.502266812931803974e+00
1.511920825072946561e+00
1.526885627560174763e+00
1.545025870741425944e+00
1.563685025885822588e+00
1.580433380525872344e+00
1.593688367583737220e+00
1.602889915984099911e+00
1.608083878881204409e+00
1.609091848343767728e+00
1.604767073321767379e+00
1.592899191385948043e+00
1.570915617421767774e+00
1.536659389258282937e+00
1.487730905622107747e+00
1.418370503110864433e+00
1.316039199585699926e+00
1.165364327428910718e+00
9.697458373259215669e-01
7.897795223380791318e-01
7.617507155213935066e-01
1.000000000000000000e+00
