1.000000000000000000e+00
1.073101064836894603e+00
1.145682798289741733e+00
1.216459505645319794e+00
1.283472869452817022e+00
1.344358567336213284e+00
1.396719100865802421e+00
1.438512445257574823e+00
1.468365734731632566e+00
1.485750159422114081e+00
1.490997048565990690e+00
1.485177978966805812e+00
1.469898991715641312e+00
1.447065478714637310e+00
1.418664171566294208e+00
1.386590596862212088e+00
1.352532386851716284e+00
1.317905614994928865e+00
1.283834046669403151e+00
1.251158848218310027e+00
1.220467095667282953e+00
1.192129720593848585e+00
1.166342184077102218e+00
1.143163555982359414e+00
1.122551549436731744e+00
1.104392394519765341e+00
1.088525309537485164e+00
1.074761852166293385e+00
1.062900709900228335e+00
1.052738603538892370e+00
1.044077990981531867e+00
1.036732214490415194e+00
1.030528661419429559e+00
1.025310424256045128e+00
1.020936861580301391e+00
1.017283383307048483e+00
1.014240714366060114e+00
1.011713831874939462e+00
1.009620721796706144e+00
1.007891061314071024e+00
1.006464901634808173e+00
1.005291401485507663e+00
1.004327642981278634e+00
1.003537547785767314e+00
1.002890901529889689e+00
1.002362487504521171e+00
1.001931325984883658e+00
1.001580012610956638e+00
1.001294147581694327e+00
1.001061846661445598e+00
1.000873324866855985e+00
1.000720543991595601e+00
1.000596915678328536e+00
1.000497052448904745e+00
1.000416559874728106e+00
1.000351863854466616e+00
1.000300067729967379e+00
1.000258834691184262e+00
1.000226291585314842e+00
1.000200950849366333e+00
1.000181647829142983e+00
1.000167491234574157e+00
1.000157824917145666e+00
1.000152199546445075e+00
1.000150353117504887e+00
1.000152199546445075e+00
1.000157824917145666e+00
1.000167491234574157e+00
1.000181647829142983e+00
1.000200950849366333e+00
1.000226291585314842e+00
1.000258834691184262e+00
1.000300067729967379e+00
1.000351863854466616e+00
1.000416559874728106e+00
1.000497052448904745e+00
1.000596915678328536e+00
1.000720543991595601e+00
1.000873324866855985e+00
1.001061846661445598e+00
1.001294147581694327e+00
1.001580012610956638e+00
1.001931325984883658e+00
1.002362487504521171e+00
1.002890901529889689e+00
1.003537547785767314e+00
1.004327642981278634e+00
1.005291401485507663e+00
1.006464901634808173e+00
1.007891061314071024e+00
1.009620721796706144e+00
1.011713831874939462e+00
1.014240714366060114e+00
1.017283383307048483e+00
1.020936861580301169e+00
1.025310424256045128e+00
1.030528661419429115e+00
1.036732214490415194e+00
1.044077990981531867e+00
1.052738603538892370e+00
1.062900709900228557e+00
1.074761852166293163e+00
1.088525309537485608e+00
1.104392394519765119e+00
1.122551549436731744e+00
1.143163555982359414e+00
1.166342184077102218e+00
1.192129720593849029e+00
1.220467095667282731e+00
1.251158848218309583e+00
1.283834046669404039e+00
1.317905614994929087e+00
1.352532386851715840e+00
1.386590596862211422e+00
1.418664171566292875e+00
1.447065478714637976e+00
1.469898991715640868e+00
1.485177978966804480e+00
1.490997048565990690e+00
1.485750159422114747e+00
1.468365734731631900e+00
1.438512445257573935e+00
1.396719100865802199e+00
1.344358567336214394e+00
1.283472869452817466e+00
1.216459505645319350e+00
1.145682798289741955e+00
1.073101064836894603e+00
1.000000000000000000e+00
