1.000000000000000000e+00
1.042070598364136069e+00
1.083597545941254570e+00
1.123748568694223904e+00
1.161429996072462778e+00
1.195402503666299410e+00
1.224448851923206183e+00
1.247549788104960200e+00
1.264027078970666906e+00
1.273625410768963961e+00
1.276523312942808852e+00
1.273281075496236925e+00
1.264745695706788631e+00
1.251937106264183086e+00
1.235937318854715583e+00
1.217797496377932109e+00
1.198470379322939205e+00
1.178769093686312885e+00
1.159349123834205075e+00
1.140708156104114357e+00
1.123198083992970497e+00
1.107044073049498589e+00
1.092366660847365889e+00
1.079204033771960169e+00
1.067532663370481583e+00
1.057285310658275579e+00
1.048366004377377925e+00
1.040661995885262536e+00
1.034052931144287646e+00
1.028417602048748991e+00
1.023638682143600764e+00
1.019605844798345373e+00
1.016217626482537550e+00
1.013382348740799355e+00
1.011018359435117864e+00
1.009053802670959232e+00
1.007426080754182607e+00
1.006081131964085662e+00
1.004972615175402595e+00
1.004061066057868601e+00
1.003313069018556547e+00
1.002700473382071245e+00
1.002199670666061859e+00
1.001790941403731816e+00
1.001457874086365774e+00
1.001186854851281893e+00
1.000966624035717123e+00
1.000787894264534073e+00
1.000643024034624018e+00
1.000525740568300126e+00
1.000430905857318198e+00
1.000354320179952072e+00
1.000292557854362663e+00
1.000242830527631854e+00
1.000202873848346607e+00
1.000170853903213919e+00
1.000145290298193546e+00
1.000124993222877068e+00
1.000109012249915663e+00
1.000096594989128507e+00
1.000087154041197079e+00
1.000080240982255786e+00
1.000075526363245038e+00
1.000072784931545389e+00
1.000071885482628486e+00
1.000072784931545389e+00
1.000075526363245038e+00
1.000080240982255786e+00
1.000087154041197079e+00
1.000096594989128507e+00
1.000109012249915663e+00
1.000124993222877068e+00
1.000145290298193546e+00
1.000170853903213919e+00
1.000202873848346607e+00
1.000242830527631854e+00
1.000292557854362663e+00
1.000354320179952072e+00
1.000430905857318198e+00
1.000525740568300126e+00
1.000643024034624018e+00
1.000787894264534073e+00
1.000966624035717123e+00
1.001186854851281893e+00
1.001457874086365774e+00
1.001790941403731816e+00
1.002199670666061859e+00
1.002700473382071245e+00
1.003313069018556547e+00
1.004061066057868601e+00
1.004972615175402595e+00
1.006081131964085662e+00
1.007426080754182607e+00
1.009053802670959232e+00
1.011018359435117642e+00
1.013382348740799355e+00
1.016217626482537550e+00
1.019605844798345373e+00
1.023638682143600764e+00
1.028417602048748769e+00
1.034052931144287646e+00
1.040661995885262314e+00
1.048366004377378147e+00
1.057285310658275357e+00
1.067532663370481583e+00
1.079204033771959947e+00
1.092366660847365667e+00
1.107044073049499033e+00
1.123198083992970053e+00
1.140708156104114135e+00
1.159349123834205075e+00
1.178769093686313107e+00
1.198470379322938539e+00
1.217797496377931221e+00
1.235937318854714695e+00
1.251937106264182864e+00
1.264745695706787743e+00
1.273281075496235815e+00
1.276523312942808408e+00
1.273625410768962851e+00
1.264027078970665574e+00
1.247549788104959090e+00
1.224448851923205517e+00
1.195402503666299632e+00
1.161429996072461668e+00
1.123748568694223238e+00
1.083597545941254792e+00
1.042070598364135847e+00
1.000000000000000000e+00
