1.000000000000000000e+00
9.854977829622355578e-01
1.001352470141957607e+00
1.053841436267098919e+00
1.135357265449842501e+00
1.232227497468228572e+00
1.330378512655553846e+00
1.418916236935783726e+00
1.491671590052893182e+00
1.547009538006530072e+00
1.586518910221004219e+00
1.613332739445208386e+00
1.630694615772632305e+00
1.641089195133320633e+00
1.645959119358898270e+00
1.645845070039225089e+00
1.640730420136111922e+00
1.630408148932744883e+00
1.614761613246811001e+00
1.593921674135069910e+00
1.568310871567060394e+00
1.538608096849213736e+00
1.505670845852510764e+00
1.470445234783323896e+00
1.433883553781760023e+00
1.396879471505556802e+00
1.360223882939988860e+00
1.324580033718737893e+00
1.290474427879014119e+00
1.258299405540849847e+00
1.228323519752601900e+00
1.200706483677135283e+00
1.175516211382024334e+00
1.152746182403955322e+00
1.132331954458352774e+00
1.114166113483349818e+00
1.098111294543608674e+00
1.084011150157313752e+00
1.071699305565426030e+00
1.061006442737050248e+00
1.051765712706860256e+00
1.043816702039831013e+00
1.037008183720014687e+00
1.031199873027585756e+00
1.026263390529455588e+00
1.022082611182971723e+00
1.018553553597247641e+00
1.015583938675490128e+00
1.013092523458723582e+00
1.011008294778361405e+00
1.009269588696075637e+00
1.007823185787913856e+00
1.006623419053471302e+00
1.005631320417539332e+00
1.004813823190695787e+00
1.004143031183487356e+00
1.003595560138951681e+00
1.003151953484814785e+00
1.002796171858540530e+00
1.002515154203290182e+00
1.002298447280141724e+00
1.002137900031727202e+00
1.002027419233736838e+00
1.001962783177018812e+00
1.001941510650581568e+00
1.001962783177018812e+00
1.002027419233736838e+00
1.002137900031727202e+00
1.002298447280141724e+00
1.002515154203290182e+00
1.002796171858540530e+00
1.003151953484814785e+00
1.003595560138951681e+00
1.004143031183487356e+00
1.004813823190695787e+00
1.005631320417539332e+00
1.006623419053471302e+00
1.007823185787913856e+00
1.009269588696075637e+00
1.011008294778361405e+00
1.013092523458723582e+00
1.015583938675490128e+00
1.018553553597247863e+00
1.022082611182971057e+00
1.026263390529455588e+00
1.031199873027585756e+00
1.037008183720014687e+00
1.043816702039831013e+00
1.051765712706860478e+00
1.061006442737050248e+00
1.071699305565425808e+00
1.084011150157313530e+00
1.098111294543609118e+00
1.114166113483349374e+00
1.132331954458352330e+00
1.152746182403955100e+00
1.175516211382022558e+00
1.200706483677135505e+00
1.228323519752601900e+00
1.258299405540849847e+00
1.290474427879015229e+00
1.324580033718736782e+00
1.360223882939989748e+00
1.396879471505556136e+00
1.433883553781760689e+00
1.470445234783323896e+00
1.505670845852510320e+00
1.538608096849214624e+00
1.568310871567061504e+00
1.593921674135069910e+00
1.614761613246811889e+00
1.630408148932744883e+00
1.640730420136111478e+00
1.645845070039223978e+00
1.645959119358897160e+00
1.641089195133322187e+00
1.630694615772633194e+00
1.613332739445207942e+00
1.586518910221003997e+00
1.547009538006528517e+00
1.491671590052894070e+00
1.418916236935783282e+00
1.330378512655554069e+00
1.232227497468229682e+00
1.135357265449843611e+00
1.053841436267098031e+00
1.001352470141956719e+00
9.854977829622340035e-01
1.000000000000000000e+00
