1.000000000000000000e+00
7.609194820638148782e-01
7.888401441270903591e-01
9.687347136839811190e-01
1.164030352940174096e+00
1.314284864611512393e+00
1.416310625065172246e+00
1.485552247279228411e+00
1.534500950163998345e+00
1.568839444244545911e+00
1.590919100535844954e+00
1.602887397700926808e+00
1.607331307862769787e+00
1.606479981811281155e+00
1.601488296818625923e+00
1.592524813826874386e+00
1.579517447781057626e+00
1.562992579305379826e+00
1.544503484497676826e+00
1.526464535780131637e+00
1.511534636532150477e+00
1.501866727646052890e+00
1.498530283554443399e+00
1.501282723236789796e+00
1.508704298122693688e+00
1.518590114598864504e+00
1.528443159631178938e+00
1.535927133423101276e+00
1.539190179230673694e+00
1.537030027158589496e+00
1.528916847177739902e+00
1.514914462302667131e+00
1.495545776993697284e+00
1.471641274001308064e+00
1.444197376546122236e+00
1.414259429757388942e+00
1.382834601311661471e+00
1.350833810980152538e+00
1.319038478249626722e+00
1.288086632979059676e+00
1.258472972390766831e+00
1.230558147044646944e+00
1.204583502953068264e+00
1.180688454613670446e+00
1.158928495643880341e+00
1.139292527781863740e+00
1.121718705222689572e+00
1.106108369007073211e+00
1.092337911225114810e+00
1.080268586453040358e+00
1.069754400083146262e+00
1.060648267876336925e+00
1.052806672074410699e+00
1.046093047327040448e+00
1.040380122407681629e+00
1.035551427014735681e+00
1.031502151076067131e+00
1.028139519866763107e+00
1.025382823948645106e+00
1.023163219771291432e+00
1.021423395528909150e+00
1.020117177934093622e+00
1.019209139042896117e+00
1.018674248027236606e+00
1.018497600574074902e+00
1.018674248027072071e+00
1.019209139042560386e+00
1.020117177933574926e+00
1.021423395528190836e+00
1.023163219770349519e+00
1.025382823947448063e+00
1.028139519865276519e+00
1.031502151074245921e+00
1.035551427012536552e+00
1.040380122405043295e+00
1.046093047323906067e+00
1.052806672070719429e+00
1.060648267872017270e+00
1.069754400078125389e+00
1.080268586447232115e+00
1.092337911218433488e+00
1.106108368999414227e+00
1.121718705213925915e+00
1.139292527771818664e+00
1.158928495632317812e+00
1.180688454600230974e+00
1.204583502937206951e+00
1.230558147025536009e+00
1.258472972367136622e+00
1.288086632948982624e+00
1.319038478210184717e+00
1.350833810927037693e+00
1.382834601238561945e+00
1.414259429655214451e+00
1.444197376401990640e+00
1.471641273797293037e+00
1.495545776705303531e+00
1.514914461897121534e+00
1.528916846612171421e+00
1.537030026378294556e+00
1.539190178167770151e+00
1.535927131995743711e+00
1.528443157743635483e+00
1.518590112142273574e+00
1.508704294975962590e+00
1.501282719266480381e+00
1.498530278612106414e+00
1.501866721561785578e+00
1.511534629104591909e+00
1.526464526765759722e+00
1.544503473605294053e+00
1.562992566203354139e+00
1.579517432123061838e+00
1.592524795295804374e+00
1.601488275180387388e+00
1.606479956965599865e+00
1.607331279881837771e+00
1.602887366857125961e+00
1.590919067326800773e+00
1.568839409416859842e+00
1.534500914719848286e+00
1.485552212442000419e+00
1.416310592195273887e+00
1.314284835085296255e+00
1.164030328009491688e+00
9.687346943362183938e-01
7.888401309957850938e-01
7.609194754515157255e-01
1.000000000000000000e+00
