1.000000000000000000e+00
9.686177087139035136e-01
9.787247554342439759e-01
1.036948515091414835e+00
1.130968110411967542e+00
1.241257355714299848e+00
1.349077877541054127e+00
1.441076576976421997e+00
1.510862262887248342e+00
1.558242995472251202e+00
1.587120532074858037e+00
1.603076913371737300e+00
1.611415777551577833e+00
1.616007769123879001e+00
1.618929373499212954e+00
1.620676102762752757e+00
1.620672635420635332e+00
1.617843125393028325e+00
1.611088173930372625e+00
1.599599919716749641e+00
1.583011235340028300e+00
1.561412409457658468e+00
1.535282159684175252e+00
1.505377121212229552e+00
1.472613240096344756e+00
1.437959961304758227e+00
1.402357314580394032e+00
1.366658333572029926e+00
1.331594667066407611e+00
1.297761081973001662e+00
1.265614002699860796e+00
1.235479584312276335e+00
1.207567580632116444e+00
1.181988135640781978e+00
1.158769432909020569e+00
1.137874812947999192e+00
1.119218496362747839e+00
1.102679442755529093e+00
1.088113153549838730e+00
1.075361415287876765e+00
1.064260100285504551e+00
1.054645211928495918e+00
1.046357396695383413e+00
1.039245155192235703e+00
1.033166978350055221e+00
1.027992618582735496e+00
1.023603683588432789e+00
1.019893715779321086e+00
1.016767895251349918e+00
1.014142480223183318e+00
1.011944076890847644e+00
1.010108811157067299e+00
1.008581457898758194e+00
1.007314569320105990e+00
1.006267632353687436e+00
1.005406275785802883e+00
1.004701540521344638e+00
1.004129220881597284e+00
1.003669280766788852e+00
1.003305345655336023e+00
1.003024269522329259e+00
1.002815774639845614e+00
1.002672161700452369e+00
1.002588087639637582e+00
1.002560408805749148e+00
1.002588087639637582e+00
1.002672161700452369e+00
1.002815774639845614e+00
1.003024269522329259e+00
1.003305345655336023e+00
1.003669280766788852e+00
1.004129220881597284e+00
1.004701540521344638e+00
1.005406275785802883e+00
1.006267632353687436e+00
1.007314569320105990e+00
1.008581457898758194e+00
1.010108811157067299e+00
1.011944076890847644e+00
1.014142480223183318e+00
1.016767895251349918e+00
1.019893715779321308e+00
1.023603683588433011e+00
1.027992618582734830e+00
1.033166978350055221e+00
1.039245155192235925e+00
1.046357396695383857e+00
1.054645211928495918e+00
1.064260100285504773e+00
1.075361415287876321e+00
1.088113153549838508e+00
1.102679442755528649e+00
1.119218496362748727e+00
1.137874812947998082e+00
1.158769432909019681e+00
1.181988135640781312e+00
1.207567580632114668e+00
1.235479584312276558e+00
1.265614002699860796e+00
1.297761081973000774e+00
1.331594667066408499e+00
1.366658333572029260e+00
1.402357314580394920e+00
1.437959961304757117e+00
1.472613240096344311e+00
1.505377121212229108e+00
1.535282159684173919e+00
1.561412409457658246e+00
1.583011235340028300e+00
1.599599919716747642e+00
1.611088173930371292e+00
1.617843125393025216e+00
1.620672635420632002e+00
1.620676102762747650e+00
1.618929373499206736e+00
1.616007769123874782e+00
1.611415777551571837e+00
1.603076913371729750e+00
1.587120532074850265e+00
1.558242995472241210e+00
1.510862262887241236e+00
1.441076576976414669e+00
1.349077877541047465e+00
1.241257355714294741e+00
1.130968110411964211e+00
1.036948515091410616e+00
9.787247554342410893e-01
9.686177087139011821e-01
1.000000000000000000e+00
