1.000000000000000000e+00
7.837722681800555202e-01
7.986341457285418555e-01
9.626007184849956211e-01
1.155907803383546817e+00
1.313147658345085178e+00
1.421280133031761261e+00
1.491541598649602562e+00
1.538086243616258342e+00
1.570032522668406205e+00
1.591755918022160987e+00
1.605239232051438147e+00
1.611544990509104380e+00
1.611274506143792973e+00
1.604785830077293696e+00
1.592603365867964138e+00
1.575901212380437455e+00
1.556731676694659061e+00
1.537812656561018843e+00
1.521951013945816555e+00
1.511356312909185817e+00
1.507115929767816942e+00
1.508996275400522169e+00
1.515588158646954398e+00
1.524698444264895203e+00
1.533839398456216641e+00
1.540678812877882553e+00
1.543363273030303073e+00
1.540684600941236715e+00
1.532104732804285385e+00
1.517678826778502188e+00
1.497922016579715132e+00
1.473658584489046852e+00
1.445880475689125033e+00
1.415630098881675458e+00
1.383912886953981181e+00
1.351638851179383094e+00
1.319588990112678717e+00
1.288401130157882157e+00
1.258569787484298708e+00
1.230455326540973005e+00
1.204298629222435357e+00
1.180238435373678341e+00
1.158329348585882546e+00
1.138559177555630741e+00
1.120864801822509138e+00
1.105146130529543802e+00
1.091277989599605647e+00
1.079119951702308677e+00
1.068524236621625656e+00
1.059341875022797641e+00
1.051427360124833399e+00
1.044642020032642504e+00
1.038856336401975833e+00
1.033951418538557876e+00
1.029819820197962033e+00
1.026365862254999151e+00
1.023505600115412806e+00
1.021166551603640560e+00
1.019287279897737264e+00
1.017816907318109587e+00
1.016714619539377695e+00
1.015949206006207417e+00
1.015498670770676792e+00
1.015349938312399614e+00
1.015498670772168044e+00
1.015949206009269856e+00
1.016714619544172971e+00
1.017816907324888831e+00
1.019287279906858856e+00
1.021166551615582341e+00
1.023505600130801385e+00
1.026365862274636331e+00
1.029819820222878102e+00
1.033951418570040914e+00
1.038856336441662753e+00
1.044642020082594325e+00
1.051427360187631388e+00
1.059341875101688757e+00
1.068524236720678644e+00
1.079119951826639889e+00
1.091277989755632394e+00
1.105146130725335851e+00
1.120864802068198607e+00
1.138559177863979199e+00
1.158329348972961581e+00
1.180238435859766399e+00
1.204298629833161494e+00
1.230455327308780378e+00
1.258569788450340399e+00
1.288401131374450115e+00
1.319588991646382325e+00
1.351638853115228134e+00
1.383912889400652269e+00
1.415630101978371913e+00
1.445880479614360503e+00
1.473658589471899649e+00
1.497922022914153217e+00
1.517678834841360347e+00
1.532104743077557396e+00
1.540684614039148581e+00
1.543363289731298549e+00
1.540678834161180344e+00
1.533839425541586587e+00
1.524698478653197631e+00
1.515588202157478248e+00
1.508996330199727787e+00
1.507115998382823507e+00
1.511356398218544506e+00
1.521951119139456798e+00
1.537812785060226117e+00
1.556731832020566308e+00
1.575901397955644212e+00
1.592603584732350308e+00
1.604786084500921417e+00
1.611274797134181647e+00
1.611545317242436770e+00
1.605239591304621349e+00
1.591756303729624733e+00
1.570032925750088015e+00
1.538086652201519300e+00
1.491541998751245046e+00
1.421280509617167231e+00
1.313147996630158687e+00
1.155908090079277306e+00
9.626009427178261468e-01
7.986342994799700001e-01
7.837723462989018008e-01
1.000000000000000000e+00
