1.000000000000000000e+00
9.232695352889583873e-01
9.182996421174882684e-01
9.900034354001844283e-01
1.112256165677879327e+00
1.251492584930518293e+00
1.379948919635018756e+00
1.480991830997090641e+00
1.549068948106622656e+00
1.586789794926708463e+00
1.601242058941703128e+00
1.600861817014797239e+00
1.593349159421203032e+00
1.584572520144737817e+00
1.578198758546311531e+00
1.575792807069821944e+00
1.577199471163004851e+00
1.581071685496973078e+00
1.585434993368261214e+00
1.588196613355529418e+00
1.587534205430884748e+00
1.582134633167724624e+00
1.571287570522359900e+00
1.554863510859688436e+00
1.533216702031939160e+00
1.507052450502802232e+00
1.477289792789099998e+00
1.444939579553837117e+00
1.411007969916717064e+00
1.376427830293627919e+00
1.342015853563779837e+00
1.308450894559530120e+00
1.276268342256121846e+00
1.245865647357135009e+00
1.217514890004904204e+00
1.191379178008710849e+00
1.167530527783047223e+00
1.145967614141691460e+00
1.126632357296815767e+00
1.109424753556910170e+00
1.094215671544941815e+00
1.080857552895860607e+00
1.069193098365486927e+00
1.059062106568957162e+00
1.050306678745011491e+00
1.042775021054657802e+00
1.036324075076181073e+00
1.030821194128042517e+00
1.026145062805335240e+00
1.022186033233530189e+00
1.018846026542874039e+00
1.016038123656657799e+00
1.013685946763011936e+00
1.011722912440305544e+00
1.010091419633794452e+00
1.008742020599513012e+00
1.007632610443708776e+00
1.006727660792617662e+00
1.005997515171783707e+00
1.005417757575314708e+00
1.004968661181548040e+00
1.004634720953602622e+00
1.004404271704977702e+00
1.004269191890428070e+00
1.004224692707204714e+00
1.004269191889900936e+00
1.004404271703897233e+00
1.004634720951914417e+00
1.004968661179165501e+00
1.005417757572119042e+00
1.005997515167614820e+00
1.006727660787266387e+00
1.007632610436908660e+00
1.008742020590929211e+00
1.010091419623003306e+00
1.011722912426777921e+00
1.013685946746090805e+00
1.016038123635522039e+00
1.018846026516504244e+00
1.022186033200660038e+00
1.026145062764392657e+00
1.030821194077075953e+00
1.036324075012770463e+00
1.042775020975797995e+00
1.050306678646973912e+00
1.059062106447111073e+00
1.069193098214078486e+00
1.080857552707735536e+00
1.094215671311194793e+00
1.109424753266444297e+00
1.126632356935786117e+00
1.145967613692795650e+00
1.167530527224630132e+00
1.191379177313619531e+00
1.217514889139040601e+00
1.245865646277606764e+00
1.276268340908893073e+00
1.308450892876464211e+00
1.342015851458884024e+00
1.376427827658405212e+00
1.411007966614403308e+00
1.444939575412405475e+00
1.477289787592976689e+00
1.507052443983308399e+00
1.533216693856796375e+00
1.554863500622213124e+00
1.571287557731548379e+00
1.582134617241067076e+00
1.587534185692534239e+00
1.588196589043195717e+00
1.585434963652711193e+00
1.581071649518048572e+00
1.577199428085424016e+00
1.575792756160458774e+00
1.578198699272238992e+00
1.584572452287966060e+00
1.593349083201715866e+00
1.600861733208058135e+00
1.601241968970313678e+00
1.586789700899835287e+00
1.549068852778873628e+00
1.480991737626144999e+00
1.379948831739482573e+00
1.251492505983127002e+00
1.112256098800405324e+00
9.900033831335465218e-01
9.182996063123690655e-01
9.232695171111285903e-01
1.000000000000000000e+00
