1.000000000000000000e+00
8.659488395350259937e-01
8.557481720546549209e-01
9.575927794903505985e-01
1.114782275090255848e+00
1.274592910169775273e+00
1.406113849925624937e+00
1.499726530484069231e+00
1.558975682828503739e+00
1.592174594777257424e+00
1.607196002424082115e+00
1.609732333257116510e+00
1.603686090085548965e+00
1.592168872610274066e+00
1.578163969865149285e+00
1.564587488436510521e+00
1.553926294280760123e+00
1.547779927135907840e+00
1.546574228634265191e+00
1.549565498258619334e+00
1.555110034605200475e+00
1.561086355887945532e+00
1.565336832872922024e+00
1.566024795808399039e+00
1.561854431758974648e+00
1.552149415048579950e+00
1.536818469775100171e+00
1.516249278665557920e+00
1.491170712990590230e+00
1.462513968820198462e+00
1.431291632452610152e+00
1.398503531715918236e+00
1.365070931698927570e+00
1.331796275388247519e+00
1.299343647852344352e+00
1.268234684420957770e+00
1.238855072929815337e+00
1.211467629535579071e+00
1.186228852125969624e+00
1.163206711184975983e+00
1.142398154796415932e+00
1.123745366541783586e+00
1.107150234273187372e+00
1.092486787107678436e+00
1.079611562516979761e+00
1.068371997853647448e+00
1.058613020053809972e+00
1.050182048644430655e+00
1.042932642131747967e+00
1.036727015068921842e+00
1.031437639052758870e+00
1.026948120296997446e+00
1.023153522655559700e+00
1.019960280387063767e+00
1.017285821153791847e+00
1.015057997741630080e+00
1.013214407346214152e+00
1.011701660250679202e+00
1.010474645354745293e+00
1.009495828183518906e+00
1.008734607492178803e+00
1.008166749119343564e+00
1.007773910032771392e+00
1.007543261255438027e+00
1.007467215266467653e+00
1.007543261258698752e+00
1.007773910039459597e+00
1.008166749129805639e+00
1.008734607506944325e+00
1.009495828203344603e+00
1.010474645380635694e+00
1.011701660283946369e+00
1.013214407388532967e+00
1.015057997795128841e+00
1.017285821221143083e+00
1.019960280471622793e+00
1.023153522761528933e+00
1.026948120429621358e+00
1.031437639218590663e+00
1.036727015276137198e+00
1.042932642390558939e+00
1.050182048967587489e+00
1.058613020457248588e+00
1.068371998357304120e+00
1.079611563145820963e+00
1.092486787893017564e+00
1.107150235254366732e+00
1.123745367768320236e+00
1.142398156330770576e+00
1.163206713106105239e+00
1.186228854533920352e+00
1.211467632557441165e+00
1.238855076727411353e+00
1.268234689200813170e+00
1.299343653878572979e+00
1.331796282999190062e+00
1.365070941328483611e+00
1.398503543920780690e+00
1.431291647946611123e+00
1.462513988517133434e+00
1.491170738056612155e+00
1.516249310581777365e+00
1.536818510410085770e+00
1.552149466738752093e+00
1.561854497392558772e+00
1.566024878905374118e+00
1.565336937649673965e+00
1.561086487291489355e+00
1.555110198298385926e+00
1.549565700535358248e+00
1.546574476242311924e+00
1.547780226983956675e+00
1.553926653006192149e+00
1.564587911812102883e+00
1.578164462032396465e+00
1.592169435152725132e+00
1.603686721004721205e+00
1.609733025984195542e+00
1.607196745072628330e+00
1.592175369879958113e+00
1.558976467769354279e+00
1.499727298722661084e+00
1.406114572931136397e+00
1.274593559778788077e+00
1.114782825834584878e+00
9.575932103971562803e-01
8.557484675889398540e-01
8.659489897075850484e-01
1.000000000000000000e+00
