1.000000000000000000e+00
1.049650513742353519e+00
1.105269460474668231e+00
1.168951920629775598e+00
1.239849496087954694e+00
1.315027533978487373e+00
1.390314916572765735e+00
1.461143403616239622e+00
1.523299432863932212e+00
1.573489973128914254e+00
1.609658145470283852e+00
1.631045209830888965e+00
1.638049962500522483e+00
1.631964863664806753e+00
1.614668247061260331e+00
1.588333294630516423e+00
1.555189397003998719e+00
1.517349166665504789e+00
1.476698889997982711e+00
1.434841896551604323e+00
1.393081518091197735e+00
1.352430883212488943e+00
1.313638976897274491e+00
1.277225016533123592e+00
1.243515621312069497e+00
1.212681219498451757e+00
1.184769604184171321e+00
1.159735572726285024e+00
1.137466262405647743e+00
1.117802218150185878e+00
1.100554474971363828e+00
1.085518066773620172e+00
1.072482426257169275e+00
1.061239146373760711e+00
1.051587551267004539e+00
1.043338486298081236e+00
1.036316690695367360e+00
1.030362067763755718e+00
1.025330119751717506e+00
1.021091769454802733e+00
1.017532749640013723e+00
1.014552705024883927e+00
1.012064120045361282e+00
1.009991158917085130e+00
1.008268482261154286e+00
1.006840086429833470e+00
1.005658197166711565e+00
1.004682237879766848e+00
1.003877884113055785e+00
1.003216209318968266e+00
1.002672922345556383e+00
1.002227693798632302e+00
1.001863566303728303e+00
1.001566442415638303e+00
1.001324643287580640e+00
1.001128531043674608e+00
1.000970187960300573e+00
1.000843145947451607e+00
1.000742160350342358e+00
1.000663022705038374e+00
1.000602407737706923e+00
1.000557750566680948e+00
1.000527150731890469e+00
1.000509300326764217e+00
1.000503434139830450e+00
1.000509300326764217e+00
1.000527150731890469e+00
1.000557750566680948e+00
1.000602407737706923e+00
1.000663022705038374e+00
1.000742160350342358e+00
1.000843145947451607e+00
1.000970187960300573e+00
1.001128531043674608e+00
1.001324643287580640e+00
1.001566442415638303e+00
1.001863566303728303e+00
1.002227693798632302e+00
1.002672922345556383e+00
1.003216209318968266e+00
1.003877884113055785e+00
1.004682237879766848e+00
1.005658197166711565e+00
1.006840086429833470e+00
1.008268482261154286e+00
1.009991158917085130e+00
1.012064120045361282e+00
1.014552705024883705e+00
1.017532749640013723e+00
1.021091769454802956e+00
1.025330119751717506e+00
1.030362067763755718e+00
1.036316690695367138e+00
1.043338486298081014e+00
1.051587551267004317e+00
1.061239146373760489e+00
1.072482426257168608e+00
1.085518066773620172e+00
1.100554474971363383e+00
1.117802218150185878e+00
1.137466262405648409e+00
1.159735572726284358e+00
1.184769604184171765e+00
1.212681219498451979e+00
1.243515621312069719e+00
1.277225016533123148e+00
1.313638976897274491e+00
1.352430883212489610e+00
1.393081518091197957e+00
1.434841896551603657e+00
1.476698889997982933e+00
1.517349166665504567e+00
1.555189397003998275e+00
1.588333294630515313e+00
1.614668247061258111e+00
1.631964863664807641e+00
1.638049962500523593e+00
1.631045209830886744e+00
1.609658145470281854e+00
1.573489973128912922e+00
1.523299432863931102e+00
1.461143403616237180e+00
1.390314916572764403e+00
1.315027533978487151e+00
1.239849496087955139e+00
1.168951920629774266e+00
1.105269460474666898e+00
1.049650513742352409e+00
1.000000000000000000e+00
