1.000000000000000000e+00
1.058347967899458952e+00
1.116048099624095569e+00
1.171976397651868007e+00
1.224582898515199636e+00
1.272073584544071156e+00
1.312670778628866941e+00
1.344884933052733933e+00
1.367733444814317467e+00
1.380862232504611820e+00
1.384555969838391576e+00
1.379651915254397343e+00
1.367391110960143541e+00
1.349246012688584573e+00
1.326757708512991574e+00
1.301404127390933807e+00
1.274508267721366606e+00
1.247185824832615975e+00
1.220325806832628590e+00
1.194595409704348965e+00
1.170460508888553353e+00
1.148214507506384541e+00
1.128010117724679295e+00
1.109890427568513749e+00
1.093817076463128757e+00
1.079694461069371725e+00
1.067389645447764268e+00
1.056748121963143605e+00
1.047605834132581570e+00
1.039797993972992218e+00
1.033165255007637340e+00
1.027557775165732323e+00
1.022837647205138589e+00
1.018880105073258102e+00
1.015573843466738957e+00
1.012820720963776955e+00
1.010535057690736149e+00
1.008642687815169747e+00
1.007079885304695832e+00
1.005792247745473267e+00
1.004733596620958069e+00
1.003864932229227236e+00
1.003153466290113371e+00
1.002571744268194287e+00
1.002096861640740189e+00
1.001709773028949702e+00
1.001394689675131788e+00
1.001138558694971703e+00
1.000930616474877910e+00
1.000762008219765020e+00
1.000625465759396926e+00
1.000515036122811896e+00
1.000425853968073486e+00
1.000353951621420601e+00
1.000296101176267882e+00
1.000249683788768884e+00
1.000212581958248581e+00
1.000183091183690420e+00
1.000159847935313762e+00
1.000141771371754640e+00
1.000128016670767339e+00
1.000117938228913372e+00
1.000111061329389539e+00
1.000107061183044488e+00
1.000105748522812199e+00
1.000107061183044488e+00
1.000111061329389539e+00
1.000117938228913372e+00
1.000128016670767339e+00
1.000141771371754640e+00
1.000159847935313762e+00
1.000183091183690420e+00
1.000212581958248581e+00
1.000249683788768884e+00
1.000296101176267882e+00
1.000353951621420601e+00
1.000425853968073486e+00
1.000515036122811896e+00
1.000625465759396926e+00
1.000762008219765020e+00
1.000930616474877910e+00
1.001138558694971703e+00
1.001394689675131788e+00
1.001709773028949702e+00
1.002096861640740189e+00
1.002571744268194287e+00
1.003153466290113371e+00
1.003864932229227236e+00
1.004733596620958069e+00
1.005792247745473267e+00
1.007079885304695832e+00
1.008642687815169747e+00
1.010535057690736149e+00
1.012820720963776955e+00
1.015573843466738735e+00
1.018880105073258102e+00
1.022837647205138589e+00
1.027557775165732323e+00
1.033165255007637340e+00
1.039797993972992218e+00
1.047605834132581792e+00
1.056748121963143383e+00
1.067389645447764712e+00
1.079694461069371503e+00
1.093817076463128757e+00
1.109890427568513527e+00
1.128010117724679295e+00
1.148214507506385207e+00
1.170460508888552909e+00
1.194595409704348521e+00
1.220325806832628590e+00
1.247185824832615975e+00
1.274508267721365939e+00
1.301404127390932919e+00
1.326757708512990908e+00
1.349246012688584351e+00
1.367391110960142431e+00
1.379651915254396233e+00
1.384555969838391576e+00
1.380862232504611598e+00
1.367733444814316135e+00
1.344884933052732379e+00
1.312670778628866497e+00
1.272073584544071601e+00
1.224582898515199192e+00
1.171976397651867563e+00
1.116048099624096013e+00
1.058347967899458730e+00
1.000000000000000000e+00
