1.000000000000000000e+00
7.574744687892910333e-01
7.878008644286913498e-01
9.701178434414166052e-01
1.165408834337375854e+00
1.314423906300562273e+00
1.415614414343735028e+00
1.484921214891493424e+00
1.534414509883600841e+00
1.569193395582787698e+00
1.591313418236395272e+00
1.602965439295401362e+00
1.606978112530452307e+00
1.605853038152406764e+00
1.600919733472267570e+00
1.592356766281169289e+00
1.579943199673043530e+00
1.563967212434476561e+00
1.545753877413734489e+00
1.527584653787481539e+00
1.512120545774554126e+00
1.501638871743793624e+00
1.497405477247687910e+00
1.499383286906369017e+00
1.506314495200518300e+00
1.516083071336921106e+00
1.526203323377317123e+00
1.534287127138636464e+00
1.538391434095972343e+00
1.537207931059672017e+00
1.530105538334113779e+00
1.517064145290458743e+00
1.498545708137678512e+00
1.475343175898380599e+00
1.448436009686912440e+00
1.418868773361024793e+00
1.387659332935461176e+00
1.355736516436870209e+00
1.323903372441965098e+00
1.292820658057298289e+00
1.263005075154895129e+00
1.234837404362935542e+00
1.208576613280665013e+00
1.184376973141037848e+00
1.162306072269774893e+00
1.142362313916333250e+00
1.124491025628232999e+00
1.108598704808993363e+00
1.094565205800099861e+00
1.082253863408932926e+00
1.071519668850472229e+00
1.062215685063106596e+00
1.054197923782350443e+00
1.047328917653800984e+00
1.041480215301490819e+00
1.036534011728006410e+00
1.032384105123722584e+00
1.028936347240519300e+00
1.026108730102043953e+00
1.023831228397427795e+00
1.022045495297687623e+00
1.020704490081898896e+00
1.019772098991923892e+00
1.019222796052964286e+00
1.019041377947981442e+00
1.019222796052785540e+00
1.019772098991558185e+00
1.020704490081333793e+00
1.022045495296905360e+00
1.023831228396401283e+00
1.026108730100737443e+00
1.028936347238895266e+00
1.032384105121729512e+00
1.036534011725593896e+00
1.041480215298590029e+00
1.047328917650344415e+00
1.054197923778267265e+00
1.062215685058309766e+00
1.071519668844872708e+00
1.082253863402425464e+00
1.094565205792576101e+00
1.108598704800319634e+00
1.124491025618251872e+00
1.142362313904828897e+00
1.162306072256467537e+00
1.184376973125514043e+00
1.208576613262316579e+00
1.234837404340862532e+00
1.263005075127738630e+00
1.292820658023027924e+00
1.323903372397541744e+00
1.355736516377842094e+00
1.387659332855350813e+00
1.418868773250550941e+00
1.448436009532975799e+00
1.475343175682815033e+00
1.498545707835736707e+00
1.517064144869110009e+00
1.530105537750248379e+00
1.537207930258384758e+00
1.538391433009228093e+00
1.534287125684484998e+00
1.526203321459910001e+00
1.516083068847128734e+00
1.506314492016593176e+00
1.499383282893481217e+00
1.497405472254879522e+00
1.501638865597260786e+00
1.512120538267656134e+00
1.527584644670524128e+00
1.545753866389447673e+00
1.563967199166510280e+00
1.579943183812709373e+00
1.592356747511520787e+00
1.600919711560937264e+00
1.605853013000836826e+00
1.606978084211478697e+00
1.602965408081612919e+00
1.591313384627648597e+00
1.569193360332882259e+00
1.534414474008190421e+00
1.484921179632007648e+00
1.415614381079128181e+00
1.314423876422458948e+00
1.165408809108745780e+00
9.701178238585580482e-01
7.878008511337458719e-01
7.574744620926997518e-01
1.000000000000000000e+00
