1.000000000000000000e+00
9.575209028943493239e-01
9.636819027409052607e-01
1.025139493553149928e+00
1.126522582290528485e+00
1.244778720029555696e+00
1.358539383023797731e+00
1.453165409501695704e+00
1.522182596201108185e+00
1.566111895928157027e+00
1.589937305262083767e+00
1.600372456358130746e+00
1.603707680558108750e+00
1.604554014144934371e+00
1.605438500075582198e+00
1.607014199272668753e+00
1.608602024299148781e+00
1.608822043206943997e+00
1.606149067246327000e+00
1.599308155361921280e+00
1.587491607401496863e+00
1.570422159916003091e+00
1.548307406341135728e+00
1.521733007438798024e+00
1.491534129017259014e+00
1.458672248764127266e+00
1.424132515307596103e+00
1.388847503017865304e+00
1.353647065972979124e+00
1.319230657966083964e+00
1.286157183432661055e+00
1.254847406103680729e+00
1.225594561893115664e+00
1.198579692658612306e+00
1.173889099965944594e+00
1.151532095325857652e+00
1.131457853247796352e+00
1.113570654818684114e+00
1.097743160426026376e+00
1.083827595003263422e+00
1.071664891728064894e+00
1.061091941235067004e+00
1.051947149971952378e+00
1.044074536470345871e+00
1.037326598004476352e+00
1.031566169824906787e+00
1.026667480366294294e+00
1.022516582504285232e+00
1.019011315886639402e+00
1.016060930512430183e+00
1.013585478335623513e+00
1.011515058477979956e+00
1.009788983033948595e+00
1.008354914554074666e+00
1.007168013040183885e+00
1.006190119493662660e+00
1.005388994479656350e+00
1.004737623524976531e+00
1.004213596171582346e+00
1.003798561887663920e+00
1.003477763544725843e+00
1.003239647579504457e+00
1.003075549081938522e+00
1.002979449720854399e+00
1.002947806500808836e+00
1.002979449720854399e+00
1.003075549081938522e+00
1.003239647579504457e+00
1.003477763544725843e+00
1.003798561887663920e+00
1.004213596171582346e+00
1.004737623524976531e+00
1.005388994479656350e+00
1.006190119493662660e+00
1.007168013040183885e+00
1.008354914554074666e+00
1.009788983033948595e+00
1.011515058477980178e+00
1.013585478335623513e+00
1.016060930512430183e+00
1.019011315886639402e+00
1.022516582504285232e+00
1.026667480366294294e+00
1.031566169824906343e+00
1.037326598004476130e+00
1.044074536470345871e+00
1.051947149971952822e+00
1.061091941235067226e+00
1.071664891728064894e+00
1.083827595003262534e+00
1.097743160426025932e+00
1.113570654818683892e+00
1.131457853247797241e+00
1.151532095325856320e+00
1.173889099965943261e+00
1.198579692658611640e+00
1.225594561893112999e+00
1.254847406103680729e+00
1.286157183432660611e+00
1.319230657966082854e+00
1.353647065972979124e+00
1.388847503017863527e+00
1.424132515307595659e+00
1.458672248764124824e+00
1.491534129017256793e+00
1.521733007438795360e+00
1.548307406341132175e+00
1.570422159915999982e+00
1.587491607401493310e+00
1.599308155361915729e+00
1.606149067246321227e+00
1.608822043206935559e+00
1.608602024299139899e+00
1.607014199272657207e+00
1.605438500075569097e+00
1.604554014144921936e+00
1.603707680558094095e+00
1.600372456358112760e+00
1.589937305262064671e+00
1.566111895928135045e+00
1.522182596201089533e+00
1.453165409501676608e+00
1.358539383023779301e+00
1.244778720029540153e+00
1.126522582290516272e+00
1.025139493553138825e+00
9.636819027408978222e-01
9.575209028943443279e-01
1.000000000000000000e+00
