1.000000000000000000e+00
7.448290900024190364e-01
7.854865251847568119e-01
9.770465225160872569e-01
1.171810067624057261e+00
1.316097240452204886e+00
1.414631527480743500e+00
1.484707997730982942e+00
1.536478212307085922e+00
1.572899899931207601e+00
1.595090842584245383e+00
1.605448070764682322e+00
1.607616910173459868e+00
1.605047961970207826e+00
1.599785319247208015e+00
1.592223491424206383e+00
1.581772591747379719e+00
1.567917793209490762e+00
1.551076496381588621e+00
1.532871428225300647e+00
1.515779577743224804e+00
1.502396308375155698e+00
1.494662140166777453e+00
1.493339020658460470e+00
1.497868565082012493e+00
1.506585240219544097e+00
1.517153219223486893e+00
1.527065539004043959e+00
1.534073488681754638e+00
1.536472359167518675e+00
1.533227884457478485e+00
1.523968516004815088e+00
1.508887570065440054e+00
1.488600467284602491e+00
1.463993209489329095e+00
1.436085702252881457e+00
1.405921944480428509e+00
1.374490463025316300e+00
1.342672978202168688e+00
1.311216584254230266e+00
1.280723890589747338e+00
1.251655833744350410e+00
1.224342667892430736e+00
1.198999606713106125e+00
1.175744516399530593e+00
1.154615853790816216e+00
1.135589676699152673e+00
1.118595032299660286e+00
1.103527376018728967e+00
1.090259913834773942e+00
1.078652919947914013e+00
1.068561180338472028e+00
1.059839767623015794e+00
1.052348376832682675e+00
1.045954455110523984e+00
1.040535348156659490e+00
1.035979667886999023e+00
1.032188063056045824e+00
1.029073550221470290e+00
1.026561538217416913e+00
1.024589656409743199e+00
1.023107476081371647e+00
1.022076195616616001e+00
1.021468343719745375e+00
1.021267540517557526e+00
1.021468343720083993e+00
1.022076195617311667e+00
1.023107476082468992e+00
1.024589656411311944e+00
1.026561538219553205e+00
1.029073550224306244e+00
1.032188063059761296e+00
1.035979667891820943e+00
1.040535348162894724e+00
1.045954455118554893e+00
1.052348376843015076e+00
1.059839767636298502e+00
1.068561180355527496e+00
1.078652919969799173e+00
1.090259913862832386e+00
1.103527376054680875e+00
1.118595032345688800e+00
1.135589676758041122e+00
1.154615853866086006e+00
1.175744516495662362e+00
1.198999606835767562e+00
1.224342668048808314e+00
1.251655833943556395e+00
1.280723890843319612e+00
1.311216584576798239e+00
1.342672978612269974e+00
1.374490463546492958e+00
1.405921945142598162e+00
1.436085703094117205e+00
1.463993210558161229e+00
1.488600468643006325e+00
1.508887571792679738e+00
1.523968518202398537e+00
1.533227887255475874e+00
1.536472362732502761e+00
1.534073493226620233e+00
1.527065544799704133e+00
1.517153226612325767e+00
1.506585249629928791e+00
1.497868577042741567e+00
1.493339035811339865e+00
1.494662159275178759e+00
1.502396332326268569e+00
1.515779607542041107e+00
1.532871464978806442e+00
1.551076541271479092e+00
1.567917847450145619e+00
1.581772656522526521e+00
1.592223567792158789e+00
1.599785408004476883e+00
1.605048063471044451e+00
1.607617024120062021e+00
1.605448196004140460e+00
1.595090976962901586e+00
1.572900040254941345e+00
1.536478354438036709e+00
1.484708136826512925e+00
1.414631658355982813e+00
1.316097358015926089e+00
1.171810167298216632e+00
9.770466005365615603e-01
7.854865787370413077e-01
7.448291172360604895e-01
1.000000000000000000e+00
