1.000000000000000000e+00
1.014262581501341520e+00
1.042804296597831915e+00
1.090560000690054876e+00
1.156228440823924286e+00
1.234773310402637936e+00
1.319458820350888795e+00
1.403448815299912500e+00
1.480908406260116994e+00
1.547574233797920584e+00
1.600860155694972864e+00
1.639652393947567122e+00
1.663968499148684943e+00
1.674612347938602142e+00
1.672891356763134274e+00
1.660408253138817569e+00
1.638912549513196648e+00
1.610191870154197513e+00
1.575989058854481595e+00
1.537938293726927030e+00
1.497518045549010468e+00
1.456020240767347262e+00
1.414534636360637476e+00
1.373946468922453423e+00
1.334944686520585400e+00
1.298037782283628649e+00
1.263574387619865735e+00
1.231766196498427224e+00
1.202711322794998816e+00
1.176416725940053976e+00
1.152818810889268963e+00
1.131801689982705028e+00
1.113212883881663728e+00
1.096876446202216915e+00
1.082603636142734915e+00
1.070201350162868881e+00
1.059478570835185263e+00
1.050251109312811737e+00
1.042344916141391131e+00
1.035598220128448599e+00
1.029862731785512908e+00
1.025004120293754095e+00
1.020901943793673938e+00
1.017449184024694864e+00
1.014551509256972794e+00
1.012126364876845264e+00
1.010101969337506178e+00
1.008416274609548857e+00
1.007015934702589322e+00
1.005855313084556890e+00
1.004895549623074036e+00
1.004103699697506125e+00
1.003451952054665641e+00
1.002916927489948984e+00
1.002479057238531812e+00
1.002122037798576004e+00
1.001832357556997621e+00
1.001598889859338870e+00
1.001412546904183465e+00
1.001265988924403105e+00
1.001153383444786549e+00
1.001070209902776620e+00
1.001013105530565328e+00
1.000979749081084114e+00
1.000968779710024847e+00
1.000979749081084114e+00
1.001013105530565328e+00
1.001070209902776620e+00
1.001153383444786549e+00
1.001265988924403105e+00
1.001412546904183465e+00
1.001598889859338870e+00
1.001832357556997621e+00
1.002122037798576004e+00
1.002479057238531812e+00
1.002916927489948984e+00
1.003451952054665641e+00
1.004103699697506125e+00
1.004895549623074036e+00
1.005855313084556890e+00
1.007015934702589322e+00
1.008416274609548857e+00
1.010101969337506400e+00
1.012126364876845264e+00
1.014551509256972794e+00
1.017449184024694864e+00
1.020901943793673938e+00
1.025004120293753873e+00
1.029862731785512908e+00
1.035598220128448821e+00
1.042344916141391131e+00
1.050251109312811737e+00
1.059478570835185041e+00
1.070201350162868659e+00
1.082603636142734693e+00
1.096876446202216693e+00
1.113212883881662618e+00
1.131801689982704584e+00
1.152818810889268519e+00
1.176416725940053976e+00
1.202711322794999038e+00
1.231766196498426336e+00
1.263574387619865957e+00
1.298037782283628205e+00
1.334944686520585400e+00
1.373946468922452979e+00
1.414534636360637254e+00
1.456020240767348817e+00
1.497518045549010468e+00
1.537938293726925032e+00
1.575989058854482483e+00
1.610191870154196847e+00
1.638912549513195760e+00
1.660408253138816237e+00
1.672891356763132054e+00
1.674612347938602586e+00
1.663968499148685165e+00
1.639652393947566233e+00
1.600860155694971310e+00
1.547574233797919030e+00
1.480908406260116550e+00
1.403448815299910946e+00
1.319458820350887018e+00
1.234773310402638380e+00
1.156228440823924064e+00
1.090560000690053766e+00
1.042804296597830804e+00
1.014262581501339744e+00
1.000000000000000000e+00
