1.000000000000000000e+00
7.509843774307688458e-01
7.860946755124376129e-01
9.728950286254819391e-01
1.167925365121120995e+00
1.314502966548896534e+00
1.414204737087569663e+00
1.483760020018507708e+00
1.534344241790837504e+00
1.569964858646493377e+00
1.592163827664638376e+00
1.603222015600338501e+00
1.606395374921416153e+00
1.604677428003588480e+00
1.599744084215789508e+00
1.591843556408341076e+00
1.580526895127300380e+00
1.565656292167294517e+00
1.548108619857468948e+00
1.529866309469263275e+00
1.513537935965053594e+00
1.501592530715080809e+00
1.495649056327709170e+00
1.496067029018236738e+00
1.501921472179989170e+00
1.511298508860703382e+00
1.521765438974388873e+00
1.530858819847235264e+00
1.536474764632963508e+00
1.537106040088645598e+00
1.531924541045720289e+00
1.520741927130945470e+00
1.503894185482091528e+00
1.482093268417290277e+00
1.456278286873199823e+00
1.427486177396202871e+00
1.396750949890653626e+00
1.365032974380423259e+00
1.333175253099116553e+00
1.301881562681489912e+00
1.271710910825984975e+00
1.243083222868108573e+00
1.216292050104802458e+00
1.191521060044245850e+00
1.168861961830100382e+00
1.148332266842122751e+00
1.129891869696940221e+00
1.113457871490524997e+00
1.098917379258814719e+00
1.086138229357112461e+00
1.074977721443194589e+00
1.065289533703136282e+00
1.056929034492994912e+00
1.049757222666532597e+00
1.043643527529042103e+00
1.038467686266212109e+00
1.034120896701400394e+00
1.030506419806236806e+00
1.027539781942361508e+00
1.025148702955463342e+00
1.023272853975506047e+00
1.021863528637930951e+00
1.020883293627552701e+00
1.020305668907763419e+00
1.020114874503850411e+00
1.020305668907569796e+00
1.020883293627156130e+00
1.021863528637317886e+00
1.023272853974657393e+00
1.025148702954348678e+00
1.027539781940943309e+00
1.030506419804473328e+00
1.034120896699234793e+00
1.038467686263590206e+00
1.043643527525888626e+00
1.049757222662774714e+00
1.056929034488554020e+00
1.065289533697917790e+00
1.074977721437101907e+00
1.086138229350034123e+00
1.098917379250634374e+00
1.113457871481103423e+00
1.129891869686119321e+00
1.148332266829690029e+00
1.168861961815785389e+00
1.191521060027652457e+00
1.216292050085359788e+00
1.243083222844971081e+00
1.271710910797881677e+00
1.301881562646518109e+00
1.333175253054427190e+00
1.365032974321836123e+00
1.396750949812083809e+00
1.427486177288922908e+00
1.456278286724890236e+00
1.482093268210876502e+00
1.503894185194342148e+00
1.520741926730917681e+00
1.531924540493142528e+00
1.537106039332406526e+00
1.536474763609992245e+00
1.530858818481910077e+00
1.521765437178656644e+00
1.511298506534661801e+00
1.501921469212332827e+00
1.496067025285400032e+00
1.495649051690393527e+00
1.501592525011309798e+00
1.513537929000465354e+00
1.529866301007861917e+00
1.548108609618600306e+00
1.565656279835466069e+00
1.580526880378876342e+00
1.591843538953065407e+00
1.599744063844246389e+00
1.604677404629454518e+00
1.606395348612983609e+00
1.603221986606065741e+00
1.592163796441652179e+00
1.569964825890343807e+00
1.534344208446225988e+00
1.483759987244746670e+00
1.414204706172011106e+00
1.314502938786975550e+00
1.167925341684991958e+00
9.728950104381171027e-01
7.860946631675685969e-01
7.509843712138165595e-01
1.000000000000000000e+00
