1.000000000000000000e+00
1.070746290945575607e+00
1.140919368507032017e+00
1.209243008631796013e+00
1.273821418572989028e+00
1.332389179195317741e+00
1.382662689673601397e+00
1.422706435500884270e+00
1.451227990262910827e+00
1.467741667822054508e+00
1.472582134406596355e+00
1.466789558497188617e+00
1.451913465482479237e+00
1.429788637191533374e+00
1.402327001894278835e+00
1.371352540868091552e+00
1.338489294609536362e+00
1.305099992806435294e+00
1.272265832324603219e+00
1.240795592846307471e+00
1.211252956113934243e+00
1.183993032770309650e+00
1.159201613105562467e+00
1.136932939476022364e+00
1.117143602166442706e+00
1.099721454486188188e+00
1.084509296407181633e+00
1.071323590895691735e+00
1.059968751611551241e+00
1.050247655470769592e+00
1.041969048903567563e+00
1.034952474702965253e+00
1.029031275310449800e+00
1.024054146173612345e+00
1.019885630301570645e+00
1.016405868461723649e+00
1.013509851648799698e+00
1.011106364616978004e+00
1.009116761330978607e+00
1.007473674432292521e+00
1.006119730173018700e+00
1.005006316563269886e+00
1.004092434541018264e+00
1.003343648722564208e+00
1.002731144768350457e+00
1.002230893779697984e+00
1.001822919742153095e+00
1.001490663291021210e+00
1.001220433548447586e+00
1.001000939119747635e+00
1.000822889270756022e+00
1.000678656635470842e+00
1.000561993374516678e+00
1.000467793411633277e+00
1.000391894141695603e+00
1.000330911777686849e+00
1.000282105252346287e+00
1.000243264292446810e+00
1.000212617929356895e+00
1.000188760294729029e+00
1.000170591075610904e+00
1.000157268472647187e+00
1.000148172924297363e+00
1.000142880235634246e+00
1.000141143090247819e+00
1.000142880235634246e+00
1.000148172924297363e+00
1.000157268472647187e+00
1.000170591075610904e+00
1.000188760294729029e+00
1.000212617929356895e+00
1.000243264292446810e+00
1.000282105252346287e+00
1.000330911777686849e+00
1.000391894141695603e+00
1.000467793411633277e+00
1.000561993374516678e+00
1.000678656635470842e+00
1.000822889270756022e+00
1.001000939119747635e+00
1.001220433548447586e+00
1.001490663291021210e+00
1.001822919742153095e+00
1.002230893779697984e+00
1.002731144768350457e+00
1.003343648722564208e+00
1.004092434541018264e+00
1.005006316563269886e+00
1.006119730173018700e+00
1.007473674432292521e+00
1.009116761330978607e+00
1.011106364616978004e+00
1.013509851648799698e+00
1.016405868461723649e+00
1.019885630301570423e+00
1.024054146173612345e+00
1.029031275310449578e+00
1.034952474702965253e+00
1.041969048903567563e+00
1.050247655470769592e+00
1.059968751611551463e+00
1.071323590895691513e+00
1.084509296407182077e+00
1.099721454486187966e+00
1.117143602166442706e+00
1.136932939476022364e+00
1.159201613105562467e+00
1.183993032770310094e+00
1.211252956113934021e+00
1.240795592846307027e+00
1.272265832324603885e+00
1.305099992806435516e+00
1.338489294609536140e+00
1.371352540868091108e+00
1.402327001894277503e+00
1.429788637191534040e+00
1.451913465482478793e+00
1.466789558497187729e+00
1.472582134406596133e+00
1.467741667822055174e+00
1.451227990262909939e+00
1.422706435500883382e+00
1.382662689673601175e+00
1.332389179195318629e+00
1.273821418572989472e+00
1.209243008631795568e+00
1.140919368507032239e+00
1.070746290945575385e+00
1.000000000000000000e+00
