1.000000000000000000e+00
9.136389808005617175e-01
9.063739049871255560e-01
9.818210714377565429e-01
1.110030514605715446e+00
1.254337889887706003e+00
1.385648545078433269e+00
1.487464146980743473e+00
1.555019037636960588e+00
1.591652982501267966e+00
1.604809792200909246e+00
1.602953353182492879e+00
1.593701611200088575e+00
1.582931191424003847e+00
1.574490039354075721e+00
1.570259120806319242e+00
1.570429219945807642e+00
1.573920492513072089e+00
1.578877905953261829e+00
1.583165094852432508e+00
1.584782488061343919e+00
1.582159438697346987e+00
1.574304542791484796e+00
1.560829509437346330e+00
1.541880976111567936e+00
1.518019979205807779e+00
1.490083911715677001e+00
1.459055898384826522e+00
1.425955934592692209e+00
1.391759420834504102e+00
1.357342780783133307e+00
1.323452517539674522e+00
1.290692706380756505e+00
1.259525834352554163e+00
1.230282490491028557e+00
1.203176277210791456e+00
1.178321208104218698e+00
1.155749654886053523e+00
1.135429558535925310e+00
1.117280122353509375e+00
1.101185574040208781e+00
1.087006843835159664e+00
1.074591180223181341e+00
1.063779834985761230e+00
1.054414012730316319e+00
1.046339310113618470e+00
1.039408877162087075e+00
1.033485525171900621e+00
1.028442988397867630e+00
1.024166524293076197e+00
1.020553012420092331e+00
1.017510687378883283e+00
1.014958617549172493e+00
1.012826019961512669e+00
1.011051482640232591e+00
1.009582149468412959e+00
1.008372908982284377e+00
1.007385617352531293e+00
1.006588376919782535e+00
1.005954884748097689e+00
1.005463860459865577e+00
1.005098558840483935e+00
1.004846370092226326e+00
1.004698508937087231e+00
1.004649792808034237e+00
1.004698508938548507e+00
1.004846370095224595e+00
1.005098558845172185e+00
1.005463860466480286e+00
1.005954884756974366e+00
1.006588376931369044e+00
1.007385617367408726e+00
1.008372909001195694e+00
1.009582149492299852e+00
1.011051482670275892e+00
1.012826019999192972e+00
1.014958617596337209e+00
1.017510687437835903e+00
1.020553012493698342e+00
1.024166524384901855e+00
1.028442988512347833e+00
1.033485525314548070e+00
1.039408877339758286e+00
1.046339310334841288e+00
1.054414013005702477e+00
1.063779835328527268e+00
1.074591180649799194e+00
1.087006844366183334e+00
1.101185574701317949e+00
1.117280123176832562e+00
1.135429559561730306e+00
1.155749656164893446e+00
1.178321209699683347e+00
1.203176279203016730e+00
1.230282492981197517e+00
1.259525837468642440e+00
1.290692710284853328e+00
1.323452522437303047e+00
1.357342786934961909e+00
1.391759428571030188e+00
1.425955944332317538e+00
1.459055910655735477e+00
1.490083927181683698e+00
1.518019998695801398e+00
1.541881000651458500e+00
1.560829540282168582e+00
1.574304581453712659e+00
1.582159486965458051e+00
1.584782548000541302e+00
1.583165168777592058e+00
1.578877996363163172e+00
1.573920601975445699e+00
1.570429350925116374e+00
1.570259275430631707e+00
1.574490219124062174e+00
1.582931396876235963e+00
1.593701841549302722e+00
1.602953605984006824e+00
1.604810063093627948e+00
1.591653265108383897e+00
1.555019323704356360e+00
1.487464426807429518e+00
1.385648808229475115e+00
1.254338126086226080e+00
1.110030714615536152e+00
9.818212277287933221e-01
9.063740120555571211e-01
9.136390351618530747e-01
1.000000000000000000e+00
