1.000000000000000000e+00
9.696438857988882720e-01
9.801134207621480243e-01
1.038023755983529028e+00
1.131334393178560438e+00
1.240854773928753207e+00
1.348105498889178744e+00
1.439865982925359944e+00
1.509757355963002867e+00
1.557515391814392025e+00
1.586927269509419425e+00
1.603453426231880474e+00
1.612292446181355254e+00
1.617239312520566186e+00
1.620328939714921423e+00
1.622048094097216842e+00
1.621839953823958069e+00
1.618666144407548968e+00
1.611474531641422958e+00
1.599505920831595596e+00
1.582436855149352173e+00
1.560392396708924379e+00
1.533875600037036380e+00
1.503657284347730716e+00
1.470658857850120294e+00
1.435848468244662168e+00
1.400160124586900423e+00
1.364437944078694898e+00
1.329403248310613517e+00
1.295640177262241011e+00
1.263594994906813707e+00
1.233584641316016306e+00
1.205810857283198922e+00
1.180377070404282858e+00
1.157306028428707334e+00
1.136556830061167922e+00
1.118040521292688494e+00
1.101633808879184162e+00
1.087190714028412053e+00
1.074552172566379804e+00
1.063553704362578012e+00
1.054031342443288777e+00
1.045826045099988999e+00
1.038786823199399079e+00
1.032772807929694947e+00
1.027654467366855284e+00
1.023314157877180275e+00
1.019646171593967532e+00
1.016556416170378174e+00
1.013961839141218180e+00
1.011789687401202675e+00
1.009976672998466496e+00
1.008468099830090337e+00
1.007216991887372570e+00
1.006183252276952933e+00
1.005332873103202518e+00
1.004637209162555722e+00
1.004072322985025689e+00
1.003618404784400342e+00
1.003259268089578660e+00
1.002981919995933779e+00
1.002776203898599228e+00
1.002634512080583518e+00
1.002551565486511365e+00
1.002524258302330162e+00
1.002551565486511365e+00
1.002634512080583518e+00
1.002776203898599228e+00
1.002981919995933779e+00
1.003259268089578660e+00
1.003618404784400342e+00
1.004072322985025689e+00
1.004637209162555722e+00
1.005332873103202518e+00
1.006183252276952933e+00
1.007216991887372570e+00
1.008468099830090337e+00
1.009976672998466496e+00
1.011789687401202675e+00
1.013961839141218180e+00
1.016556416170378174e+00
1.019646171593967754e+00
1.023314157877180497e+00
1.027654467366854618e+00
1.032772807929694947e+00
1.038786823199399301e+00
1.045826045099989443e+00
1.054031342443288777e+00
1.063553704362578456e+00
1.074552172566379360e+00
1.087190714028411831e+00
1.101633808879183718e+00
1.118040521292689382e+00
1.136556830061166812e+00
1.157306028428706446e+00
1.180377070404282414e+00
1.205810857283197368e+00
1.233584641316016750e+00
1.263594994906813929e+00
1.295640177262240345e+00
1.329403248310614627e+00
1.364437944078694454e+00
1.400160124586901755e+00
1.435848468244661502e+00
1.470658857850120516e+00
1.503657284347731160e+00
1.533875600037036158e+00
1.560392396708925711e+00
1.582436855149353949e+00
1.599505920831596040e+00
1.611474531641424290e+00
1.618666144407549190e+00
1.621839953823958735e+00
1.622048094097216620e+00
1.620328939714920979e+00
1.617239312520568850e+00
1.612292446181357031e+00
1.603453426231881362e+00
1.586927269509421201e+00
1.557515391814391803e+00
1.509757355963005532e+00
1.439865982925362164e+00
1.348105498889181186e+00
1.240854773928756094e+00
1.131334393178563769e+00
1.038023755983530139e+00
9.801134207621486905e-01
9.696438857988877169e-01
1.000000000000000000e+00
