1.000000000000000000e+00
8.567763970266321083e-01
8.473627551259690360e-01
9.551640109602081985e-01
1.117191453771214871e+00
1.277920446669781329e+00
1.407103371791612823e+00
1.497344134486063405e+00
1.554198870856884573e+00
1.586931161813676328e+00
1.603288981781822109e+00
1.608171748931397804e+00
1.604492287310241849e+00
1.594535621895319499e+00
1.580823704767433391e+00
1.566231713331722286e+00
1.553564219013884085e+00
1.544959520529408881e+00
1.541438469772931752e+00
1.542763073319480815e+00
1.547612130026245092e+00
1.553972430796710658e+00
1.559603574224236233e+00
1.562451736468682961e+00
1.560936721715346920e+00
1.554090352903290340e+00
1.541564711473250027e+00
1.523549505597989295e+00
1.500641381087599147e+00
1.473700752311901896e+00
1.443720235257387241e+00
1.411717559742509120e+00
1.378657180925493497e+00
1.345399234961574209e+00
1.312671569372222846e+00
1.281059563077300067e+00
1.251008590018837241e+00
1.222834699714669071e+00
1.196740008742357864e+00
1.172830201807631978e+00
1.151132325748668306e+00
1.131611690244188173e+00
1.114187168346841617e+00
1.098744538361115408e+00
1.085147751174804664e+00
1.073248168137760139e+00
1.062891914745074606e+00
1.053925551488045675e+00
1.046200288309061754e+00
1.039574973011944792e+00
1.033918074100217854e+00
1.029108860251555013e+00
1.025037955898151942e+00
1.021607427935388168e+00
1.018730534320660519e+00
1.016331242486349540e+00
1.014343604817966815e+00
1.012711060318171707e+00
1.011385716106504962e+00
1.010327649528353744e+00
1.009504261182090579e+00
1.008889700865224004e+00
1.008464381996711401e+00
1.008214595186017748e+00
1.008132227985671259e+00
1.008214595184909079e+00
1.008464381994439218e+00
1.008889700861676397e+00
1.009504261177085249e+00
1.010327649521645776e+00
1.011385716097759291e+00
1.012711060306958677e+00
1.014343604803734200e+00
1.016331242468406337e+00
1.018730534298132540e+00
1.021607427907189392e+00
1.025037955862933226e+00
1.029108860207633702e+00
1.033918074045508728e+00
1.039574972943856590e+00
1.046200288224385710e+00
1.053925551382797199e+00
1.062891914614312538e+00
1.073248167975348055e+00
1.085147750973117553e+00
1.098744538110670410e+00
1.114187168035834841e+00
1.131611689857902947e+00
1.151132325268733325e+00
1.172830201211068291e+00
1.196740008000372057e+00
1.222834698791123165e+00
1.251008588868277371e+00
1.281059561642457822e+00
1.312671567580810050e+00
1.345399232722228167e+00
1.378657178122617122e+00
1.411717556229798110e+00
1.443720230849719233e+00
1.473700746775369552e+00
1.500641374127415162e+00
1.523549496844106566e+00
1.541564700463785353e+00
1.554090339066067417e+00
1.560936704348403259e+00
1.562451714721147633e+00
1.559603547079751795e+00
1.553972397062459487e+00
1.547612088331531632e+00
1.542763022128836425e+00
1.541438407419597478e+00
1.544959445275957632e+00
1.553564129147203099e+00
1.566231607299511941e+00
1.580823581361640695e+00
1.594535480483671552e+00
1.604492128108071736e+00
1.608171573290827272e+00
1.603288792453579692e+00
1.586930963112499704e+00
1.554198668645252024e+00
1.497343935899019929e+00
1.407103184674987961e+00
1.277920278798177600e+00
1.117191312024382599e+00
9.551639007012079352e-01
8.473626799708212642e-01
8.567763590183313793e-01
1.000000000000000000e+00
