1.000000000000000000e+00
9.120495003282702573e-01
9.044137128842471007e-01
9.804584827782909517e-01
1.109580945119767570e+00
1.254615740024841219e+00
1.386281585093386726e+00
1.488138911666648800e+00
1.555575940780552724e+00
1.592057822125946043e+00
1.605074927701345855e+00
1.603073568298750251e+00
1.593634091282891463e+00
1.582614903608145163e+00
1.573882253523311459e+00
1.569366360260807447e+00
1.569319400051569779e+00
1.572714409298930249e+00
1.577726371916263082e+00
1.582221130559368749e+00
1.584176866690939711e+00
1.581984527516651529e+00
1.574607747967706972e+00
1.561614952831850811e+00
1.543116715235532066e+00
1.519647921042513783e+00
1.492030109688696982e+00
1.461239716706821623e+00
1.428297316295689789e+00
1.394184063074507485e+00
1.359785376188018535e+00
1.325858397169207059e+00
1.293018272169646821e+00
1.261738147441681557e+00
1.232358324895766133e+00
1.205100880602766322e+00
1.180086946943479376e+00
1.157354666084947858e+00
1.136876486093201910e+00
1.118574984418173157e+00
1.102336782077392607e+00
1.088024379138714082e+00
1.075485922234986402e+00
1.064563029285265694e+00
1.055096862984543193e+00
1.046932676826250130e+00
1.039923066047692579e+00
1.033930148899337320e+00
1.028826886921932582e+00
1.024497730755974834e+00
1.020838753464050841e+00
1.017757408538705333e+00
1.015172026105153336e+00
1.013011139179721187e+00
1.011212712684950610e+00
1.009723331434676519e+00
1.008497389471531669e+00
1.007496311815644363e+00
1.006687830638054004e+00
1.006045330834432816e+00
1.005547274660510970e+00
1.005176711221189345e+00
1.004920873919524782e+00
1.004770867230324827e+00
1.004721443153312688e+00
1.004770867231438825e+00
1.004920873921810953e+00
1.005176711224764707e+00
1.005547274665555602e+00
1.006045330841203844e+00
1.006687830646893600e+00
1.007496311826997504e+00
1.008497389485966123e+00
1.009723331452913930e+00
1.011212712707894479e+00
1.013011139208506162e+00
1.015172026141196060e+00
1.017757408583772616e+00
1.020838753520341813e+00
1.024497730826229080e+00
1.028826887009559377e+00
1.033930149008578381e+00
1.039923066183828793e+00
1.046932676995855793e+00
1.055096863195809087e+00
1.064563029548405648e+00
1.075485922562746444e+00
1.088024379547023468e+00
1.102336782586184061e+00
1.118574985052426252e+00
1.136876486884281112e+00
1.157354667072302723e+00
1.180086948176830797e+00
1.205100882144900520e+00
1.232358326826124229e+00
1.261738149860951896e+00
1.293018275205622514e+00
1.325858400984255558e+00
1.359785380988467685e+00
1.394184069122427205e+00
1.428297323923383599e+00
1.461239726334350175e+00
1.492030121844544643e+00
1.519647936387048981e+00
1.543116734586335248e+00
1.561614977188952924e+00
1.574607778535508373e+00
1.581984565717703628e+00
1.584176914165140282e+00
1.582221189140779805e+00
1.577726443579111848e+00
1.572714496064886003e+00
1.569319503852358411e+00
1.569366482753692393e+00
1.573882395862091110e+00
1.582615066179392072e+00
1.593634273426992820e+00
1.603073768048455694e+00
1.605075141585573517e+00
1.592058045098943442e+00
1.555576166337345523e+00
1.488139132184315150e+00
1.386281792388112999e+00
1.254615926043854079e+00
1.109581102623969251e+00
9.804586058574605856e-01
9.044137972076569110e-01
9.120495431449971990e-01
1.000000000000000000e+00
