1.000000000000000000e+00
7.384140926135563943e-01
7.836500343345587094e-01
9.786974127374684640e-01
1.172304785205730671e+00
1.313936099179871420e+00
1.411164522752647921e+00
1.481591971600443758e+00
1.534349265302921150e+00
1.571502468181617207e+00
1.593858804639162630e+00
1.603904159444386135e+00
1.605540735549032316e+00
1.602535504369568153e+00
1.597231015302548407e+00
1.590190603832738248e+00
1.580765634354440508e+00
1.568150558559597396e+00
1.552348703894048221e+00
1.534611446046132865e+00
1.517227409793202586e+00
1.502843519045390819e+00
1.493656586769090966e+00
1.490793035921664123e+00
1.494055352312812390e+00
1.502047266975450102e+00
1.512566329328133508e+00
1.523102630583104578e+00
1.531298613146654608e+00
1.535278810058883225e+00
1.533819150859493163e+00
1.526372117876672707e+00
1.512988801293667862e+00
1.494184203422726398e+00
1.470785078820997294e+00
1.443787423739915976e+00
1.414238570250436311e+00
1.383149295372066101e+00
1.351435102320488912e+00
1.319882471445652738e+00
1.289134612945562752e+00
1.259691282329316264e+00
1.231917916720354667e+00
1.206060296304246160e+00
1.182261886342752089e+00
1.160581851078525961e+00
1.141012408727277494e+00
1.123494716219259670e+00
1.107932852735411533e+00
1.094205738162230768e+00
1.082177001760440627e+00
1.071702929680935057e+00
1.062638685403584971e+00
1.054843028711791808e+00
1.048181767083739224e+00
1.042530166316757656e+00
1.037774530635322767e+00
1.033813140678928599e+00
1.030556713597865270e+00
1.027928525033222629e+00
1.025864309333176516e+00
1.024312032726913513e+00
1.023231614697651448e+00
1.022594655521164908e+00
1.022384212701603401e+00
1.022594655520936424e+00
1.023231614697181602e+00
1.024312032726187427e+00
1.025864309332169766e+00
1.027928525031899687e+00
1.030556713596178842e+00
1.033813140676826725e+00
1.037774530632737058e+00
1.042530166313617279e+00
1.048181767079951587e+00
1.054843028707261654e+00
1.062638685398208827e+00
1.071702929674589910e+00
1.082177001752994139e+00
1.094205738153531504e+00
1.107932852725299844e+00
1.123494716207545929e+00
1.141012408713744097e+00
1.160581851062900460e+00
1.182261886324692313e+00
1.206060296283282707e+00
1.231917916695840720e+00
1.259691282300333448e+00
1.289134612910770583e+00
1.319882471403095892e+00
1.351435102267298571e+00
1.383149295304088033e+00
1.414238570161699071e+00
1.443787423621934352e+00
1.470785078661891898e+00
1.494184203206137651e+00
1.512988800997492556e+00
1.526372117471647138e+00
1.533819150307754953e+00
1.535278809312641934e+00
1.531298612147201199e+00
1.523102629260242091e+00
1.512566327600128213e+00
1.502047264749142741e+00
1.494055349483301098e+00
1.490793032370503202e+00
1.493656582360011198e+00
1.502843513617211579e+00
1.517227403151158116e+00
1.534611437955052393e+00
1.552348694078663716e+00
1.568150546717194338e+00
1.580765620181910469e+00
1.590190587064503891e+00
1.597230995750896998e+00
1.602535481959161512e+00
1.605540710344155464e+00
1.603904131675852662e+00
1.593858774737934914e+00
1.571502436812690418e+00
1.534349233375832622e+00
1.481591940230894133e+00
1.411164493172704537e+00
1.313936072620590201e+00
1.172304762776893661e+00
9.786973953170946539e-01
7.836500224975077034e-01
7.384140866469491860e-01
1.000000000000000000e+00
