1.000000000000000000e+00
1.067324402519977955e+00
1.134028805724241584e+00
1.198866359858210773e+00
1.260035000711588138e+00
1.315406032187531382e+00
1.362847576987957776e+00
1.400561689287594946e+00
1.427355476599233119e+00
1.442791026958960332e+00
1.447197002841647651e+00
1.441561595549667896e+00
1.427350009568143951e+00
1.406295504458227486e+00
1.380204665748222093e+00
1.350802214094716680e+00
1.319625098050420497e+00
1.287963929321843670e+00
1.256843179352819417e+00
1.227029224380381311e+00
1.199055827244563943e+00
1.173258560773999815e+00
1.149811993647273933e+00
1.128765595777940334e+00
1.110076029566324118e+00
1.093634732301236312e+00
1.079290520366536388e+00
1.066867449003066737e+00
1.056178433139518535e+00
1.047035251226986485e+00
1.039255572687109108e+00
1.032667611399531671e+00
1.027112940189522261e+00
1.022447922280905752e+00
1.018544135993268318e+00
1.015288094745552483e+00
1.012580498769874993e+00
1.010335198980792715e+00
1.008478007146800692e+00
1.006945449162680584e+00
1.005683528780525249e+00
1.004646546460828294e+00
1.003796000901667540e+00
1.003099588228746342e+00
1.002530304841540820e+00
1.002065653707457038e+00
1.001686949810406402e+00
1.001378717950755393e+00
1.001128174730395504e+00
1.000924786004474099e+00
1.000759891083506270e+00
1.000626385333969193e+00
1.000518453410722763e+00
1.000431346059025950e+00
1.000361194176902391e+00
1.000304854582149572e+00
1.000259782652103580e+00
1.000223927680044200e+00
1.000195647410911715e+00
1.000173638777814844e+00
1.000156882360992094e+00
1.000144598536467422e+00
1.000136213678636254e+00
1.000131335135913790e+00
1.000129734019132632e+00
1.000131335135913790e+00
1.000136213678636254e+00
1.000144598536467422e+00
1.000156882360992094e+00
1.000173638777814844e+00
1.000195647410911715e+00
1.000223927680044200e+00
1.000259782652103580e+00
1.000304854582149572e+00
1.000361194176902391e+00
1.000431346059025950e+00
1.000518453410722763e+00
1.000626385333969193e+00
1.000759891083506270e+00
1.000924786004474099e+00
1.001128174730395504e+00
1.001378717950755393e+00
1.001686949810406402e+00
1.002065653707457038e+00
1.002530304841540820e+00
1.003099588228746342e+00
1.003796000901667540e+00
1.004646546460828294e+00
1.005683528780525249e+00
1.006945449162680584e+00
1.008478007146800692e+00
1.010335198980792715e+00
1.012580498769874993e+00
1.015288094745552483e+00
1.018544135993268096e+00
1.022447922280905752e+00
1.027112940189522039e+00
1.032667611399531671e+00
1.039255572687109108e+00
1.047035251226986485e+00
1.056178433139518757e+00
1.066867449003066515e+00
1.079290520366536832e+00
1.093634732301236090e+00
1.110076029566324118e+00
1.128765595777940112e+00
1.149811993647273933e+00
1.173258560774000481e+00
1.199055827244563721e+00
1.227029224380380867e+00
1.256843179352819861e+00
1.287963929321843892e+00
1.319625098050420053e+00
1.350802214094716014e+00
1.380204665748220982e+00
1.406295504458227708e+00
1.427350009568143729e+00
1.441561595549666785e+00
1.447197002841647429e+00
1.442791026958960776e+00
1.427355476599232231e+00
1.400561689287594058e+00
1.362847576987957332e+00
1.315406032187532048e+00
1.260035000711588138e+00
1.198866359858210551e+00
1.134028805724241806e+00
1.067324402519977733e+00
1.000000000000000000e+00
