1.000000000000000000e+00
8.694676270145306196e-01
8.584928146746158006e-01
9.572381018034721301e-01
1.111739423891114686e+00
1.270598658396232317e+00
1.402725729435609248e+00
1.497577962057675460e+00
1.557803567233413178e+00
1.591258640572288829e+00
1.605839922972843725e+00
1.607575590750429217e+00
1.600796246858742444e+00
1.588960017572637717e+00
1.575220223628526872e+00
1.562468256058394234e+00
1.553011068518247662e+00
1.548184868674552295e+00
1.548146549819199969e+00
1.551940382522324802e+00
1.557802692779588050e+00
1.563590102389812664e+00
1.567204585890191515e+00
1.566921898383571321e+00
1.561580868686939016e+00
1.550636619102405023e+00
1.534109193246672387e+00
1.512469134271148263e+00
1.486498254055460988e+00
1.457153800732824189e+00
1.425452840881899164e+00
1.392384058569286154e+00
1.358847492776269483e+00
1.325618892343007449e+00
1.293333705401825684e+00
1.262485475959115755e+00
1.233433953874336408e+00
1.206419086592244616e+00
1.181577978116316929e+00
1.158962730586368117e+00
1.138557769122710006e+00
1.120295782470128287e+00
1.104071805319209565e+00
1.089755246786139553e+00
1.077199858123427223e+00
1.066251753362577492e+00
1.056755667433073587e+00
1.048559671672109506e+00
1.041518577488593555e+00
1.035496253493090490e+00
1.030367065729959064e+00
1.026016629173278627e+00
1.022342034535308697e+00
1.019251689880472878e+00
1.016664893004216808e+00
1.014511228936789244e+00
1.012729867771159586e+00
1.011268821498078063e+00
1.010084204658304285e+00
1.009139532250664217e+00
1.008405079237330471e+00
1.007857318889139098e+00
1.007478451819185272e+00
1.007256033565447906e+00
1.007182705717355908e+00
1.007256033563720621e+00
1.007478451815642551e+00
1.007857318883606412e+00
1.008405079229526047e+00
1.009139532240201031e+00
1.010084204644660755e+00
1.011268821480580282e+00
1.012729867748943802e+00
1.014511228908770990e+00
1.016664892969030731e+00
1.019251689836415009e+00
1.022342034480262063e+00
1.026016629104605560e+00
1.030367065644390623e+00
1.035496253386569254e+00
1.041518577356092212e+00
1.048559671507399038e+00
1.056755667228432616e+00
1.066251753108438116e+00
1.077199857807924710e+00
1.089755246394557453e+00
1.104071804833282044e+00
1.120295781867159945e+00
1.138557768374479862e+00
1.158962729657729174e+00
1.181577976963438470e+00
1.206419085160390203e+00
1.233433952095027930e+00
1.262485473746541187e+00
1.293333702648269634e+00
1.325618888913061788e+00
1.358847488499466571e+00
1.392384053230844465e+00
1.425452834211064390e+00
1.457153792388407476e+00
1.486498243608060044e+00
1.512469121181663656e+00
1.534109176840973809e+00
1.550636598542358913e+00
1.561580842938791847e+00
1.566921866185708279e+00
1.567204545723823950e+00
1.563590052458027735e+00
1.557802631002258797e+00
1.551940306556347959e+00
1.548146457114732089e+00
1.548184756578041110e+00
1.553010934431514167e+00
1.562468097660065780e+00
1.575220039159577201e+00
1.588959806181472700e+00
1.600796008990984509e+00
1.607575328551158700e+00
1.605839640641720800e+00
1.591258344578060147e+00
1.557803266269027320e+00
1.497577666627766702e+00
1.402725451043164595e+00
1.270598408435359650e+00
1.111739212505343577e+00
9.572379370335393212e-01
8.584927021194967978e-01
8.694675699968757998e-01
1.000000000000000000e+00
