1.000000000000000000e+00
1.016932622192005864e+00
1.033625124993471589e+00
1.049742480049337567e+00
1.064862674880935556e+00
1.078516122478689221e+00
1.090243313444577034e+00
1.099655773870791942e+00
1.106486728941751485e+00
1.110621990381197799e+00
1.112107250482124998e+00
1.111133502391822292e+00
1.108006321951824580e+00
1.103106577997192472e+00
1.096849906763905924e+00
1.089650640776564927e+00
1.081893635625235328e+00
1.073915272240345775e+00
1.065993240491256433e+00
1.058343673802627061e+00
1.051123752188290794e+00
1.044437873417407792e+00
1.038345739205985607e+00
1.032871070506232725e+00
1.028010050781420714e+00
1.023738938346756777e+00
1.020020561322772190e+00
1.016809606526507981e+00
1.014056744269269839e+00
1.011711707571611774e+00
1.009725480808884024e+00
1.008051761941771929e+00
1.006647854536629527e+00
1.005475128425450393e+00
1.004499166454831283e+00
1.003689692800886268e+00
1.003020357835711973e+00
1.002468436570674859e+00
1.002014482656514716e+00
1.001641967763766905e+00
1.001336926644376346e+00
1.001087620925379396e+00
1.000884229318470986e+00
1.000718568072355152e+00
1.000583842815860436e+00
1.000474431156695321e+00
1.000385694282535987e+00
1.000313815173766052e+00
1.000255660738275543e+00
1.000208665109757256e+00
1.000170731431713866e+00
1.000140149621490560e+00
1.000115527830845563e+00
1.000095735563213850e+00
1.000079856654205068e+00
1.000067150558804130e+00
1.000057020609471881e+00
1.000048988110095571e+00
1.000042671310540365e+00
1.000037768465665611e+00
1.000034044322515969e+00
1.000031319501850868e+00
1.000029462347561626e+00
1.000028382912141023e+00
1.000028028830673765e+00
1.000028382912141023e+00
1.000029462347561626e+00
1.000031319501850868e+00
1.000034044322515969e+00
1.000037768465665611e+00
1.000042671310540365e+00
1.000048988110095571e+00
1.000057020609471881e+00
1.000067150558804130e+00
1.000079856654205068e+00
1.000095735563213850e+00
1.000115527830845563e+00
1.000140149621490560e+00
1.000170731431713866e+00
1.000208665109757256e+00
1.000255660738275543e+00
1.000313815173766052e+00
1.000385694282535987e+00
1.000474431156695321e+00
1.000583842815860436e+00
1.000718568072355152e+00
1.000884229318470986e+00
1.001087620925379396e+00
1.001336926644376346e+00
1.001641967763766905e+00
1.002014482656514716e+00
1.002468436570674859e+00
1.003020357835711973e+00
1.003689692800886268e+00
1.004499166454831061e+00
1.005475128425450393e+00
1.006647854536629527e+00
1.008051761941771929e+00
1.009725480808884024e+00
1.011711707571611552e+00
1.014056744269269839e+00
1.016809606526507759e+00
1.020020561322772412e+00
1.023738938346756333e+00
1.028010050781420714e+00
1.032871070506232281e+00
1.038345739205985163e+00
1.044437873417407570e+00
1.051123752188290350e+00
1.058343673802626617e+00
1.065993240491255989e+00
1.073915272240345553e+00
1.081893635625234662e+00
1.089650640776563817e+00
1.096849906763904592e+00
1.103106577997191806e+00
1.108006321951823470e+00
1.111133502391821182e+00
1.112107250482124110e+00
1.110621990381196467e+00
1.106486728941750375e+00
1.099655773870789721e+00
1.090243313444575701e+00
1.078516122478688555e+00
1.064862674880934668e+00
1.049742480049336901e+00
1.033625124993471367e+00
1.016932622192005420e+00
1.000000000000000000e+00
