1.000000000000000000e+00
8.898670028551963762e-01
8.789597340313045626e-01
9.654393705059597375e-01
1.107899560364362879e+00
1.261817212171900460e+00
1.396102352543378000e+00
1.496348278208655014e+00
1.561035630423208032e+00
1.595724938554854644e+00
1.608322379714751893e+00
1.606437344623781183e+00
1.596443443374028215e+00
1.583386255911409357e+00
1.571073307051624734e+00
1.562079757069468222e+00
1.557697639290019032e+00
1.557957349373654932e+00
1.561808911638813413e+00
1.567459262223467986e+00
1.572790492864078793e+00
1.575761203775874586e+00
1.574713134140268700e+00
1.568546126726017675e+00
1.556764450900915087e+00
1.539423789857400138e+00
1.517018085431830476e+00
1.490342740653491704e+00
1.460361360875858328e+00
1.428092369246945603e+00
1.394522551090174423e+00
1.360548068040629888e+00
1.326939704363195194e+00
1.294327456332717619e+00
1.263199319364581852e+00
1.233909643044703630e+00
1.206693269118807921e+00
1.181682570759898132e+00
1.158925330990343783e+00
1.138402076112070338e+00
1.120042006823635417e+00
1.103737059635968798e+00
1.089353907524346132e+00
1.076743895834162190e+00
1.065751029083636947e+00
1.056218194476898686e+00
1.047991842850012567e+00
1.040925358293697034e+00
1.034881342000543158e+00
1.029733020017746359e+00
1.025364962954676828e+00
1.021673281447243564e+00
1.018565436508076072e+00
1.015959780252825739e+00
1.013784920799589262e+00
1.011978985892281413e+00
1.010488843206372556e+00
1.009269321355000804e+00
1.008282464185932481e+00
1.007496841820316735e+00
1.006886934763195018e+00
1.006432602025934875e+00
1.006118640257568808e+00
1.005934438113068152e+00
1.005873728240589626e+00
1.005934438113950335e+00
1.006118640259379360e+00
1.006432602028769052e+00
1.006886934767196484e+00
1.007496841825693101e+00
1.008282464192960637e+00
1.009269321364041794e+00
1.010488843217884458e+00
1.011978985906852424e+00
1.013784920817957902e+00
1.015959780275918600e+00
1.018565436537062219e+00
1.021673281483579832e+00
1.025364963000191976e+00
1.029733020074727445e+00
1.034881342071857668e+00
1.040925358382936983e+00
1.047991842961684794e+00
1.056218194616662220e+00
1.065751029258611204e+00
1.076743896053317773e+00
1.089353907799007537e+00
1.103737059980463897e+00
1.120042007256136340e+00
1.138402076655676387e+00
1.158925331674496295e+00
1.181682571622219236e+00
1.206693270207495283e+00
1.233909644421643748e+00
1.263199321109401474e+00
1.294327458548043541e+00
1.326939707181407968e+00
1.360548071632551759e+00
1.394522555676025455e+00
1.428092375110084689e+00
1.460361368379609504e+00
1.490342750261276716e+00
1.517018097730487902e+00
1.539423805582955440e+00
1.556764470965293246e+00
1.568546152242035197e+00
1.574713166440972367e+00
1.575761244423026675e+00
1.572790543639548622e+00
1.567459325096917766e+00
1.561808988705124746e+00
1.557957442754186017e+00
1.557697750992384611e+00
1.562079888801437111e+00
1.571073459987238685e+00
1.583386430414318147e+00
1.596443638697063516e+00
1.606437558624668860e+00
1.608322608649078944e+00
1.595725177017239149e+00
1.561035871495063398e+00
1.496348513833820393e+00
1.396102574100895222e+00
1.261817411161585856e+00
1.107899729079775186e+00
9.654395025599706859e-01
8.789598246453380614e-01
8.898670489192096467e-01
1.000000000000000000e+00
