1.000000000000000000e+00
1.000333817791526858e+00
1.021293495627638936e+00
1.068631271203476008e+00
1.138879280062492949e+00
1.223814140178892895e+00
1.313885786708866243e+00
1.400620633754897648e+00
1.477941547869432215e+00
1.542472242647070946e+00
1.593099328862273234e+00
1.630188684249793241e+00
1.654819068767724000e+00
1.668246967191133967e+00
1.671648715105309435e+00
1.666073251575327596e+00
1.652501390182067098e+00
1.631924436221825925e+00
1.605393387986409293e+00
1.574025253527230994e+00
1.538974681372116793e+00
1.501387166866415601e+00
1.462349216154012366e+00
1.422846023782075031e+00
1.383731887000444027e+00
1.345714414449600715e+00
1.309351013811215436e+00
1.275054942671868252e+00
1.243107950194920708e+00
1.213676816731005914e+00
1.186831613732618251e+00
1.162564070100227553e+00
1.140804944580144697e+00
1.121439726397867709e+00
1.104322310599343826e+00
1.089286529606326770e+00
1.076155583489978307e+00
1.064749514463244173e+00
1.054890930498882051e+00
1.046409210769819742e+00
1.039143431292346653e+00
1.032944240070422737e+00
1.027674892734895096e+00
1.023211636248001488e+00
1.019443602665917492e+00
1.016272349292656640e+00
1.013611157199632462e+00
1.011384177877606927e+00
1.009525498186844894e+00
1.007978176942545323e+00
1.006693292378888716e+00
1.005629028206908249e+00
1.004749816770116988e+00
1.004025550619223495e+00
1.003430868376462559e+00
1.002944516753136117e+00
1.002548787756708748e+00
1.002229028240666953e+00
1.001973217809084327e+00
1.001771610517845579e+00
1.001616435676406347e+00
1.001501653235430167e+00
1.001422759659070127e+00
1.001376640757531300e+00
1.001361468645628916e+00
1.001376640757531300e+00
1.001422759659070127e+00
1.001501653235430167e+00
1.001616435676406347e+00
1.001771610517845579e+00
1.001973217809084327e+00
1.002229028240666953e+00
1.002548787756708748e+00
1.002944516753136117e+00
1.003430868376462559e+00
1.004025550619223495e+00
1.004749816770116988e+00
1.005629028206908249e+00
1.006693292378888716e+00
1.007978176942545323e+00
1.009525498186844894e+00
1.011384177877606927e+00
1.013611157199632684e+00
1.016272349292656196e+00
1.019443602665917492e+00
1.023211636248001488e+00
1.027674892734895096e+00
1.032944240070422515e+00
1.039143431292346653e+00
1.046409210769819964e+00
1.054890930498882051e+00
1.064749514463244173e+00
1.076155583489978307e+00
1.089286529606326548e+00
1.104322310599343604e+00
1.121439726397867487e+00
1.140804944580143143e+00
1.162564070100227553e+00
1.186831613732618251e+00
1.213676816731005692e+00
1.243107950194921596e+00
1.275054942671867808e+00
1.309351013811216102e+00
1.345714414449600271e+00
1.383731887000444249e+00
1.422846023782074587e+00
1.462349216154012366e+00
1.501387166866416933e+00
1.538974681372117903e+00
1.574025253527229884e+00
1.605393387986410847e+00
1.631924436221826369e+00
1.652501390182067098e+00
1.666073251575327374e+00
1.671648715105308325e+00
1.668246967191136187e+00
1.654819068767726442e+00
1.630188684249794129e+00
1.593099328862274122e+00
1.542472242647071168e+00
1.477941547869433769e+00
1.400620633754897870e+00
1.313885786708867132e+00
1.223814140178894228e+00
1.138879280062494059e+00
1.068631271203475785e+00
1.021293495627638270e+00
1.000333817791525082e+00
1.000000000000000000e+00
