1.000000000000000000e+00
8.616914128835387876e-01
8.520080955358925179e-01
9.568875213623928566e-01
1.116604201041654365e+00
1.277045344720793896e+00
1.407578322685829830e+00
1.499640307497051683e+00
1.557755126017338565e+00
1.590711578533299919e+00
1.606333035840032064e+00
1.609930986344214388e+00
1.604929009554693309e+00
1.594042828319294003e+00
1.580043591594142649e+00
1.565843474293819870e+00
1.554098701190242293e+00
1.546680159089374618e+00
1.544304893189014649e+00
1.546470211614383805e+00
1.551680125908528662e+00
1.557855567152136578e+00
1.562789802551013407e+00
1.564534500193512256e+00
1.561652580197091522e+00
1.553325428095698957e+00
1.539338372919384135e+00
1.519985142710552850e+00
1.495932847916053410e+00
1.468080571373218568e+00
1.437433030063984374e+00
1.405000064645305580e+00
1.371724748152218121e+00
1.338437965977491428e+00
1.305834879074109667e+00
1.274467967437839855e+00
1.244751649905983859e+00
1.216974259105186418e+00
1.191314076848901893e+00
1.167857016617309007e+00
1.146614290101766409e+00
1.127538989975127137e+00
1.110540969107305820e+00
1.095499719176726394e+00
1.082275174216726921e+00
1.070716510591320780e+00
1.060669104087883508e+00
1.051979853124915154e+00
1.044501096767309622e+00
1.038093356585468419e+00
1.032627119275883798e+00
1.027983857424148439e+00
1.024056462469948858e+00
1.020749239381733009e+00
1.017977588502427810e+00
1.015667477602412383e+00
1.013754787025425763e+00
1.012184593250621267e+00
1.010910441291720918e+00
1.009893644017857195e+00
1.009102636509981776e+00
1.008512405697951753e+00
1.008104009462814421e+00
1.007864194832174709e+00
1.007785121545909046e+00
1.007864194835466076e+00
1.008104009469566575e+00
1.008512405708513304e+00
1.009102636524887853e+00
1.009893644037871629e+00
1.010910441317858233e+00
1.012184593284205958e+00
1.013754787068149588e+00
1.015667477656424067e+00
1.017977588570424974e+00
1.020749239467103830e+00
1.024056462576937943e+00
1.027983857558050884e+00
1.032627119443318087e+00
1.038093356794690836e+00
1.044501097028633918e+00
1.051979853451218139e+00
1.060669104495261861e+00
1.070716511099911505e+00
1.082275174851749178e+00
1.095499719969812213e+00
1.110540970098200075e+00
1.127538991213858255e+00
1.146614291651442796e+00
1.167857018557712623e+00
1.191314079281132976e+00
1.216974262157682896e+00
1.244751653742296460e+00
1.274467972266716043e+00
1.305834885162520553e+00
1.338437973667454539e+00
1.371724757882366807e+00
1.405000076978412560e+00
1.437433045721665303e+00
1.468080591279189662e+00
1.495932873249026462e+00
1.519985174967397379e+00
1.539338413988229348e+00
1.553325480336931630e+00
1.561652646527870392e+00
1.564534584168192355e+00
1.562789908426156948e+00
1.557855699920975390e+00
1.551680291286309243e+00
1.546470415953623334e+00
1.544305143302056704e+00
1.546680461954599961e+00
1.554099063517498713e+00
1.565843901926336823e+00
1.580044088733589369e+00
1.594043396587039529e+00
1.604929646952800493e+00
1.609931686251965255e+00
1.606333786255097706e+00
1.590712361804620611e+00
1.557755919283705381e+00
1.499641083927927498e+00
1.407579053438845706e+00
1.277046001324956492e+00
1.116604757747550636e+00
9.568879569587664946e-01
8.520083943024071571e-01
8.616915647044168791e-01
1.000000000000000000e+00
