1.000000000000000000e+00
1.026667922615692730e+00
1.052967151217172992e+00
1.078368257134543873e+00
1.102195064609178932e+00
1.123690741192792109e+00
1.142114226344610906e+00
1.156841869657372790e+00
1.167451161546754435e+00
1.173770517636566257e+00
1.175888998047678324e+00
1.174129505021640707e+00
1.168995834110325927e+00
1.161106795122923252e+00
1.151129803345412039e+00
1.139723159917011008e+00
1.127492211035112879e+00
1.114960895598626767e+00
1.102557511067481455e+00
1.090611999635279883e+00
1.079361511990824196e+00
1.068961140819041811e+00
1.059497226849767104e+00
1.051001289237005309e+00
1.043463265424985797e+00
1.036843282367287289e+00
1.031081592028165295e+00
1.026106592124589545e+00
1.021841036438446038e+00
1.018206641428578862e+00
1.015127340333814354e+00
1.012531442038194118e+00
1.010352934870241359e+00
1.008532146249327077e+00
1.007015935158515285e+00
1.005757560544864759e+00
1.004716337640411794e+00
1.003857167183444199e+00
1.003150000017377197e+00
1.002569281421720859e+00
1.002093405356463185e+00
1.001704198015622715e+00
1.001386442098218810e+00
1.001127447459007724e+00
1.000916669804078563e+00
1.000745376430475897e+00
1.000606356332819136e+00
1.000493671041305044e+00
1.000402442103197620e+00
1.000328671013013704e+00
1.000269087515563093e+00
1.000221022463337661e+00
1.000182301743849589e+00
1.000151158160054399e+00
1.000126158519687003e+00
1.000106143548647797e+00
1.000090178578997957e+00
1.000077513267896734e+00
1.000067548878221579e+00
1.000059811894893125e+00
1.000053932965183412e+00
1.000049630339260975e+00
1.000046697152311648e+00
1.000044992035351576e+00
1.000044432671860939e+00
1.000044992035351576e+00
1.000046697152311648e+00
1.000049630339260975e+00
1.000053932965183412e+00
1.000059811894893125e+00
1.000067548878221579e+00
1.000077513267896734e+00
1.000090178578997957e+00
1.000106143548647797e+00
1.000126158519687003e+00
1.000151158160054399e+00
1.000182301743849589e+00
1.000221022463337661e+00
1.000269087515563093e+00
1.000328671013013704e+00
1.000402442103197620e+00
1.000493671041305044e+00
1.000606356332819136e+00
1.000745376430475897e+00
1.000916669804078563e+00
1.001127447459007724e+00
1.001386442098218810e+00
1.001704198015622715e+00
1.002093405356463185e+00
1.002569281421720859e+00
1.003150000017377197e+00
1.003857167183444199e+00
1.004716337640411794e+00
1.005757560544864759e+00
1.007015935158515063e+00
1.008532146249327077e+00
1.010352934870241359e+00
1.012531442038194118e+00
1.015127340333814354e+00
1.018206641428578640e+00
1.021841036438446038e+00
1.026106592124589323e+00
1.031081592028165517e+00
1.036843282367286845e+00
1.043463265424985797e+00
1.051001289237004865e+00
1.059497226849766660e+00
1.068961140819042033e+00
1.079361511990823752e+00
1.090611999635279439e+00
1.102557511067481233e+00
1.114960895598626545e+00
1.127492211035112435e+00
1.139723159917010120e+00
1.151129803345410929e+00
1.161106795122923252e+00
1.168995834110324816e+00
1.174129505021639819e+00
1.175888998047678102e+00
1.173770517636565147e+00
1.167451161546753324e+00
1.156841869657371236e+00
1.142114226344610239e+00
1.123690741192791887e+00
1.102195064609178043e+00
1.078368257134543207e+00
1.052967151217173214e+00
1.026667922615692508e+00
1.000000000000000000e+00
