1.000000000000000000e+00
1.013515651617281632e+00
1.026838328952374146e+00
1.039701121383314275e+00
1.051769276945269560e+00
1.062670984853686607e+00
1.072042437508622603e+00
1.079575526591628920e+00
1.085057608648435368e+00
1.088395962782273019e+00
1.089623916993384345e+00
1.088889879133078109e+00
1.086433623615878252e+00
1.082555648533093162e+00
1.077585305468020671e+00
1.071852190831751983e+00
1.065663580666696308e+00
1.059289013004077296e+00
1.052951799979587655e+00
1.046826409651477885e+00
1.041040268162045423e+00
1.035678489693880433e+00
1.030790216285826011e+00
1.026395528724228789e+00
1.022492190878269147e+00
1.019061762640684599e+00
1.016074836990022989e+00
1.013495318689686675e+00
1.011283770532553694e+00
1.009399917565819038e+00
1.007804431388357402e+00
1.006460125559284879e+00
1.005332687751208987e+00
1.004391060854117335e+00
1.003607568242539161e+00
1.002957860773505461e+00
1.002420746525517048e+00
1.001977949722784533e+00
1.001613833059159964e+00
1.001315107740735622e+00
1.001070547808325051e+00
1.000870719392516150e+00
1.000707731179549587e+00
1.000575009223118039e+00
1.000467097054604126e+00
1.000379480592042958e+00
1.000308436437805426e+00
1.000250901636305034e+00
1.000204362719779860e+00
1.000166761813971350e+00
1.000136417640883790e+00
1.000111959395241668e+00
1.000092271651276343e+00
1.000076448653713701e+00
1.000063756546245353e+00
1.000053602282355847e+00
1.000045508141814921e+00
1.000039090938302122e+00
1.000034045148789019e+00
1.000030129323705497e+00
1.000027155249669120e+00
1.000024979435263139e+00
1.000023496576840865e+00
1.000022634737498750e+00
1.000022352040212725e+00
1.000022634737498750e+00
1.000023496576840865e+00
1.000024979435263139e+00
1.000027155249669120e+00
1.000030129323705497e+00
1.000034045148789019e+00
1.000039090938302122e+00
1.000045508141814921e+00
1.000053602282355847e+00
1.000063756546245353e+00
1.000076448653713701e+00
1.000092271651276343e+00
1.000111959395241668e+00
1.000136417640883790e+00
1.000166761813971350e+00
1.000204362719779860e+00
1.000250901636305034e+00
1.000308436437805426e+00
1.000379480592042958e+00
1.000467097054604126e+00
1.000575009223118039e+00
1.000707731179549587e+00
1.000870719392516150e+00
1.001070547808325051e+00
1.001315107740735622e+00
1.001613833059159964e+00
1.001977949722784533e+00
1.002420746525517048e+00
1.002957860773505461e+00
1.003607568242538939e+00
1.004391060854117335e+00
1.005332687751208987e+00
1.006460125559284879e+00
1.007804431388357402e+00
1.009399917565818816e+00
1.011283770532553694e+00
1.013495318689686453e+00
1.016074836990023211e+00
1.019061762640684154e+00
1.022492190878269147e+00
1.026395528724228345e+00
1.030790216285825567e+00
1.035678489693880211e+00
1.041040268162044979e+00
1.046826409651477441e+00
1.052951799979587211e+00
1.059289013004076851e+00
1.065663580666695642e+00
1.071852190831750873e+00
1.077585305468019339e+00
1.082555648533092496e+00
1.086433623615877142e+00
1.088889879133076999e+00
1.089623916993383457e+00
1.088395962782271686e+00
1.085057608648434258e+00
1.079575526591626478e+00
1.072042437508621271e+00
1.062670984853685940e+00
1.051769276945268672e+00
1.039701121383313609e+00
1.026838328952373924e+00
1.013515651617281188e+00
1.000000000000000000e+00
