1.000000000000000000e+00
8.233152048291630942e-01
8.217460371021445553e-01
9.550220307863978020e-01
1.134575077298733747e+00
1.296578962086160081e+00
1.415910787974483220e+00
1.494127767032844334e+00
1.543134938955865731e+00
1.574331881963841884e+00
1.594579601532285285e+00
1.606533831117719080e+00
1.610588431748329663e+00
1.606761489726057146e+00
1.595880303831452407e+00
1.579973435924176384e+00
1.562012039319347512e+00
1.545251322028766916e+00
1.532466867903981678e+00
1.525350144688547793e+00
1.524227066161580213e+00
1.528131724557916904e+00
1.535154635937886480e+00
1.542925078013178908e+00
1.549086201976897170e+00
1.551662308188857642e+00
1.549273560392653737e+00
1.541202152479578702e+00
1.527344068159385282e+00
1.508091173681138430e+00
1.484184831980938979e+00
1.456571539084856370e+00
1.426278937929450263e+00
1.394320282181453319e+00
1.361628239947594077e+00
1.329014756968595723e+00
1.297151853377190855e+00
1.266567903694876929e+00
1.237654468080945591e+00
1.210679624944632105e+00
1.185804707393125490e+00
1.163102214334938544e+00
1.142573387805328355e+00
1.124164509772864529e+00
1.107781388714976556e+00
1.093301802928710487e+00
1.080585869528439602e+00
1.069484438407614535e+00
1.059845688163183919e+00
1.051520141130594999e+00
1.044364328766238970e+00
1.038243335285604196e+00
1.033032433111873871e+00
1.028618002967437883e+00
1.024897907682548404e+00
1.021781464322913280e+00
1.019189135608250973e+00
1.017052039784980488e+00
1.015311358676791897e+00
1.013917706799411400e+00
1.012830510200526613e+00
1.012017431927704880e+00
1.011453871493183776e+00
1.011122558089666335e+00
1.011013251280565628e+00
1.011122558089305734e+00
1.011453871492445478e+00
1.012017431926556466e+00
1.012830510198905909e+00
1.013917706797245577e+00
1.015311358673975484e+00
1.017052039781381145e+00
1.019189135603696839e+00
1.021781464317197852e+00
1.024897907675399678e+00
1.028618002958527677e+00
1.033032433100798508e+00
1.038243335271854306e+00
1.044364328749185278e+00
1.051520141109453688e+00
1.059845688136979991e+00
1.069484438375124524e+00
1.080585869488134065e+00
1.093301802878656082e+00
1.107781388652727461e+00
1.124164509695309455e+00
1.142573387708493593e+00
1.163102214213722174e+00
1.185804707240950995e+00
1.210679624752981187e+00
1.237654467838735561e+00
1.266567903387661342e+00
1.297151852986078824e+00
1.329014756468847702e+00
1.361628239306797772e+00
1.394320281357195102e+00
1.426278936866344660e+00
1.456571537710888542e+00
1.484184830203010508e+00
1.508091171379863704e+00
1.527344065183238175e+00
1.541202148638607605e+00
1.549273555452213014e+00
1.551662301863851567e+00
1.549086193927059929e+00
1.542925067839737929e+00
1.535154623181520073e+00
1.528131708697518354e+00
1.524227046613232384e+00
1.525350120804943588e+00
1.532466838976681345e+00
1.545251287299058029e+00
1.562011998006736180e+00
1.579973387282753272e+00
1.595880247241380889e+00
1.606761424819731499e+00
1.610588358559838174e+00
1.606533750233827496e+00
1.594579514216206029e+00
1.574331790221041194e+00
1.543134845513800091e+00
1.494127675212922446e+00
1.415910701446008169e+00
1.296578884513131857e+00
1.134575011932381861e+00
9.550219801163676303e-01
8.217460027076948226e-01
8.233151874951748495e-01
1.000000000000000000e+00
