1.000000000000000000e+00
7.487673876601175227e-01
7.862980133817916162e-01
9.752442683258560896e-01
1.170404606985292473e+00
1.316237623830620596e+00
1.415574871134149371e+00
1.485396277877831794e+00
1.536480078024177409e+00
1.572408833404505879e+00
1.594549688509423246e+00
1.605237423163864641e+00
1.607901496784957862e+00
1.605735540339903622e+00
1.600570920797863117e+00
1.592712489807571963e+00
1.581648266132145597e+00
1.567084880560536631e+00
1.549716455387128322e+00
1.531388139344027177e+00
1.514664918690989071e+00
1.502074089204770369e+00
1.495367047147426742e+00
1.495063452129265835e+00
1.500380423217661185e+00
1.509496971573863977e+00
1.520012641388689634e+00
1.529441357361100984e+00
1.535617976331653534e+00
1.536954834838687445e+00
1.532541408403832461e+00
1.522117057995675315e+00
1.505962117112828125e+00
1.484751387738902029e+00
1.459404011874421148e+00
1.430951091408374731e+00
1.400431292060082100e+00
1.368816621085026108e+00
1.336965712525997496e+00
1.305599645791012176e+00
1.275294732012778987e+00
1.246487096781824233e+00
1.219484736438568584e+00
1.194483694022307585e+00
1.171585908424491729e+00
1.150817056190772236e+00
1.132143309632931638e+00
1.115486388118993366e+00
1.100736605015348202e+00
1.087763836906626924e+00
1.076426488499389267e+00
1.066578616234359789e+00
1.058075422171158131e+00
1.050777349552088458e+00
1.044553011927478403e+00
1.039281175749353636e+00
1.034851996959799125e+00
1.031167688931278636e+00
1.028142774682075711e+00
1.025704052281761980e+00
1.023790379838847686e+00
1.022352366008189017e+00
1.021352033797606307e+00
1.020762509559739017e+00
1.020567775209297867e+00
1.020762509560154685e+00
1.021352033798459624e+00
1.022352366009531943e+00
1.023790379840763487e+00
1.025704052284362344e+00
1.028142774685517624e+00
1.031167688935769267e+00
1.034851996965605814e+00
1.039281175756829878e+00
1.044553011937067177e+00
1.050777349564371077e+00
1.058075422186876002e+00
1.066578616254451939e+00
1.076426488525058955e+00
1.087763836939398043e+00
1.100736605057167417e+00
1.115486388172323595e+00
1.132143309700909040e+00
1.150817056277358752e+00
1.171585908534720222e+00
1.194483694162540521e+00
1.219484736616868403e+00
1.246487097008409206e+00
1.275294732300592759e+00
1.305599646156465843e+00
1.336965712989902633e+00
1.368816621673830891e+00
1.400431292807427397e+00
1.430951092357110044e+00
1.459404013079218299e+00
1.484751389269636679e+00
1.505962119058926296e+00
1.522117060471702255e+00
1.532541411556605837e+00
1.536954838856185113e+00
1.535617981454010295e+00
1.529441363893687678e+00
1.520012649717146003e+00
1.509496982180349889e+00
1.500380436697108077e+00
1.495063469203657514e+00
1.495367068675729438e+00
1.502074116185896813e+00
1.514664952257442021e+00
1.531388180744256200e+00
1.549716505954472412e+00
1.567084941665017883e+00
1.581648339108047363e+00
1.592712575846125578e+00
1.600571020794220756e+00
1.605735654691676118e+00
1.607901625157840408e+00
1.605237564263367611e+00
1.594549839914859213e+00
1.572408991520884980e+00
1.536480238188816072e+00
1.485396434630039675e+00
1.415575018626084258e+00
1.316237756320163044e+00
1.170404719309282582e+00
9.752443562404827793e-01
7.862980737182512225e-01
7.487674183405598205e-01
1.000000000000000000e+00
