1.000000000000000000e+00
9.026737338848979109e-01
8.932783258422133388e-01
9.733723717078565096e-01
1.108140698411345326e+00
1.257352530123633239e+00
1.390755176830242856e+00
1.492485727310849386e+00
1.559030881489527731e+00
1.594671968252807659e+00
1.607133723848164886e+00
1.604644756603944344e+00
1.594431685227973627e+00
1.582140833287090542e+00
1.571693628085045313e+00
1.565313394083869714e+00
1.563660283808123275e+00
1.566088303454645780e+00
1.571021099126654885e+00
1.576395928378378386e+00
1.580096550981845427e+00
1.580301406387659480e+00
1.575704099367598587e+00
1.565600411659835656e+00
1.549864862584760861e+00
1.528854009613538789e+00
1.503274502833100046e+00
1.474046397849773760e+00
1.442181664997105539e+00
1.408687914743230740e+00
1.374499885221817541e+00
1.340436556298312487e+00
1.307179424369004028e+00
1.275266786071412417e+00
1.245099168688183600e+00
1.216951804206320320e+00
1.190990944517864580e+00
1.167291673393343610e+00
1.145855602372024773e+00
1.126627418403523651e+00
1.109509688372400271e+00
1.094375640564872132e+00
1.081079860158422834e+00
1.069466977842345567e+00
1.059378517114026197e+00
1.050658112174357006e+00
1.043155326681572737e+00
1.036728303004798901e+00
1.031245458812742655e+00
1.026586427800441292e+00
1.022642417673220283e+00
1.019316133687489412e+00
1.016521391800895735e+00
1.014182522905400230e+00
1.012233649346141684e+00
1.010617897270026821e+00
1.009286593367926477e+00
1.008198482177308675e+00
1.007318990100682043e+00
1.006619554413057172e+00
1.006077029497878694e+00
1.005673178080963792e+00
1.005394252053654958e+00
1.005230665336005469e+00
1.005176759899405470e+00
1.005230665337321749e+00
1.005394252056356130e+00
1.005673178085188413e+00
1.006077029503840370e+00
1.006619554421061435e+00
1.007318990111135681e+00
1.008198482190740153e+00
1.009286593385009922e+00
1.010617897291620659e+00
1.012233649373322830e+00
1.014182522939518716e+00
1.016521391843643984e+00
1.019316133740975960e+00
1.022642417740076137e+00
1.026586427883948272e+00
1.031245458916990598e+00
1.036728303134885953e+00
1.043155326843861586e+00
1.050658112376783526e+00
1.059378517366505346e+00
1.069466978157275872e+00
1.081079860551324101e+00
1.094375641055206128e+00
1.109509688984610332e+00
1.126627419168363842e+00
1.145855603328273187e+00
1.167291674589997719e+00
1.190990946016966090e+00
1.216951806086600252e+00
1.245099171049751874e+00
1.275266789041795246e+00
1.307179428110861741e+00
1.340436561019308748e+00
1.374499891187051848e+00
1.408687922290843941e+00
1.442181674557462268e+00
1.474046409968611693e+00
1.503274518198701504e+00
1.528854029087370225e+00
1.549864887234203348e+00
1.565600442790272773e+00
1.575704138549509414e+00
1.580301455472417960e+00
1.580096612098081721e+00
1.576396003899372511e+00
1.571021191598737987e+00
1.566088415477399742e+00
1.563660417859306540e+00
1.565313552285558352e+00
1.571693811912904248e+00
1.582141043233219690e+00
1.594431920441155892e+00
1.604645014550070359e+00
1.607134000054969647e+00
1.594672256218759410e+00
1.559031172834648649e+00
1.492486012216050595e+00
1.390755444748123848e+00
1.257352770658038077e+00
1.108140902187520371e+00
9.733725310369963912e-01
8.932784350569279441e-01
9.026737893606501251e-01
1.000000000000000000e+00
