1.000000000000000000e+00
9.643598077834388826e-01
9.729550103425396168e-01
1.032447669772862842e+00
1.129353237662625631e+00
1.242772592483474048e+00
1.352922468747273843e+00
1.445924223531504405e+00
1.515342512150394061e+00
1.561271820425091050e+00
1.588061150610442729e+00
1.601765032510745757e+00
1.608097410180123976e+00
1.611230005302179746e+00
1.613412658470662508e+00
1.615188655011527974e+00
1.615922969400140019e+00
1.614401977984115222e+00
1.609345000877056231e+00
1.599752489719444615e+00
1.585081582108281317e+00
1.565279744339877821e+00
1.540723344955587493e+00
1.512107133145206284e+00
1.480320639003448902e+00
1.446334876066164066e+00
1.411111372925311080e+00
1.375537200635940094e+00
1.340384478307082627e+00
1.306290241815044606e+00
1.273751738796733868e+00
1.243132434252592455e+00
1.214674733577707944e+00
1.188516307575730124e+00
1.164707745293670493e+00
1.143229978021282900e+00
1.124010486391683106e+00
1.106937729428985717e+00
1.091873540593895964e+00
1.078663445757407802e+00
1.067144994344636943e+00
1.057154276846259400e+00
1.048530844825847019e+00
1.041121265286325537e+00
1.034781538725050076e+00
1.029378596032832327e+00
1.024791068426026186e+00
1.020909500322130237e+00
1.017636149914806332e+00
1.014884497814338982e+00
1.012578561534291044e+00
1.010652093416745556e+00
1.009047722063542762e+00
1.007716082514815259e+00
1.006614968171497315e+00
1.005708527580957190e+00
1.004966521429648374e+00
1.004363649128548586e+00
1.003878949954418065e+00
1.003495280557664682e+00
1.003198868526873122e+00
1.002978940401262342e+00
1.002827421866262059e+00
1.002738707702679255e+00
1.002709499261820847e+00
1.002738707702679255e+00
1.002827421866262059e+00
1.002978940401262342e+00
1.003198868526873122e+00
1.003495280557664682e+00
1.003878949954418065e+00
1.004363649128548586e+00
1.004966521429648374e+00
1.005708527580957190e+00
1.006614968171497315e+00
1.007716082514815259e+00
1.009047722063542762e+00
1.010652093416745778e+00
1.012578561534291044e+00
1.014884497814338982e+00
1.017636149914806332e+00
1.020909500322130459e+00
1.024791068426026408e+00
1.029378596032831661e+00
1.034781538725050076e+00
1.041121265286325759e+00
1.048530844825847463e+00
1.057154276846259622e+00
1.067144994344637166e+00
1.078663445757407136e+00
1.091873540593895520e+00
1.106937729428985495e+00
1.124010486391683994e+00
1.143229978021281790e+00
1.164707745293669383e+00
1.188516307575729458e+00
1.214674733577706167e+00
1.243132434252592455e+00
1.273751738796733424e+00
1.306290241815043718e+00
1.340384478307083294e+00
1.375537200635939206e+00
1.411111372925311302e+00
1.446334876066162511e+00
1.480320639003447791e+00
1.512107133145205173e+00
1.540723344955585494e+00
1.565279744339876711e+00
1.585081582108280207e+00
1.599752489719441950e+00
1.609345000877054011e+00
1.614401977984111225e+00
1.615922969400135578e+00
1.615188655011521979e+00
1.613412658470655403e+00
1.611230005302174861e+00
1.608097410180117093e+00
1.601765032510736875e+00
1.588061150610433625e+00
1.561271820425079282e+00
1.515342512150385179e+00
1.445924223531495079e+00
1.352922468747264517e+00
1.242772592483466498e+00
1.129353237662619636e+00
1.032447669772856624e+00
9.729550103425355090e-01
9.643598077834356630e-01
1.000000000000000000e+00
