1.000000000000000000e+00
7.455321384469660861e-01
7.856237250783123516e-01
9.767219828605422371e-01
1.171565073052283301e+00
1.316129762502280975e+00
1.414803162950618143e+00
1.484830723353480320e+00
1.536478557003556400e+00
1.572813732255885277e+00
1.594995705553365672e+00
1.605410102328253874e+00
1.607665726383323612e+00
1.605169394494441848e+00
1.599927544921774247e+00
1.592317024342518650e+00
1.581759389520203785e+00
1.567777574102618532e+00
1.550838176906205401e+00
1.532604944615800324e+00
1.515572669142482232e+00
1.502326529096327468e+00
1.494774461318919334e+00
1.493635321989684517e+00
1.498309953002318951e+00
1.507103893771016390e+00
1.517668535372342475e+00
1.527499636938612682e+00
1.534362787996549127e+00
1.536573954226966299e+00
1.533121056088596390e+00
1.523652639819245813e+00
1.508377938433326015e+00
1.487923358123211415e+00
1.463181151634989297e+00
1.435173483802359318e+00
1.404943583625672510e+00
1.373477140596386592e+00
1.341651808285122538e+00
1.310210048856093712e+00
1.279749759869247772e+00
1.250727413418423639e+00
1.223469245409510853e+00
1.198186998914537060e+00
1.174995649225654804e+00
1.153931327415017583e+00
1.134968287111319363e+00
1.118034233366738794e+00
1.103023675244330759e+00
1.089809201256079829e+00
1.078250733582519105e+00
1.068202913929593212e+00
1.059520827601743154e+00
1.052064295781527603e+00
1.045700968843498391e+00
1.040308443026643381e+00
1.035775604236056635e+00
1.032003379942029175e+00
1.028905055756915043e+00
1.026406289093066970e+00
1.024444929476306720e+00
1.022970734247939495e+00
1.021945049802255978e+00
1.021340512169955694e+00
1.021140806469722495e+00
1.021340512170307857e+00
1.021945049802979621e+00
1.022970734249080360e+00
1.024444929477936972e+00
1.026406289095285640e+00
1.028905055759858245e+00
1.032003379945882315e+00
1.035775604241053527e+00
1.040308443033098884e+00
1.045700968851805746e+00
1.052064295792206172e+00
1.059520827615457961e+00
1.068202913947187582e+00
1.078250733605075951e+00
1.089809201284975160e+00
1.103023675281324278e+00
1.118034233414064271e+00
1.134968287171822299e+00
1.153931327492298653e+00
1.174995649324292346e+00
1.198186999040323109e+00
1.223469245569787978e+00
1.250727413622501949e+00
1.279749760128915836e+00
1.310210049186299575e+00
1.341651808704810156e+00
1.373477141129618495e+00
1.404943584303032456e+00
1.435173484662775722e+00
1.463181152728092682e+00
1.487923359512391963e+00
1.508377940199669753e+00
1.523652642066599894e+00
1.533121058950032589e+00
1.536573957872892748e+00
1.534362792644739848e+00
1.527499642866152030e+00
1.517668542929356823e+00
1.507103903395497380e+00
1.498309965234891905e+00
1.493635337486487913e+00
1.494774480860407095e+00
1.502326553589649283e+00
1.515572699615409746e+00
1.532604982200596488e+00
1.550838222811675049e+00
1.567777629570984876e+00
1.581759455762159261e+00
1.592317102440219401e+00
1.599927635689470717e+00
1.605169498294247044e+00
1.607665842911001119e+00
1.605410230405631244e+00
1.594995842979038514e+00
1.572813875763998226e+00
1.536478702362297888e+00
1.484830865609543471e+00
1.414803296800395183e+00
1.316129882737953283e+00
1.171565174990995217e+00
9.767220626522553628e-01
7.856237798450823595e-01
7.455321662976394093e-01
1.000000000000000000e+00
