1.000000000000000000e+00
1.078637449183946773e+00
1.158274275979827239e+00
1.238303026511925697e+00
1.316774892838601385e+00
1.390825910837030444e+00
1.457219812897632139e+00
1.512920413755060034e+00
1.555583191510015340e+00
1.583873456468275931e+00
1.597569546436958365e+00
1.597468916126510763e+00
1.585158117548860712e+00
1.562722756046174055e+00
1.532463691543690665e+00
1.496662593391670404e+00
1.457415289558744886e+00
1.416532505781018969e+00
1.375496773833534636e+00
1.335460344820804446e+00
1.297269456400546028e+00
1.261502987222633765e+00
1.228516798091486395e+00
1.198488038680282530e+00
1.171456047122420685e+00
1.147358147952519225e+00
1.126059761087689681e+00
1.107378909968979475e+00
1.091105590848521212e+00
1.077016641136892661e+00
1.064886797849467825e+00
1.054496618680813125e+00
1.045637881356350274e+00
1.038117002471200756e+00
1.031756937578524269e+00
1.026397947086257645e+00
1.021897541488206773e+00
1.018129856463699801e+00
1.014984654047901058e+00
1.012366100269094016e+00
1.010191431804627449e+00
1.008389593526638484e+00
1.006899904395537337e+00
1.005670790101133028e+00
1.004658606274985599e+00
1.003826565199703591e+00
1.003143771008446761e+00
1.002584362781324456e+00
1.002126761181359793e+00
1.001753011896480139e+00
1.001448217811859553e+00
1.001200051246274647e+00
1.000998337525437210e+00
1.000834701463392262e+00
1.000702268851466181e+00
1.000595415717244308e+00
1.000509558845633196e+00
1.000440981801905549e+00
1.000386691431530473e+00
1.000344300513443363e+00
1.000311932901576606e+00
1.000288148099606422e+00
1.000271882776543775e+00
1.000262407249111751e+00
1.000259295437328833e+00
1.000262407249111751e+00
1.000271882776543775e+00
1.000288148099606422e+00
1.000311932901576606e+00
1.000344300513443363e+00
1.000386691431530473e+00
1.000440981801905549e+00
1.000509558845633196e+00
1.000595415717244308e+00
1.000702268851466181e+00
1.000834701463392262e+00
1.000998337525437210e+00
1.001200051246274647e+00
1.001448217811859553e+00
1.001753011896480139e+00
1.002126761181359793e+00
1.002584362781324456e+00
1.003143771008446761e+00
1.003826565199703591e+00
1.004658606274985599e+00
1.005670790101133028e+00
1.006899904395537337e+00
1.008389593526638262e+00
1.010191431804627449e+00
1.012366100269094238e+00
1.014984654047901058e+00
1.018129856463699801e+00
1.021897541488206551e+00
1.026397947086257645e+00
1.031756937578524047e+00
1.038117002471200534e+00
1.045637881356349830e+00
1.054496618680813125e+00
1.064886797849467603e+00
1.077016641136892439e+00
1.091105590848521434e+00
1.107378909968979031e+00
1.126059761087690125e+00
1.147358147952519003e+00
1.171456047122420685e+00
1.198488038680282086e+00
1.228516798091486617e+00
1.261502987222634209e+00
1.297269456400546028e+00
1.335460344820804002e+00
1.375496773833535524e+00
1.416532505781018747e+00
1.457415289558744886e+00
1.496662593391669960e+00
1.532463691543689110e+00
1.562722756046175387e+00
1.585158117548860712e+00
1.597468916126509209e+00
1.597569546436957699e+00
1.583873456468276153e+00
1.555583191510014895e+00
1.512920413755058480e+00
1.457219812897631916e+00
1.390825910837031110e+00
1.316774892838602273e+00
1.238303026511924809e+00
1.158274275979826795e+00
1.078637449183946551e+00
1.000000000000000000e+00
