1.000000000000000000e+00
1.021376219247538852e+00
1.054824568356451664e+00
1.104759699319546762e+00
1.170321345697922455e+00
1.247314349259170285e+00
1.329838836341158403e+00
1.411643104037933361e+00
1.487139035526868103e+00
1.552021081448090811e+00
1.603500649571302672e+00
1.640243559163269360e+00
1.662132858032473015e+00
1.669967008173035339e+00
1.665165942014733114e+00
1.649519510773760800e+00
1.624987408853805881e+00
1.593547593769729875e+00
1.557086624843365241e+00
1.517325256449919779e+00
1.475773243103518872e+00
1.433707752096813337e+00
1.392170068099394031e+00
1.351975636623495181e+00
1.313733042218888203e+00
1.277868228894859959e+00
1.244651053216499825e+00
1.214222020131964674e+00
1.186617722012536680e+00
1.161794051233232761e+00
1.139646681392352034e+00
1.120028623607404406e+00
1.102764880996068175e+00
1.087664366460712184e+00
1.074529334401823855e+00
1.063162621119686291e+00
1.053373003416332887e+00
1.044978979508955241e+00
1.037811257789501562e+00
1.031714212425194344e+00
1.026546534137227518e+00
1.022181272506250238e+00
1.018505434793960829e+00
1.015419276854425013e+00
1.012835395047749998e+00
1.010677704586440795e+00
1.008880369578141201e+00
1.007386733105989141e+00
1.006148281800157696e+00
1.005123668206571175e+00
1.004277805513609234e+00
1.003581042506439980e+00
1.003008421643889037e+00
1.002539019581526025e+00
1.002155367018574994e+00
1.001842943182996937e+00
1.001589739385013944e+00
1.001385885695451172e+00
1.001223334806107479e+00
1.001095597397181791e+00
1.000997523789303401e+00
1.000925127232398903e+00
1.000875444835790828e+00
1.000846432841058453e+00
1.000836893661028126e+00
1.000846432841058453e+00
1.000875444835790828e+00
1.000925127232398903e+00
1.000997523789303401e+00
1.001095597397181791e+00
1.001223334806107479e+00
1.001385885695451172e+00
1.001589739385013944e+00
1.001842943182996937e+00
1.002155367018574994e+00
1.002539019581526025e+00
1.003008421643889037e+00
1.003581042506439980e+00
1.004277805513609234e+00
1.005123668206571175e+00
1.006148281800157696e+00
1.007386733105989141e+00
1.008880369578141423e+00
1.010677704586440795e+00
1.012835395047749998e+00
1.015419276854425013e+00
1.018505434793960829e+00
1.022181272506250016e+00
1.026546534137227518e+00
1.031714212425194566e+00
1.037811257789501562e+00
1.044978979508955241e+00
1.053373003416332665e+00
1.063162621119686069e+00
1.074529334401823633e+00
1.087664366460711962e+00
1.102764880996067287e+00
1.120028623607403739e+00
1.139646681392351590e+00
1.161794051233232761e+00
1.186617722012536902e+00
1.214222020131963564e+00
1.244651053216499825e+00
1.277868228894859293e+00
1.313733042218888203e+00
1.351975636623494958e+00
1.392170068099393587e+00
1.433707752096814447e+00
1.475773243103518428e+00
1.517325256449917781e+00
1.557086624843365685e+00
1.593547593769728987e+00
1.624987408853804771e+00
1.649519510773758801e+00
1.665165942014730449e+00
1.669967008173034673e+00
1.662132858032472571e+00
1.640243559163267362e+00
1.603500649571300007e+00
1.552021081448088147e+00
1.487139035526866548e+00
1.411643104037930252e+00
1.329838836341155517e+00
1.247314349259169619e+00
1.170321345697922011e+00
1.104759699319544985e+00
1.054824568356450110e+00
1.021376219247536410e+00
1.000000000000000000e+00
