1.000000000000000000e+00
1.029591441745074887e+00
1.069167697071193635e+00
1.122498117000324092e+00
1.188930534001118922e+00
1.264881746397486406e+00
1.345142247731686336e+00
1.424024314750529152e+00
1.496291410942593769e+00
1.557791437712173765e+00
1.605766355776455434e+00
1.638878447686643813e+00
1.657038491046223250e+00
1.661130197489824711e+00
1.652707892505553833e+00
1.633717223946503649e+00
1.606263975972187064e+00
1.572438713727469128e+00
1.534194824456271311e+00
1.493272534332263923e+00
1.451159684242816272e+00
1.409080057636325600e+00
1.368001012866334909e+00
1.328653558152868230e+00
1.291559494308595957e+00
1.257061642985070282e+00
1.225354373438167110e+00
1.196512601905053597e+00
1.170518170515590262e+00
1.147283046117703265e+00
1.126669150982739120e+00
1.108504884251022560e+00
1.092598547528518038e+00
1.078748976280088590e+00
1.066753720493847313e+00
1.056415128270130843e+00
1.047544675253806679e+00
1.039965858922548447e+00
1.033515945228389299e+00
1.028046819941875745e+00
1.023425161080449231e+00
1.019532113956804320e+00
1.016262617938671342e+00
1.013524504741456278e+00
1.011237462366865181e+00
1.009331936753239400e+00
1.007748024711792034e+00
1.006434396541890708e+00
1.005347274519782230e+00
1.004449483868401050e+00
1.003709585461092457e+00
1.003101094022461615e+00
1.002601781626414557e+00
1.002193063551693353e+00
1.001859461777043769e+00
1.001588140359138013e+00
1.001368506453661267e+00
1.001191870664817296e+00
1.001051160624049752e+00
1.000940682113841351e+00
1.000855922598887560e+00
1.000793392654327096e+00
1.000750501454021668e+00
1.000725463176732610e+00
1.000717231890472236e+00
1.000725463176732610e+00
1.000750501454021668e+00
1.000793392654327096e+00
1.000855922598887560e+00
1.000940682113841351e+00
1.001051160624049752e+00
1.001191870664817296e+00
1.001368506453661267e+00
1.001588140359138013e+00
1.001859461777043769e+00
1.002193063551693353e+00
1.002601781626414557e+00
1.003101094022461615e+00
1.003709585461092457e+00
1.004449483868401050e+00
1.005347274519782230e+00
1.006434396541890708e+00
1.007748024711792034e+00
1.009331936753239400e+00
1.011237462366865181e+00
1.013524504741456278e+00
1.016262617938671342e+00
1.019532113956804098e+00
1.023425161080449231e+00
1.028046819941875745e+00
1.033515945228389299e+00
1.039965858922548447e+00
1.047544675253806457e+00
1.056415128270130621e+00
1.066753720493847091e+00
1.078748976280088367e+00
1.092598547528517372e+00
1.108504884251022116e+00
1.126669150982738676e+00
1.147283046117703265e+00
1.170518170515590928e+00
1.196512601905052486e+00
1.225354373438167332e+00
1.257061642985070504e+00
1.291559494308596179e+00
1.328653558152868008e+00
1.368001012866334909e+00
1.409080057636327155e+00
1.451159684242816494e+00
1.493272534332263035e+00
1.534194824456272421e+00
1.572438713727469572e+00
1.606263975972187064e+00
1.633717223946503649e+00
1.652707892505553167e+00
1.661130197489826488e+00
1.657038491046225248e+00
1.638878447686644257e+00
1.605766355776454990e+00
1.557791437712173765e+00
1.496291410942594879e+00
1.424024314750528486e+00
1.345142247731685892e+00
1.264881746397487738e+00
1.188930534001120476e+00
1.122498117000323425e+00
1.069167697071192968e+00
1.029591441745073110e+00
1.000000000000000000e+00
