1.000000000000000000e+00
7.718544360229137036e-01
7.933897264921364600e-01
9.661024115785142863e-01
1.161145577469284262e+00
1.315144569233070104e+00
1.420064394443184108e+00
1.489549659519412650e+00
1.537115790406843541e+00
1.570177393980147995e+00
1.592048454208845110e+00
1.604780538854191141e+00
1.610220112234826084e+00
1.609784102873546674e+00
1.604176796353780299e+00
1.593657054102778359e+00
1.578702207701536464e+00
1.560583372409778402e+00
1.541483143558617375e+00
1.524103176339860255e+00
1.510976866557894649e+00
1.503799304375623036e+00
1.503021604627114094e+00
1.507808688406266695e+00
1.516314198546169667e+00
1.526137736919503940e+00
1.534811484948865434e+00
1.540198182255826609e+00
1.540740338167301049e+00
1.535554817154734186e+00
1.524402798137796777e+00
1.507579894810870957e+00
1.485769902831693079e+00
1.459895597200881134e+00
1.430987545439440511e+00
1.400080908677600267e+00
1.368142275154528464e+00
1.336023798925918271e+00
1.304439661373214321e+00
1.273959310444321646e+00
1.245012338958557896e+00
1.217900714198678624e+00
1.192815036912096005e+00
1.169852410005516097e+00
1.149034257343637622e+00
1.130323031953583746e+00
1.113637201655661935e+00
1.098864222176493044e+00
1.085871429228629115e+00
1.074514925808005339e+00
1.064646629129835320e+00
1.056119689143418583e+00
1.048792509710663179e+00
1.042531603545906682e+00
1.037213499749837453e+00
1.032725903232214248e+00
1.028968282097015408e+00
1.025852034670483359e+00
1.023300363977828642e+00
1.021247965186019568e+00
1.019640611429916355e+00
1.018434705781830818e+00
1.017596851914548628e+00
1.017103483070261660e+00
1.016940577986926719e+00
1.017103483071288395e+00
1.017596851916657608e+00
1.018434705785135286e+00
1.019640611434595723e+00
1.021247965192327412e+00
1.023300363986101136e+00
1.025852034681166813e+00
1.028968282110681809e+00
1.032725903249602784e+00
1.037213499771870273e+00
1.042531603573765064e+00
1.048792509745838375e+00
1.056119689187785760e+00
1.064646629185759918e+00
1.074514925878459648e+00
1.085871429317364134e+00
1.098864222288228110e+00
1.113637201796344067e+00
1.130323032130696959e+00
1.149034257566629247e+00
1.169852410286299049e+00
1.192815037265725797e+00
1.217900714644200910e+00
1.245012339520101818e+00
1.273959311152506935e+00
1.304439662266949185e+00
1.336023800054772837e+00
1.368142276581740591e+00
1.400080910484000851e+00
1.430987547728511222e+00
1.459895600105283631e+00
1.485769906521618999e+00
1.507579899504696730e+00
1.524402804115486676e+00
1.535554824774501448e+00
1.540740347885907413e+00
1.540198194652594887e+00
1.534811500753187508e+00
1.526137757040729959e+00
1.516314224103973096e+00
1.507808720758357035e+00
1.503021645390126393e+00
1.503799355434185525e+00
1.510976930056457057e+00
1.524103254651684169e+00
1.541483239225733382e+00
1.560583488045796496e+00
1.578702345845702570e+00
1.593657217010156835e+00
1.604176985707245207e+00
1.609784319414684806e+00
1.610220355337007803e+00
1.604780806098639490e+00
1.592048741059494121e+00
1.570177693666154006e+00
1.537116094100307251e+00
1.489549956841602185e+00
1.420064674256789505e+00
1.315144820592711206e+00
1.161145790532221111e+00
9.661025782718041244e-01
7.933898408314321582e-01
7.718544941344173127e-01
1.000000000000000000e+00
