1.000000000000000000e+00
1.057391348807841913e+00
1.119427531083632577e+00
1.187536613871663427e+00
1.260645558141075595e+00
1.335891239123362384e+00
1.409367207570971559e+00
1.476884580275058978e+00
1.534661533668077782e+00
1.579840467567751761e+00
1.610767606173997279e+00
1.627030467385100598e+00
1.629302845426648716e+00
1.619075281216296069e+00
1.598349017806732331e+00
1.569352518564777865e+00
1.534314252199071138e+00
1.495302992043907819e+00
1.454131616725913512e+00
1.412312559483464236e+00
1.371050800440336781e+00
1.331261363225520133e+00
1.293600819729514795e+00
1.258505140683743084e+00
1.226228745885834748e+00
1.196881584046023184e+00
1.170462500534179329e+00
1.146888117985718436e+00
1.126017070522041807e+00
1.107669799121780541e+00
1.091644314550047179e+00
1.077728424587651279e+00
1.065708945212467951e+00
1.055378398254883221e+00
1.046539658624745961e+00
1.039008963770736038e+00
1.032617643651609685e+00
1.027212875529703862e+00
1.022657716957379170e+00
1.018830623901749055e+00
1.015624619780924887e+00
1.012946245503548059e+00
1.010714390314696010e+00
1.008859078037044110e+00
1.007320262703295111e+00
1.006046671077668764e+00
1.004994716610750904e+00
1.004127499419924741e+00
1.003413899427825440e+00
1.002827764360510798e+00
1.002347190496913010e+00
1.001953891520650730e+00
1.001632649259193597e+00
1.001370839260268264e+00
1.001158023855263757e+00
1.000985605438432957e+00
1.000846533028658891e+00
1.000735055685520791e+00
1.000646516955845389e+00
1.000577185181942275e+00
1.000524115174683537e+00
1.000485037421599666e+00
1.000458271649426800e+00
1.000442662185466958e+00
1.000437533162062742e+00
1.000442662185466958e+00
1.000458271649426800e+00
1.000485037421599666e+00
1.000524115174683537e+00
1.000577185181942275e+00
1.000646516955845389e+00
1.000735055685520791e+00
1.000846533028658891e+00
1.000985605438432957e+00
1.001158023855263757e+00
1.001370839260268264e+00
1.001632649259193597e+00
1.001953891520650730e+00
1.002347190496913010e+00
1.002827764360510798e+00
1.003413899427825440e+00
1.004127499419924741e+00
1.004994716610750904e+00
1.006046671077668764e+00
1.007320262703295111e+00
1.008859078037044110e+00
1.010714390314696010e+00
1.012946245503547837e+00
1.015624619780924887e+00
1.018830623901749277e+00
1.022657716957379170e+00
1.027212875529703862e+00
1.032617643651609463e+00
1.039008963770735816e+00
1.046539658624745739e+00
1.055378398254882999e+00
1.065708945212467285e+00
1.077728424587651279e+00
1.091644314550046957e+00
1.107669799121780541e+00
1.126017070522042696e+00
1.146888117985717992e+00
1.170462500534179773e+00
1.196881584046023184e+00
1.226228745885834748e+00
1.258505140683743084e+00
1.293600819729514573e+00
1.331261363225521022e+00
1.371050800440337225e+00
1.412312559483464014e+00
1.454131616725913734e+00
1.495302992043908041e+00
1.534314252199071360e+00
1.569352518564777643e+00
1.598349017806731220e+00
1.619075281216297846e+00
1.629302845426650048e+00
1.627030467385099266e+00
1.610767606173996391e+00
1.579840467567751316e+00
1.534661533668077560e+00
1.476884580275057646e+00
1.409367207570971114e+00
1.335891239123363050e+00
1.260645558141076039e+00
1.187536613871662983e+00
1.119427531083631688e+00
1.057391348807841469e+00
1.000000000000000000e+00
