1.000000000000000000e+00
8.444890105872095987e-01
8.374015345133739574e-01
9.544264373864982387e-01
1.123361945886757196e+00
1.285100795104418880e+00
1.410797366514010109e+00
1.496335011096893819e+00
1.549945300281670768e+00
1.582018213543120666e+00
1.600066006807310925e+00
1.607988576324172803e+00
1.607486692361794534e+00
1.599794356600321432e+00
1.586762865113310106e+00
1.571075364012534781e+00
1.555808584393890914e+00
1.543719973864682959e+00
1.536611120060650704e+00
1.534988021887040199e+00
1.538080012843952016e+00
1.544149209293401714e+00
1.550952723629659635e+00
1.556213518202740786e+00
1.557993994611195809e+00
1.554922034111638984e+00
1.546269123375024535e+00
1.531912076102874165e+00
1.512222073643062492e+00
1.487922303461023610e+00
1.459945340136630465e+00
1.429309402606388613e+00
1.397022237500668451e+00
1.364014006954789693e+00
1.331096202342384460e+00
1.298941614431394553e+00
1.268079969101057136e+00
1.238904299877332527e+00
1.211683983163602596e+00
1.186581304722814423e+00
1.163669294329523929e+00
1.142949290728199063e+00
1.124367266622138484e+00
1.107828366212839422e+00
1.093209409461298520e+00
1.080369323220332634e+00
1.069157592768959386e+00
1.059420907254456035e+00
1.051008214300499066e+00
1.043774414223824332e+00
1.037582921680426873e+00
1.032307308624318631e+00
1.027832221942493129e+00
1.024053745421448669e+00
1.020879351174738270e+00
1.018227561911691836e+00
1.016027423464350266e+00
1.014217867385309724e+00
1.012747026438508335e+00
1.011571551455740181e+00
1.010655966198810152e+00
1.009972087325894607e+00
1.009498529029132508e+00
1.009220306076875850e+00
1.009128544538906214e+00
1.009220306076108242e+00
1.009498529027558655e+00
1.009972087323438128e+00
1.010655966195344702e+00
1.011571551451097228e+00
1.012747026432456732e+00
1.014217867377552817e+00
1.016027423454508360e+00
1.018227561899290423e+00
1.020879351159172055e+00
1.024053745401971582e+00
1.027832221918178801e+00
1.032307308594007544e+00
1.037582921642681510e+00
1.043774414176856125e+00
1.051008214242090899e+00
1.059420907181845006e+00
1.069157592678711133e+00
1.080369323108165469e+00
1.093209409321864944e+00
1.107828366039454115e+00
1.124367266406425481e+00
1.142949290459643219e+00
1.163669293994892495e+00
1.186581304305413642e+00
1.211683982642312696e+00
1.238904299225386030e+00
1.268079968284434589e+00
1.298941613406780160e+00
1.331096201054523309e+00
1.364014005333137103e+00
1.397022235455108952e+00
1.429309400021889331e+00
1.459945336866587340e+00
1.487922299319181407e+00
1.512222068393901386e+00
1.531912069450465097e+00
1.546269114950633572e+00
1.554922023460515224e+00
1.557993981179370602e+00
1.556213501324913873e+00
1.550952702519518889e+00
1.544149183037981432e+00
1.538079980403884939e+00
1.534987982105218585e+00
1.536611071682954410e+00
1.543719915578360968e+00
1.555808514891251493e+00
1.571075282089023029e+00
1.586762769807911866e+00
1.599794247381097545e+00
1.607486569348898886e+00
1.607988440527480245e+00
1.600065860337916090e+00
1.582018059742178684e+00
1.549945143703441941e+00
1.496334857292615617e+00
1.410797221597477780e+00
1.285100665142721033e+00
1.123361836243079503e+00
9.544263522077596207e-01
8.374014765368206215e-01
8.444889813005256318e-01
1.000000000000000000e+00
