1.000000000000000000e+00
1.079385128921405146e+00
1.158653374354666532e+00
1.236624031987826111e+00
1.311200109402800518e+00
1.379701744924251461e+00
1.439319106729704645e+00
1.487586213392928958e+00
1.522770198832392730e+00
1.544098108764561550e+00
1.551794191402911638e+00
1.546952697608240390e+00
1.531305204821717059e+00
1.506950138196186506e+00
1.476100256315854953e+00
1.440882122830172696e+00
1.403199985799608029e+00
1.364660751517142501e+00
1.326548226162801214e+00
1.289832180164478759e+00
1.255198846816889757e+00
1.223092209461975610e+00
1.193758520827129299e+00
1.167289226953993397e+00
1.143659576724926463e+00
1.122761679469096441e+00
1.104431731913394055e+00
1.088471704168208154e+00
1.074666072892821456e+00
1.062794312957062726e+00
1.052639875118653867e+00
1.043996332902975777e+00
1.036671307129784614e+00
1.030488690124508944e+00
1.025289604720871273e+00
1.020932451925097073e+00
1.017292328677631197e+00
1.014260034703170277e+00
1.011740835020740636e+00
1.009653101669859776e+00
1.007926923631977889e+00
1.006502746679572846e+00
1.005330083842016498e+00
1.004366321267937012e+00
1.003575632518728833e+00
1.002928005895723285e+00
1.002398383559476081e+00
1.001965907337540207e+00
1.001613263743098114e+00
1.001326119444571061e+00
1.001092637923898687e+00
1.000903068097632520e+00
1.000749396067740049e+00
1.000625051781892871e+00
1.000524663117652535e+00
1.000443850691243197e+00
1.000379057482306600e+00
1.000327408129809914e+00
1.000286593472926366e+00
1.000254776574421633e+00
1.000230517069656822e+00
1.000212711233063878e+00
1.000200545650164585e+00
1.000193462832735136e+00
1.000191137525522356e+00
1.000193462832735136e+00
1.000200545650164585e+00
1.000212711233063878e+00
1.000230517069656822e+00
1.000254776574421633e+00
1.000286593472926366e+00
1.000327408129809914e+00
1.000379057482306600e+00
1.000443850691243197e+00
1.000524663117652535e+00
1.000625051781892871e+00
1.000749396067740049e+00
1.000903068097632520e+00
1.001092637923898687e+00
1.001326119444571061e+00
1.001613263743098114e+00
1.001965907337540207e+00
1.002398383559476081e+00
1.002928005895723285e+00
1.003575632518728833e+00
1.004366321267937012e+00
1.005330083842016498e+00
1.006502746679572846e+00
1.007926923631977889e+00
1.009653101669859776e+00
1.011740835020740636e+00
1.014260034703170277e+00
1.017292328677630975e+00
1.020932451925097073e+00
1.025289604720871051e+00
1.030488690124508944e+00
1.036671307129784170e+00
1.043996332902975777e+00
1.052639875118653867e+00
1.062794312957062504e+00
1.074666072892821678e+00
1.088471704168207932e+00
1.104431731913394499e+00
1.122761679469096219e+00
1.143659576724926463e+00
1.167289226953993175e+00
1.193758520827129521e+00
1.223092209461976054e+00
1.255198846816889979e+00
1.289832180164478315e+00
1.326548226162802102e+00
1.364660751517142945e+00
1.403199985799607585e+00
1.440882122830172252e+00
1.476100256315853620e+00
1.506950138196187394e+00
1.531305204821717059e+00
1.546952697608238614e+00
1.551794191402911194e+00
1.544098108764561994e+00
1.522770198832391619e+00
1.487586213392927847e+00
1.439319106729704423e+00
1.379701744924252571e+00
1.311200109402801184e+00
1.236624031987825223e+00
1.158653374354666310e+00
1.079385128921405146e+00
1.000000000000000000e+00
