1.000000000000000000e+00
1.025924904103547419e+00
1.051490560636231697e+00
1.076182360609764022e+00
1.099343807600654310e+00
1.120240455310635985e+00
1.138153217573482090e+00
1.152476743584864627e+00
1.162800514517679185e+00
1.168957153396542159e+00
1.171032006706625106e+00
1.169337377172104731e+00
1.164361390862423296e+00
1.156704248597676843e+00
1.147013854427573420e+00
1.135929766209785807e+00
1.124040532853461061e+00
1.111855924355791725e+00
1.099792957913912961e+00
1.088173129674690820e+00
1.077227719248381677e+00
1.067108153233444101e+00
1.057898901749859677e+00
1.049631008004143773e+00
1.042294964917416245e+00
1.035852174960383287e+00
1.030244630369805847e+00
1.025402732668391659e+00
1.021251350291084048e+00
1.017714313956404881e+00
1.014717593554104846e+00
1.012191406801520310e+00
1.010071493603937443e+00
1.008299761731578981e+00
1.006824476442048200e+00
1.005600133682870378e+00
1.004587126179911083e+00
1.003751285363196022e+00
1.003063360120223457e+00
1.002498475675937195e+00
1.002035602061892128e+00
1.001657051107674778e+00
1.001348013090266331e+00
1.001096138568576599e+00
1.000891167029372752e+00
1.000724601369631594e+00
1.000589425605302729e+00
1.000479862261785646e+00
1.000391165460754017e+00
1.000319445614175962e+00
1.000261521752793925e+00
1.000214797767630559e+00
1.000177159169098662e+00
1.000146887326843759e+00
1.000122588516873190e+00
1.000103135452868663e+00
1.000087619305526143e+00
1.000075310511783666e+00
1.000065626943185793e+00
1.000058108239650689e+00
1.000052395323620003e+00
1.000048214292646120e+00
1.000045364049240826e+00
1.000043707168739582e+00
1.000043163632517773e+00
1.000043707168739582e+00
1.000045364049240826e+00
1.000048214292646120e+00
1.000052395323620003e+00
1.000058108239650689e+00
1.000065626943185793e+00
1.000075310511783666e+00
1.000087619305526143e+00
1.000103135452868663e+00
1.000122588516873190e+00
1.000146887326843759e+00
1.000177159169098662e+00
1.000214797767630559e+00
1.000261521752793925e+00
1.000319445614175962e+00
1.000391165460754017e+00
1.000479862261785646e+00
1.000589425605302729e+00
1.000724601369631594e+00
1.000891167029372752e+00
1.001096138568576599e+00
1.001348013090266331e+00
1.001657051107674778e+00
1.002035602061892128e+00
1.002498475675937195e+00
1.003063360120223457e+00
1.003751285363196022e+00
1.004587126179911083e+00
1.005600133682870378e+00
1.006824476442047978e+00
1.008299761731578981e+00
1.010071493603937443e+00
1.012191406801520310e+00
1.014717593554104846e+00
1.017714313956404659e+00
1.021251350291084048e+00
1.025402732668391437e+00
1.030244630369806069e+00
1.035852174960382843e+00
1.042294964917416245e+00
1.049631008004143329e+00
1.057898901749859233e+00
1.067108153233444323e+00
1.077227719248381232e+00
1.088173129674690376e+00
1.099792957913912739e+00
1.111855924355791503e+00
1.124040532853460617e+00
1.135929766209784919e+00
1.147013854427572310e+00
1.156704248597676843e+00
1.164361390862422185e+00
1.169337377172103842e+00
1.171032006706624662e+00
1.168957153396541049e+00
1.162800514517678074e+00
1.152476743584863073e+00
1.138153217573481424e+00
1.120240455310635763e+00
1.099343807600653422e+00
1.076182360609763355e+00
1.051490560636231919e+00
1.025924904103547197e+00
1.000000000000000000e+00
