1.000000000000000000e+00
8.848281642002508995e-01
8.736735282849409368e-01
9.630132377572079294e-01
1.108541557477727313e+00
1.264010407812765857e+00
1.398169912848260532e+00
1.497408202922650977e+00
1.561147610534462382e+00
1.595502660471471490e+00
1.608410381033533509e+00
1.607142919553933291e+00
1.597629276277926502e+00
1.584582882389647507e+00
1.571702211669330440e+00
1.561676527631649769e+00
1.556060755203058754e+00
1.555194802246650632e+00
1.558293910542332572e+00
1.563729078593562027e+00
1.569428039126736119e+00
1.573291501162258132e+00
1.573533088407754299e+00
1.568892228577987380e+00
1.558713074386569586e+00
1.542913875572136551e+00
1.521885365812156721e+00
1.496356626912887178e+00
1.467258552640180236e+00
1.435604063893119342e+00
1.402394283051392687e+00
1.368552582832673670e+00
1.334883981691226129e+00
1.302055235249855336e+00
1.270590432619033150e+00
1.240877280381891268e+00
1.213180054275348363e+00
1.187656107675249650e+00
1.164373676714837158e+00
1.143329439140411186e+00
1.124464849034882974e+00
1.107680692466778805e+00
1.092849612048456098e+00
1.079826555956985956e+00
1.068457241859039453e+00
1.058584807407090489e+00
1.050054861676243734e+00
1.042719167753269005e+00
1.036438184472676660e+00
1.031082681553849856e+00
1.026534621909060307e+00
1.022687481099443296e+00
1.019446149222443143e+00
1.016726536544105386e+00
1.014454981977534809e+00
1.012567543647487911e+00
1.011009233542107033e+00
1.009733243679282522e+00
1.008700199196744807e+00
1.007877464103499321e+00
1.007238517843646042e+00
1.006762415035492353e+00
1.006433336470765605e+00
1.006240236411459987e+00
1.006176589145318268e+00
1.006240236412424105e+00
1.006433336472744244e+00
1.006762415038589653e+00
1.007238517848018988e+00
1.007877464109375065e+00
1.008700199204425774e+00
1.009733243689163062e+00
1.011009233554688524e+00
1.012567543663413394e+00
1.014454981997611416e+00
1.016726536569346973e+00
1.019446149254128464e+00
1.022687481139166632e+00
1.026534621958823612e+00
1.031082681616157126e+00
1.036438184550670050e+00
1.042719167850888473e+00
1.050054861798432215e+00
1.058584807560063679e+00
1.068457242050623535e+00
1.079826556197051923e+00
1.092849612349482191e+00
1.107680692844573045e+00
1.124464849509524855e+00
1.143329439737466036e+00
1.164373677466944867e+00
1.187656108624194351e+00
1.213180055474757824e+00
1.240877281900751639e+00
1.270590434546268854e+00
1.302055237700277868e+00
1.334883984813181046e+00
1.368552586817870953e+00
1.402394288147304824e+00
1.435604070418503797e+00
1.467258561004053830e+00
1.496356637637167752e+00
1.521885379557773588e+00
1.542913893167738415e+00
1.558713096858056701e+00
1.568892257175858118e+00
1.573533124627892299e+00
1.573291546754511883e+00
1.569428096084651392e+00
1.563729149118354922e+00
1.558293996974233320e+00
1.555194906957162226e+00
1.556060880441660244e+00
1.561676675320658569e+00
1.571702383142900894e+00
1.584583078080940899e+00
1.597629495375741282e+00
1.607143159675701760e+00
1.608410637987000014e+00
1.595502928187763958e+00
1.561147881238087454e+00
1.497408467558662082e+00
1.398170161727683602e+00
1.264010631380457994e+00
1.108541747065060479e+00
9.630133861720443500e-01
8.736736301395704452e-01
8.848282159833334992e-01
1.000000000000000000e+00
