1.000000000000000000e+00
8.816772437552549135e-01
8.700917679910871172e-01
9.607224229371317259e-01
1.107617938473319130e+00
1.263597325070456634e+00
1.397379924918191296e+00
1.495848612661795585e+00
1.558975894019898778e+00
1.593183063834499702e+00
1.606403741131423812e+00
1.605692187929317338e+00
1.596696779445232028e+00
1.583914373134946540e+00
1.570956099499511538e+00
1.560556129871637943e+00
1.554406830692838248e+00
1.553020923180688184e+00
1.555769028049464264e+00
1.561125119885578005e+00
1.567054538748743786e+00
1.571436003063833242e+00
1.572418797329912410e+00
1.568656615825331002e+00
1.559405232604647695e+00
1.544505263847796073e+00
1.524287898641510708e+00
1.499442965184467180e+00
1.470881035564518768e+00
1.439610314236491551e+00
1.406638777956204400e+00
1.372904312321877596e+00
1.339230764236506444e+00
1.306305428161144144e+00
1.274672770154015033e+00
1.244739477942049310e+00
1.216786689113196651e+00
1.190986158070344247e+00
1.167417988774478221e+00
1.146088298998305444e+00
1.126945768275981141e+00
1.109896463460107841e+00
1.094816654020642543e+00
1.081563548647183959e+00
1.069984028477576343e+00
1.059921539955657854e+00
1.051221357591689110e+00
1.043734445877837924e+00
1.037320149461710805e+00
1.031847928220451349e+00
1.027198334103564870e+00
1.023263403124186288e+00
1.019946611209392229e+00
1.017162518489631573e+00
1.014836204121613461e+00
1.012902573543377205e+00
1.011305602464589004e+00
1.009997566968700244e+00
1.008938296753468800e+00
1.008094478564302898e+00
1.007439029023894594e+00
1.006950550046095794e+00
1.006612875551791797e+00
1.006414714996803017e+00
1.006349397011731650e+00
1.006414714992856618e+00
1.006612875543699159e+00
1.006950550033449909e+00
1.007439029006053532e+00
1.008094478540371597e+00
1.008938296722248884e+00
1.009997566928635626e+00
1.011305602413688609e+00
1.012902573479130819e+00
1.014836204040864054e+00
1.017162518388432302e+00
1.019946611082826360e+00
1.023263402966126723e+00
1.027198333906398142e+00
1.031847927974716805e+00
1.037320149155661841e+00
1.043734445496889318e+00
1.051221357117726463e+00
1.059921539366183829e+00
1.069984027744634192e+00
1.081563547736008823e+00
1.094816652887969255e+00
1.109896462052032406e+00
1.126945766525265569e+00
1.146088296820950481e+00
1.167417986065377278e+00
1.190986154697751154e+00
1.216786684911665306e+00
1.244739472703411787e+00
1.274672763615868121e+00
1.306305419992161321e+00
1.339230754017712632e+00
1.372904299522952121e+00
1.406638761905582902e+00
1.439610294084113118e+00
1.470881010235925102e+00
1.499442933325302318e+00
1.524287858552058728e+00
1.544505213408329469e+00
1.559405169194368224e+00
1.568656536240551569e+00
1.572418697711123192e+00
1.571435878846160428e+00
1.567054384655480526e+00
1.561124929989171850e+00
1.555768795926989689e+00
1.553020642190586109e+00
1.554406494395245364e+00
1.560555732605870993e+00
1.570955637118455428e+00
1.583913843875509375e+00
1.596696184882846481e+00
1.605691533918615299e+00
1.606403038575315634e+00
1.593182329063719482e+00
1.558975148537848243e+00
1.495847882063644940e+00
1.397379236969666039e+00
1.263596707215859372e+00
1.107617415323022936e+00
9.607220143759652720e-01
8.700914883246563258e-01
8.816771018562725715e-01
1.000000000000000000e+00
