1.000000000000000000e+00
7.379637613613418967e-01
7.843198297824350851e-01
9.802686804487540373e-01
1.174062042958722740e+00
1.315621888533181849e+00
1.412905248401690184e+00
1.483529915685443124e+00
1.536474457678816963e+00
1.573692500692845497e+00
1.595968677574426842e+00
1.605818980068184798e+00
1.607193714194358192e+00
1.603914675911431553e+00
1.598378999729699101e+00
1.591188918610490166e+00
1.581702105170405659e+00
1.569082179522229614e+00
1.553277579037142919e+00
1.535484598454779581e+00
1.517958843851292317e+00
1.503347363005522519e+00
1.493877623781526109e+00
1.490724665403107663e+00
1.493741599796736041e+00
1.501571443335299572e+00
1.512032318291069100e+00
1.522615225147132767e+00
1.530947677795740258e+00
1.535129589203773737e+00
1.533908836053224478e+00
1.526711377830282323e+00
1.513566433529704991e+00
1.494973158869958629e+00
1.471748535490842391e+00
1.444884092033759782e+00
1.415426850910660006e+00
1.384390222965426798e+00
1.352694192338314005e+00
1.321130674817512229e+00
1.290348601325333133e+00
1.260853269636385887e+00
1.233015187681743230e+00
1.207084573951773487e+00
1.183208634452422858e+00
1.161449577360823548e+00
1.141802010863682382e+00
1.124208895107520867e+00
1.108575604600036346e+00
1.094781928463883114e+00
1.082692018145828605e+00
1.072162407757716762e+00
1.063048299271510899e+00
1.055208337446541300e+00
1.048508108388560567e+00
1.042822589058563842e+00
1.038037758768646457e+00
1.034051561991007340e+00
1.030774387680974291e+00
1.028129205837772453e+00
1.026051478532074235e+00
1.024488940900539991e+00
1.023401328014041267e+00
1.022760106130302216e+00
1.022548251484115767e+00
1.022760106130514490e+00
1.023401328014477585e+00
1.024488940901231881e+00
1.026051478533071215e+00
1.028129205839144245e+00
1.030774387682812376e+00
1.034051561993442503e+00
1.038037758771844565e+00
1.042822589062750938e+00
1.048508108394021310e+00
1.055208337453655387e+00
1.063048299280773046e+00
1.072162407769756465e+00
1.082692018161461878e+00
1.094781928484152456e+00
1.108575604626289568e+00
1.124208895141473930e+00
1.141802010907530862e+00
1.161449577417359214e+00
1.183208634525203973e+00
1.207084574045308667e+00
1.233015187801758561e+00
1.260853269790142894e+00
1.290348601522023575e+00
1.321130675068777460e+00
1.352694192658881800e+00
1.384390223373962003e+00
1.415426851430831245e+00
1.444884092695615685e+00
1.471748536332593282e+00
1.494973159940294449e+00
1.513566434890807111e+00
1.526711379561705106e+00
1.533908838256895724e+00
1.535129592010312960e+00
1.530947681372323288e+00
1.522615229706890672e+00
1.512032324103926184e+00
1.501571450739603630e+00
1.493741609210735843e+00
1.490724677334720694e+00
1.493877638834632204e+00
1.503347381881037448e+00
1.517958867341685503e+00
1.535484627431215943e+00
1.553277614428317577e+00
1.569082222282403460e+00
1.581702156230943457e+00
1.591188978805874177e+00
1.598379069688977472e+00
1.603914755913280477e+00
1.607193803999071635e+00
1.605819078757555030e+00
1.595968783440709249e+00
1.573692611213258097e+00
1.536474569595663864e+00
1.483530025193527058e+00
1.412905351429607048e+00
1.315621981082998770e+00
1.174062121434637396e+00
9.802687418907809480e-01
7.843198719687426435e-01
7.379637828209023587e-01
1.000000000000000000e+00
