1.000000000000000000e+00
1.079583507600212711e+00
1.159903527910391308e+00
1.240206416411477441e+00
1.318486636539546453e+00
1.391894566221956397e+00
1.457263637018817226e+00
1.511665501122251509e+00
1.552882378650901840e+00
1.579706237922951617e+00
1.592026338940811359e+00
1.590725221758996666e+00
1.577444684976866407e+00
1.554296884638165954e+00
1.523585061607056756e+00
1.487575170453635742e+00
1.448335413138079675e+00
1.407642390743708338e+00
1.366942264311173050e+00
1.327351714410956118e+00
1.289684190131803243e+00
1.254489696089297723e+00
1.222099636929376398e+00
1.192671189589818326e+00
1.166227982932192431e+00
1.142695504529258388e+00
1.121930729602754084e+00
1.103746117476979594e+00
1.087928475955723950e+00
1.074253356136501747e+00
1.062495683276952319e+00
1.052437303619598419e+00
1.043872065100491353e+00
1.036608971901444187e+00
1.030473871026768240e+00
1.025310050462986400e+00
1.020978056719753724e+00
1.017354976344727824e+00
1.014333371826354080e+00
1.011820016892801544e+00
1.009734538920445734e+00
1.008008046108495481e+00
1.006581793304347716e+00
1.005405921924711565e+00
1.004438295411237414e+00
1.003643441268120329e+00
1.002991603233528872e+00
1.002457901917005012e+00
1.002021598771612787e+00
1.001665456134172016e+00
1.001375184913114280e+00
1.001138971056610982e+00
1.000947071979719549e+00
1.000791474504211243e+00
1.000665606446089706e+00
1.000564094683223271e+00
1.000482563285310933e+00
1.000417466045969039e+00
1.000365948493610047e+00
1.000325735156201823e+00
1.000295038505942147e+00
1.000272486610348066e+00
1.000257067067671368e+00
1.000248085310703416e+00
1.000245135830832188e+00
1.000248085310703416e+00
1.000257067067671368e+00
1.000272486610348066e+00
1.000295038505942147e+00
1.000325735156201823e+00
1.000365948493610047e+00
1.000417466045969039e+00
1.000482563285310933e+00
1.000564094683223271e+00
1.000665606446089706e+00
1.000791474504211243e+00
1.000947071979719549e+00
1.001138971056610982e+00
1.001375184913114280e+00
1.001665456134172016e+00
1.002021598771612787e+00
1.002457901917005012e+00
1.002991603233528872e+00
1.003643441268120329e+00
1.004438295411237414e+00
1.005405921924711565e+00
1.006581793304347716e+00
1.008008046108495259e+00
1.009734538920445734e+00
1.011820016892801544e+00
1.014333371826354080e+00
1.017354976344727824e+00
1.020978056719753502e+00
1.025310050462986400e+00
1.030473871026768018e+00
1.036608971901443965e+00
1.043872065100490909e+00
1.052437303619598419e+00
1.062495683276952096e+00
1.074253356136501525e+00
1.087928475955724172e+00
1.103746117476979371e+00
1.121930729602754528e+00
1.142695504529258166e+00
1.166227982932192431e+00
1.192671189589817882e+00
1.222099636929376842e+00
1.254489696089297723e+00
1.289684190131803465e+00
1.327351714410955674e+00
1.366942264311173716e+00
1.407642390743708560e+00
1.448335413138079453e+00
1.487575170453635076e+00
1.523585061607055202e+00
1.554296884638167286e+00
1.577444684976866407e+00
1.590725221758995112e+00
1.592026338940810692e+00
1.579706237922951839e+00
1.552882378650901174e+00
1.511665501122249955e+00
1.457263637018817004e+00
1.391894566221957286e+00
1.318486636539547119e+00
1.240206416411476331e+00
1.159903527910390864e+00
1.079583507600212489e+00
1.000000000000000000e+00
