1.000000000000000000e+00
1.030350624211871180e+00
1.070510761177102532e+00
1.124188472218735191e+00
1.190739325338043830e+00
1.266622905053025772e+00
1.346682970557234071e+00
1.425279710404007805e+00
1.497211727768512191e+00
1.558348968912974808e+00
1.605946428952335303e+00
1.638675681912431514e+00
1.656456992225605385e+00
1.660185301572276728e+00
1.651427353895369654e+00
1.632140738023915238e+00
1.604440941215271144e+00
1.570424789300621127e+00
1.532048054864988629e+00
1.491049717449471679e+00
1.448913422426422626e+00
1.406856683894208926e+00
1.365839392775661798e+00
1.326584651362224587e+00
1.289606507056760609e+00
1.255240595501353029e+00
1.223674924263378649e+00
1.194979000719266216e+00
1.169130242835700884e+00
1.146037142286114419e+00
1.125559016089132447e+00
1.107522424559627128e+00
1.091734483021628677e+00
1.077993378821703985e+00
1.066096443685690343e+00
1.055846139078509216e+00
1.047054299583750181e+00
1.039544954041261793e+00
1.033156011719524425e+00
1.027740065036709671e+00
1.023164524013449928e+00
1.019311262617641267e+00
1.016075924673852882e+00
1.013367007787628893e+00
1.011104818132471328e+00
1.009220367038574429e+00
1.007654261983726318e+00
1.006355629559646969e+00
1.005281095934336566e+00
1.004393840877094712e+00
1.003662734174853632e+00
1.003061557878673904e+00
1.002568313939294908e+00
1.002164614118595143e+00
1.001835147339535492e+00
1.001567218640010859e+00
1.001350353445011221e+00
1.001175960819624899e+00
1.001037049597398809e+00
1.000927991704635422e+00
1.000844327554388791e+00
1.000782609014760682e+00
1.000740276130402728e+00
1.000715564470132879e+00
1.000707440673833437e+00
1.000715564470132879e+00
1.000740276130402728e+00
1.000782609014760682e+00
1.000844327554388791e+00
1.000927991704635422e+00
1.001037049597398809e+00
1.001175960819624899e+00
1.001350353445011221e+00
1.001567218640010859e+00
1.001835147339535492e+00
1.002164614118595143e+00
1.002568313939294908e+00
1.003061557878673904e+00
1.003662734174853632e+00
1.004393840877094712e+00
1.005281095934336566e+00
1.006355629559646969e+00
1.007654261983726318e+00
1.009220367038574429e+00
1.011104818132471328e+00
1.013367007787628893e+00
1.016075924673852882e+00
1.019311262617641045e+00
1.023164524013449928e+00
1.027740065036709671e+00
1.033156011719524425e+00
1.039544954041261793e+00
1.047054299583749959e+00
1.055846139078508994e+00
1.066096443685690121e+00
1.077993378821703763e+00
1.091734483021628010e+00
1.107522424559626684e+00
1.125559016089132003e+00
1.146037142286114419e+00
1.169130242835701550e+00
1.194979000719265105e+00
1.223674924263379094e+00
1.255240595501353473e+00
1.289606507056760831e+00
1.326584651362224365e+00
1.365839392775661798e+00
1.406856683894210480e+00
1.448913422426423070e+00
1.491049717449471013e+00
1.532048054864989961e+00
1.570424789300621793e+00
1.604440941215271366e+00
1.632140738023915461e+00
1.651427353895369210e+00
1.660185301572278949e+00
1.656456992225607827e+00
1.638675681912432180e+00
1.605946428952335303e+00
1.558348968912975252e+00
1.497211727768513745e+00
1.425279710404007361e+00
1.346682970557234071e+00
1.266622905053027326e+00
1.190739325338045607e+00
1.124188472218734747e+00
1.070510761177101866e+00
1.030350624211869626e+00
1.000000000000000000e+00
