1.000000000000000000e+00
7.912114804697304438e-01
8.018046777973514283e-01
9.595160402436790914e-01
1.150696379565274263e+00
1.309325821811960555e+00
1.419423407251253044e+00
1.490482858971573954e+00
1.536744890920063833e+00
1.568216733464794732e+00
1.589900144607528931e+00
1.603767440561600477e+00
1.610455887607887160e+00
1.610147948825839670e+00
1.603087802738750955e+00
1.590043566630260807e+00
1.572640640870498707e+00
1.553361606087668045e+00
1.535147919934776617e+00
1.520748749371209074e+00
1.512075397950413569e+00
1.509791166318811273e+00
1.513244920847259367e+00
1.520720019927754851e+00
1.529877474667860282e+00
1.538244869667456438e+00
1.543629667755207935e+00
1.544389801292805231e+00
1.539549012039372222e+00
1.528782691662811111e+00
1.512317530026354051e+00
1.490788988805347381e+00
1.465091583263073094e+00
1.436244678733889835e+00
1.405285224305045100e+00
1.373190463037718301e+00
1.340828454934106739e+00
1.308931667587116543e+00
1.278088117995235029e+00
1.248744842935110011e+00
1.221219280136705887e+00
1.195715102134296437e+00
1.172339960825178329e+00
1.151123382751412239e+00
1.132033676777863596e+00
1.114993184906551305e+00
1.099891545746952026e+00
1.086596874663869228e+00
1.074964919227552329e+00
1.064846343941441287e+00
1.056092350839876293e+00
1.048558865195270196e+00
1.042109517894549864e+00
1.036617645203053995e+00
1.031967507879273382e+00
1.028054908714524984e+00
1.024787363207221969e+00
1.022083954049184396e+00
1.019874977563860474e+00
1.018101469870967613e+00
1.016714682679023429e+00
1.015675563285679983e+00
1.014954280472938120e+00
1.014529827271701601e+00
1.014389722709964081e+00
1.014529827271670515e+00
1.014954280472876391e+00
1.015675563285588501e+00
1.016714682678899973e+00
1.018101469870816178e+00
1.019874977563683061e+00
1.022083954048987220e+00
1.024787363207012580e+00
1.028054908714324478e+00
1.031967507879097523e+00
1.036617645202938531e+00
1.042109517894546755e+00
1.048558865195442280e+00
1.056092350840311722e+00
1.064846343942248641e+00
1.074964919228875715e+00
1.086596874665880952e+00
1.099891545749861255e+00
1.114993184910585189e+00
1.132033676783273712e+00
1.151123382758435731e+00
1.172339960834006600e+00
1.195715102145006981e+00
1.221219280149155484e+00
1.248744842948778855e+00
1.278088118008985141e+00
1.308931667598877135e+00
1.340828454940407699e+00
1.373190463033060471e+00
1.405285224281084044e+00
1.436244678678397113e+00
1.465091583158647515e+00
1.490788988627951506e+00
1.512317529743720135e+00
1.528782691232938973e+00
1.539549011409393930e+00
1.544389800398536350e+00
1.543629666521802779e+00
1.538244868011306776e+00
1.529877472499537649e+00
1.520720017155077652e+00
1.513244917376826093e+00
1.509791162053925273e+00
1.512075392783888361e+00
1.520748743173553574e+00
1.535147912541585447e+00
1.553361597293404062e+00
1.572640630436954678e+00
1.590043554314693575e+00
1.603087788339012665e+00
1.610147932231403178e+00
1.610455868842297855e+00
1.603767419807326622e+00
1.589900122214618516e+00
1.568216709950670751e+00
1.536744866963908773e+00
1.490482835398145633e+00
1.419423384993987680e+00
1.309325801842425196e+00
1.150696362778797388e+00
9.595160273205799450e-01
8.018046691135448656e-01
7.912114761341477731e-01
1.000000000000000000e+00
