1.000000000000000000e+00
7.417678484782926907e-01
7.849276645150334852e-01
9.784722912253359661e-01
1.172846152031095102e+00
1.315919683783228322e+00
1.413871241175983506e+00
1.484176833189232880e+00
1.536476633331668618e+00
1.573265385147046391e+00
1.595495115206971404e+00
1.605614116119430612e+00
1.607415679544697440e+00
1.604529192242059699e+00
1.599160027113823768e+00
1.591787654079659386e+00
1.581785313313167851e+00
1.568483721728415992e+00
1.552088060013058213e+00
1.534036363595684849e+00
1.516717514492204488e+00
1.502760836305503167e+00
1.494242130981955574e+00
1.492109588542953835e+00
1.495985531976010030e+00
1.504336238689901295e+00
1.514887950923480275e+00
1.525127177455920524e+00
1.532746321423947178e+00
1.535951975995772711e+00
1.533612921472778501e+00
1.525268681670973292e+00
1.511041337381858751e+00
1.491496496178719156e+00
1.467491197893141530e+00
1.440034138882687387e+00
1.410171700113256321e+00
1.378904158671873992e+00
1.347130637506075423e+00
1.315618319902000399e+00
1.284990407172889260e+00
1.255727448170406380e+00
1.228177419529887571e+00
1.202570893077606895e+00
1.179038567070123333e+00
1.157629253658692292e+00
1.138327070801271823e+00
1.121067086127169876e+00
1.105749023782765406e+00
1.092248899061006195e+00
1.080428614698041967e+00
1.070143658638084583e+00
1.061249103199809252e+00
1.053604133423678535e+00
1.047075338172355208e+00
1.041538988916278941e+00
1.036882513651290250e+00
1.033005351092628032e+00
1.029819346003923330e+00
1.027248822175891751e+00
1.025230446399949980e+00
1.023712975495644439e+00
1.022656959364485418e+00
1.022034456183238849e+00
1.021828801035720158e+00
1.022034456183520179e+00
1.022656959365061624e+00
1.023712975496555488e+00
1.025230446401256268e+00
1.027248822177676768e+00
1.029819346006301206e+00
1.033005351095755753e+00
1.036882513655365656e+00
1.041538988921574038e+00
1.047075338179206394e+00
1.053604133432532119e+00
1.061249103211245215e+00
1.070143658652836560e+00
1.080428614717055646e+00
1.092248899085487279e+00
1.105749023814263987e+00
1.121067086167653271e+00
1.138327070853254019e+00
1.157629253725360963e+00
1.179038567155535011e+00
1.202570893186897694e+00
1.228177419669573833e+00
1.255727448348753272e+00
1.284990407400358414e+00
1.315618320191851653e+00
1.347130637875100012e+00
1.378904159141379093e+00
1.410171700710297182e+00
1.440034139641659383e+00
1.467491198857847179e+00
1.491496497405045973e+00
1.511041338941242929e+00
1.525268683654861235e+00
1.533612923998340039e+00
1.535951979213096230e+00
1.532746325524961817e+00
1.525127182685036331e+00
1.514887957589837297e+00
1.504336247180557029e+00
1.495985542769023402e+00
1.492109602218664177e+00
1.494242148230498612e+00
1.502760857928514771e+00
1.516717541397049507e+00
1.534036396781011558e+00
1.552088100544340321e+00
1.568483770700584312e+00
1.581785371794154571e+00
1.591787723025219758e+00
1.599160107243938755e+00
1.604529283876736212e+00
1.607415782413245120e+00
1.605614229176983043e+00
1.595495236504632874e+00
1.573265511798665139e+00
1.536476761602951546e+00
1.484176958713089967e+00
1.413871359277859785e+00
1.315919789872993517e+00
1.172846241981059023e+00
9.784723616403243618e-01
7.849277128527386571e-01
7.417678730627192962e-01
1.000000000000000000e+00
