1.000000000000000000e+00
1.010063160970076979e+00
1.019981779831377056e+00
1.029557573887378341e+00
1.038542896863371867e+00
1.046663165266654483e+00
1.053649706212612003e+00
1.059274561295184380e+00
1.063379595250373066e+00
1.065894558366853540e+00
1.066841871107321538e+00
1.066328953112067435e+00
1.064531170427065243e+00
1.061669563127311200e+00
1.057987482984773742e+00
1.053729440207451074e+00
1.049124252262307877e+00
1.044373377960422511e+00
1.039644346909213368e+00
1.035068557301134229e+00
1.030742404594774841e+00
1.026730649648547100e+00
1.023071047409806811e+00
1.019779454076556569e+00
1.016854849868638500e+00
1.014283917064159546e+00
1.012044979020094049e+00
1.010111229586681869e+00
1.008453266168315876e+00
1.007040990385114965e+00
1.005844965839612692e+00
1.004837330466439083e+00
1.003992357679104774e+00
1.003286750886041689e+00
1.002699743383278719e+00
1.002213062423389145e+00
1.001810803784388915e+00
1.001479252142991605e+00
1.001206673281586745e+00
1.000983096641953951e+00
1.000800100840629758e+00
1.000650610266436757e+00
1.000528707552536867e+00
1.000429464324024353e+00
1.000348790961778755e+00
1.000283305018789370e+00
1.000230217232970675e+00
1.000187233686025134e+00
1.000152472472811471e+00
1.000124393202520778e+00
1.000101737702098870e+00
1.000083480397584657e+00
1.000068786984978253e+00
1.000056980151180053e+00
1.000047511256055177e+00
1.000039937031233173e+00
1.000033900485807203e+00
1.000029115331307228e+00
1.000025353347696155e+00
1.000022434208776012e+00
1.000020217370274578e+00
1.000018595698082047e+00
1.000017490579156121e+00
1.000016848314811524e+00
1.000016637647069384e+00
1.000016848314811524e+00
1.000017490579156121e+00
1.000018595698082047e+00
1.000020217370274578e+00
1.000022434208776012e+00
1.000025353347696155e+00
1.000029115331307228e+00
1.000033900485807203e+00
1.000039937031233173e+00
1.000047511256055177e+00
1.000056980151180053e+00
1.000068786984978253e+00
1.000083480397584657e+00
1.000101737702098870e+00
1.000124393202520778e+00
1.000152472472811471e+00
1.000187233686025134e+00
1.000230217232970675e+00
1.000283305018789370e+00
1.000348790961778755e+00
1.000429464324024353e+00
1.000528707552536867e+00
1.000650610266436757e+00
1.000800100840629758e+00
1.000983096641953951e+00
1.001206673281586745e+00
1.001479252142991605e+00
1.001810803784388915e+00
1.002213062423389145e+00
1.002699743383278497e+00
1.003286750886041689e+00
1.003992357679104774e+00
1.004837330466439083e+00
1.005844965839612692e+00
1.007040990385114743e+00
1.008453266168315876e+00
1.010111229586681647e+00
1.012044979020094049e+00
1.014283917064159102e+00
1.016854849868638500e+00
1.019779454076556124e+00
1.023071047409806367e+00
1.026730649648546878e+00
1.030742404594774397e+00
1.035068557301133563e+00
1.039644346909212924e+00
1.044373377960421845e+00
1.049124252262307211e+00
1.053729440207449963e+00
1.057987482984772409e+00
1.061669563127310090e+00
1.064531170427063689e+00
1.066328953112066324e+00
1.066841871107320650e+00
1.065894558366852207e+00
1.063379595250371734e+00
1.059274561295182160e+00
1.053649706212610671e+00
1.046663165266653817e+00
1.038542896863370979e+00
1.029557573887377675e+00
1.019981779831376834e+00
1.010063160970076535e+00
1.000000000000000000e+00
