1.000000000000000000e+00
1.030000805134621222e+00
1.059591461403830204e+00
1.088176189197108901e+00
1.114989989680776228e+00
1.139174645824336585e+00
1.159889481576813708e+00
1.176427976040844037e+00
1.188313547513565771e+00
1.195356024583218879e+00
1.197661887753307619e+00
1.195602614218029158e+00
1.189753340262366121e+00
1.180817221755288804e+00
1.169549764824525662e+00
1.156693581515158220e+00
1.142929302884990506e+00
1.128844144941790528e+00
1.114916598612355259e+00
1.101514042854036868e+00
1.088899534222858678e+00
1.077244239932364067e+00
1.066642600186020751e+00
1.057128060048921236e+00
1.048687931902486437e+00
1.041276551063144096e+00
1.034826342053353887e+00
1.029256728008874244e+00
1.024481013697407183e+00
1.020411481270925957e+00
1.016962983299274814e+00
1.014055321616520011e+00
1.011614679762594005e+00
1.009574343308286881e+00
1.007874904181047748e+00
1.006464107318761458e+00
1.005296463441534671e+00
1.004332721823043784e+00
1.003539272069538191e+00
1.002887523899300692e+00
1.002353298267224746e+00
1.001916251270408731e+00
1.001559343448166883e+00
1.001268360739455243e+00
1.001031488939277292e+00
1.000838940543648858e+00
1.000682631014041313e+00
1.000555900427099854e+00
1.000453275970866196e+00
1.000370270627141345e+00
1.000303213508934697e+00
1.000249107605364340e+00
1.000205511055647367e+00
1.000170438480851187e+00
1.000142279315358262e+00
1.000119730478949975e+00
1.000101741103151420e+00
1.000087467365639915e+00
1.000076235791989898e+00
1.000067513655096052e+00
1.000060885341504724e+00
1.000056033763633501e+00
1.000052726081192667e+00
1.000050803157991774e+00
1.000050172325688269e+00
1.000050803157991774e+00
1.000052726081192667e+00
1.000056033763633501e+00
1.000060885341504724e+00
1.000067513655096052e+00
1.000076235791989898e+00
1.000087467365639915e+00
1.000101741103151420e+00
1.000119730478949975e+00
1.000142279315358262e+00
1.000170438480851187e+00
1.000205511055647367e+00
1.000249107605364340e+00
1.000303213508934697e+00
1.000370270627141345e+00
1.000453275970866196e+00
1.000555900427099854e+00
1.000682631014041313e+00
1.000838940543648858e+00
1.001031488939277292e+00
1.001268360739455243e+00
1.001559343448166883e+00
1.001916251270408731e+00
1.002353298267224746e+00
1.002887523899300692e+00
1.003539272069538191e+00
1.004332721823043784e+00
1.005296463441534671e+00
1.006464107318761458e+00
1.007874904181047526e+00
1.009574343308286881e+00
1.011614679762594005e+00
1.014055321616520011e+00
1.016962983299274814e+00
1.020411481270925735e+00
1.024481013697407183e+00
1.029256728008874022e+00
1.034826342053354109e+00
1.041276551063143652e+00
1.048687931902486437e+00
1.057128060048920792e+00
1.066642600186020307e+00
1.077244239932364511e+00
1.088899534222858234e+00
1.101514042854036424e+00
1.114916598612355036e+00
1.128844144941790528e+00
1.142929302884990062e+00
1.156693581515157332e+00
1.169549764824524551e+00
1.180817221755288804e+00
1.189753340262365011e+00
1.195602614218028048e+00
1.197661887753307397e+00
1.195356024583217769e+00
1.188313547513564661e+00
1.176427976040842482e+00
1.159889481576813264e+00
1.139174645824336363e+00
1.114989989680775118e+00
1.088176189197108235e+00
1.059591461403830426e+00
1.030000805134621000e+00
1.000000000000000000e+00
