1.000000000000000000e+00
8.269397270544381895e-01
8.242987893607247596e-01
9.547883440937640076e-01
1.132662927747582149e+00
1.294748176650407867e+00
1.415164003901450362e+00
1.494512546546615361e+00
1.544177574335038550e+00
1.575485569315369538e+00
1.595435575788618277e+00
1.606847660725572613e+00
1.610256633256105685e+00
1.605820054006057651e+00
1.594515360714576557e+00
1.578504533242373276e+00
1.560827986452397287e+00
1.544712864046406731e+00
1.532811098084868817e+00
1.526629970611240283e+00
1.526302096059058977e+00
1.530706664522371030e+00
1.537847089312248006e+00
1.545340211255541885e+00
1.550879675955560533e+00
1.552581105967312691e+00
1.549172738850310704e+00
1.540041500046074985e+00
1.525171414553220695e+00
1.505019234580005305e+00
1.480367071582640248e+00
1.452180611686390010e+00
1.421489494612696580e+00
1.389296606080148155e+00
1.356516351374242646e+00
1.323938221961130868e+00
1.292210408434430802e+00
1.261838057879064889e+00
1.233191373261848911e+00
1.206519659061690897e+00
1.181968362619360668e+00
1.159597007469679086e+00
1.139396609937535665e+00
1.121305707494322901e+00
1.105224523503890444e+00
1.091027072942034604e+00
1.078571202844545773e+00
1.067706682058852774e+00
1.058281525736675555e+00
1.050146775338820060e+00
1.043159965739827610e+00
1.037187505565813961e+00
1.032106181259498934e+00
1.027803973963894668e+00
1.024180354304680574e+00
1.021146195717478777e+00
1.018623423564747554e+00
1.016544495820068006e+00
1.014851792058043767e+00
1.013496971069115071e+00
1.012440343603854931e+00
1.011650295379558973e+00
1.011102786301455891e+00
1.010780944554090066e+00
1.010674768471831575e+00
1.010780944553669958e+00
1.011102786300595247e+00
1.011650295378220044e+00
1.012440343601964887e+00
1.013496971066586871e+00
1.014851792054754620e+00
1.016544495815860483e+00
1.018623423559419150e+00
1.021146195710783244e+00
1.024180354296296169e+00
1.027803973953430594e+00
1.032106181246474907e+00
1.037187505549622024e+00
1.043159965719718363e+00
1.050146775313858916e+00
1.058281525705700332e+00
1.067706682020407971e+00
1.078571202796813067e+00
1.091027072882725157e+00
1.105224523430115680e+00
1.121305707402425966e+00
1.139396609822867834e+00
1.159597007326304441e+00
1.181968362439673514e+00
1.206519658835901732e+00
1.233191372977308076e+00
1.261838057519389045e+00
1.292210407978337861e+00
1.323938221380923652e+00
1.356516350633849122e+00
1.389296605132609441e+00
1.421489493396973947e+00
1.452180610123408711e+00
1.480367069570450944e+00
1.505019231988081740e+00
1.525171411215956230e+00
1.540041495755676504e+00
1.549172733349510445e+00
1.552581098942413806e+00
1.550879667030406805e+00
1.545340199986900753e+00
1.537847075186764778e+00
1.530706646954924643e+00
1.526302074392234642e+00
1.526629944116407511e+00
1.532811065967287112e+00
1.544712825459998662e+00
1.560827940533041858e+00
1.578504479170058650e+00
1.594515297812236776e+00
1.605819981875630909e+00
1.610256551941176673e+00
1.606847570878191078e+00
1.595435478808749474e+00
1.575485467427300224e+00
1.544177470566957755e+00
1.494512444587248856e+00
1.415163907822676537e+00
1.294748090511792959e+00
1.132662855147150704e+00
9.547882877912341471e-01
8.242987511211830043e-01
8.269397077730809009e-01
1.000000000000000000e+00
