1.000000000000000000e+00
7.529375490597484122e-01
7.865737927515743522e-01
9.720370470804546859e-01
1.167179992314003600e+00
1.314503180999208265e+00
1.414640009006092880e+00
1.484104086162289171e+00
1.534353318837285096e+00
1.569720765121538131e+00
1.591895651727717853e+00
1.603130645755387773e+00
1.606558013692129583e+00
1.605027479491341946e+00
1.600109140287757192e+00
1.592023263748729489e+00
1.580381619751037858e+00
1.565170519968084983e+00
1.547403487249288112e+00
1.529159345130373771e+00
1.513070383615872094e+00
1.501554276103069352e+00
1.496126574342889093e+00
1.497026567190214541e+00
1.503225509514938496e+00
1.512743908121092939e+00
1.523128612289582851e+00
1.531935564542940220e+00
1.537107568005167124e+00
1.537196978490687371e+00
1.531435754789621795e+00
1.519687538759747270e+00
1.502327767351002041e+00
1.480094215059244434e+00
1.453939332979469867e+00
1.424903242416969196e+00
1.394015683897873670e+00
1.362227866621223749e+00
1.330370899630742620e+00
1.299135599355519810e+00
1.269068133139283905e+00
1.240576481911493723e+00
1.213943599383321637e+00
1.189344111602959941e+00
1.166862282532343142e+00
1.146509703773329614e+00
1.128241737861905403e+00
1.111972169111692832e+00
1.097585818391395573e+00
1.084949084442649259e+00
1.073918507738213846e+00
1.064347532783989747e+00
1.056091686447327760e+00
1.049012405041322316e+00
1.042979740289044832e+00
1.037874160419734570e+00
1.033587642230436199e+00
1.030024226348871252e+00
1.027100183492147378e+00
1.024743915781474390e+00
1.022895695100716873e+00
1.021507320583814993e+00
1.020541759758844869e+00
1.019972822598536499e+00
1.019784904491503053e+00
1.019972822598345541e+00
1.020541759758454070e+00
1.021507320583211476e+00
1.022895695099881763e+00
1.024743915780377046e+00
1.027100183490751162e+00
1.030024226347134420e+00
1.033587642228303238e+00
1.037874160417151082e+00
1.042979740285936430e+00
1.049012405037616391e+00
1.056091686442946154e+00
1.064347532778837424e+00
1.073918507732193994e+00
1.084949084435648636e+00
1.097585818383295164e+00
1.111972169102350083e+00
1.128241737851154891e+00
1.146509703760948629e+00
1.166862282518046356e+00
1.189344111586331243e+00
1.213943599363760617e+00
1.240576481888114424e+00
1.269068133110758945e+00
1.299135599319867440e+00
1.330370899585006317e+00
1.362227866561075418e+00
1.394015683817023676e+00
1.424903242306413853e+00
1.453939332826510888e+00
1.480094214846291667e+00
1.502327767054126406e+00
1.519687538347069600e+00
1.531435754219620415e+00
1.537196977710609147e+00
1.537107566949820203e+00
1.531935563134022571e+00
1.523128610435744434e+00
1.512743905718505477e+00
1.503225506447777526e+00
1.497026563329890259e+00
1.496126569544665941e+00
1.501554270199151997e+00
1.513070376405577733e+00
1.529159336370587541e+00
1.547403476651029175e+00
1.565170507206054440e+00
1.580381604490562530e+00
1.592023245688389155e+00
1.600109119208885655e+00
1.605027455302833861e+00
1.606557986464257848e+00
1.603130615746684029e+00
1.591895619413639995e+00
1.569720731223656962e+00
1.534353284333165757e+00
1.484104052249930916e+00
1.414639977015681671e+00
1.314503152270158237e+00
1.167179968059127493e+00
9.720370282553694175e-01
7.865737799719890733e-01
7.529375426230521251e-01
1.000000000000000000e+00
