1.000000000000000000e+00
8.939141945480308937e-01
8.833244259437847967e-01
9.676067348414993941e-01
1.107574228530163074e+00
1.260088544369800889e+00
1.394262767649929069e+00
1.495139438489747175e+00
1.560500477160866595e+00
1.595477148995282590e+00
1.607933271448618751e+00
1.605713066701786484e+00
1.595505681453990521e+00
1.582585769448891178e+00
1.570821121433426226e+00
1.562682143842707649e+00
1.559251527277802474e+00
1.560325236738607790e+00
1.564661812204336755e+00
1.570359512836231985e+00
1.575283485383201398e+00
1.577452173880235176e+00
1.575316403589794634e+00
1.567904809728396298e+00
1.554845831695148561e+00
1.536298757817096350e+00
1.512833021335604489e+00
1.485290454880938915e+00
1.454655317583307461e+00
1.421946279399169955e+00
1.388135831976984980e+00
1.354096692387919409e+00
1.320571487281301026e+00
1.288160696085509871e+00
1.257323775616105976e+00
1.228388998233024054e+00
1.201568407496218738e+00
1.176975188225997782e+00
1.154641540395775268e+00
1.134535792695352097e+00
1.116577988673284727e+00
1.100653543030877479e+00
1.086624821810281638e+00
1.074340671889702392e+00
1.063644033413783108e+00
1.054377830736823229e+00
1.046389366605789739e+00
1.039533450929194025e+00
1.033674487260759056e+00
1.028687722750345479e+00
1.024459844902199324e+00
1.020889083965728084e+00
1.017884955192706276e+00
1.015367751862801704e+00
1.013267878725023108e+00
1.011525096759820830e+00
1.010087734093412015e+00
1.008911904457785225e+00
1.007960763626839729e+00
1.007203825534762620e+00
1.006616353022806276e+00
1.006178833077939316e+00
1.005876542740363755e+00
1.005699209300014330e+00
1.005640766730788060e+00
1.005699209300531027e+00
1.005876542741424462e+00
1.006178833079600876e+00
1.006616353025153066e+00
1.007203825537918762e+00
1.007960763630969314e+00
1.008911904463103859e+00
1.010087734100191259e+00
1.011525096768412624e+00
1.013267878735869099e+00
1.015367751876457003e+00
1.017884955209874320e+00
1.020889083987286172e+00
1.024459844929252794e+00
1.028687722784280112e+00
1.033674487303318346e+00
1.039533450982568441e+00
1.046389366672739518e+00
1.054377830820826034e+00
1.063644033519231424e+00
1.074340672022155996e+00
1.086624821976787558e+00
1.100653543240396548e+00
1.116577988937235144e+00
1.134535793028319306e+00
1.154641540816444323e+00
1.176975188758367485e+00
1.201568408171190372e+00
1.228388999090476386e+00
1.257323776707604424e+00
1.288160697477836347e+00
1.320571489060994530e+00
1.354096694667138001e+00
1.388135834900902976e+00
1.421946283155279156e+00
1.454655322412805374e+00
1.485290461092354297e+00
1.512833029320560962e+00
1.536298768067669407e+00
1.554845844821745926e+00
1.567904826476269609e+00
1.575316424851421315e+00
1.577452200699961393e+00
1.575283518949881501e+00
1.570359554459490825e+00
1.564661863270303543e+00
1.560325298641660474e+00
1.559251601325457592e+00
1.562682231131469646e+00
1.570821222694983588e+00
1.582585884870445270e+00
1.595505810485644327e+00
1.605713207877581317e+00
1.607933422261250245e+00
1.595477305869542617e+00
1.560500635560377880e+00
1.495139593165538017e+00
1.394262913006720117e+00
1.260088674895890604e+00
1.107574339216442327e+00
9.676068215118317495e-01
8.833244854457278361e-01
8.939142248082634357e-01
1.000000000000000000e+00
