1.000000000000000000e+00
8.994625758379519720e-01
8.896180968187317184e-01
9.712704837200730745e-01
1.108026068677251175e+00
1.258573382618402237e+00
1.392389026430926213e+00
1.493903539047994444e+00
1.560055177032863671e+00
1.595432809271974284e+00
1.607823383385796223e+00
1.605334339432263224e+00
1.595017249732905373e+00
1.582401670643194258e+00
1.571403211866682970e+00
1.564342437458863921e+00
1.562033938769371799e+00
1.563987642213572782e+00
1.568740611738170587e+00
1.574279080182948709e+00
1.578471309313310700e+00
1.579430982601017774e+00
1.575759477192493208e+00
1.566653927040054795e+00
1.551899729133297434e+00
1.531783243209833056e+00
1.506963315527701797e+00
1.478333747048381941e+00
1.446898430394915502e+00
1.413670661873231316e+00
1.379600195268025464e+00
1.345526480627633914e+00
1.312153865360132787e+00
1.280043632779114482e+00
1.249617925690150066e+00
1.221171313549244353e+00
1.194886655597902747e+00
1.170852785266771390e+00
1.149082295806263199e+00
1.129528312009399071e+00
1.112099591906725138e+00
1.096673635162474625e+00
1.083107705952186306e+00
1.071247830709811666e+00
1.060935925316432771e+00
1.052015258202038339e+00
1.044334477986265997e+00
1.037750436207347748e+00
1.032130024479471553e+00
1.027351226295129649e+00
1.023303560422474501e+00
1.019888068103535383e+00
1.017016971859403540e+00
1.014613110834801990e+00
1.012609236970605897e+00
1.010947238228726563e+00
1.009577339708681798e+00
1.008457320714787775e+00
1.007551775472772304e+00
1.006831437005105245e+00
1.006272577376523758e+00
1.005856492829304338e+00
1.005569078965996788e+00
1.005400498847122348e+00
1.005344945418087610e+00
1.005400498848913582e+00
1.005569078969671848e+00
1.005856492835051519e+00
1.006272577384634159e+00
1.006831437015993647e+00
1.007551775486990708e+00
1.008457320733054052e+00
1.009577339731912105e+00
1.010947238258085523e+00
1.012609237007555674e+00
1.014613110881175562e+00
1.017016971917496182e+00
1.019888068176207030e+00
1.023303560513293853e+00
1.027351226408545148e+00
1.032130024621026765e+00
1.037750436383951369e+00
1.044334478206536021e+00
1.052015258476723947e+00
1.060935925658957890e+00
1.071247831136959094e+00
1.083107706484959243e+00
1.096673635827203119e+00
1.112099592736472298e+00
1.129528313045755628e+00
1.149082297101658767e+00
1.170852786887438768e+00
1.194886657627694637e+00
1.221171316094550319e+00
1.249617928886227913e+00
1.280043636798237294e+00
1.312153870422006818e+00
1.345526487012709937e+00
1.379600203334282904e+00
1.413670672077216972e+00
1.446898443317620186e+00
1.478333763426455505e+00
1.506963336290083388e+00
1.531783269519066293e+00
1.551899762429674645e+00
1.566653969084961240e+00
1.575759530105141248e+00
1.579431048880211463e+00
1.578471391833413451e+00
1.574279182151375300e+00
1.568740736600984009e+00
1.563987793496653067e+00
1.562034119845138180e+00
1.564342651232875303e+00
1.571403460385359496e+00
1.582401954635312302e+00
1.595017568116033013e+00
1.605334688841925761e+00
1.607823757815584953e+00
1.595433199935651691e+00
1.560055572557908832e+00
1.493903926067959409e+00
1.392389390556262763e+00
1.258573709646069405e+00
1.108026345792619161e+00
9.712707004168974478e-01
8.896182453624223996e-01
8.994626512907980542e-01
1.000000000000000000e+00
