1.000000000000000000e+00
1.009289747335136767e+00
1.018445897862357175e+00
1.027285508120214574e+00
1.035580296771966058e+00
1.043077247147851327e+00
1.049528786981961170e+00
1.054724772555153844e+00
1.058519257911904266e+00
1.060847138461308958e+00
1.061728613239391716e+00
1.061262205138744363e+00
1.059609143021774003e+00
1.056972913731291319e+00
1.053577772150560810e+00
1.049649245467851211e+00
1.045398567835153170e+00
1.041011873055051273e+00
1.036644077166671396e+00
1.032416792747991030e+00
1.028419326043495508e+00
1.024711753673400505e+00
1.021329175912494058e+00
1.018286422863520668e+00
1.015582691122325132e+00
1.013205775319639290e+00
1.011135712614873894e+00
1.009347773031495255e+00
1.007814806576747602e+00
1.006509005452881578e+00
1.005403163673611378e+00
1.004471524040895236e+00
1.003690299588557044e+00
1.003037947776661332e+00
1.002495264142415188e+00
1.002045349907656480e+00
1.001673496495705029e+00
1.001367019701854932e+00
1.001115067664175795e+00
1.000908419811354477e+00
1.000739288493743606e+00
1.000601130834645636e+00
1.000488475251375409e+00
1.000396764877197420e+00
1.000322218575003141e+00
1.000261709208971173e+00
1.000212658198340154e+00
1.000172945011472470e+00
1.000140830086611476e+00
1.000114889625600689e+00
1.000093960752243882e+00
1.000077095624421153e+00
1.000063523214943739e+00
1.000052617614048511e+00
1.000043871845794685e+00
1.000036876324467361e+00
1.000031301201664169e+00
1.000026881967861936e+00
1.000023407773509732e+00
1.000020712024115133e+00
1.000018664882349917e+00
1.000017167378857819e+00
1.000016146893612845e+00
1.000015553822607650e+00
1.000015359291767103e+00
1.000015553822607650e+00
1.000016146893612845e+00
1.000017167378857819e+00
1.000018664882349917e+00
1.000020712024115133e+00
1.000023407773509732e+00
1.000026881967861936e+00
1.000031301201664169e+00
1.000036876324467361e+00
1.000043871845794685e+00
1.000052617614048511e+00
1.000063523214943739e+00
1.000077095624421153e+00
1.000093960752243882e+00
1.000114889625600689e+00
1.000140830086611476e+00
1.000172945011472470e+00
1.000212658198340154e+00
1.000261709208971173e+00
1.000322218575003141e+00
1.000396764877197420e+00
1.000488475251375409e+00
1.000601130834645636e+00
1.000739288493743606e+00
1.000908419811354477e+00
1.001115067664175795e+00
1.001367019701854932e+00
1.001673496495705029e+00
1.002045349907656480e+00
1.002495264142414966e+00
1.003037947776661332e+00
1.003690299588557044e+00
1.004471524040895236e+00
1.005403163673611378e+00
1.006509005452881356e+00
1.007814806576747602e+00
1.009347773031495032e+00
1.011135712614873894e+00
1.013205775319639068e+00
1.015582691122325132e+00
1.018286422863520224e+00
1.021329175912493614e+00
1.024711753673400283e+00
1.028419326043495063e+00
1.032416792747990364e+00
1.036644077166670952e+00
1.041011873055050607e+00
1.045398567835152503e+00
1.049649245467850101e+00
1.053577772150559477e+00
1.056972913731290209e+00
1.059609143021772448e+00
1.061262205138743253e+00
1.061728613239390828e+00
1.060847138461307626e+00
1.058519257911902933e+00
1.054724772555151624e+00
1.049528786981959838e+00
1.043077247147850661e+00
1.035580296771965170e+00
1.027285508120213908e+00
1.018445897862356953e+00
1.009289747335136322e+00
1.000000000000000000e+00
