1.000000000000000000e+00
7.701696024657986861e-01
7.920860748601216139e-01
9.653552397381339745e-01
1.160188977281429334e+00
1.313524263711475681e+00
1.417907527577934479e+00
1.487227855575419699e+00
1.534899661488512423e+00
1.568130649657148323e+00
1.590106894886902822e+00
1.602876752840599606e+00
1.608361797886076694e+00
1.608061397623328448e+00
1.602716416836027724e+00
1.592557717112903282e+00
1.577984654580832036e+00
1.560175264493180558e+00
1.541240953348059772e+00
1.523858023443443788e+00
1.510584596514281452e+00
1.503177566642901475e+00
1.502164839767538673e+00
1.506781114447823589e+00
1.515227500160879925e+00
1.525122720309578295e+00
1.533991923346127662e+00
1.539671999338759756e+00
1.540569847272639015e+00
1.535765107497219173e+00
1.524985961818747571e+00
1.508502484777181296e+00
1.486981405382931998e+00
1.461336385928421633e+00
1.432595467923528876e+00
1.401796195749551055e+00
1.369910816047728463e+00
1.337799016119667339e+00
1.306183291203125485e+00
1.275641394623793001e+00
1.246610693348394250e+00
1.219400088156886275e+00
1.194206123170009626e+00
1.171130818059327838e+00
1.150199525260376499e+00
1.131377722303253730e+00
1.114586105915155168e+00
1.099713682957528027e+00
1.086628779632741182e+00
1.075188038864700601e+00
1.065243566620803550e+00
1.056648437369754223e+00
1.049260789323824605e+00
1.042946740990744914e+00
1.037582348831407097e+00
1.033054806579583040e+00
1.029263063687926971e+00
1.026118015983482623e+00
1.023542397675509363e+00
1.021470481455623469e+00
1.019847673188049697e+00
1.018630069876005129e+00
1.017784034222946499e+00
1.017285826016070649e+00
1.017121319451214756e+00
1.017285826015954298e+00
1.017784034222710021e+00
1.018630069875640753e+00
1.019847673187547654e+00
1.021470481454970214e+00
1.023542397674685134e+00
1.026118015982468101e+00
1.029263063686698843e+00
1.033054806578123763e+00
1.037582348829684475e+00
1.042946740988739851e+00
1.049260789321521559e+00
1.056648437367137650e+00
1.065243566617867677e+00
1.075188038861441209e+00
1.086628779629170483e+00
1.099713682953662230e+00
1.114586105911015590e+00
1.131377722298843924e+00
1.150199525255680033e+00
1.171130818054255673e+00
1.194206123164357036e+00
1.219400088150241812e+00
1.246610693340010956e+00
1.275641394612396562e+00
1.306183291186621132e+00
1.337799016094785243e+00
1.369910816009468624e+00
1.401796195690478974e+00
1.432595467832853409e+00
1.461336385790846126e+00
1.486981405177256965e+00
1.508502484474737892e+00
1.524985961381738697e+00
1.535765106877192476e+00
1.540569846409372001e+00
1.539671998159813038e+00
1.533991921767407396e+00
1.525122718236799013e+00
1.515227497491493880e+00
1.506781111072231116e+00
1.502164835567907808e+00
1.503177561487975877e+00
1.510584590249757886e+00
1.523858015880050099e+00
1.541240944252763478e+00
1.560175253591235212e+00
1.577984641575432834e+00
1.592557701723732233e+00
1.602716398849627133e+00
1.608061376942150789e+00
1.608361774564856628e+00
1.602876727108623278e+00
1.590106867164054583e+00
1.568130620568938705e+00
1.534899631871026404e+00
1.487227826451305912e+00
1.417907500092857154e+00
1.313524239035043228e+00
1.160188956480779243e+00
9.653552236428395439e-01
7.920860639754551125e-01
7.701695970014874604e-01
1.000000000000000000e+00
