1.000000000000000000e+00
8.143711311526521390e-01
8.162191195177560532e-01
9.570372430886036064e-01
1.140940645690926791e+00
1.302748681451393109e+00
1.419523219391511049e+00
1.495230197326164578e+00
1.542887209280748628e+00
1.573877922932232609e+00
1.594656682237933554e+00
1.607559800477781131e+00
1.612797426118006472e+00
1.610189082672915939e+00
1.600255585078460330e+00
1.584667923280203228e+00
1.566136252862701417e+00
1.547880545065324576e+00
1.532903568379415660e+00
1.523321312845988595e+00
1.519954719035542912e+00
1.522271066156562602e+00
1.528638731540354234e+00
1.536774031126640683e+00
1.544233808232087224e+00
1.548833712466814339e+00
1.548924903414385934e+00
1.543515625189502583e+00
1.532262366581553570e+00
1.515373324259255083e+00
1.493468108870734001e+00
1.467428947139969964e+00
1.438266495495018615e+00
1.407012081331435738e+00
1.374639713508104544e+00
1.342015893285989137e+00
1.309872584874384627e+00
1.278797869586363545e+00
1.249239063215452195e+00
1.221513861823694480e+00
1.195826033726909321e+00
1.172283091444812131e+00
1.150914162416262654e+00
1.131686903056400961e+00
1.114522773862438143e+00
1.099310335570878649e+00
1.085916463701456003e+00
1.074195535596868423e+00
1.063996741023723658e+00
1.055169721165067021e+00
1.047568764272003516e+00
1.041055789077043325e+00
1.035502336539370072e+00
1.030790771893880242e+00
1.026814876135939913e+00
1.023479981687353213e+00
1.020702782894818528e+00
1.018410929399452103e+00
1.016542489988265130e+00
1.015045356639209473e+00
1.013876643186212734e+00
1.013002120262663563e+00
1.012395717714428267e+00
1.012039117211873229e+00
1.011921450997065985e+00
1.012039117214321493e+00
1.012395717719450916e+00
1.013002120270523942e+00
1.013876643197311411e+00
1.015045356654123099e+00
1.016542490007756427e+00
1.018410929424520273e+00
1.020702782926740104e+00
1.023479981727756671e+00
1.026814876186866510e+00
1.030790771957904139e+00
1.035502336619722685e+00
1.041055789177762536e+00
1.047568764398145502e+00
1.055169721322955612e+00
1.063996741221272302e+00
1.074195535843982086e+00
1.085916464010547422e+00
1.099310335957504270e+00
1.114522774346129230e+00
1.131686903661710542e+00
1.150914163174111104e+00
1.172283092394206694e+00
1.195826034917166991e+00
1.221513863317298387e+00
1.249239065091740208e+00
1.278797871946330877e+00
1.309872587846876657e+00
1.342015897035723881e+00
1.374639718246051245e+00
1.407012087328187944e+00
1.438266503097902493e+00
1.467428956794827100e+00
1.493468121149271521e+00
1.515373339892967630e+00
1.532262386502951435e+00
1.543515650580947751e+00
1.548924935764065980e+00
1.548833753630059373e+00
1.544233860494466759e+00
1.536774097263038152e+00
1.528638814861748685e+00
1.522271170533894047e+00
1.519954848888012577e+00
1.523321473079492838e+00
1.532903764258974011e+00
1.547880782002734490e+00
1.566136536097192833e+00
1.584668257428039739e+00
1.600255973533138976e+00
1.610189526859404641e+00
1.612797924648802894e+00
1.607560348322593535e+00
1.594657270083705614e+00
1.573878536944056439e+00
1.542887831446097202e+00
1.495230806462563677e+00
1.419523792738328183e+00
1.302749196589970238e+00
1.140941082405254603e+00
9.570375847673436853e-01
8.162193538615851729e-01
8.143712502385567209e-01
1.000000000000000000e+00
