1.000000000000000000e+00
7.732525110551228265e-01
7.933036314247836618e-01
9.643215026134498435e-01
1.158839996888683777e+00
1.313106676319772514e+00
1.418302389958219445e+00
1.487735471095722684e+00
1.535056365454585237e+00
1.567954390427993561e+00
1.589897661075899915e+00
1.602908028407210361e+00
1.608688646193049854e+00
1.608505830315241525e+00
1.602984941663848195e+00
1.592404523318422971e+00
1.577337845783007619e+00
1.559176976188250130e+00
1.540197162246703000e+00
1.523130558096056353e+00
1.510473327200359428e+00
1.503834181251570090e+00
1.503559598954995025e+00
1.508721851642205625e+00
1.517414432545702851e+00
1.527216776165906786e+00
1.535677024994421380e+00
1.540699252026678234e+00
1.540779817737333079e+00
1.535090603797698794e+00
1.523440978671766421e+00
1.506163619963010403e+00
1.483967051668025228e+00
1.457787336164131364e+00
1.428658922728651914e+00
1.397613876785589682e+00
1.365611049573290270e+00
1.333492204342189069e+00
1.301960023504580288e+00
1.271572458629482538e+00
1.242748342594020006e+00
1.215780052490422314e+00
1.190849977341762900e+00
1.168048437245382321e+00
1.147391447938397091e+00
1.128837311030317370e+00
1.112301447832567458e+00
1.097669207793292356e+00
1.084806597041595211e+00
1.073569012130005440e+00
1.063808148467158654e+00
1.055377297788944180e+00
1.048135266333731108e+00
1.041949144197072075e+00
1.036696143332124675e+00
1.032264701711662180e+00
1.028555027770075458e+00
1.025479234837249010e+00
1.022961191496382316e+00
1.020936191671922399e+00
1.019350528353925700e+00
1.018161037425335369e+00
1.017334663069129341e+00
1.016848083509938716e+00
1.016687425089660479e+00
1.016848083509820588e+00
1.017334663068889311e+00
1.018161037424965443e+00
1.019350528353415442e+00
1.020936191671258264e+00
1.022961191495541877e+00
1.025479234836212505e+00
1.028555027768816688e+00
1.032264701710160493e+00
1.036696143330343878e+00
1.041949144194987742e+00
1.048135266331320592e+00
1.055377297786182611e+00
1.063808148464026937e+00
1.073569012126483146e+00
1.084806597037673681e+00
1.097669207788959156e+00
1.112301447827808376e+00
1.128837311025089107e+00
1.147391447932623043e+00
1.168048437238895509e+00
1.190849977334258680e+00
1.215780052481361118e+00
1.242748342582488563e+00
1.271572458613994483e+00
1.301960023482768403e+00
1.333492204310432028e+00
1.365611049526134213e+00
1.397613876715014580e+00
1.428658922623106786e+00
1.457787336007332568e+00
1.483967051437485196e+00
1.506163619628381189e+00
1.523440978193060014e+00
1.535090603123614672e+00
1.540779816803978575e+00
1.540699250756944583e+00
1.535677023298391619e+00
1.527216773942223549e+00
1.517414429683510813e+00
1.508721848022514855e+00
1.503559594449786596e+00
1.503834175718926858e+00
1.510473320475033576e+00
1.523130549977402159e+00
1.540197152489290566e+00
1.559176964503019347e+00
1.577337831856251649e+00
1.592404506850725321e+00
1.602984922422694858e+00
1.608505808188371855e+00
1.608688621230389471e+00
1.602908000848341619e+00
1.589897631369319386e+00
1.567954359246652940e+00
1.535056333699075237e+00
1.487735439866873177e+00
1.418302360488307823e+00
1.313106649865353415e+00
1.158839974593540934e+00
9.643214853639325845e-01
7.933036197596353700e-01
7.732525051985776887e-01
1.000000000000000000e+00
