1.000000000000000000e+00
7.591408167404903873e-01
7.882919342827852116e-01
9.694405226884678095e-01
1.164745491292416890e+00
1.314365469061978153e+00
1.415956530983353057e+00
1.485225742792259496e+00
1.534451876843793139e+00
1.569016588240329080e+00
1.591116939397205998e+00
1.602922412456766477e+00
1.607145679219761591e+00
1.606157090858285175e+00
1.601200621199819984e+00
1.592447677851537069e+00
1.579747160344373347e+00
1.563501742457517052e+00
1.545147965724066541e+00
1.527033900813597356e+00
1.511822056429426686e+00
1.501731381306582236e+00
1.497933326507336238e+00
1.500290841121454832e+00
1.507466447258260622e+00
1.517299539423931920e+00
1.527297547510011011e+00
1.535096462077788049e+00
1.538796909511480182e+00
1.537141882046604957e+00
1.529549592977998307e+00
1.516041005350212911e+00
1.497108064940304351e+00
1.473562337096151476e+00
1.446391858652144036e+00
1.416641839709409378e+00
1.385325143247899682e+00
1.353362026121268880e+00
1.321545104309251206e+00
1.290524127766492057e+00
1.260805112937621209e+00
1.232759046207017262e+00
1.206636307744261449e+00
1.182583918406880263e+00
1.160663555849378081e+00
1.140868973032504341e+00
1.123141980532185613e+00
1.107386541885680753e+00
1.093480804252692229e+00
1.081287070407327855e+00
1.070659834804331245e+00
1.061452074350590635e+00
1.053520017765661843e+00
1.046726626845517094e+00
1.040944016633314151e+00
1.036055025397377038e+00
1.031954123728127337e+00
1.028547828047468693e+00
1.025754759476559252e+00
1.023505465704588779e+00
1.021742102067812574e+00
1.020418048898530383e+00
1.019497525449664987e+00
1.018955246234492629e+00
1.018776153182464395e+00
1.018955246234320322e+00
1.019497525449312825e+00
1.020418048897986152e+00
1.021742102067058955e+00
1.023505465703599793e+00
1.025754759475301592e+00
1.028547828045905943e+00
1.031954123726210426e+00
1.036055025395058893e+00
1.040944016630529045e+00
1.046726626842201968e+00
1.053520017761750305e+00
1.061452074346002084e+00
1.070659834798983301e+00
1.081287070401123040e+00
1.093480804245531512e+00
1.107386541877442232e+00
1.123141980522723626e+00
1.140868973021618160e+00
1.160663555836804584e+00
1.182583918392226430e+00
1.206636307726942192e+00
1.232759046186157725e+00
1.260805112911893566e+00
1.290524127733899018e+00
1.321545104266791615e+00
1.353362026064533818e+00
1.385325143170456519e+00
1.416641839602023722e+00
1.446391858501762107e+00
1.473562336884645330e+00
1.497108064642948877e+00
1.516041004933972314e+00
1.529549592399711111e+00
1.537141881251252284e+00
1.538796908430833721e+00
1.535096460629615134e+00
1.527297545598108375e+00
1.517299536938800042e+00
1.507466444077866674e+00
1.500290837110924702e+00
1.497933321516078831e+00
1.501731375161689641e+00
1.511822048925665962e+00
1.527033891702954449e+00
1.545147954710765603e+00
1.563501729205961421e+00
1.579747144505502465e+00
1.592447659106976943e+00
1.601200599315368844e+00
1.606157065734115763e+00
1.607145650928731850e+00
1.602922381272670505e+00
1.591116905821266414e+00
1.569016553026550298e+00
1.534451841006204686e+00
1.485225707569420406e+00
1.415956497751617915e+00
1.314365439211896858e+00
1.164745466087283354e+00
9.694405031249413440e-01
7.882919210022747425e-01
7.591408100517950119e-01
1.000000000000000000e+00
