1.000000000000000000e+00
7.545481589656134469e-01
7.876872246035316882e-01
9.726914218435385173e-01
1.168217158396295696e+00
1.316265512301045160e+00
1.416876887176307331e+00
1.486414824185350092e+00
1.536504532473589979e+00
1.571686770572560343e+00
1.593755948165961334e+00
1.604962398528464895e+00
1.608375588824809910e+00
1.606769438067799260e+00
1.601662027372835029e+00
1.593269190421363835e+00
1.581250425471426135e+00
1.565674539308661961e+00
1.547640533253538342e+00
1.529284227967416143e+00
1.513248331102730493e+00
1.501914694219655955e+00
1.496732151691739343e+00
1.497864433078931024e+00
1.504218600590375710e+00
1.513775103128526478e+00
1.524068596629607697e+00
1.532667016164912965e+00
1.537541475467347762e+00
1.537280135573861450e+00
1.531150762097752471e+00
1.519047720491091269e+00
1.501369503013017193e+00
1.478868700021306104e+00
1.452505094735312197e+00
1.423320098286927182e+00
1.392340344227162241e+00
1.360511084698047268e+00
1.328655915892834161e+00
1.297457577790829042e+00
1.267454300075527840e+00
1.239046720016250713e+00
1.212511302163491012e+00
1.188017154454353852e+00
1.165644010051561041e+00
1.145399867935773086e+00
1.127237348103296455e+00
1.111068234508902686e+00
1.096775975446925955e+00
1.084226112788622798e+00
1.073274741543792210e+00
1.063775178701191537e+00
1.055583060281669150e+00
1.048560099528023759e+00
1.042576735796312937e+00
1.037513889383583354e+00
1.033264016864343882e+00
1.029731637817379974e+00
1.026833479394423376e+00
1.024498361527570234e+00
1.022666923622545632e+00
1.021291273828569990e+00
1.020334624575713001e+00
1.019770962952580184e+00
1.019584791419205771e+00
1.019770962953112869e+00
1.020334624576807681e+00
1.021291273830290169e+00
1.022666923624992785e+00
1.024498361530883361e+00
1.026833479398792992e+00
1.029731637823060098e+00
1.033264016871658697e+00
1.037513889392960742e+00
1.042576735808287358e+00
1.048560099543289104e+00
1.055583060301110709e+00
1.063775178725925308e+00
1.073274741575242164e+00
1.084226112828587940e+00
1.096775975497693345e+00
1.111068234573364233e+00
1.127237348185117227e+00
1.145399868039578717e+00
1.165644010183218171e+00
1.188017154621271443e+00
1.212511302375046007e+00
1.239046720284321390e+00
1.267454300415158386e+00
1.297457578221096641e+00
1.328655916437941453e+00
1.360511085388772745e+00
1.392340345102679677e+00
1.423320099397184846e+00
1.452505096144089514e+00
1.478868701810184261e+00
1.501369505286465289e+00
1.519047723382996429e+00
1.531150765779698997e+00
1.537280140265483430e+00
1.537541481449069991e+00
1.532667023793088168e+00
1.524068606353907063e+00
1.513775115510799241e+00
1.504218616323585334e+00
1.497864453003999952e+00
1.496732176809523196e+00
1.501914725694955433e+00
1.513248370257388231e+00
1.529284276259882169e+00
1.547640592242094604e+00
1.565674610593923211e+00
1.581250510610364035e+00
1.593269290801387017e+00
1.601662144034263102e+00
1.606769571471589497e+00
1.608375738582125125e+00
1.604962563135220677e+00
1.593756124806412489e+00
1.571686955058220647e+00
1.536504719363945393e+00
1.486415007102938057e+00
1.416877059289608942e+00
1.316265666902583842e+00
1.168217289456157992e+00
9.726915244088415458e-01
7.876872949832716131e-01
7.545481947478599460e-01
1.000000000000000000e+00
