1.000000000000000000e+00
1.069769758206162047e+00
1.142171172019275982e+00
1.217529589350644814e+00
1.294309874403954508e+00
1.369654616961703875e+00
1.440010467052948107e+00
1.501785908504965406e+00
1.551939987509671326e+00
1.588402012063116597e+00
1.610265510406614364e+00
1.617760761432815775e+00
1.612060511237129790e+00
1.594996616221363572e+00
1.568761089466732095e+00
1.535643835848092387e+00
1.497833780267187942e+00
1.457288869360037875e+00
1.415667021890827826e+00
1.374304082015620265e+00
1.334223995913633276e+00
1.296168419480613787e+00
1.260635989618172692e+00
1.227924494664024202e+00
1.198171675392303959e+00
1.171392250059313911e+00
1.147510039383435432e+00
1.126384890869516431e+00
1.107834592986591593e+00
1.091652234908082164e+00
1.077619587013236124e+00
1.065517107351600323e+00
1.055131157296002709e+00
1.046258959762022656e+00
1.038711770692615000e+00
1.032316668127543968e+00
1.026917298472394657e+00
1.022373859564553955e+00
1.018562546340393116e+00
1.015374637948331049e+00
1.012715365056447325e+00
1.010502662541026275e+00
1.008665885172212784e+00
1.007144541680353500e+00
1.005887084994661063e+00
1.004849782801417346e+00
1.003995682217726726e+00
1.003293674719846207e+00
1.002717661973056895e+00
1.002245819424716133e+00
1.001859952056550984e+00
1.001544935226093225e+00
1.001288232800467526e+00
1.001079484590843727e+00
1.000910155271094615e+00
1.000773237384818604e+00
1.000663001618137926e+00
1.000574788172839735e+00
1.000504833767540180e+00
1.000450129490401130e+00
1.000408305404529852e+00
1.000377538454427784e+00
1.000356480833500816e+00
1.000344206547580050e+00
1.000340174451282538e+00
1.000344206547580050e+00
1.000356480833500816e+00
1.000377538454427784e+00
1.000408305404529852e+00
1.000450129490401130e+00
1.000504833767540180e+00
1.000574788172839735e+00
1.000663001618137926e+00
1.000773237384818604e+00
1.000910155271094615e+00
1.001079484590843727e+00
1.001288232800467526e+00
1.001544935226093225e+00
1.001859952056550984e+00
1.002245819424716133e+00
1.002717661973056895e+00
1.003293674719846207e+00
1.003995682217726726e+00
1.004849782801417346e+00
1.005887084994661063e+00
1.007144541680353500e+00
1.008665885172212784e+00
1.010502662541026053e+00
1.012715365056447325e+00
1.015374637948331271e+00
1.018562546340393116e+00
1.022373859564553955e+00
1.026917298472394435e+00
1.032316668127543746e+00
1.038711770692614778e+00
1.046258959762022434e+00
1.055131157296002042e+00
1.065517107351600323e+00
1.077619587013235902e+00
1.091652234908081942e+00
1.107834592986592037e+00
1.126384890869515987e+00
1.147510039383435876e+00
1.171392250059313911e+00
1.198171675392304181e+00
1.227924494664023980e+00
1.260635989618172470e+00
1.296168419480614675e+00
1.334223995913633276e+00
1.374304082015620043e+00
1.415667021890828270e+00
1.457288869360037431e+00
1.497833780267188164e+00
1.535643835848092165e+00
1.568761089466730763e+00
1.594996616221364683e+00
1.612060511237130234e+00
1.617760761432814443e+00
1.610265510406613476e+00
1.588402012063115931e+00
1.551939987509671104e+00
1.501785908504964073e+00
1.440010467052947440e+00
1.369654616961704541e+00
1.294309874403954730e+00
1.217529589350644148e+00
1.142171172019275538e+00
1.069769758206161381e+00
1.000000000000000000e+00
