1.000000000000000000e+00
8.296187619667870772e-01
8.262195729667405342e-01
9.546483548203189562e-01
1.131242359505544970e+00
1.293353568008920984e+00
1.414574891993409356e+00
1.494796735543263866e+00
1.544986851334894551e+00
1.576389602270212631e+00
1.596098273795441003e+00
1.607067390671503171e+00
1.609958726983434785e+00
1.605052525933946983e+00
1.593445390594590227e+00
1.577393402290917290e+00
1.559975008972159127e+00
1.544381069130960071e+00
1.533159738299676444e+00
1.527676048518845420e+00
1.527920258923274544e+00
1.532662535582493879e+00
1.539849747943729197e+00
1.547097308716677055e+00
1.552142221831827928e+00
1.553171216722765369e+00
1.548993673438612495e+00
1.539073386328651427e+00
1.523457802360787650e+00
1.502649499274554934e+00
1.477458555334226764e+00
1.448862952082813349e+00
1.417892308349541830e+00
1.385540764328699659e+00
1.352708519749968641e+00
1.320168070252783599e+00
1.288549827884821308e+00
1.258341771815047583e+00
1.229898428104622576e+00
1.203455397946152861e+00
1.179146591606599292e+00
1.157022155218454529e+00
1.137065753356864217e+00
1.119210389618142232e+00
1.103352328401257409e+00
1.089362949012469439e+00
1.077098543208030446e+00
1.066408181330814164e+00
1.057139838185468195e+00
1.049145001722886716e+00
1.042281996118007870e+00
1.036418243886026769e+00
1.031431675156816663e+00
1.027211470369278068e+00
1.023658298482804208e+00
1.020684188421605576e+00
1.018212148250887239e+00
1.016175625379648340e+00
1.014517882346400279e+00
1.013191346636732604e+00
1.012156979470252738e+00
1.011383697406460724e+00
1.010847871697032163e+00
1.010532923246682646e+00
1.010429025504248512e+00
1.010532923246216130e+00
1.010847871696075817e+00
1.011383697404971693e+00
1.012156979468151308e+00
1.013191346633920409e+00
1.014517882342739874e+00
1.016175625374963420e+00
1.018212148244951099e+00
1.020684188414141103e+00
1.023658298473450801e+00
1.027211470357596967e+00
1.031431675142266302e+00
1.036418243867923916e+00
1.042281996095508534e+00
1.049145001694939294e+00
1.057139838150764843e+00
1.066408181287719081e+00
1.077098543154501931e+00
1.089362948945941989e+00
1.103352328318500497e+00
1.119210389515076232e+00
1.137065753228319265e+00
1.157022155057851887e+00
1.179146591405539901e+00
1.203455397693869555e+00
1.229898427787261550e+00
1.258341771414741794e+00
1.288549827378457469e+00
1.320168069610408557e+00
1.352708518932719928e+00
1.385540763286165378e+00
1.417892307016396680e+00
1.448862950374642855e+00
1.477458553142405595e+00
1.502649496460170209e+00
1.523457798747654302e+00
1.539073381695587495e+00
1.548993667511385564e+00
1.553171209166221090e+00
1.552142212242844543e+00
1.547097296618539675e+00
1.539849732782257563e+00
1.532662516724009327e+00
1.527920235654381953e+00
1.527676020048738481e+00
1.533159703767462689e+00
1.544381027623563662e+00
1.559974959561508445e+00
1.577393344100741723e+00
1.593445322904965211e+00
1.605052448324765901e+00
1.609958639506698264e+00
1.607067294029693949e+00
1.596098169492525365e+00
1.576389492696049999e+00
1.544986739744917292e+00
1.494796625903748621e+00
1.414574788680476036e+00
1.293353475381120887e+00
1.131242281423234353e+00
9.546482942480529754e-01
8.262195318113302323e-01
8.296187412082508539e-01
1.000000000000000000e+00
