1.000000000000000000e+00
1.036480620071502212e+00
1.081436983984322753e+00
1.138074823743813191e+00
1.205758889094412423e+00
1.281230249843133606e+00
1.359713771764252899e+00
1.435937028721678832e+00
1.504994860513003241e+00
1.562971953100682265e+00
1.607276046724288143e+00
1.636698254642514838e+00
1.651267236483640044e+00
1.651983717564389886e+00
1.640514290193287428e+00
1.618901273467789892e+00
1.589320762914828489e+00
1.553900931420588050e+00
1.514599355899876043e+00
1.473130993036528613e+00
1.430935720291957702e+00
1.389174387576873837e+00
1.348743764335047945e+00
1.310302730618779998e+00
1.274304029860245491e+00
1.241027617793472704e+00
1.210613015098191525e+00
1.183089103281041110e+00
1.158400540752204666e+00
1.136430479636325819e+00
1.117019592007426398e+00
1.099981616168989929e+00
1.085115747593716540e+00
1.072216253473565306e+00
1.061079704704493087e+00
1.051510208670243474e+00
1.043323000179094739e+00
1.036346713100251060e+00
1.030424616301556684e+00
1.025415057605494562e+00
1.021191320816902337e+00
1.017641064838082032e+00
1.014665481319107387e+00
1.012178278618116378e+00
1.010104575183945697e+00
1.008379764714256721e+00
1.006948398329653438e+00
1.005763115186592005e+00
1.004783642031154001e+00
1.003975873760307058e+00
1.003311040706885704e+00
1.002764963727534431e+00
1.002317394915862137e+00
1.001951439594767068e+00
1.001653053915583902e+00
1.001410611701601727e+00
1.001214533952945906e+00
1.001056974545589506e+00
1.000931556006033674e+00
1.000833149745970818e+00
1.000757695739737052e+00
1.000702057279679424e+00
1.000663907122307350e+00
1.000641642022362499e+00
1.000634323332945330e+00
1.000641642022362499e+00
1.000663907122307350e+00
1.000702057279679424e+00
1.000757695739737052e+00
1.000833149745970818e+00
1.000931556006033674e+00
1.001056974545589506e+00
1.001214533952945906e+00
1.001410611701601727e+00
1.001653053915583902e+00
1.001951439594767068e+00
1.002317394915862137e+00
1.002764963727534431e+00
1.003311040706885704e+00
1.003975873760307058e+00
1.004783642031154001e+00
1.005763115186592005e+00
1.006948398329653438e+00
1.008379764714256721e+00
1.010104575183945697e+00
1.012178278618116378e+00
1.014665481319107387e+00
1.017641064838081810e+00
1.021191320816902337e+00
1.025415057605494784e+00
1.030424616301556684e+00
1.036346713100251060e+00
1.043323000179094517e+00
1.051510208670243252e+00
1.061079704704492865e+00
1.072216253473565306e+00
1.085115747593715874e+00
1.099981616168989706e+00
1.117019592007425954e+00
1.136430479636325819e+00
1.158400540752205110e+00
1.183089103281040222e+00
1.210613015098191969e+00
1.241027617793472926e+00
1.274304029860245935e+00
1.310302730618779998e+00
1.348743764335047723e+00
1.389174387576874947e+00
1.430935720291957702e+00
1.473130993036527947e+00
1.514599355899876709e+00
1.553900931420588272e+00
1.589320762914828267e+00
1.618901273467789226e+00
1.640514290193286540e+00
1.651983717564391441e+00
1.651267236483641820e+00
1.636698254642514172e+00
1.607276046724287033e+00
1.562971953100681599e+00
1.504994860513003685e+00
1.435937028721677500e+00
1.359713771764252233e+00
1.281230249843134494e+00
1.205758889094414199e+00
1.138074823743812081e+00
1.081436983984321643e+00
1.036480620071500880e+00
1.000000000000000000e+00
