1.000000000000000000e+00
8.954168229242051025e-01
8.850111337407766676e-01
9.685653617382355973e-01
1.107665849411415993e+00
1.259670213160690277e+00
1.393779330982523490e+00
1.494856350241785536e+00
1.560445046113232870e+00
1.595526768537443463e+00
1.607947308155303290e+00
1.605628396151197013e+00
1.595364513098439518e+00
1.582505567741154584e+00
1.570936369000751176e+00
1.563088180135439487e+00
1.559970068077622729e+00
1.561297740724440608e+00
1.565766129470929968e+00
1.571439610081961202e+00
1.576181390569397323e+00
1.578034018445025444e+00
1.575488500018812577e+00
1.567619391883557700e+00
1.554098495124045298e+00
1.535120624822011948e+00
1.511280561270377687e+00
1.483435208906997316e+00
1.452574932435265698e+00
1.419717508930382843e+00
1.385829627733661917e+00
1.351775181924035785e+00
1.318286488043134863e+00
1.285953377209346549e+00
1.255225110361390728e+00
1.226420710075897924e+00
1.199744180591449716e+00
1.175301975828636269e+00
1.153120857638181063e+00
1.133164921610327447e+00
1.115351054370946171e+00
1.099562442141598373e+00
1.085659999526015662e+00
1.073491753840335239e+00
1.062900324597880974e+00
1.053728696893521111e+00
1.045824514617301526e+00
1.039043124722473399e+00
1.033249594707697616e+00
1.028319907596338068e+00
1.024141516032875954e+00
1.020613412526466535e+00
1.017645848323774249e+00
1.015159810180311428e+00
1.013086343208006612e+00
1.011365789416949434e+00
1.009946995682943660e+00
1.008786531613812931e+00
1.007847946989431698e+00
1.007101089872942445e+00
1.006521499857870205e+00
1.006089885940959272e+00
1.005791694913865664e+00
1.005616773683869480e+00
1.005559127323045754e+00
1.005616773684767873e+00
1.005791694915709300e+00
1.006089885943844520e+00
1.006521499861942948e+00
1.007101089878414291e+00
1.007847946996582866e+00
1.008786531623009797e+00
1.009946995694650962e+00
1.011365789431762696e+00
1.013086343226673680e+00
1.015159810203770663e+00
1.017645848353206928e+00
1.020613412563344369e+00
1.024141516079044134e+00
1.028319907654101639e+00
1.033249594779941605e+00
1.039043124812806251e+00
1.045824514730243404e+00
1.053728697034736372e+00
1.062900324774479266e+00
1.073491754061253856e+00
1.085659999802504716e+00
1.099562442487852731e+00
1.115351054804910813e+00
1.133164922154737075e+00
1.153120858321911468e+00
1.175301976688451155e+00
1.199744181674268662e+00
1.226420711441737810e+00
1.255225112087181794e+00
1.285953379393872442e+00
1.318286490813369793e+00
1.351775185443286453e+00
1.385829632211836193e+00
1.419717514636883893e+00
1.452574939714811331e+00
1.483435218198622119e+00
1.511280573129568428e+00
1.535120639945363852e+00
1.554098514375123141e+00
1.567619416317525660e+00
1.575488530902127593e+00
1.578034057265135015e+00
1.576181439028175646e+00
1.571439670066012040e+00
1.565766202991826006e+00
1.561297829822743788e+00
1.559970174685706201e+00
1.563088305895899754e+00
1.570936515040358916e+00
1.582505734406788989e+00
1.595364699673473163e+00
1.605628600588435928e+00
1.607947526881216893e+00
1.595526996392746533e+00
1.560445276486849275e+00
1.494856575424119649e+00
1.393779542714667974e+00
1.259670403299537833e+00
1.107666010584594352e+00
9.685654878522298450e-01
8.850112202540869610e-01
8.954168668942122933e-01
1.000000000000000000e+00
