1.000000000000000000e+00
7.441428680382536909e-01
7.853558057035389117e-01
9.773643862443498476e-01
1.172046683030764980e+00
1.316062471647681198e+00
1.414462833664674513e+00
1.484588406282441042e+00
1.536477869891110348e+00
1.572983261237309360e+00
1.595182948703395942e+00
1.605485223636588632e+00
1.607570167226248126e+00
1.604930170485898255e+00
1.599645888254215720e+00
1.592129746930631695e+00
1.581781749888977018e+00
1.568051010573560333e+00
1.551307046558997094e+00
1.533132026813058824e+00
1.515984686143809324e+00
1.502469481162614695e+00
1.494558207212827172e+00
1.493054773349388853e+00
1.497440865122987352e+00
1.506079671922795571e+00
1.516648370836641169e+00
1.526637776008309189e+00
1.533785491063946571e+00
1.536366730555152271e+00
1.533325540116529995e+00
1.524270637046725163e+00
1.509379641791000370e+00
1.489257089392250322e+00
1.464782737409076718e+00
1.436974174196672394e+00
1.406876071212328716e+00
1.375479675868722884e+00
1.343670653484497546e+00
1.312200613445874797e+00
1.281676770810381116e+00
1.252564434188701448e+00
1.225197798589064080e+00
1.199795485571251596e+00
1.176478203170035597e+00
1.155286697105958549e+00
1.136198802971725819e+00
1.119144892425122162e+00
1.104021356737731940e+00
1.090702014460633418e+00
1.079047491221705179e+00
1.068912719849896220e+00
1.060152765062019276e+00
1.052627201959372760e+00
1.046203281482893654e+00
1.040758106140490691e+00
1.036180021147134589e+00
1.032369403490857263e+00
1.029239007081393265e+00
1.026713997895722486e+00
1.024731790078162730e+00
1.023241772946306138e+00
1.022205000083657334e+00
1.021593895171201138e+00
1.021392014729280318e+00
1.021593895171526656e+00
1.022205000084325688e+00
1.023241772947361072e+00
1.024731790079671745e+00
1.026713997897778841e+00
1.029239007084124857e+00
1.032369403494439064e+00
1.036180021151787312e+00
1.040758106146512318e+00
1.046203281490656556e+00
1.052627201969369208e+00
1.060152765074882764e+00
1.068912719866428329e+00
1.079047491242937973e+00
1.090702014487879623e+00
1.104021356772672657e+00
1.119144892469891461e+00
1.136198803029046189e+00
1.155286697179276123e+00
1.176478203263733757e+00
1.199795485690877905e+00
1.225197798741653799e+00
1.252564434383174108e+00
1.281676771058031017e+00
1.312200613761021373e+00
1.343670653885282507e+00
1.375479676378182248e+00
1.406876071859731736e+00
1.436974175019259947e+00
1.464782738454308175e+00
1.489257090720723209e+00
1.509379643480206035e+00
1.524270639195894228e+00
1.533325542852811640e+00
1.536366734041386017e+00
1.533785495508278585e+00
1.526637781675648675e+00
1.516648378061839386e+00
1.506079681124857572e+00
1.497440876819208899e+00
1.493054788167639035e+00
1.494558225899869086e+00
1.502469504586232407e+00
1.515984715286849749e+00
1.533132062757933456e+00
1.551307090461041982e+00
1.568051063620074181e+00
1.581781813237451262e+00
1.592129821616166563e+00
1.599645975056030789e+00
1.604930269750555194e+00
1.607570278662160179e+00
1.605485346115386847e+00
1.595183080117853924e+00
1.572983398463091653e+00
1.536478008881772217e+00
1.484588542303042047e+00
1.414462961645901684e+00
1.316062586611777885e+00
1.172046780501687202e+00
9.773644625415680576e-01
7.853558580742573403e-01
7.441428946715958892e-01
1.000000000000000000e+00
