1.000000000000000000e+00
8.172833899712032002e-01
8.181496162435789588e-01
9.567378358219663648e-01
1.139438847123461329e+00
1.301433465920997179e+00
1.419060469774733546e+00
1.495541271637456315e+00
1.543583446398204106e+00
1.574610631010926021e+00
1.595217352396277599e+00
1.607830414331549385e+00
1.612696739362518006e+00
1.609679196934398204e+00
1.599386496181815831e+00
1.583606575066871303e+00
1.565146091090118707e+00
1.547254478682947632e+00
1.532879346047804292e+00
1.524013260245016266e+00
1.521324008167476816e+00
1.524138674988976483e+00
1.530730295851737921e+00
1.538778637201432264e+00
1.545859498607564664e+00
1.549848205022355430e+00
1.549177144138825124e+00
1.542939596219512044e+00
1.530867870073102210e+00
1.513229368001613118e+00
1.490683812805061459e+00
1.464135454022937877e+00
1.434601865053851455e+00
1.403109932447871966e+00
1.370621564048541963e+00
1.337986697198014552e+00
1.305918786740431159e+00
1.274987288178861533e+00
1.245621997367295952e+00
1.218124929231257481e+00
1.192686373572975134e+00
1.169402668563946035e+00
1.148293997962412716e+00
1.129321123822700779e+00
1.112400421811205797e+00
1.097416913963879415e+00
1.084235219696119357e+00
1.072708494116871414e+00
1.062685513427167994e+00
1.054016116523563307e+00
1.046555232312680994e+00
1.040165723053658065e+00
1.034720262245152123e+00
1.030102446257004090e+00
1.026207315740080395e+00
1.022941438406243631e+00
1.020222680801897264e+00
1.017979774324470510e+00
1.016151760604904419e+00
1.014687383808211774e+00
1.013544482449457496e+00
1.012689420871393020e+00
1.012096590356920345e+00
1.011748001656138873e+00
1.011632984156789261e+00
1.011748001658666407e+00
1.012096590362105752e+00
1.012689420879507862e+00
1.013544482460915219e+00
1.014687383823606348e+00
1.016151760625022771e+00
1.017979774350342259e+00
1.020222680834837803e+00
1.022941438447931617e+00
1.026207315792618813e+00
1.030102446323043930e+00
1.034720262328021612e+00
1.040165723157514099e+00
1.046555232442728522e+00
1.054016116686310678e+00
1.062685513630757361e+00
1.072708494371491739e+00
1.084235220014536205e+00
1.097416914362089990e+00
1.112400422309288484e+00
1.129321124445892721e+00
1.148293998742489386e+00
1.169402669540986262e+00
1.192686374797642390e+00
1.218124930767731096e+00
1.245621999297056082e+00
1.274987290605616996e+00
1.305918789796473023e+00
1.337986701052452654e+00
1.370621568917951949e+00
1.403109938610020535e+00
1.434601872865261640e+00
1.464135463941247162e+00
1.490683825417108421e+00
1.513229384058278004e+00
1.530867890531667275e+00
1.542939622293859170e+00
1.549177177357004220e+00
1.549848247289693282e+00
1.545859552271662718e+00
1.538778705113098111e+00
1.530730381413323737e+00
1.524138782179141671e+00
1.521324141529265761e+00
1.524013424822406870e+00
1.532879547254010211e+00
1.547254722081149669e+00
1.565146382063939301e+00
1.583606918356267101e+00
1.599386895266122544e+00
1.609679653266646859e+00
1.612697251504439322e+00
1.607830977103882342e+00
1.595217956225068567e+00
1.574611261684802033e+00
1.543584085422702978e+00
1.495541897267959053e+00
1.419061058646869933e+00
1.301433995017625689e+00
1.139439295682601161e+00
9.567381867774498172e-01
8.181498569551803879e-01
8.172835122945883990e-01
1.000000000000000000e+00
