1.000000000000000000e+00
8.462333154991547035e-01
8.387731285204708120e-01
9.544719579159078870e-01
1.122455007899645363e+00
1.284091777811727564e+00
1.410303691773222345e+00
1.496502750008281035e+00
1.550558633022681487e+00
1.582721377379522787e+00
1.600542264971126727e+00
1.608052839909614340e+00
1.607109544486197361e+00
1.599084336504789094e+00
1.585923548516817716e+00
1.570347485930100540e+00
1.555408740952902935e+00
1.543789739699511276e+00
1.537188276533366205e+00
1.536004763158529407e+00
1.539384780582359724e+00
1.545542837430012639e+00
1.552227710758960821e+00
1.557187167201097511e+00
1.558530167408139544e+00
1.554940443526599214e+00
1.545744119770936065e+00
1.530864351720251815e+00
1.510706835677099180e+00
1.486016785720164268e+00
1.457737547227856645e+00
1.426889060897805317e+00
1.394474231205209636e+00
1.361414138237910132e+00
1.328508891354115429e+00
1.296419084165153057e+00
1.265662479942367025e+00
1.236621063263965370e+00
1.209554462694989674e+00
1.184616689242217413e+00
1.161873992967257907e+00
1.141322352182434274e+00
1.122903664556050396e+00
1.106520121348723906e+00
1.092046538894880570e+00
1.079340620690213415e+00
1.068251251823943093e+00
1.058625003850751423e+00
1.050311067403516541e+00
1.043164843295965927e+00
1.037050419109707633e+00
1.031842143631004793e+00
1.027425490611379999e+00
1.023697379471607993e+00
1.020566096051202409e+00
1.017950932865636648e+00
1.015781646540826033e+00
1.013997810691968704e+00
1.012548125735587279e+00
1.011389732983012824e+00
1.010487568726452290e+00
1.009813784665357650e+00
1.009347253647337572e+00
1.009073174002776074e+00
1.008982781418092944e+00
1.009073174001968276e+00
1.009347253645681119e+00
1.009813784662772829e+00
1.010487568722805207e+00
1.011389732978126288e+00
1.012548125729217929e+00
1.013997810683803680e+00
1.015781646530465432e+00
1.017950932852580426e+00
1.020566096034813297e+00
1.023697379451099065e+00
1.027425490585775369e+00
1.031842143599082329e+00
1.037050419069952545e+00
1.043164843246494389e+00
1.050311067341992866e+00
1.058625003774267048e+00
1.068251251728884688e+00
1.079340620572078135e+00
1.092046538748049356e+00
1.106520121166178594e+00
1.122903664329007123e+00
1.141322351899878740e+00
1.161873992615346962e+00
1.184616688803512341e+00
1.209554462147462983e+00
1.236621062579744024e+00
1.265662479086084424e+00
1.296419083091855606e+00
1.328508890006554477e+00
1.361414136543111830e+00
1.394474229070093996e+00
1.426889058203712146e+00
1.457737543823721893e+00
1.486016781414222221e+00
1.510706830226976161e+00
1.530864344821433409e+00
1.545744111043870550e+00
1.554940432502848857e+00
1.558530153516418437e+00
1.557187149754316602e+00
1.552227688943738304e+00
1.545542810300441605e+00
1.539384747060145164e+00
1.536004722042290993e+00
1.537188226520984191e+00
1.543789679429174555e+00
1.555408669070392325e+00
1.570347401191119374e+00
1.585923449932057139e+00
1.599084223530484294e+00
1.607109417252703842e+00
1.608052699465269963e+00
1.600542113500186492e+00
1.582721218335976676e+00
1.550558471113900882e+00
1.496502590972027535e+00
1.410303541927740989e+00
1.284091643425230078e+00
1.122454894512700863e+00
9.544718698160454817e-01
8.387730685450980328e-01
8.462332851983550563e-01
1.000000000000000000e+00
