1.000000000000000000e+00
9.316557618315381983e-01
9.291403695711101252e-01
9.981307354245463337e-01
1.115432342474296901e+00
1.250062641469875890e+00
1.375580412651680406e+00
1.475518125717653950e+00
1.543870419315368947e+00
1.582694674836300885e+00
1.598699218288812007e+00
1.600132202320329711e+00
1.594584687201244799e+00
1.587782820297366060e+00
1.583177125544668051e+00
1.582075319815144709e+00
1.584094226313857767e+00
1.587752456421152258e+00
1.591066825581402000e+00
1.592055357322704090e+00
1.589092141396357682e+00
1.581100615548485910e+00
1.567604570914225004e+00
1.548675110764780261e+00
1.524816694369813819e+00
1.496830041887531326e+00
1.465679217278192059e+00
1.432379007787887515e+00
1.397909409328988328e+00
1.363157582520842626e+00
1.328883941441844074e+00
1.295707441838714225e+00
1.264104914590531425e+00
1.234419825067155640e+00
1.206876692899699899e+00
1.181598312643111770e+00
1.158623734614481204e+00
1.137925640739614108e+00
1.119426274034229341e+00
1.103011467241870935e+00
1.088542589728479726e+00
1.075866416466221498e+00
1.064823040627428385e+00
1.055252019913085482e+00
1.046996980395458188e+00
1.039908911176757877e+00
1.033848376675910785e+00
1.028686856857644383e+00
1.024307403585978937e+00
1.020604776641034661e+00
1.017485197952259446e+00
1.014865838715701241e+00
1.012674132173826180e+00
1.010846985432637180e+00
1.009329946968713809e+00
1.008076372427829881e+00
1.007046619791923669e+00
1.006207295764154575e+00
1.005530568022712234e+00
1.004993552538826052e+00
1.004577781165634898e+00
1.004268751922379188e+00
1.004055562588563211e+00
1.003930627177410440e+00
1.003889474397405834e+00
1.003930627177407997e+00
1.004055562588558104e+00
1.004268751922371639e+00
1.004577781165623795e+00
1.004993552538811619e+00
1.005530568022693583e+00
1.006207295764130816e+00
1.007046619791892583e+00
1.008076372427791911e+00
1.009329946968665181e+00
1.010846985432575451e+00
1.012674132173749797e+00
1.014865838715605761e+00
1.017485197952140208e+00
1.020604776640886113e+00
1.024307403585793974e+00
1.028686856857413678e+00
1.033848376675624570e+00
1.039908911176401052e+00
1.046996980395015431e+00
1.055252019912535699e+00
1.064823040626745376e+00
1.075866416465373288e+00
1.088542589727425902e+00
1.103011467240561760e+00
1.119426274032604418e+00
1.137925640737595279e+00
1.158623734611972766e+00
1.181598312639990711e+00
1.206876692895815895e+00
1.234419825062318843e+00
1.264104914584500694e+00
1.295707441831194462e+00
1.328883941432451588e+00
1.363157582509101573e+00
1.397909409314300744e+00
1.432379007769495116e+00
1.465679217255154487e+00
1.496830041858671523e+00
1.524816694333681388e+00
1.548675110719596848e+00
1.567604570857845436e+00
1.581100615478362670e+00
1.589092141309529804e+00
1.592055357215825362e+00
1.591066825450828670e+00
1.587752456263093137e+00
1.584094226124624250e+00
1.582075319591487395e+00
1.583177125284217057e+00
1.587782819999141060e+00
1.594584686866195256e+00
1.600132201951859123e+00
1.598699217893185365e+00
1.582694674422806980e+00
1.543870418896144736e+00
1.475518125307034634e+00
1.375580412265146935e+00
1.250062641122699603e+00
1.115432342180202152e+00
9.981307351947007467e-01
9.291403694136539659e-01
9.316557617515981438e-01
1.000000000000000000e+00
