1.000000000000000000e+00
7.795185754268789680e-01
7.959086786403970493e-01
9.622219169185323162e-01
1.155814494568090378e+00
1.311796580368067788e+00
1.418661728306491066e+00
1.488452823781859280e+00
1.535187621402103852e+00
1.567478836469455183e+00
1.589361988574607976e+00
1.602815981551266145e+00
1.609116021334494384e+00
1.609081478251389141e+00
1.603140953847372874e+00
1.591705751946164149e+00
1.575718192704868903e+00
1.556991390579966827e+00
1.538095317084128499e+00
1.521828551386215755e+00
1.510522435797867047e+00
1.505465029902109730e+00
1.506636529964896276e+00
1.512798614797497443e+00
1.521854022288749997e+00
1.531330126335200381e+00
1.538843365614805281e+00
1.542447038166559148e+00
1.540823371542596743e+00
1.533329123922535953e+00
1.519932025152157529e+00
1.501083668703831586e+00
1.477569276764610251e+00
1.450363315962574395e+00
1.420507727186139935e+00
1.389019557564530993e+00
1.356828021567209053e+00
1.324737229635988056e+00
1.293409258037485632e+00
1.263362085234649879e+00
1.234977531356792335e+00
1.208515256487925127e+00
1.184129830190102206e+00
1.161888741096842592e+00
1.141789918173419904e+00
1.123777878471834635e+00
1.107758016894023090e+00
1.093608836803413142e+00
1.081192111946373879e+00
1.070361092718609353e+00
1.060966941911696937e+00
1.052863621273859351e+00
1.045911461636129136e+00
1.039979644315413010e+00
1.034947806150904537e+00
1.030706959319618754e+00
1.027159893186534889e+00
1.024221201072809118e+00
1.021817051426733070e+00
1.019884801349762782e+00
1.018372531239120304e+00
1.017238562625026654e+00
1.016451007050225730e+00
1.015987381852267335e+00
1.015834318652806711e+00
1.015987381851985116e+00
1.016451007049649302e+00
1.017238562624129372e+00
1.018372531237862422e+00
1.019884801348091896e+00
1.021817051424573908e+00
1.024221201070071974e+00
1.027159893183102968e+00
1.030706959315357274e+00
1.034947806145631199e+00
1.039979644308919537e+00
1.045911461628161065e+00
1.052863621264096050e+00
1.060966941899752713e+00
1.070361092703996819e+00
1.081192111928496402e+00
1.093608836781515325e+00
1.107758016867151474e+00
1.123777878438754207e+00
1.141789918132544823e+00
1.161888741046084972e+00
1.184129830126708693e+00
1.208515256408228877e+00
1.234977531255875505e+00
1.263362085105884214e+00
1.293409257871889206e+00
1.324737229421399931e+00
1.356828021287140418e+00
1.389019557196668808e+00
1.420507726700398488e+00
1.450363315318623947e+00
1.477569275908777291e+00
1.501083667565383584e+00
1.519932023638958851e+00
1.533329121916255477e+00
1.540823368893716738e+00
1.542447034689515162e+00
1.538843361083731542e+00
1.531330120480473678e+00
1.521854014794269849e+00
1.512798605297969168e+00
1.506636518041867490e+00
1.505465015077442459e+00
1.510522417524557071e+00
1.521828529039255695e+00
1.538095289958233858e+00
1.556991357904642825e+00
1.575718153687944989e+00
1.591705705852129560e+00
1.603140900107091538e+00
1.609081416589194236e+00
1.609115951893372420e+00
1.602815904999659313e+00
1.589361906183612616e+00
1.567478750147714983e+00
1.535187533667255133e+00
1.488452737645888257e+00
1.418661647069749510e+00
1.311796507341594920e+00
1.155814432761226307e+00
9.622218687515387003e-01
7.959086457770777612e-01
7.795185588028119561e-01
1.000000000000000000e+00
