1.000000000000000000e+00
7.888295597336135723e-01
8.011466178299336827e-01
9.613246935042145669e-01
1.153526093511814343e+00
1.311877682515740551e+00
1.421401873411437311e+00
1.492218407797670343e+00
1.538567339894956421e+00
1.570167277090406932e+00
1.591812060958235131e+00
1.605481535975130658e+00
1.611961482675331236e+00
1.611578113264964252e+00
1.604612222954376888e+00
1.591746056281128752e+00
1.574451512073752557e+00
1.555070097447999844e+00
1.536477231781335329e+00
1.521453646836709028e+00
1.512022548190705029e+00
1.508997864323559313e+00
1.511871817493242620e+00
1.519029190319444167e+00
1.528174506393907173e+00
1.536822890843577261e+00
1.542727397996550120e+00
1.544168458158886814e+00
1.540086970033525127e+00
1.530083367385997484e+00
1.514324958646015462e+00
1.493406188893888542e+00
1.468198196717933834e+00
1.439711854023575155e+00
1.408986920660889819e+00
1.377011172768727976e+00
1.344667800355398679e+00
1.312706518912319931e+00
1.281732896762389995e+00
1.252210601643203303e+00
1.224472037494643173e+00
1.198733797424311298e+00
1.175114287078142139e+00
1.153651673210759343e+00
1.134320953220931516e+00
1.117049427751154012e+00
1.101730211452549790e+00
1.088233662636601151e+00
1.076416775513829416e+00
1.066130680196795355e+00
1.057226452624198121e+00
1.049559462226600681e+00
1.042992489483626217e+00
1.037397835946613833e+00
1.032658631271397676e+00
1.028669519256384834e+00
1.025336880588194832e+00
1.022578725856625681e+00
1.020324369641381068e+00
1.018513975821028650e+00
1.017098046064992323e+00
1.016036907824913627e+00
1.015300244934710383e+00
1.014866702918874042e+00
1.014723591971160355e+00
1.014866702920520503e+00
1.015300244938090568e+00
1.016036907830205616e+00
1.017098046072471229e+00
1.018513975831088381e+00
1.020324369654545871e+00
1.022578725873582339e+00
1.025336880609821755e+00
1.028669519283808675e+00
1.032658631306028418e+00
1.037397835990240269e+00
1.042992489538497880e+00
1.049559462295535095e+00
1.057226452710734232e+00
1.066130680305366507e+00
1.076416775650003599e+00
1.088233662807360336e+00
1.101730211666665404e+00
1.117049428019635693e+00
1.134320953557637290e+00
1.153651673633133257e+00
1.175114287608187036e+00
1.198733798089826053e+00
1.224472038330808754e+00
1.252210602694635355e+00
1.281732898085776062e+00
1.312706520579860481e+00
1.344667802459232009e+00
1.377011175426660516e+00
1.408986924023806431e+00
1.439711858284983936e+00
1.468198202126163476e+00
1.493406195767617906e+00
1.514324967393756438e+00
1.530083378530247451e+00
1.540086984240093493e+00
1.544168476271547741e+00
1.542727421076655281e+00
1.536822920213205990e+00
1.528174543679921449e+00
1.519029237494197160e+00
1.511871876906103696e+00
1.508997938715984866e+00
1.512022640686596198e+00
1.521453760898995533e+00
1.536477371124564728e+00
1.555070265894302084e+00
1.574451713335715652e+00
1.591746293651784994e+00
1.604612498886793803e+00
1.611578428839320898e+00
1.611961836985422725e+00
1.605481925516429431e+00
1.591812479150084503e+00
1.570167714090183519e+00
1.538567782839902698e+00
1.492218841534012075e+00
1.421402281653302291e+00
1.311878049244395550e+00
1.153526404323544474e+00
9.613249366074858582e-01
8.011467845251234454e-01
7.888296444303801724e-01
1.000000000000000000e+00
