1.000000000000000000e+00
9.088401331684720086e-01
9.005263255314577275e-01
9.778695053551672567e-01
1.108891070153753100e+00
1.255393418512287695e+00
1.387734844514859400e+00
1.489627694550971437e+00
1.556799664682426254e+00
1.592981330415951025e+00
1.605751848124984615e+00
1.603505640202464999e+00
1.593728066417182454e+00
1.582225935463963173e+00
1.572895563883480730e+00
1.567768025065665149e+00
1.567227123838582425e+00
1.570363438630400843e+00
1.575423295776905208e+00
1.580285407233741335e+00
1.582888005914742768e+00
1.581545994247872455e+00
1.575130957920399366e+00
1.563120906368320906e+00
1.545549818028133515e+00
1.522896018464361179e+00
1.495945784927063427e+00
1.465659533152245064e+00
1.433057270769006353e+00
1.399130735957673233e+00
1.364783043114774497e+00
1.330792766444410358e+00
1.297797642572603882e+00
1.266292749310852450e+00
1.236638495385786740e+00
1.209074585597730955e+00
1.183737027904087746e+00
1.160676074515889278e+00
1.139873675867762559e+00
1.121259562131194265e+00
1.104725464818311131e+00
1.090137273827579190e+00
1.077345117371079741e+00
1.066191475566569791e+00
1.056517511309736035e+00
1.048167838782150918e+00
1.040993961667621370e+00
1.034856608172470605e+00
1.029627174446694493e+00
1.025188466487578554e+00
1.021434906301325940e+00
1.018272343250280487e+00
1.015617587629202401e+00
1.013397761537097042e+00
1.011549542568652260e+00
1.010018358963769458e+00
1.008757580635734508e+00
1.007727738815647589e+00
1.006895797683761362e+00
1.006234494040526561e+00
1.005721755518352412e+00
1.005340203768103846e+00
1.005076746207181015e+00
1.004922258044369965e+00
1.004871355182401560e+00
1.004922258045276129e+00
1.005076746209041527e+00
1.005340203771014185e+00
1.005721755522458905e+00
1.006234494046040373e+00
1.006895797690962269e+00
1.007727738824899744e+00
1.008757580647501984e+00
1.010018358978644226e+00
1.011549542587374839e+00
1.013397761560598243e+00
1.015617587658646626e+00
1.018272343287120130e+00
1.021434906347371552e+00
1.025188466545088328e+00
1.029627174518482846e+00
1.034856608262044286e+00
1.040993961779353993e+00
1.048167838921496786e+00
1.056517511483504590e+00
1.066191475783271558e+00
1.077345117641360206e+00
1.090137274164776793e+00
1.104725465239164706e+00
1.121259562656742093e+00
1.139873676524504775e+00
1.160676075337269353e+00
1.183737028932402513e+00
1.209074586886583313e+00
1.236638497003246684e+00
1.266292751343514267e+00
1.297797645130770450e+00
1.330792769668722508e+00
1.364783047184547904e+00
1.399130741101374920e+00
1.433057277277132391e+00
1.465659541392869025e+00
1.495945795364123310e+00
1.522896031678310447e+00
1.545549834738064510e+00
1.563120927453730324e+00
1.575130984439649717e+00
1.581546027449044933e+00
1.582888047233259154e+00
1.580285458270115795e+00
1.575423358247627581e+00
1.570363514285583628e+00
1.567227214341721631e+00
1.567768131833682244e+00
1.572895687889314997e+00
1.582226077009889709e+00
1.593728224895668122e+00
1.603505813873233210e+00
1.605752033950233804e+00
1.592981524005603111e+00
1.556799860400126301e+00
1.489627885811315666e+00
1.387735024260156713e+00
1.255393579799667148e+00
1.108891206733179535e+00
9.778696121080500125e-01
9.005263986894018746e-01
9.088401703238252471e-01
1.000000000000000000e+00
