1.000000000000000000e+00
8.762993948413740908e-01
8.652835466516169971e-01
9.600456110118392727e-01
1.110916753788892652e+00
1.268681987979145553e+00
1.402059340728898151e+00
1.499073954410057974e+00
1.560933540209880066e+00
1.594745463869293056e+00
1.608451875547354692e+00
1.608653282548339725e+00
1.600408372888088904e+00
1.587758222122768181e+00
1.574132653156980588e+00
1.562369895123860264e+00
1.554471506812302284e+00
1.551344010034798160e+00
1.552721057451184716e+00
1.557328691554849431e+00
1.563239667324995308e+00
1.568303487939259666e+00
1.570538871537954018e+00
1.568413353644792174e+00
1.560983638909948068e+00
1.547910133579776693e+00
1.529381216941603450e+00
1.505988104667332017e+00
1.478585291513262456e+00
1.448160849400709660e+00
1.415729954488294196e+00
1.382256373145575923e+00
1.348600948070919792e+00
1.315493072744992498e+00
1.283520010128219591e+00
1.253128969372528267e+00
1.224637525044522723e+00
1.198248859116481047e+00
1.174069200860668349e+00
1.152125623188405834e+00
1.132382987188064627e+00
1.114759310253782054e+00
1.099139185995357870e+00
1.085385130602354087e+00
1.073346894494298542e+00
1.062868880701268504e+00
1.053795869332321278e+00
1.045977273835526189e+00
1.039270159517372782e+00
1.033541245429923094e+00
1.028668092741841900e+00
1.024539660060683532e+00
1.021056381688533632e+00
1.018129900407899191e+00
1.015682563379392667e+00
1.013646768853965652e+00
1.011964233058105123e+00
1.010585230931409395e+00
1.009467851330224430e+00
1.008577296685143176e+00
1.007885248669718514e+00
1.007369314920831149e+00
1.007012566954825772e+00
1.006803175857847954e+00
1.006734149818950819e+00
1.006803175860324195e+00
1.007012566959904598e+00
1.007369314928776349e+00
1.007885248680932211e+00
1.008577296700200909e+00
1.009467851349891143e+00
1.010585230956682290e+00
1.011964233090257181e+00
1.013646768894616912e+00
1.015682563430575946e+00
1.018129900472168003e+00
1.021056381769087640e+00
1.024539660161516208e+00
1.028668092867944361e+00
1.033541245587525248e+00
1.039270159714258845e+00
1.045977274081421049e+00
1.053795869639383209e+00
1.062868881084716222e+00
1.073346894973202570e+00
1.085385131200648168e+00
1.099139186743132823e+00
1.114759311188936675e+00
1.132382988358446418e+00
1.152125624654544600e+00
1.174069202699332015e+00
1.198248861425273981e+00
1.224637527947842086e+00
1.253128973029283832e+00
1.283520014741828863e+00
1.315493078576292829e+00
1.348600955454730244e+00
1.382256382511872550e+00
1.415729966388913130e+00
1.448160864542676229e+00
1.478585310799576114e+00
1.505988129245709350e+00
1.529381248260921256e+00
1.547910173452602622e+00
1.560983689577707834e+00
1.568413417839533253e+00
1.570538952531722376e+00
1.568303589569071566e+00
1.563239793978772552e+00
1.557328848102054630e+00
1.552721249101099987e+00
1.551344242105370697e+00
1.554471784392609024e+00
1.562370222614938964e+00
1.574133033682677985e+00
1.587758656821303793e+00
1.600408860132101818e+00
1.608653817195018432e+00
1.608452448375347732e+00
1.594746061387664504e+00
1.560934144999045703e+00
1.499074546065791047e+00
1.402059897344277273e+00
1.268682487946292126e+00
1.110917177576209891e+00
9.600459425382608103e-01
8.652837740057974791e-01
8.762995103632972294e-01
1.000000000000000000e+00
