1.000000000000000000e+00
7.475453661040570852e-01
7.853197206900680571e-01
9.744435292728097497e-01
1.169204394972459538e+00
1.314449251556626175e+00
1.413415331922382112e+00
1.483162835035600535e+00
1.534344499138277529e+00
1.570405633180033789e+00
1.592647561328719652e+00
1.603403104005564295e+00
1.606132983970572470e+00
1.604071519562330961e+00
1.599081809086756456e+00
1.591475616367307389e+00
1.580715280527265287e+00
1.566455526767219775e+00
1.549331089642371317e+00
1.531142266854809142e+00
1.514438941179190978e+00
1.501766076659990290e+00
1.494917214618027179e+00
1.494464128669615199e+00
1.499671393221282623e+00
1.508750561903016596e+00
1.519314714450288539e+00
1.528873719393864405e+00
1.535245666112240892e+00
1.536819463063526570e+00
1.532659954917926726e+00
1.522484593082671811e+00
1.506556705094219240e+00
1.485539690821741754e+00
1.460346566947994473e+00
1.432006689020245416e+00
1.401560246500295648e+00
1.369982957061449458e+00
1.338138421762912200e+00
1.306753215814572266e+00
1.276409149369281737e+00
1.247547501513144974e+00
1.220480869619794850e+00
1.195409244788510295e+00
1.172437835744426948e+00
1.151594935334591785e+00
1.132848733870828184e+00
1.116122441970107904e+00
1.101307415384106481e+00
1.088274201749838355e+00
1.076881578437193676e+00
1.066983742080768627e+00
1.058435860192200817e+00
1.051098215963615745e+00
1.044839178423460968e+00
1.039537218486545234e+00
1.035082172257375088e+00
1.031375929861772178e+00
1.028332703654214919e+00
1.025879005594271032e+00
1.023953440983638163e+00
1.022506405202221691e+00
1.021499751815427626e+00
1.020906484419943805e+00
1.020710510638505486e+00
1.020906484419745741e+00
1.021499751815021284e+00
1.022506405201593971e+00
1.023953440982769525e+00
1.025879005593129056e+00
1.028332703652763414e+00
1.031375929859967622e+00
1.035082172255161304e+00
1.039537218483865377e+00
1.044839178420239989e+00
1.051098215959780813e+00
1.058435860187673105e+00
1.066983742075454433e+00
1.076881578430999076e+00
1.088274201742654101e+00
1.101307415375822663e+00
1.116122441960593070e+00
1.132848733859938228e+00
1.151594935322134416e+00
1.172437835730157696e+00
1.195409244772071888e+00
1.220480869600670149e+00
1.247547501490565924e+00
1.276409149342081717e+00
1.306753215780991351e+00
1.338138421720301841e+00
1.369982957005899449e+00
1.401560246426092116e+00
1.432006688919166715e+00
1.460346566808412128e+00
1.485539690627514675e+00
1.506556704823380111e+00
1.522484592705967810e+00
1.532659954397332047e+00
1.536819462350870857e+00
1.535245665148235572e+00
1.528873718107641499e+00
1.519314712759612274e+00
1.508750559714877815e+00
1.499671390432272267e+00
1.494464125164916224e+00
1.494917210267799001e+00
1.501766071312409911e+00
1.514438934651002100e+00
1.531142258922642441e+00
1.549331080040450503e+00
1.566455515197611392e+00
1.580715266686064657e+00
1.591475599984110589e+00
1.599081789968519018e+00
1.604071497631200938e+00
1.606132959291536322e+00
1.603403076809753580e+00
1.592647532041468583e+00
1.570405602451257598e+00
1.534344467854267036e+00
1.483162804286187297e+00
1.413415302917668148e+00
1.314449225512933195e+00
1.169204372989354423e+00
9.744435122156989149e-01
7.853197091146602027e-01
7.475453602756854110e-01
1.000000000000000000e+00
