1.000000000000000000e+00
9.169359442101132629e-01
9.104441977746042802e-01
9.846281767404689855e-01
1.110874552416579508e+00
1.253569269205635939e+00
1.384035237863342926e+00
1.485684908737526788e+00
1.553454547726412116e+00
1.590427864373440858e+00
1.603941140861930181e+00
1.602475085255921750e+00
1.593704279894395670e+00
1.583525536731662298e+00
1.575738079081279608e+00
1.572117521341049873e+00
1.572730540985452841e+00
1.576395001742293411e+00
1.581202603230775772e+00
1.585020814501004960e+00
1.585902650946192871e+00
1.582361055094059887e+00
1.573499439495025243e+00
1.559019024878090409e+00
1.539139828531133292e+00
1.514475156912898912e+00
1.485893224874112573e+00
1.454389165741572842e+00
1.420980244710777773e+00
1.386628772628292428e+00
1.352191712014612301e+00
1.318392994740602342e+00
1.285813462195471102e+00
1.254893394942736107e+00
1.225943259568788246e+00
1.199159185463669175e+00
1.174640570311137333e+00
1.152407989903324159e+00
1.132420216452159289e+00
1.114589629965332840e+00
1.098795657798328884e+00
1.084896122391344475e+00
1.072736540219650703e+00
1.062157516751901509e+00
1.053000439465735960e+00
1.045111696777148769e+00
1.038345655040860960e+00
1.032566616005468507e+00
1.027649958736442493e+00
1.023482647021926040e+00
1.019963258467357914e+00
1.017001666801753412e+00
1.014518485629850364e+00
1.012444360736155291e+00
1.010719179476144980e+00
1.009291249905902355e+00
1.008116489051673836e+00
1.007157648932393013e+00
1.006383600379313403e+00
1.005768688071187800e+00
1.005292165237475999e+00
1.004937712900771052e+00
1.004693046078070306e+00
1.004549607807050604e+00
1.004502351003671690e+00
1.004549607808576273e+00
1.004693046081200691e+00
1.004937712905664915e+00
1.005292165244380032e+00
1.005768688080451723e+00
1.006383600391403288e+00
1.007157648947914375e+00
1.008116489071399391e+00
1.009291249930812429e+00
1.010719179507467924e+00
1.012444360775429875e+00
1.014518485678996829e+00
1.017001666863164511e+00
1.019963258544008156e+00
1.023482647117514910e+00
1.027649958855566537e+00
1.032566616153838490e+00
1.038345655225572317e+00
1.045111697007017781e+00
1.053000439751722084e+00
1.062157517107637839e+00
1.072736540662105664e+00
1.084896122941662489e+00
1.098795658482885740e+00
1.114589630817072630e+00
1.132420217512299487e+00
1.152407991223511230e+00
1.174640571956205637e+00
1.199159187515153491e+00
1.225943262129416622e+00
1.254893398142154171e+00
1.285813466197525790e+00
1.318392999752598493e+00
1.352191718298936918e+00
1.386628780516979687e+00
1.420980254623440020e+00
1.454389178207123878e+00
1.485893240556477535e+00
1.514475176640389220e+00
1.539139853328470142e+00
1.559019055998829950e+00
1.573499478450546052e+00
1.582361103673227909e+00
1.585902711217599625e+00
1.585020888787678439e+00
1.581202694046058399e+00
1.576395111675883198e+00
1.572730672530951557e+00
1.572117676660978347e+00
1.575738259712556211e+00
1.583525743244072137e+00
1.593704511527202383e+00
1.602475339574188862e+00
1.603941413493310764e+00
1.590428148903407113e+00
1.553454835834008785e+00
1.485685190628888597e+00
1.384035502995154987e+00
1.253569507193321497e+00
1.110874753933352332e+00
9.846283341932842159e-01
9.104443056257861544e-01
9.169359989633766306e-01
1.000000000000000000e+00
