1.000000000000000000e+00
7.477406144121786502e-01
7.860763515557179781e-01
9.757103251784788878e-01
1.170778728952323489e+00
1.316210985263119415e+00
1.415333462848003876e+00
1.485216851253219117e+00
1.536479605168567186e+00
1.572538650689886186e+00
1.594692497180896673e+00
1.605291778329857033e+00
1.607824804287073750e+00
1.605554838628589165e+00
1.600369043925441659e+00
1.592593444554688986e+00
1.581692553098504428e+00
1.567313015017923084e+00
1.550076622558186568e+00
1.531772306946580064e+00
1.514944863142735576e+00
1.502141880955737641e+00
1.495165561495719997e+00
1.494598897874575671e+00
1.499716594089279820e+00
1.508736637906555433e+00
1.519273796759217587e+00
1.528835245368647344e+00
1.535233261760512891e+00
1.536849395120044370e+00
1.532740997856823606e+00
1.522618909001972609e+00
1.506741279020949786e+00
1.485767931903712480e+00
1.460609805739270683e+00
1.432295421589433015e+00
1.401865071195327550e+00
1.370295212354371905e+00
1.338450567405884861e+00
1.307059012411208476e+00
1.276703691334560853e+00
1.247827151507934218e+00
1.220743133105123501e+00
1.195652613811306608e+00
1.172661622659924241e+00
1.151799110333093346e+00
1.133033774920867431e+00
1.116289201928185815e+00
1.101457008297824114e+00
1.088407908543221891e+00
1.077000770993504331e+00
1.067089824049312519e+00
1.058530222501115503e+00
1.051182204913425178e+00
1.044914074286438233e+00
1.039604222685756696e+00
1.035142401403947199e+00
1.031430415158949510e+00
1.028382394410913836e+00
1.025924775814828882e+00
1.023996098205153249e+00
1.022546700930912156e+00
1.021538393066009576e+00
1.020944145986116158e+00
1.020747847818215703e+00
1.020944145986511842e+00
1.021538393066821815e+00
1.022546700932191133e+00
1.023996098206978456e+00
1.025924775817307566e+00
1.028382394414196987e+00
1.031430415163237413e+00
1.035142401409496538e+00
1.039604222692908309e+00
1.044914074295619999e+00
1.051182204925197761e+00
1.058530222516196773e+00
1.067089824068610859e+00
1.077000771018185477e+00
1.088407908574761995e+00
1.101457008338111221e+00
1.116289201979609791e+00
1.133033774986472286e+00
1.151799110416727334e+00
1.172661622766476119e+00
1.195652613946957876e+00
1.220743133277709225e+00
1.247827151727385786e+00
1.276703691613457314e+00
1.307059012765497963e+00
1.338450567855790307e+00
1.370295212925588757e+00
1.401865071920532113e+00
1.432295422510238669e+00
1.460609806908760744e+00
1.485767933389718243e+00
1.506741280910270486e+00
1.522618911405796416e+00
1.532741000917638763e+00
1.536849399020293161e+00
1.535233266733285085e+00
1.528835251710398691e+00
1.519273804844392339e+00
1.508736648203384823e+00
1.499716607175563432e+00
1.494598914451518601e+00
1.495165582397506521e+00
1.502141907152309441e+00
1.514944895733532304e+00
1.531772347143377733e+00
1.550076671655031380e+00
1.567313074344536927e+00
1.581692623950230914e+00
1.592593528088429133e+00
1.600369141010928198e+00
1.605554949652340468e+00
1.607824928924356245e+00
1.605291915322921703e+00
1.594692644178232532e+00
1.572538804200289686e+00
1.536479760665196537e+00
1.485217003435325589e+00
1.415333606039274494e+00
1.316211113889806938e+00
1.170778838002604960e+00
9.757104105326054322e-01
7.860764101365235179e-01
7.477406442006380161e-01
1.000000000000000000e+00
