1.000000000000000000e+00
7.470389557411837300e-01
7.852124569998844006e-01
9.746744392420405578e-01
1.169387846846978718e+00
1.314434594268473422e+00
1.413295762838909786e+00
1.483074735422409862e+00
1.534344736328495884e+00
1.570469843166380386e+00
1.592718178828570474e+00
1.603430455916020403e+00
1.606095966917467255e+00
1.603982914512412261e+00
1.598981881851004649e+00
1.591415498629974001e+00
1.580735098906574487e+00
1.566566219696566620e+00
1.549507930717491488e+00
1.531332454481789451e+00
1.514579197407908362e+00
1.501802665204528209e+00
1.494821192405853427e+00
1.494237774793288454e+00
1.499345577076570235e+00
1.508375672793681899e+00
1.518948953826650072e+00
1.528572198839140750e+00
1.535052502418367215e+00
1.536763632346930697e+00
1.532754558211013141e+00
1.522728586266903328e+00
1.506938006411892017e+00
1.486038735861701543e+00
1.460939663301669356e+00
1.432668808623740464e+00
1.402267120049633053e+00
1.370712484438042722e+00
1.338871493691308645e+00
1.307474073475674681e+00
1.277105409184108753e+00
1.248209956621193939e+00
1.221103157694593655e+00
1.195987449624867693e+00
1.172970070432541867e+00
1.152080938872351412e+00
1.133289500801991645e+00
1.116519895637509974e+00
1.101664129056442620e+00
1.088593167624315461e+00
1.077166021819877306e+00
1.067236976479641886e+00
1.058661178294912020e+00
1.051298811261743626e+00
1.045018092400369136e+00
1.039697308668551479e+00
1.035226096937851059e+00
1.031506145873569702e+00
1.028451474137837884e+00
1.025988415254218022e+00
1.024055416822102327e+00
1.022602741155432593e+00
1.021592136087073444e+00
1.020996528606053166e+00
1.020799779969105758e+00
1.020996528605853992e+00
1.021592136086664881e+00
1.022602741154801764e+00
1.024055416821228803e+00
1.025988415253070274e+00
1.028451474136378607e+00
1.031506145871755820e+00
1.035226096935625506e+00
1.039697308665856967e+00
1.045018092397130838e+00
1.051298811257887822e+00
1.058661178290359439e+00
1.067236976474298604e+00
1.077166021813648733e+00
1.088593167617091462e+00
1.101664129048113061e+00
1.116519895627943404e+00
1.133289500791043514e+00
1.152080938859828985e+00
1.172970070418202226e+00
1.195987449608354680e+00
1.221103157675392570e+00
1.248209956598540948e+00
1.277105409156843674e+00
1.307474073442047358e+00
1.338871493648684519e+00
1.370712484382532237e+00
1.402267119975552090e+00
1.432668808522909343e+00
1.460939663162518887e+00
1.486038735668173461e+00
1.506938006142134467e+00
1.522728585891820696e+00
1.532754557692792119e+00
1.536763631637681593e+00
1.535052501459163832e+00
1.528572197559569856e+00
1.518948952145023679e+00
1.508375670617623898e+00
1.499345574303367457e+00
1.494237771308851048e+00
1.494821188081073116e+00
1.501802659888312297e+00
1.514579190917770823e+00
1.531332446595262242e+00
1.549507921169955171e+00
1.566566208191593645e+00
1.580735085142092267e+00
1.591415482337519727e+00
1.598981862839179646e+00
1.603982892704236107e+00
1.606095942377650632e+00
1.603430428874132341e+00
1.592718149707157194e+00
1.570469812611465565e+00
1.534344705221438288e+00
1.483074704847110015e+00
1.413295733998722659e+00
1.314434568372660372e+00
1.169387824988594282e+00
9.746744222814751613e-01
7.852124454898207206e-01
7.470389499456525639e-01
1.000000000000000000e+00
