1.000000000000000000e+00
8.921901106504585011e-01
8.811226818740087730e-01
9.657949617563076350e-01
1.106303470648100307e+00
1.259060631234560024e+00
1.393114882900642781e+00
1.493689986274844950e+00
1.558795715561880790e+00
1.593699715230880942e+00
1.606271861311009852e+00
1.604269108241197062e+00
1.594266185496053367e+00
1.581452545053922742e+00
1.569667794480068546e+00
1.561409993931704099e+00
1.557825173923424789e+00
1.558781898615583694e+00
1.563098079800185891e+00
1.568905058855548429e+00
1.574071933385999600e+00
1.576596907077665977e+00
1.574895337084253777e+00
1.567954671821339296e+00
1.555364185896103812e+00
1.537251010124040196e+00
1.514161696798537404e+00
1.486924635625986868e+00
1.456518912179765257e+00
1.423964489262090405e+00
1.390239686572715128e+00
1.356225831349445299e+00
1.322675512788187291e+00
1.290199455004727103e+00
1.259266904298434575e+00
1.230215007413736350e+00
1.203263521852719675e+00
1.178532096435202625e+00
1.156058162109608212e+00
1.135814129957687824e+00
1.117723100205041176e+00
1.101672658972054464e+00
1.087526602223276129e+00
1.075134603033828240e+00
1.064339950188625039e+00
1.054985550723197107e+00
1.046918420008848605e+00
1.039992890846920037e+00
1.034072765616406597e+00
1.029032618613005656e+00
1.024758433540976066e+00
1.021147736675439344e+00
1.018109361581146954e+00
1.015562957830199897e+00
1.013438334754178438e+00
1.011674712351261052e+00
1.010219935220027843e+00
1.009029691784609106e+00
1.008066769957322917e+00
1.007300371522062532e+00
1.006705500641645434e+00
1.006262436707695107e+00
1.005956297980144409e+00
1.005776699836464783e+00
1.005717509721765657e+00
1.005776699832428456e+00
1.005956297971867475e+00
1.006262436694760343e+00
1.006705500623397809e+00
1.007300371497586333e+00
1.008066769925392236e+00
1.009029691743633661e+00
1.010219935167970817e+00
1.011674712285555611e+00
1.013438334671597385e+00
1.015562957726707349e+00
1.018109361451716266e+00
1.021147736513807525e+00
1.024758433339361785e+00
1.029032618361741314e+00
1.034072765303490904e+00
1.039992890457453356e+00
1.046918419524337285e+00
1.054985550120675963e+00
1.064339949439568889e+00
1.075134602102784553e+00
1.087526601066143073e+00
1.101672657533923294e+00
1.117723098417462868e+00
1.135814127735212953e+00
1.156058159345402458e+00
1.178532092995465463e+00
1.203263517569572949e+00
1.230215002076149755e+00
1.259266897640648253e+00
1.290199446691494556e+00
1.322675502395974201e+00
1.356225818342638556e+00
1.390239670273615502e+00
1.423964468813510020e+00
1.456518886498921139e+00
1.486924603348691809e+00
1.514161656213282692e+00
1.537250959096665426e+00
1.555364121787759402e+00
1.567954591405337883e+00
1.574895236471463456e+00
1.576596781665118963e+00
1.574071777848808251e+00
1.568904867207236986e+00
1.563097845549517251e+00
1.558781615047766245e+00
1.557824834528825475e+00
1.561409592995438578e+00
1.569667327830581049e+00
1.581452010946553521e+00
1.594265585575600275e+00
1.604268448482202514e+00
1.606271152776649558e+00
1.593698974434134330e+00
1.558794964188350951e+00
1.493689250082970155e+00
1.393114189792216129e+00
1.259060008769789851e+00
1.106302943551963347e+00
9.657945500436501129e-01
8.811223999936524942e-01
8.921899676051062711e-01
1.000000000000000000e+00
