1.000000000000000000e+00
1.037710298733456327e+00
1.074921578782176868e+00
1.110886011821262453e+00
1.144629854364856536e+00
1.175054083532379723e+00
1.201080575204998668e+00
1.221805615316399418e+00
1.236625161998683886e+00
1.245307304897067091e+00
1.248003143887609800e+00
1.245202597075104611e+00
1.237652131169685532e+00
1.226255269602212650e+00
1.211974746332127317e+00
1.195749658539845495e+00
1.178434483303457458e+00
1.160761230651941034e+00
1.143322195568311050e+00
1.126568818304323205e+00
1.110821675816477727e+00
1.096287073234268883e+00
1.083076604484526806e+00
1.071227063998773543e+00
1.060719016488318234e+00
1.051493078556004601e+00
1.043463514878834264e+00
1.036529121661637687e+00
1.030581595720930110e+00
1.025511706172479220e+00
1.021213630447949550e+00
1.017587813869111457e+00
1.014542682096243764e+00
1.011995492342131486e+00
1.009872561475204877e+00
1.008109062657882360e+00
1.006648540102121014e+00
1.005442255303280019e+00
1.004448448084773293e+00
1.003631571657752852e+00
1.002961542041238108e+00
1.002413027826825287e+00
1.001964795618407678e+00
1.001599118793737864e+00
1.001301251871346887e+00
1.001058969173564961e+00
1.000862164204278537e+00
1.000702504849171115e+00
1.000573138876696966e+00
1.000468444056033634e+00
1.000383817354051130e+00
1.000315498009684001e+00
1.000260419727688532e+00
1.000216087725938952e+00
1.000180476872284840e+00
1.000151947633100669e+00
1.000129177011145121e+00
1.000111102067007041e+00
1.000096873993508995e+00
1.000085821045914036e+00
1.000077418925322759e+00
1.000071267471692060e+00
1.000067072751022801e+00
1.000064633823108062e+00
1.000063833656717360e+00
1.000064633823108062e+00
1.000067072751022801e+00
1.000071267471692060e+00
1.000077418925322759e+00
1.000085821045914036e+00
1.000096873993508995e+00
1.000111102067007041e+00
1.000129177011145121e+00
1.000151947633100669e+00
1.000180476872284840e+00
1.000216087725938952e+00
1.000260419727688532e+00
1.000315498009684001e+00
1.000383817354051130e+00
1.000468444056033634e+00
1.000573138876696966e+00
1.000702504849171115e+00
1.000862164204278537e+00
1.001058969173564961e+00
1.001301251871346887e+00
1.001599118793737864e+00
1.001964795618407678e+00
1.002413027826825287e+00
1.002961542041238108e+00
1.003631571657752852e+00
1.004448448084773293e+00
1.005442255303280019e+00
1.006648540102121014e+00
1.008109062657882360e+00
1.009872561475204655e+00
1.011995492342131486e+00
1.014542682096243764e+00
1.017587813869111457e+00
1.021213630447949550e+00
1.025511706172478998e+00
1.030581595720930110e+00
1.036529121661637465e+00
1.043463514878834486e+00
1.051493078556004379e+00
1.060719016488318234e+00
1.071227063998773321e+00
1.083076604484526362e+00
1.096287073234269327e+00
1.110821675816477283e+00
1.126568818304322983e+00
1.143322195568310828e+00
1.160761230651941256e+00
1.178434483303457014e+00
1.195749658539844607e+00
1.211974746332126429e+00
1.226255269602212428e+00
1.237652131169684644e+00
1.245202597075103501e+00
1.248003143887609356e+00
1.245307304897065981e+00
1.236625161998682776e+00
1.221805615316398308e+00
1.201080575204998224e+00
1.175054083532379945e+00
1.144629854364855426e+00
1.110886011821261787e+00
1.074921578782177090e+00
1.037710298733456105e+00
1.000000000000000000e+00
