1.000000000000000000e+00
7.374429328817821983e-01
7.842440258019304222e-01
9.805164119426003078e-01
1.174222152495006055e+00
1.315574807949793756e+00
1.412771820649856513e+00
1.483442952133652293e+00
1.536474139050527876e+00
1.573748234204636054e+00
1.596030514690039759e+00
1.605846620752766851e+00
1.607165909197705300e+00
1.603833728929493274e+00
1.598272507188966962e+00
1.591102663927117078e+00
1.581682407292767545e+00
1.569154802038772445e+00
1.553433941620576242e+00
1.535682107528806517e+00
1.518134634688165230e+00
1.503438814720705397e+00
1.493841338037217525e+00
1.490547783369992274e+00
1.493443313374297032e+00
1.501196227125851435e+00
1.511638513835952713e+00
1.522262919995868824e+00
1.530688842709119202e+00
1.535001940824119337e+00
1.533933533425525519e+00
1.526893784392670650e+00
1.513898827910747258e+00
1.495438323836548955e+00
1.472323408683192003e+00
1.445542970226432633e+00
1.416143908407606178e+00
1.385141297155321860e+00
1.353457904492618713e+00
1.321889008131768461e+00
1.291087071256234564e+00
1.261560811368803270e+00
1.233683864745909631e+00
1.207709188525084576e+00
1.183786298003415949e+00
1.161979281888455562e+00
1.142284226499137079e+00
1.124645209000839197e+00
1.108968408236656433e+00
1.095134155213476790e+00
1.083006929357229975e+00
1.072443423593407053e+00
1.063298869337081065e+00
1.055431845817954573e+00
1.048707807649341905e+00
1.043001558264625483e+00
1.038198880739226615e+00
1.034197515893053199e+00
1.030907653469905094e+00
1.028252077697842992e+00
1.026166084996985584e+00
1.024597269812384415e+00
1.023505254886610150e+00
1.022861424816665865e+00
1.022648706306910515e+00
1.022861424816868814e+00
1.023505254887027593e+00
1.024597269813047662e+00
1.026166084997942152e+00
1.028252077699160383e+00
1.030907653471672569e+00
1.034197515895397768e+00
1.038198880742309704e+00
1.043001558268667806e+00
1.048707807654620794e+00
1.055431845824841286e+00
1.063298869346058773e+00
1.072443423605091706e+00
1.083006929372421157e+00
1.095134155233195017e+00
1.108968408262223315e+00
1.124645209033937832e+00
1.142284226541921077e+00
1.161979281943665399e+00
1.183786298074544385e+00
1.207709188616558071e+00
1.233683864863350799e+00
1.261560811519343073e+00
1.291087071448897561e+00
1.321889008377984842e+00
1.353457904806845580e+00
1.385141297555879003e+00
1.416143908917718575e+00
1.445542970875580258e+00
1.472323409508853542e+00
1.495438324886473103e+00
1.513898829245905020e+00
1.526893786091061411e+00
1.533933535587085562e+00
1.535001943576922434e+00
1.530688846217107324e+00
1.522262924468086087e+00
1.511638519537200187e+00
1.501196234388114004e+00
1.493443322608010604e+00
1.490547795073615234e+00
1.493841352803365163e+00
1.503438833237143335e+00
1.518134657732365334e+00
1.535682135955298788e+00
1.553433976340208966e+00
1.569154843987449865e+00
1.581682457384019580e+00
1.591102722979567341e+00
1.598272575819740027e+00
1.603833807411798595e+00
1.607165997295814108e+00
1.605846717564965553e+00
1.596030618540068113e+00
1.573748342617198093e+00
1.536474248830238309e+00
1.483443059548793741e+00
1.412771921707910439e+00
1.315574898730276221e+00
1.174222229471646894e+00
9.805164722122600152e-01
7.842440671845897215e-01
7.374429539331195382e-01
1.000000000000000000e+00
