1.000000000000000000e+00
1.070423455377123911e+00
1.143371237466420887e+00
1.219107636122313654e+00
1.296069990778771608e+00
1.371399064234455123e+00
1.441559868333102346e+00
1.502994218031417528e+00
1.552703727743735218e+00
1.588663516284937405e+00
1.610010685585229862e+00
1.617012660530690704e+00
1.610870435020148816e+00
1.593434457573005281e+00
1.566906287337753279e+00
1.533577805097506408e+00
1.495634195915140241e+00
1.455025809696669725e+00
1.413400744206552373e+00
1.372084099932959100e+00
1.332089111172700457e+00
1.294147395946575463e+00
1.258748614363787599e+00
1.226182831876987622e+00
1.196581373886088651e+00
1.169953810493212343e+00
1.146219982432805651e+00
1.125236793630525201e+00
1.106819979489803929e+00
1.090761319391436945e+00
1.076841876984487190e+00
1.064841878594334545e+00
1.054547815728743343e+00
1.045757306125548514e+00
1.038282183933849412e+00
1.031950222463085209e+00
1.026605827749780264e+00
1.022109980918890493e+00
1.018339653432751568e+00
1.015186872387065176e+00
1.012557573021660273e+00
1.010370342203700256e+00
1.008555129247569404e+00
1.007051978387035529e+00
1.005809819802361726e+00
1.004785342626697497e+00
1.003941963153375916e+00
1.003248893937595865e+00
1.002680314102771808e+00
1.002214637466324332e+00
1.001833872706574313e+00
1.001523068383408877e+00
1.001269834942771997e+00
1.001063935673270455e+00
1.000896938782606549e+00
1.000761923199193770e+00
1.000653231288958667e+00
1.000566262341545887e+00
1.000497301377019976e+00
1.000443378521347348e+00
1.000402154876113281e+00
1.000371831453483962e+00
1.000351078356522816e+00
1.000338981956796047e+00
1.000335008359578781e+00
1.000338981956796047e+00
1.000351078356522816e+00
1.000371831453483962e+00
1.000402154876113281e+00
1.000443378521347348e+00
1.000497301377019976e+00
1.000566262341545887e+00
1.000653231288958667e+00
1.000761923199193770e+00
1.000896938782606549e+00
1.001063935673270455e+00
1.001269834942771997e+00
1.001523068383408877e+00
1.001833872706574313e+00
1.002214637466324332e+00
1.002680314102771808e+00
1.003248893937595865e+00
1.003941963153375916e+00
1.004785342626697497e+00
1.005809819802361726e+00
1.007051978387035529e+00
1.008555129247569404e+00
1.010370342203700034e+00
1.012557573021660273e+00
1.015186872387065398e+00
1.018339653432751568e+00
1.022109980918890493e+00
1.026605827749780042e+00
1.031950222463084987e+00
1.038282183933849190e+00
1.045757306125548292e+00
1.054547815728742677e+00
1.064841878594334545e+00
1.076841876984486968e+00
1.090761319391436723e+00
1.106819979489804373e+00
1.125236793630524756e+00
1.146219982432806095e+00
1.169953810493212343e+00
1.196581373886088873e+00
1.226182831876987400e+00
1.258748614363787377e+00
1.294147395946576129e+00
1.332089111172700457e+00
1.372084099932958878e+00
1.413400744206552817e+00
1.455025809696669281e+00
1.495634195915140463e+00
1.533577805097505964e+00
1.566906287337751946e+00
1.593434457573006391e+00
1.610870435020149261e+00
1.617012660530689372e+00
1.610010685585228973e+00
1.588663516284936739e+00
1.552703727743734996e+00
1.502994218031416196e+00
1.441559868333101679e+00
1.371399064234455789e+00
1.296069990778771830e+00
1.219107636122312988e+00
1.143371237466420443e+00
1.070423455377123245e+00
1.000000000000000000e+00
