1.000000000000000000e+00
8.755639442630112068e-01
8.645892361033286067e-01
9.598465910557618663e-01
1.111181196993480169e+00
1.269122269001167203e+00
1.402399542817708511e+00
1.499194668981249201e+00
1.560878058115167555e+00
1.594644352337119875e+00
1.608433458750700096e+00
1.608783436205083905e+00
1.600672765291684341e+00
1.588079310183693638e+00
1.574405065728792241e+00
1.562497888219443798e+00
1.554396806411678433e+00
1.551058515116631842e+00
1.552264554738766122e+00
1.556775691551111063e+00
1.562681177165231139e+00
1.567829174014750304e+00
1.570223360694603887e+00
1.568308293512735041e+00
1.561115332034423098e+00
1.548281454143603630e+00
1.529976132219665885e+00
1.506777257649131174e+00
1.479531499856244992e+00
1.449223829975737399e+00
1.416869968575594552e+00
1.383436757868868661e+00
1.349789657398763998e+00
1.316663421630437369e+00
1.284650828087305907e+00
1.254204350518519862e+00
1.225646328397195450e+00
1.199184077032966700e+00
1.174927280567533927e+00
1.152905799074674054e+00
1.133086660201618745e+00
1.115389494896831923e+00
1.099700034124338144e+00
1.085881533535456356e+00
1.073784159945287531e+00
1.063252478070732865e+00
1.054131235328624960e+00
1.046269669832186500e+00
1.039524572154537863e+00
1.033762322493291475e+00
1.028860107126403856e+00
1.024706495522726968e+00
1.021201535019093276e+00
1.018256495564777930e+00
1.015793373955288237e+00
1.013744246013551287e+00
1.012050536737343132e+00
1.010662262656437660e+00
1.009537287484907120e+00
1.008640621443308794e+00
1.007943786119497087e+00
1.007424260154248019e+00
1.007065016085526787e+00
1.006854155072288481e+00
1.006784643669101476e+00
1.006854155074925483e+00
1.007065016090935350e+00
1.007424260162708807e+00
1.007943786131438424e+00
1.008640621459343079e+00
1.009537287505848813e+00
1.010662262683347912e+00
1.012050536771577081e+00
1.013744246056832665e+00
1.015793374009780647e+00
1.018256495633198533e+00
1.021201535104846236e+00
1.024706495630060887e+00
1.028860107260628265e+00
1.033762322661032407e+00
1.039524572364074029e+00
1.046269670093858073e+00
1.054131235655357823e+00
1.063252478478703411e+00
1.073784160454762659e+00
1.085881534171865059e+00
1.099700034919643965e+00
1.115389495891282001e+00
1.133086661446011334e+00
1.152905800633253319e+00
1.174927282521753602e+00
1.199184079486356413e+00
1.225646331481661244e+00
1.254204354402508548e+00
1.284650832986371727e+00
1.316663427820890631e+00
1.349789665235173741e+00
1.383436767806436762e+00
1.416869981198370265e+00
1.449223846031827634e+00
1.479531520300907399e+00
1.506777283696282943e+00
1.529976165401544019e+00
1.548281496376896049e+00
1.561115385689242574e+00
1.568308361478082613e+00
1.570223446430858205e+00
1.567829281580483736e+00
1.562681311202876122e+00
1.556775857214197201e+00
1.552264757542570095e+00
1.551058760693999838e+00
1.554397100155940459e+00
1.562498234798204599e+00
1.574405468459796342e+00
1.588079770284172909e+00
1.600673281051734342e+00
1.608784002192400253e+00
1.608434065212263286e+00
1.594644984994018300e+00
1.560878698520767882e+00
1.499195295519634374e+00
1.402400132274849165e+00
1.269122798477728464e+00
1.111181645792612915e+00
9.598469421422449743e-01
8.645894768653266116e-01
8.755640665950275014e-01
1.000000000000000000e+00
