1.000000000000000000e+00
9.754783474732101611e-01
9.879845814128067616e-01
1.044039214866446352e+00
1.133203903887012309e+00
1.238239350853806320e+00
1.342195620514140098e+00
1.432648239407864343e+00
1.503296158627169143e+00
1.553433219897728534e+00
1.586138078452302480e+00
1.606117568735729417e+00
1.617925111131030658e+00
1.624903096949959824e+00
1.628854160694893194e+00
1.630239316165911667e+00
1.628640851487547003e+00
1.623267932886085063e+00
1.613365689187650887e+00
1.598471153740429473e+00
1.578519497824861784e+00
1.553836197355271675e+00
1.525060011715419828e+00
1.493036577021960687e+00
1.458711142497406410e+00
1.423037113776010720e+00
1.386907495977605986e+00
1.351109902936316720e+00
1.316302215391109476e+00
1.283004479117404673e+00
1.251602455496201527e+00
1.222358753390873520e+00
1.195428264809512031e+00
1.170875452315148335e+00
1.148691770972325887e+00
1.128812105924098530e+00
1.111129564789287150e+00
1.095508297988444735e+00
1.081794252575200455e+00
1.069823918900228321e+00
1.059431224330941612e+00
1.050452780463584812e+00
1.042731712429210589e+00
1.036120300626910629e+00
1.030481653701965206e+00
1.025690612107973188e+00
1.021634057970449927e+00
1.018210781899236084e+00
1.015331032716342285e+00
1.012915852961284724e+00
1.010896282207404573e+00
1.009212492012470985e+00
1.007812900823634061e+00
1.006653304274815808e+00
1.005696045859836962e+00
1.004909244679589975e+00
1.004266090563437297e+00
1.003744212068168995e+00
1.003325119391689002e+00
1.002993721856769049e+00
1.002737918105826020e+00
1.002548256314837793e+00
1.002417661427330353e+00
1.002341226498678850e+00
1.002316065622493424e+00
1.002341226498678850e+00
1.002417661427330353e+00
1.002548256314837793e+00
1.002737918105826020e+00
1.002993721856769049e+00
1.003325119391689002e+00
1.003744212068168995e+00
1.004266090563437297e+00
1.004909244679589975e+00
1.005696045859836962e+00
1.006653304274815808e+00
1.007812900823634061e+00
1.009212492012470985e+00
1.010896282207404573e+00
1.012915852961284724e+00
1.015331032716342285e+00
1.018210781899236084e+00
1.021634057970450149e+00
1.025690612107972521e+00
1.030481653701965206e+00
1.036120300626910851e+00
1.042731712429210589e+00
1.050452780463584812e+00
1.059431224330941834e+00
1.069823918900227877e+00
1.081794252575200233e+00
1.095508297988444513e+00
1.111129564789287816e+00
1.128812105924097864e+00
1.148691770972325221e+00
1.170875452315147669e+00
1.195428264809510255e+00
1.222358753390873964e+00
1.251602455496201527e+00
1.283004479117404451e+00
1.316302215391110586e+00
1.351109902936316054e+00
1.386907495977607319e+00
1.423037113776010054e+00
1.458711142497406632e+00
1.493036577021960687e+00
1.525060011715419162e+00
1.553836197355272564e+00
1.578519497824862672e+00
1.598471153740429251e+00
1.613365689187651331e+00
1.623267932886084397e+00
1.628640851487546115e+00
1.630239316165909447e+00
1.628854160694890751e+00
1.624903096949960046e+00
1.617925111131029325e+00
1.606117568735726531e+00
1.586138078452300260e+00
1.553433219897724316e+00
1.503296158627167811e+00
1.432648239407861679e+00
1.342195620514138321e+00
1.238239350853805210e+00
1.133203903887011865e+00
1.044039214866444576e+00
9.879845814128053183e-01
9.754783474732086068e-01
1.000000000000000000e+00
