1.000000000000000000e+00
1.022844709253342366e+00
1.057358717482069554e+00
1.107844160883608042e+00
1.173497393761262497e+00
1.250255873092915415e+00
1.332360898718241593e+00
1.413668700755302821e+00
1.488649590052585348e+00
1.553012238259649624e+00
1.603956321234504490e+00
1.640130783659600411e+00
1.661411882583906818e+00
1.668607567165964811e+00
1.663161696230628372e+00
1.646896037805789748e+00
1.621802764030791932e+00
1.589886946267428991e+00
1.553053500469230741e+00
1.513031831531900018e+00
1.471331474643371440e+00
1.429222343386068683e+00
1.387733610503053772e+00
1.347665825881634305e+00
1.309611630233893598e+00
1.273981287023347342e+00
1.241030132949907383e+00
1.210885855393369015e+00
1.183574192926640345e+00
1.159042204048096325e+00
1.137178664453828203e+00
1.117831451874053528e+00
1.100821981624840573e+00
1.085956887020288919e+00
1.073037215277176770e+00
1.061865446628738274e+00
1.052250653801376723e+00
1.044012109727158188e+00
1.036981630054008452e+00
1.031004908632625172e+00
1.025942072338142275e+00
1.021667648939020623e+00
1.018070110077270884e+00
1.015051121977153414e+00
1.012524609979047918e+00
1.010415719759131026e+00
1.008659738231370451e+00
1.007201020528797342e+00
1.005991955891847756e+00
1.004991994441943648e+00
1.004166748341272619e+00
1.003487174382023062e+00
1.002928840271575250e+00
1.002471273472767432e+00
1.002097389144770867e+00
1.001792992271570926e+00
1.001546348261758368e+00
1.001347815990105916e+00
1.001189537296318210e+00
1.001065177254874206e+00
1.000969710002452384e+00
1.000899245495905365e+00
1.000850893231350680e+00
1.000822659652738311e+00
1.000813376697292201e+00
1.000822659652738311e+00
1.000850893231350680e+00
1.000899245495905365e+00
1.000969710002452384e+00
1.001065177254874206e+00
1.001189537296318210e+00
1.001347815990105916e+00
1.001546348261758368e+00
1.001792992271570926e+00
1.002097389144770867e+00
1.002471273472767432e+00
1.002928840271575250e+00
1.003487174382023062e+00
1.004166748341272619e+00
1.004991994441943648e+00
1.005991955891847756e+00
1.007201020528797342e+00
1.008659738231370673e+00
1.010415719759131026e+00
1.012524609979047918e+00
1.015051121977153414e+00
1.018070110077270884e+00
1.021667648939020401e+00
1.025942072338142275e+00
1.031004908632625394e+00
1.036981630054008452e+00
1.044012109727158188e+00
1.052250653801376501e+00
1.061865446628738052e+00
1.073037215277176548e+00
1.085956887020288697e+00
1.100821981624839907e+00
1.117831451874052862e+00
1.137178664453827759e+00
1.159042204048096325e+00
1.183574192926640789e+00
1.210885855393368127e+00
1.241030132949907605e+00
1.273981287023347120e+00
1.309611630233893820e+00
1.347665825881634527e+00
1.387733610503053550e+00
1.429222343386070238e+00
1.471331474643371440e+00
1.513031831531898685e+00
1.553053500469231851e+00
1.589886946267428991e+00
1.621802764030791710e+00
1.646896037805789303e+00
1.663161696230627262e+00
1.668607567165965921e+00
1.661411882583908373e+00
1.640130783659600633e+00
1.603956321234504045e+00
1.553012238259649402e+00
1.488649590052586458e+00
1.413668700755302154e+00
1.332360898718241149e+00
1.250255873092916747e+00
1.173497393761263830e+00
1.107844160883607376e+00
1.057358717482068888e+00
1.022844709253340367e+00
1.000000000000000000e+00
