1.000000000000000000e+00
1.077255176905054679e+00
1.154174051484246899e+00
1.229498391551543612e+00
1.301168829299901075e+00
1.366628563868870883e+00
1.423241915351029174e+00
1.468731294331549586e+00
1.501532695862167754e+00
1.520997854652225811e+00
1.527419526055304289e+00
1.521904613794768268e+00
1.506150830661147522e+00
1.482190035263821315e+00
1.452149990489748799e+00
1.418065959805875353e+00
1.381753455890746052e+00
1.344738818421353788e+00
1.308236368721664489e+00
1.273158448258733033e+00
1.240145645004151032e+00
1.209607098574915218e+00
1.181763698594174183e+00
1.156689582907596270e+00
1.134349352871146799e+00
1.114629840481118572e+00
1.097366182092962106e+00
1.082362499627376629e+00
1.069407776365863594e+00
1.058287631061255452e+00
1.048792706857405443e+00
1.040724345440636966e+00
1.033898141340707788e+00
1.028145884761416662e+00
1.023316314721751885e+00
1.019275023743850372e+00
1.015903783857521336e+00
1.013099502407342589e+00
1.010772965002896706e+00
1.008847481247697964e+00
1.007257515589251140e+00
1.005947359593031942e+00
1.004869881996339975e+00
1.003985377954362157e+00
1.003260527973091509e+00
1.002667469282444879e+00
1.002182977121489182e+00
1.001787749992680387e+00
1.001465790914308096e+00
1.001203875678902344e+00
1.000991098813155844e+00
1.000818488104604498e+00
1.000678679041352215e+00
1.000565641177714626e+00
1.000474449200973170e+00
1.000401092269349368e+00
1.000342315977186702e+00
1.000295492053122404e+00
1.000258511595752298e+00
1.000229698291604130e+00
1.000207738640623845e+00
1.000191626737287232e+00
1.000180621625972988e+00
1.000174215673598210e+00
1.000172112788871193e+00
1.000174215673598210e+00
1.000180621625972988e+00
1.000191626737287232e+00
1.000207738640623845e+00
1.000229698291604130e+00
1.000258511595752298e+00
1.000295492053122404e+00
1.000342315977186702e+00
1.000401092269349368e+00
1.000474449200973170e+00
1.000565641177714626e+00
1.000678679041352215e+00
1.000818488104604498e+00
1.000991098813155844e+00
1.001203875678902344e+00
1.001465790914308096e+00
1.001787749992680387e+00
1.002182977121489182e+00
1.002667469282444879e+00
1.003260527973091509e+00
1.003985377954362157e+00
1.004869881996339975e+00
1.005947359593031942e+00
1.007257515589251140e+00
1.008847481247697964e+00
1.010772965002896706e+00
1.013099502407342589e+00
1.015903783857521114e+00
1.019275023743850372e+00
1.023316314721751663e+00
1.028145884761416662e+00
1.033898141340707344e+00
1.040724345440636966e+00
1.048792706857405443e+00
1.058287631061255230e+00
1.069407776365863816e+00
1.082362499627376407e+00
1.097366182092962550e+00
1.114629840481118350e+00
1.134349352871146799e+00
1.156689582907596048e+00
1.181763698594174183e+00
1.209607098574915662e+00
1.240145645004151032e+00
1.273158448258732589e+00
1.308236368721665599e+00
1.344738818421354232e+00
1.381753455890745608e+00
1.418065959805874687e+00
1.452149990489747466e+00
1.482190035263822203e+00
1.506150830661147300e+00
1.521904613794766714e+00
1.527419526055304067e+00
1.520997854652226478e+00
1.501532695862166644e+00
1.468731294331548698e+00
1.423241915351029174e+00
1.366628563868871993e+00
1.301168829299901519e+00
1.229498391551542946e+00
1.154174051484246899e+00
1.077255176905054679e+00
1.000000000000000000e+00
