1.000000000000000000e+00
1.079798990084530397e+00
1.159561128346034531e+00
1.238139686774505366e+00
1.313434670990759168e+00
1.382735189925957009e+00
1.443182219963017321e+00
1.492253114939704695e+00
1.528161061184337255e+00
1.550089835963433860e+00
1.558235642793268427e+00
1.553680875990080423e+00
1.538159585986252909e+00
1.513783526121337486e+00
1.482785711697412134e+00
1.447316334202569443e+00
1.409303865851311732e+00
1.370378130277042583e+00
1.331843410301865926e+00
1.294686968662503102e+00
1.259609410808018692e+00
1.227066092679798714e+00
1.197311905650042529e+00
1.170444535596837365e+00
1.146443429195650010e+00
1.125203201102008777e+00
1.106561186945509423e+00
1.090319423286175260e+00
1.076261638938973419e+00
1.064165968199118240e+00
1.053814114548653036e+00
1.044997650257733834e+00
1.037522063276451467e+00
1.031209076819826542e+00
1.025897680296221859e+00
1.021444228987794745e+00
1.017721897310731149e+00
1.014619707788225300e+00
1.012041305132478364e+00
1.009903601461964895e+00
1.008135383738406610e+00
1.006675946905826402e+00
1.005473794839803814e+00
1.004485435008182659e+00
1.003674280740191049e+00
1.003009666349074402e+00
1.002465974327783726e+00
1.002021869828881417e+00
1.001659635150807359e+00
1.001364595582275419e+00
1.001124627388581878e+00
1.000929738712895034e+00
1.000771714525920286e+00
1.000643817349261111e+00
1.000540536200251296e+00
1.000457376986664926e+00
1.000390688369482639e+00
1.000337517878043148e+00
1.000295493785174017e+00
1.000262728919615096e+00
1.000237743205456775e+00
1.000219402274304059e+00
1.000206869999458847e+00
1.000199573258278685e+00
1.000197177646886093e+00
1.000199573258278685e+00
1.000206869999458847e+00
1.000219402274304059e+00
1.000237743205456775e+00
1.000262728919615096e+00
1.000295493785174017e+00
1.000337517878043148e+00
1.000390688369482639e+00
1.000457376986664926e+00
1.000540536200251296e+00
1.000643817349261111e+00
1.000771714525920286e+00
1.000929738712895034e+00
1.001124627388581878e+00
1.001364595582275419e+00
1.001659635150807359e+00
1.002021869828881417e+00
1.002465974327783726e+00
1.003009666349074402e+00
1.003674280740191049e+00
1.004485435008182659e+00
1.005473794839803814e+00
1.006675946905826402e+00
1.008135383738406610e+00
1.009903601461964895e+00
1.012041305132478364e+00
1.014619707788225300e+00
1.017721897310730927e+00
1.021444228987794745e+00
1.025897680296221637e+00
1.031209076819826542e+00
1.037522063276451023e+00
1.044997650257733834e+00
1.053814114548653036e+00
1.064165968199118018e+00
1.076261638938973642e+00
1.090319423286175038e+00
1.106561186945509867e+00
1.125203201102008554e+00
1.146443429195650010e+00
1.170444535596837143e+00
1.197311905650042752e+00
1.227066092679799159e+00
1.259609410808018692e+00
1.294686968662502657e+00
1.331843410301866815e+00
1.370378130277043027e+00
1.409303865851311288e+00
1.447316334202568999e+00
1.482785711697410802e+00
1.513783526121338374e+00
1.538159585986252909e+00
1.553680875990078647e+00
1.558235642793267983e+00
1.550089835963434304e+00
1.528161061184336367e+00
1.492253114939703584e+00
1.443182219963017099e+00
1.382735189925957897e+00
1.313434670990759834e+00
1.238139686774504478e+00
1.159561128346034309e+00
1.079798990084530397e+00
1.000000000000000000e+00
