1.000000000000000000e+00
7.443697420131889508e-01
7.853986742673613186e-01
9.772591794198233206e-01
1.171968731050809565e+00
1.316074294592137983e+00
1.414518728391497504e+00
1.484627919541584129e+00
1.536477983778615997e+00
1.572955785426065178e+00
1.595152583454716000e+00
1.605472931963227934e+00
1.607585520318513428e+00
1.604969028635400585e+00
1.599692046523832012e+00
1.592161003335587743e+00
1.581779128373302701e+00
1.568007368219565878e+00
1.551231054654186092e+00
1.533045821613892246e+00
1.515916534843699814e+00
1.502444737947634446e+00
1.494591944905548031e+00
1.493148203380209926e+00
1.497581921876708799e+00
1.506246740580019283e+00
1.516815479458081928e+00
1.526779639718215620e+00
1.533881319406899646e+00
1.536402358938901980e+00
1.533293977787430373e+00
1.524171430668776139e+00
1.509217544743467920e+00
1.489040471835406443e+00
1.464522049638376400e+00
1.436680644934759998e+00
1.406560715526627314e+00
1.375152614777374049e+00
1.343340706447236688e+00
1.311875107850391409e+00
1.281361510655640412e+00
1.252263776433860887e+00
1.224914795256037081e+00
1.199532059766711845e+00
1.176235336245381013e+00
1.155064611619579962e+00
1.135997131883870637e+00
1.118962829215165433e+00
1.103857784150118038e+00
1.090555611629309807e+00
1.078916820232997509e+00
1.068796293577216616e+00
1.060049098497068298e+00
1.052534849391554950e+00
1.046120861829858972e+00
1.040684318573249056e+00
1.036113652930491513e+00
1.032309331707885525e+00
1.029184195653016110e+00
1.026663491059204514e+00
1.024684703261752761e+00
1.023197281777590728e+00
1.022162328099622597e+00
1.021552300659902546e+00
1.021350777026477141e+00
1.021552300660232282e+00
1.022162328100300055e+00
1.023197281778659651e+00
1.024684703263281538e+00
1.026663491061287070e+00
1.029184195655782119e+00
1.032309331711511513e+00
1.036113652935200191e+00
1.040684318579341294e+00
1.046120861837710247e+00
1.052534849401662198e+00
1.060049098510070120e+00
1.068796293593921476e+00
1.078916820254445685e+00
1.090555611656824020e+00
1.103857784185392488e+00
1.118962829260350178e+00
1.135997131941708371e+00
1.155064611693541687e+00
1.176235336339882309e+00
1.199532059887339797e+00
1.224914795409876911e+00
1.252263776629895631e+00
1.281361510905244971e+00
1.311875108167987358e+00
1.343340706851096522e+00
1.375152615290700986e+00
1.406560716178904435e+00
1.436680645763503072e+00
1.464522050691398292e+00
1.489040473173759871e+00
1.509217546445229541e+00
1.524171432833928419e+00
1.533293980544087276e+00
1.536402362451135373e+00
1.533881323884423553e+00
1.526779645427921661e+00
1.516815486737308039e+00
1.506246749850861599e+00
1.497581933660259823e+00
1.493148218308939512e+00
1.494591963731701334e+00
1.502444761545400631e+00
1.515916564203234840e+00
1.533045857825719338e+00
1.551231098882341675e+00
1.568007421660288170e+00
1.581779192192745542e+00
1.592161078576516342e+00
1.599692133971178043e+00
1.604969128638269238e+00
1.607585632583270474e+00
1.605473055353406675e+00
1.595152715847763192e+00
1.572955923674606682e+00
1.536478123806025442e+00
1.484628056577362409e+00
1.414518857328176393e+00
1.316074410414495022e+00
1.171968829249123267e+00
9.772592562859655496e-01
7.853987270281652666e-01
7.443697688447147298e-01
1.000000000000000000e+00
