1.000000000000000000e+00
1.037251686542449258e+00
1.082820355612097218e+00
1.139847747433658798e+00
1.207693901916973456e+00
1.283128241618688214e+00
1.361418168183923694e+00
1.437335321499380481e+00
1.506013185482180328e+00
1.563567507655559741e+00
1.607430469542692864e+00
1.636413110650855485e+00
1.650561207555316878e+00
1.650890435967308001e+00
1.639079887143314762e+00
1.617181245708226855e+00
1.587376280259428674e+00
1.551795000450110873e+00
1.512393298982939172e+00
1.470881584745255433e+00
1.428693149563074138e+00
1.386981056835081327e+00
1.346633829030049689e+00
1.308302227513711724e+00
1.272431428543593368e+00
1.239294642164972649e+00
1.209025606954112986e+00
1.181648429485171015e+00
1.157103973455114065e+00
1.135272503005304356e+00
1.115992608124191543e+00
1.099076637284354563e+00
1.084322972387463224e+00
1.071525532085386034e+00
1.060480901794832009e+00
1.050993476272446880e+00
1.042878973147775001e+00
1.035966639975607784e+00
1.030100437735853580e+00
1.025139443399040395e+00
1.020957675285207200e+00
1.017443508824535714e+00
1.014498817780424611e+00
1.012037947410238115e+00
1.009986601504500925e+00
1.008280704634142655e+00
1.006865283976138725e+00
1.005693401418702670e+00
1.004725155863625208e+00
1.003926767330033387e+00
1.003269748218955204e+00
1.002730162549874349e+00
1.002287970796424510e+00
1.001926455838652696e+00
1.001631724268928325e+00
1.001392276633650269e+00
1.001198639998517992e+00
1.001043056359736338e+00
1.000919220785229102e+00
1.000822063681003460e+00
1.000747572181003520e+00
1.000692646313091849e+00
1.000654986271471092e+00
1.000633007808593877e+00
1.000625783437983252e+00
1.000633007808593877e+00
1.000654986271471092e+00
1.000692646313091849e+00
1.000747572181003520e+00
1.000822063681003460e+00
1.000919220785229102e+00
1.001043056359736338e+00
1.001198639998517992e+00
1.001392276633650269e+00
1.001631724268928325e+00
1.001926455838652696e+00
1.002287970796424510e+00
1.002730162549874349e+00
1.003269748218955204e+00
1.003926767330033387e+00
1.004725155863625208e+00
1.005693401418702670e+00
1.006865283976138725e+00
1.008280704634142655e+00
1.009986601504500925e+00
1.012037947410238115e+00
1.014498817780424611e+00
1.017443508824535492e+00
1.020957675285207200e+00
1.025139443399040617e+00
1.030100437735853580e+00
1.035966639975607784e+00
1.042878973147774779e+00
1.050993476272446658e+00
1.060480901794831787e+00
1.071525532085386034e+00
1.084322972387462558e+00
1.099076637284354341e+00
1.115992608124191099e+00
1.135272503005304356e+00
1.157103973455114510e+00
1.181648429485170126e+00
1.209025606954113430e+00
1.239294642164972871e+00
1.272431428543593812e+00
1.308302227513711724e+00
1.346633829030049689e+00
1.386981056835082438e+00
1.428693149563074138e+00
1.470881584745254766e+00
1.512393298982939838e+00
1.551795000450111095e+00
1.587376280259428452e+00
1.617181245708226189e+00
1.639079887143313874e+00
1.650890435967309777e+00
1.650561207555318877e+00
1.636413110650855041e+00
1.607430469542691975e+00
1.563567507655559297e+00
1.506013185482180994e+00
1.437335321499379370e+00
1.361418168183923250e+00
1.283128241618689325e+00
1.207693901916975232e+00
1.139847747433657910e+00
1.082820355612096330e+00
1.037251686542447926e+00
1.000000000000000000e+00
