1.000000000000000000e+00
8.415554092925509044e-01
8.356114191062853358e-01
9.555528072776710014e-01
1.126609052112808040e+00
1.288777816684169908e+00
1.413677422850935450e+00
1.498087285939845303e+00
1.550909636418227766e+00
1.582786751080030863e+00
1.601161852615969217e+00
1.609708594692839112e+00
1.609863401995382581e+00
1.602624226264408369e+00
1.589675157904149705e+00
1.573629455056348103e+00
1.557602847554495185e+00
1.544487195957066517e+00
1.536276542866666039e+00
1.533677884279229575e+00
1.536084399810707435e+00
1.541855500921218258e+00
1.548770715642014739e+00
1.554510484693089500e+00
1.557050659225090339e+00
1.554912361897133888e+00
1.547260737689515109e+00
1.533880966618167863e+00
1.515074764373326888e+00
1.491519819942514369e+00
1.464125148226783191e+00
1.433903277255567987e+00
1.401869401635003287e+00
1.368969772258547435e+00
1.336036810691403565e+00
1.303766141633615039e+00
1.272710129963577019e+00
1.243282877331600034e+00
1.215772455185216483e+00
1.190357096150057137e+00
1.167122953284435161e+00
1.146081786808473391e+00
1.127187529905742558e+00
1.110351129187306718e+00
1.095453374208195996e+00
1.082355649645160733e+00
1.070908687008289339e+00
1.060959479904586500e+00
1.052356573689846142e+00
1.044953958998740218e+00
1.038613798301870617e+00
1.033208202106816742e+00
1.028620251674770003e+00
1.024744441741450629e+00
1.021486692221708070e+00
1.018764053941182857e+00
1.016504211164394267e+00
1.014644863707262035e+00
1.013133054030014524e+00
1.011924489959856288e+00
1.010982901485014018e+00
1.010279460178223676e+00
1.009792281971010564e+00
1.009506027898182001e+00
1.009411612741943021e+00
1.009506027901257541e+00
1.009792281977319739e+00
1.010279460188093337e+00
1.010982901498945763e+00
1.011924489978564656e+00
1.013133054054450310e+00
1.014644863738666469e+00
1.016504211204353636e+00
1.018764053991712659e+00
1.021486692285335618e+00
1.024744441821358709e+00
1.028620251774944760e+00
1.033208202232233308e+00
1.038613798458748683e+00
1.044953959194844240e+00
1.052356573934880579e+00
1.060959480210674322e+00
1.070908687390594416e+00
1.082355650122664326e+00
1.095453374804683300e+00
1.110351129932631631e+00
1.127187530837439500e+00
1.146081787973820987e+00
1.167122954743113672e+00
1.190357097977569056e+00
1.215772457477301449e+00
1.243282880209970021e+00
1.272710133583317749e+00
1.303766146192785857e+00
1.336036816443442188e+00
1.368969779528275144e+00
1.401869410839132746e+00
1.433903288928837672e+00
1.464125163054868617e+00
1.491519838802940701e+00
1.515074788385387228e+00
1.533880997202317742e+00
1.547260776635846602e+00
1.554912411440889208e+00
1.557050722125039366e+00
1.554510564305679576e+00
1.548770815980918147e+00
1.541855626688636072e+00
1.536084556383822131e+00
1.533678077632993908e+00
1.536276779412169224e+00
1.544487482272725254e+00
1.557603189985079295e+00
1.573629859154982880e+00
1.589675627700834371e+00
1.602624763370623429e+00
1.609864004604978360e+00
1.609709256611541628e+00
1.601162562524304223e+00
1.582787492271107155e+00
1.550910387217858899e+00
1.498088020899243311e+00
1.413678114622368920e+00
1.288778438291356743e+00
1.126609579173352360e+00
9.555532197074623202e-01
8.356117020076330171e-01
8.415555530621682268e-01
1.000000000000000000e+00
