1.000000000000000000e+00
8.741260266106753996e-01
8.628126825456100546e-01
9.583885345915442722e-01
1.110033243417394733e+00
1.267936749112293038e+00
1.400862195051701953e+00
1.497220418438639289e+00
1.558610781049426741e+00
1.592343386598659150e+00
1.606342837675630575e+00
1.607044706283693669e+00
1.599299271461941618e+00
1.586980661875290632e+00
1.573438476245454964e+00
1.561523200613336826e+00
1.553318473967580049e+00
1.549846403444299359e+00
1.550953426470782937e+00
1.555448886797238250e+00
1.561446535222927867e+00
1.566794867228675781e+00
1.569479014836159703e+00
1.567913824394085109e+00
1.561097389792876378e+00
1.548635783086049100e+00
1.530673571320042559e+00
1.507771259490423343e+00
1.480765579632638440e+00
1.450637977937908607e+00
1.418405593056604186e+00
1.385040102971409892e+00
1.351413860705246384e+00
1.318269476890997494e+00
1.286207737003681739e+00
1.255688721886374815e+00
1.227041637273693642e+00
1.200479746885485088e+00
1.176117705822039561e+00
1.153989387585659721e+00
1.134064945585036233e+00
1.116266346683344901e+00
1.100480978039332092e+00
1.086573183550012756e+00
1.074393756857715321e+00
1.063787525268294898e+00
1.054599220252621539e+00
1.046677858920906257e+00
1.039879867213280518e+00
1.034071167202649022e+00
1.029128433504331142e+00
1.024939701427154626e+00
1.021404485093351466e+00
1.018433539305341196e+00
1.015948375768020995e+00
1.013880623190840824e+00
1.012171302220804536e+00
1.010770070246281627e+00
1.009634477823379228e+00
1.008729267646385486e+00
1.008025738371299163e+00
1.007501188926314795e+00
1.007138453911694098e+00
1.006925537011744254e+00
1.006855346735808121e+00
1.006925537009456750e+00
1.007138453907003406e+00
1.007501188918987767e+00
1.008025738360962986e+00
1.008729267632525461e+00
1.009634477805303021e+00
1.010770070223092842e+00
1.012171302191355871e+00
1.013880623153688765e+00
1.015948375721348107e+00
1.018433539246879738e+00
1.021404485020279251e+00
1.024939701335957354e+00
1.029128433390647190e+00
1.034071167061063168e+00
1.039879867037079686e+00
1.046677858701764663e+00
1.054599219980214109e+00
1.063787524929817430e+00
1.074393756437281855e+00
1.086573183027902623e+00
1.100480977391051329e+00
1.116266345878436761e+00
1.134064944585598367e+00
1.153989386344447921e+00
1.176117704280088772e+00
1.200479744969085605e+00
1.227041634890541077e+00
1.255688718920677349e+00
1.286207733309927326e+00
1.318269472286038413e+00
1.351413854958221528e+00
1.385040095791040260e+00
1.418405584075173032e+00
1.450637966691333824e+00
1.480765565535924200e+00
1.507771241807937646e+00
1.530673549130389333e+00
1.548635755241829282e+00
1.561097354876713306e+00
1.567913780673765300e+00
1.569478960223907205e+00
1.566794799252250181e+00
1.561446451019165016e+00
1.555448783141374580e+00
1.550953299856524970e+00
1.549846250229574007e+00
1.553318290598437956e+00
1.561522983933827380e+00
1.573438223894259469e+00
1.586980372760151248e+00
1.599298946287988965e+00
1.607044348088077612e+00
1.606342452285887124e+00
1.592342982891317149e+00
1.558610370858117378e+00
1.497220015980843089e+00
1.400861815843572611e+00
1.267936408518651747e+00
1.110032955169910851e+00
9.583883096782982447e-01
8.628125287419913247e-01
8.741259486340846596e-01
1.000000000000000000e+00
