1.000000000000000000e+00
9.012051479226911299e-01
8.915318101560707476e-01
9.722223620671880395e-01
1.107788285472151912e+00
1.257534811134037644e+00
1.391090413629600953e+00
1.492715065793463802e+00
1.559086952684017424e+00
1.594618000558166493e+00
1.607058863343543198e+00
1.604585628284020737e+00
1.594349312484139469e+00
1.581945554760516570e+00
1.571292503171119126e+00
1.564654134045200706e+00
1.562755494304481241e+00
1.565015917785913313e+00
1.569906126685933323e+00
1.575383002588400361e+00
1.579322632938063409e+00
1.579875097477994705e+00
1.575694288777636176e+00
1.566033874760432987e+00
1.550730587298593699e+00
1.530111442192266358e+00
1.504863189429930470e+00
1.475895199346832110e+00
1.444216487851956776e+00
1.410837532579273246e+00
1.376699856937714905e+00
1.342631488715268384e+00
1.309323927233568385e+00
1.277325475873410721e+00
1.247046037400651119e+00
1.218769208882781951e+00
1.192668411197777001e+00
1.168824652901729433e+00
1.147244269804129191e+00
1.127875572722883524e+00
1.110623782500782530e+00
1.095363953955477143e+00
1.081951813443263966e+00
1.070232581252123616e+00
1.060047939772411851e+00
1.051241357117683961e+00
1.043661995823489175e+00
1.037167436709097945e+00
1.031625435854143902e+00
1.026914912989773665e+00
1.022926346091277416e+00
1.019561722165725159e+00
1.016734169910582519e+00
1.014367377210026566e+00
1.012394876001914135e+00
1.010759259213350081e+00
1.009411379307329604e+00
1.008309565420245413e+00
1.007418885908205608e+00
1.006710475105556446e+00
1.006160936951663087e+00
1.005751833576672860e+00
1.005469263679895642e+00
1.005303533329798604e+00
1.005248920431019988e+00
1.005303533330327737e+00
1.005469263680982328e+00
1.005751833578373944e+00
1.006160936954064500e+00
1.006710475108784975e+00
1.007418885912427786e+00
1.008309565425678844e+00
1.009411379314250290e+00
1.010759259222113959e+00
1.012394876012966183e+00
1.014367377223927447e+00
1.016734169928039222e+00
1.019561722187619202e+00
1.022926346118714580e+00
1.026914913024139953e+00
1.031625435897174814e+00
1.037167436762967299e+00
1.043661995890928562e+00
1.051241357202119309e+00
1.060047939878152823e+00
1.070232581384599868e+00
1.081951813609323354e+00
1.095363954163779185e+00
1.110623782762299783e+00
1.127875573051547065e+00
1.147244270217675943e+00
1.168824653422793292e+00
1.192668411855309918e+00
1.218769209713902901e+00
1.247046038453044847e+00
1.277325477208441917e+00
1.309323928930276049e+00
1.342631490875514588e+00
1.376699859692666505e+00
1.410837536097570677e+00
1.444216492349727599e+00
1.475895205099723606e+00
1.504863196787128876e+00
1.530111451592081062e+00
1.550730599284755096e+00
1.566033889997487050e+00
1.575694308063010807e+00
1.579875121747395861e+00
1.579322663260118942e+00
1.575383040144104463e+00
1.569906172728562588e+00
1.565015973577818187e+00
1.562755561028254414e+00
1.564654212688183943e+00
1.571292594384410712e+00
1.581945658697626600e+00
1.594349428631477217e+00
1.604585755305572681e+00
1.607058998972489938e+00
1.594618141573225900e+00
1.559087095002120060e+00
1.492715204690703290e+00
1.391090544073371182e+00
1.257534928177704625e+00
1.107788384639590396e+00
9.722224396506162769e-01
8.915318633791624592e-01
9.012051749754689256e-01
1.000000000000000000e+00
