1.000000000000000000e+00
8.837395459031249789e-01
8.725654299845927442e-01
9.625600851718152384e-01
1.108763555743286222e+00
1.264550820957387023e+00
1.398650750278085608e+00
1.497640708272340637e+00
1.561158667043949677e+00
1.595442799743062690e+00
1.608434094620830201e+00
1.607325413374043110e+00
1.597942129804359013e+00
1.584919049238366018e+00
1.571926194499425611e+00
1.561675315200157010e+00
1.555778830864571027e+00
1.554646571546796530e+00
1.557555493274544345e+00
1.562916658598751285e+00
1.568671502969597453e+00
1.572710712789046283e+00
1.573221226482276469e+00
1.568907533941264143e+00
1.559078042970768685e+00
1.543619721374507758e+00
1.522899339096146498e+00
1.497630152511626678e+00
1.468734789432372345e+00
1.437224119757856133e+00
1.404101816559079730e+00
1.370296848141311363e+00
1.336621547015634182e+00
1.303750669524240013e+00
1.272216251496828043e+00
1.242413404429450363e+00
1.214612981170378525e+00
1.188977949243759769e+00
1.165581167005511398e+00
1.144422983636607105e+00
1.125447657503835241e+00
1.108558017777505622e+00
1.093628103161141674e+00
1.080513723835176076e+00
1.069061031103181181e+00
1.059113262998979899e+00
1.050515878615290610e+00
1.043120310992414090e+00
1.036786567002704107e+00
1.031384889429398433e+00
1.026796676232930805e+00
1.022914828323991498e+00
1.019643672477735796e+00
1.016898581989351014e+00
1.014605395350620665e+00
1.012699713233536913e+00
1.011126136687151345e+00
1.009837494741082642e+00
1.008794097459946526e+00
1.007963040703093727e+00
1.007317581153425845e+00
1.006836594301513621e+00
1.006504123717689270e+00
1.006309026834544040e+00
1.006244720333375309e+00
1.006309026835635612e+00
1.006504123719929256e+00
1.006836594305019705e+00
1.007317581158375441e+00
1.007963040709743741e+00
1.008794097468638240e+00
1.009837494752261033e+00
1.011126136701382849e+00
1.012699713251547173e+00
1.014605395373319841e+00
1.016898582017882857e+00
1.019643672513540711e+00
1.022914828368866269e+00
1.026796676289129184e+00
1.031384889499739277e+00
1.036786567090720368e+00
1.043120311102534226e+00
1.050515878753066401e+00
1.059113263171387320e+00
1.069061031318996768e+00
1.080513724105460538e+00
1.093628103499863613e+00
1.108558018202344675e+00
1.125447658037225906e+00
1.144422984307084112e+00
1.165581167849466526e+00
1.188977950307729792e+00
1.214612982514026607e+00
1.242413406129442066e+00
1.272216253651881512e+00
1.303750672261677179e+00
1.336621550499800248e+00
1.370296852584388825e+00
1.404101822234726349e+00
1.437224127018269737e+00
1.468734798729150137e+00
1.497630164420659105e+00
1.522899354346335610e+00
1.543619740879366375e+00
1.559078067860978800e+00
1.568907565594916287e+00
1.573221266548015862e+00
1.572710763195942940e+00
1.568671565916435640e+00
1.562916736515067573e+00
1.557555588745717534e+00
1.554646687195866184e+00
1.555778969183400529e+00
1.561675478322819277e+00
1.571926383913274661e+00
1.584919265437270353e+00
1.597942371907610237e+00
1.607325678762668630e+00
1.608434378671127929e+00
1.595443095749098816e+00
1.561158966402636850e+00
1.497641000955397539e+00
1.398651025549323634e+00
1.264551068228922714e+00
1.108763765415618385e+00
9.625602492907731067e-01
8.725655426028169348e-01
8.837396031530265761e-01
1.000000000000000000e+00
