1.000000000000000000e+00
1.059715463663000179e+00
1.118781467355034476e+00
1.176052553376725873e+00
1.229940134916903016e+00
1.278600889870849855e+00
1.320206045876228806e+00
1.353222363210641932e+00
1.376638246635851992e+00
1.390089182081096997e+00
1.393867987089147054e+00
1.388835504903983331e+00
1.376266855368435849e+00
1.357673722808723671e+00
1.334636913041438833e+00
1.308671144115297391e+00
1.281131209166415097e+00
1.253158703849054589e+00
1.225662594707060959e+00
1.199324580595934719e+00
1.174620343344962903e+00
1.151849243490488561e+00
1.131166923497216148e+00
1.112617110250629482e+00
1.096160415545915257e+00
1.081699053164346447e+00
1.069097155019737233e+00
1.058196846205361474e+00
1.048830504819134424e+00
1.040829753135591451e+00
1.034031753786502472e+00
1.028283355918353736e+00
1.023443577953992323e+00
1.019384842790937995e+00
1.015993308731008682e+00
1.013168571362804693e+00
1.010822951202383857e+00
1.008880530386351948e+00
1.007276059160755688e+00
1.005953818690411117e+00
1.004866499855821882e+00
1.003974137111438569e+00
1.003243121060459098e+00
1.002645302151408790e+00
1.002157189935229953e+00
1.001759246886232635e+00
1.001435272265914556e+00
1.001171869394709368e+00
1.000957988598866866e+00
1.000784537712696043e+00
1.000644052108815574e+00
1.000530416628663710e+00
1.000438632367306901e+00
1.000364621941250975e+00
1.000305067574453366e+00
1.000257277035237369e+00
1.000219073120006019e+00
1.000188702993954237e+00
1.000164764257737149e+00
1.000146145110729634e+00
1.000131976428340286e+00
1.000121593966978528e+00
1.000114509261826656e+00
1.000110388095619474e+00
1.000109035698402815e+00
1.000110388095619474e+00
1.000114509261826656e+00
1.000121593966978528e+00
1.000131976428340286e+00
1.000146145110729634e+00
1.000164764257737149e+00
1.000188702993954237e+00
1.000219073120006019e+00
1.000257277035237369e+00
1.000305067574453366e+00
1.000364621941250975e+00
1.000438632367306901e+00
1.000530416628663710e+00
1.000644052108815574e+00
1.000784537712696043e+00
1.000957988598866866e+00
1.001171869394709368e+00
1.001435272265914556e+00
1.001759246886232635e+00
1.002157189935229953e+00
1.002645302151408790e+00
1.003243121060459098e+00
1.003974137111438569e+00
1.004866499855821882e+00
1.005953818690411117e+00
1.007276059160755688e+00
1.008880530386351948e+00
1.010822951202383857e+00
1.013168571362804693e+00
1.015993308731008460e+00
1.019384842790937995e+00
1.023443577953992323e+00
1.028283355918353736e+00
1.034031753786502472e+00
1.040829753135591451e+00
1.048830504819134646e+00
1.058196846205361252e+00
1.069097155019737677e+00
1.081699053164346225e+00
1.096160415545915257e+00
1.112617110250629260e+00
1.131166923497216148e+00
1.151849243490489227e+00
1.174620343344962459e+00
1.199324580595934275e+00
1.225662594707060959e+00
1.253158703849054811e+00
1.281131209166414431e+00
1.308671144115296503e+00
1.334636913041437944e+00
1.357673722808723671e+00
1.376266855368435182e+00
1.388835504903982221e+00
1.393867987089147054e+00
1.390089182081096997e+00
1.376638246635850660e+00
1.353222363210640822e+00
1.320206045876228362e+00
1.278600889870850521e+00
1.229940134916902794e+00
1.176052553376725429e+00
1.118781467355034920e+00
1.059715463662999957e+00
1.000000000000000000e+00
