1.000000000000000000e+00
8.599669789385079310e-01
8.505235944392181002e-01
9.566524014600098491e-01
1.117382584320303796e+00
1.278049687447734950e+00
1.408154030226569375e+00
1.499571640703698305e+00
1.557222157235090831e+00
1.590081399884218927e+00
1.605949612034522911e+00
1.609985114024857777e+00
1.605420066281570524e+00
1.594810189060080763e+00
1.580837283308752506e+00
1.566405864629852651e+00
1.554234615801607378e+00
1.546300506743220726e+00
1.543438171140819160e+00
1.545245354138476079e+00
1.550290639628552070e+00
1.556517267183188391e+00
1.561702885190451751e+00
1.563856669295137447e+00
1.561485413689914337e+00
1.553712607911285959e+00
1.540272443645182010e+00
1.521419005636797328e+00
1.497792736011897219e+00
1.470278228969033485e+00
1.439875821967331548e+00
1.407598539554639316e+00
1.374397713813104938e+00
1.341115424630266117e+00
1.308459284896506869e+00
1.276994269159480000e+00
1.247146524629215270e+00
1.219214863690191608e+00
1.193386562311930410e+00
1.169754979485613688e+00
1.148337276474816537e+00
1.129091123331574353e+00
1.111929740086692542e+00
1.096734952476700720e+00
1.083368172215510628e+00
1.071679363442416211e+00
1.061514150302397264e+00
1.052719271856638272e+00
1.045146612234407968e+00
1.038656035618757967e+00
1.033117244375228561e+00
1.028410859567295610e+00
1.024428899992752218e+00
1.021074811355630718e+00
1.018263173054924087e+00
1.015919187485256892e+00
1.013978036392705784e+00
1.012384171048822390e+00
1.011090587886473768e+00
1.010058128699058200e+00
1.009254834346213991e+00
1.008655372873687117e+00
1.008240556749343764e+00
1.007996959235925472e+00
1.007916636463634719e+00
1.007996959239219947e+00
1.008240556756102135e+00
1.008655372884258661e+00
1.009254834361134057e+00
1.010058128719091286e+00
1.011090587912635508e+00
1.012384171082439055e+00
1.013978036435470687e+00
1.015919187539320312e+00
1.018263173122986975e+00
1.021074811441085028e+00
1.024428900099846995e+00
1.028410859701331725e+00
1.033117244542832269e+00
1.038656035828194879e+00
1.045146612496004046e+00
1.052719272183285426e+00
1.061514150710211934e+00
1.071679363951560049e+00
1.083368172851235212e+00
1.096734953270678936e+00
1.111929741078722333e+00
1.129091124571752092e+00
1.148337278026339003e+00
1.169754981428377194e+00
1.193386564747184631e+00
1.219214866746567649e+00
1.247146528470516769e+00
1.276994273994784601e+00
1.308459290993216007e+00
1.341115432330955759e+00
1.374397723557133633e+00
1.407598551905712814e+00
1.439875837648259660e+00
1.470278248905039664e+00
1.497792761383573534e+00
1.521419037943317676e+00
1.540272484777440720e+00
1.553712660232910325e+00
1.561485480121760583e+00
1.563856753395668431e+00
1.561702991220688785e+00
1.556517400141147478e+00
1.550290805234657565e+00
1.545245558751036974e+00
1.543438421578969377e+00
1.546300809993594871e+00
1.554234978584076110e+00
1.566406292799228828e+00
1.580837781078754389e+00
1.594810758062413791e+00
1.605420704523835118e+00
1.609985814883723387e+00
1.605950363494254240e+00
1.590082184268606813e+00
1.557222951647330156e+00
1.499572418270525453e+00
1.408154762060086496e+00
1.278050345032601287e+00
1.117383141866649554e+00
9.566528377214920109e-01
8.505238936668239047e-01
8.599671309955637666e-01
1.000000000000000000e+00
