1.000000000000000000e+00
8.532698695734474148e-01
8.444470836862254526e-01
9.548490404636014173e-01
1.118893509015792098e+00
1.279983314044997877e+00
1.408213739824673016e+00
1.497111359115353757e+00
1.553021626917621578e+00
1.585560363338901935e+00
1.602417412497103788e+00
1.608191702184188054e+00
1.605425648004145778e+00
1.596088315323302975e+00
1.582511833606875973e+00
1.567533688385799762e+00
1.554059724568721990e+00
1.544425047766325720e+00
1.539883440469255182e+00
1.540407866043911556e+00
1.544823976782858210e+00
1.551182572785656077e+00
1.557228183308332348e+00
1.560832233660818691e+00
1.560306105121143316e+00
1.554564362514481157e+00
1.543151884391680273e+00
1.526172554501171730e+00
1.504162997709079130e+00
1.477948758933701034e+00
1.448509053185787820e+00
1.416864689174757164e+00
1.383994588557035721e+00
1.350780240408499200e+00
1.317974125155812581e+00
1.286186871040224000e+00
1.255887904009207023e+00
1.227415010962312980e+00
1.200989146020392084e+00
1.176731729152972639e+00
1.154682496807463599e+00
1.134816622006939779e+00
1.117060325584837477e+00
1.101304569256721599e+00
1.087416680035271366e+00
1.075249928742209260e+00
1.064651194534062872e+00
1.055466909894732241e+00
1.047547510085473865e+00
1.040750617949211199e+00
1.034943186988681596e+00
1.030002808481828236e+00
1.025818366199362730e+00
1.022290197985434634e+00
1.019329899078528889e+00
1.016859878919519344e+00
1.014812762132307533e+00
1.013130705799998976e+00
1.011764689250079563e+00
1.010673819265147877e+00
1.009824682783679428e+00
1.009190770500326684e+00
1.008751988027438262e+00
1.008494266129632777e+00
1.008409277682347671e+00
1.008494266128646899e+00
1.008751988025417878e+00
1.009190770497172762e+00
1.009824682779229432e+00
1.010673819259184869e+00
1.011764689242305781e+00
1.013130705790032060e+00
1.014812762119658096e+00
1.016859878903573877e+00
1.019329899058510458e+00
1.022290197960379343e+00
1.025818366168073981e+00
1.030002808442811890e+00
1.034943186940085358e+00
1.040750617888734242e+00
1.047547510010264693e+00
1.055466909801248354e+00
1.064651194417908675e+00
1.075249928597920457e+00
1.087416679856050283e+00
1.101304569034105008e+00
1.117060325308273594e+00
1.134816621663253366e+00
1.154682496380175616e+00
1.176731728621429163e+00
1.200989145358655419e+00
1.227415010137752782e+00
1.255887902980680204e+00
1.286186869755761020e+00
1.317974123549646270e+00
1.350780238397305766e+00
1.383994586035140362e+00
1.416864686008134422e+00
1.448509049204552035e+00
1.477948753922910807e+00
1.504162991397634208e+00
1.526172546548698161e+00
1.543151874373552612e+00
1.554564349905322995e+00
1.560306089277643249e+00
1.560832213805145585e+00
1.557228158514038396e+00
1.551182541968635142e+00
1.544823938700583987e+00
1.540407819307038517e+00
1.539883383570574971e+00
1.544424979133255160e+00
1.554059642646452577e+00
1.567533591758724532e+00
1.582511721164544083e+00
1.596088186472879755e+00
1.605425502922195324e+00
1.608191542085610104e+00
1.602417239878564326e+00
1.585560182132354612e+00
1.553021442476143488e+00
1.497111177961713446e+00
1.408213569137245047e+00
1.279983160939215825e+00
1.118893379782130104e+00
9.548489399880305539e-01
8.444470152366099214e-01
8.532698349710262642e-01
1.000000000000000000e+00
