1.000000000000000000e+00
7.599446569946806118e-01
7.892166831462816834e-01
9.704575374064945414e-01
1.166091170967129553e+00
1.316124472545759261e+00
1.418012690146080113e+00
1.487397966464999444e+00
1.536606089304460410e+00
1.571091318910449397e+00
1.593095888320524844e+00
1.604798890399961930e+00
1.608900901498934388e+00
1.607755806711132163e+00
1.602600221849226125e+00
1.593614293389640224e+00
1.580670921360220582e+00
1.564204287144369987e+00
1.545679029239713564e+00
1.527458714128105299e+00
1.512204766014301649e+00
1.502120404778001239e+00
1.498352814826086732e+00
1.500739563359621664e+00
1.507922837931580773e+00
1.517730190996599227e+00
1.527666243284289793e+00
1.535371572171680743e+00
1.538956066642218401e+00
1.537173847027145657e+00
1.529453863008661596e+00
1.515825976605315484e+00
1.496788530995735389e+00
1.473156921383318219e+00
1.445920755144110892e+00
1.416125039798849850e+00
1.384781185896722722e+00
1.352807223837698247e+00
1.320993157661144668e+00
1.289986031225498930e+00
1.260289262020015677e+00
1.232271470858971485e+00
1.206180973904518172e+00
1.182163055526190831e+00
1.160277981482150444e+00
1.140518396109711841e+00
1.122825272774440997e+00
1.107101972437483539e+00
1.093226236473513246e+00
1.081060122264457357e+00
1.070458005829483694e+00
1.061272842927511340e+00
1.053360912824997886e+00
1.046585278018151044e+00
1.040818186674350665e+00
1.035942628327701343e+00
1.031853231711947760e+00
1.028456669576728766e+00
1.025671710996723496e+00
1.023429038410609948e+00
1.021670925235883987e+00
1.020350850804757181e+00
1.019433112663485685e+00
1.018892481862592181e+00
1.018713934476720873e+00
1.018892481863255872e+00
1.019433112664849039e+00
1.020350850806897247e+00
1.021670925238921779e+00
1.023429038414715331e+00
1.025671711002125175e+00
1.028456669583731831e+00
1.031853231720941233e+00
1.035942628339194593e+00
1.040818186688980296e+00
1.046585278036738620e+00
1.053360912848587683e+00
1.061272842957418749e+00
1.070458005867378493e+00
1.081060122312444083e+00
1.093226236534262874e+00
1.107101972514364929e+00
1.122825272871712743e+00
1.140518396232744314e+00
1.160277981637741762e+00
1.182163055722922129e+00
1.206180974153240548e+00
1.232271471173422395e+00
1.260289262417594314e+00
1.289986031728272975e+00
1.320993158297120162e+00
1.352807224642511796e+00
1.384781186915760909e+00
1.416125041090025460e+00
1.445920756781434058e+00
1.473156923461518941e+00
1.496788533636182583e+00
1.515825979963600911e+00
1.529453867284187529e+00
1.537173852475091307e+00
1.538956073588219065e+00
1.535371581029238541e+00
1.527666254574774785e+00
1.517730205370955820e+00
1.507922856192217331e+00
1.500739586480064336e+00
1.498352843965230274e+00
1.502120441285355712e+00
1.512204811422640960e+00
1.527458770130153631e+00
1.545679097645257238e+00
1.564204369812562279e+00
1.580671020098455948e+00
1.593614409806612287e+00
1.602600357149670529e+00
1.607755961428852132e+00
1.608901075186051965e+00
1.604799081319985277e+00
1.593096093217771347e+00
1.571091532933674539e+00
1.536606306142213940e+00
1.487398178710689578e+00
1.418012889861725911e+00
1.316124651936955381e+00
1.166091323028652704e+00
9.704576563897905350e-01
7.892167647773297157e-01
7.599446984909813407e-01
1.000000000000000000e+00
