1.000000000000000000e+00
1.025071996507269212e+00
1.061229293352319081e+00
1.112600783163855134e+00
1.178451064834716178e+00
1.254897664996289075e+00
1.336379885445831306e+00
1.416911187464823252e+00
1.491054477430382441e+00
1.554551942052758928e+00
1.604601036260177915e+00
1.639839847958598051e+00
1.660145023292210587e+00
1.666344169554836885e+00
1.659917578156295148e+00
1.642731781147064307e+00
1.616822464997983433e+00
1.584229498015663706e+00
1.546879816909823235e+00
1.506511242649224203e+00
1.464629604911539928e+00
1.422491720556971151e+00
1.381107375054225983e+00
1.341254332571571783e+00
1.303501431562282820e+00
1.268235890024627111e+00
1.235691946903327842e+00
1.205978836289102851e+00
1.179106799353350166e+00
1.155010384792488187e+00
1.133568689229019100e+00
1.114622469561134421e+00
1.097988245661812856e+00
1.083469627392503076e+00
1.070866163807558502e+00
1.059980039711038158e+00
1.050620946793869415e+00
1.042609441933606718e+00
1.035779080163387045e+00
1.029977578914349934e+00
1.025067236744080290e+00
1.020924796253916744e+00
1.017440908897114582e+00
1.014519329937293657e+00
1.012075945536228261e+00
1.010037711096820390e+00
1.008341560579097740e+00
1.006933330386919456e+00
1.005766728322080583e+00
1.004802367687782860e+00
1.004006878535183889e+00
1.003352101926318740e+00
1.002814368594766359e+00
1.002373860212831591e+00
1.002014049349565505e+00
1.001721212894308044e+00
1.001484013031494591e+00
1.001293139624690465e+00
1.001141007974427177e+00
1.001021506255544091e+00
1.000929787439771346e+00
1.000862101111493985e+00
1.000815661248968258e+00
1.000788546741098406e+00
1.000779632124038532e+00
1.000788546741098406e+00
1.000815661248968258e+00
1.000862101111493985e+00
1.000929787439771346e+00
1.001021506255544091e+00
1.001141007974427177e+00
1.001293139624690465e+00
1.001484013031494591e+00
1.001721212894308044e+00
1.002014049349565505e+00
1.002373860212831591e+00
1.002814368594766359e+00
1.003352101926318740e+00
1.004006878535183889e+00
1.004802367687782860e+00
1.005766728322080583e+00
1.006933330386919456e+00
1.008341560579097740e+00
1.010037711096820390e+00
1.012075945536228261e+00
1.014519329937293657e+00
1.017440908897114582e+00
1.020924796253916522e+00
1.025067236744080290e+00
1.029977578914350156e+00
1.035779080163387045e+00
1.042609441933606718e+00
1.050620946793869193e+00
1.059980039711037936e+00
1.070866163807558280e+00
1.083469627392502854e+00
1.097988245661812190e+00
1.114622469561133977e+00
1.133568689229018656e+00
1.155010384792487965e+00
1.179106799353350610e+00
1.205978836289101741e+00
1.235691946903328065e+00
1.268235890024626888e+00
1.303501431562282820e+00
1.341254332571571783e+00
1.381107375054225761e+00
1.422491720556972483e+00
1.464629604911539706e+00
1.506511242649222870e+00
1.546879816909823901e+00
1.584229498015663484e+00
1.616822464997982767e+00
1.642731781147063419e+00
1.659917578156293594e+00
1.666344169554837329e+00
1.660145023292211697e+00
1.639839847958597163e+00
1.604601036260176361e+00
1.554551942052757818e+00
1.491054477430382663e+00
1.416911187464821698e+00
1.336379885445829752e+00
1.254897664996289519e+00
1.178451064834717066e+00
1.112600783163854024e+00
1.061229293352318193e+00
1.025071996507267214e+00
1.000000000000000000e+00
