1.000000000000000000e+00
7.472372985526269940e-01
7.859703013564469654e-01
9.759398010816562330e-01
1.170960154261979635e+00
1.316195317397230724e+00
1.415213877661485320e+00
1.485128834827520894e+00
1.536479370381649279e+00
1.572601874961185864e+00
1.594762115338291375e+00
1.605318591213943158e+00
1.607787820117065669e+00
1.605466550598945608e+00
1.600269233674618707e+00
1.592532846192479923e+00
1.581711188769392207e+00
1.567422058336729318e+00
1.550251816812219907e+00
1.531961369577917065e+00
1.515084905918345326e+00
1.502179317703535633e+00
1.495071338847517417e+00
1.494374978272807075e+00
1.499393418785499144e+00
1.508364156170207471e+00
1.518909836421683535e+00
1.528534656167485517e+00
1.535040023631714545e+00
1.536792461567950463e+00
1.532833537212162422e+00
1.522860005481534218e+00
1.507119013017344411e+00
1.486262912682321025e+00
1.461198509796756140e+00
1.432952974374726685e+00
1.402567335603011500e+00
1.371020196764198174e+00
1.339179247404579609e+00
1.307775692024718328e+00
1.277396030305705921e+00
1.248485969658309047e+00
1.221362081097013164e+00
1.196227777537609560e+00
1.173191108957809980e+00
1.152282645813920370e+00
1.133472337485943005e+00
1.116684695567549790e+00
1.101811985454520082e+00
1.088725340077878689e+00
1.077283861087323658e+00
1.067341865817152735e+00
1.058754489321627412e+00
1.051381872270048090e+00
1.045092167064631372e+00
1.039763583250539636e+00
1.035285674287791169e+00
1.031560044752119820e+00
1.028500632615008792e+00
1.026033697162268776e+00
1.024097620441571710e+00
1.022642609491337229e+00
1.021630368243129805e+00
1.021033791887481668e+00
1.020836722439126820e+00
1.021033791887867581e+00
1.021630368243921838e+00
1.022642609492584898e+00
1.024097620443352286e+00
1.026033697164688396e+00
1.028500632618214228e+00
1.031560044756308692e+00
1.035285674293214386e+00
1.039763583257532042e+00
1.045092167073613521e+00
1.051381872281570873e+00
1.058754489336396487e+00
1.067341865836062054e+00
1.077283861111520080e+00
1.088725340108814832e+00
1.101811985494055124e+00
1.116684695618038292e+00
1.133472337550383680e+00
1.152282645896104629e+00
1.173191109062556414e+00
1.196227777671010628e+00
1.221362081266791799e+00
1.248485969874255419e+00
1.277396030580219222e+00
1.307775692373519316e+00
1.339179247847600340e+00
1.371020197326763057e+00
1.402567336317321001e+00
1.432952975281784447e+00
1.461198510948861440e+00
1.486262914146295966e+00
1.507119014878691710e+00
1.522860007849774711e+00
1.532833540227646507e+00
1.536792465410387276e+00
1.535040028530715306e+00
1.528534662415106160e+00
1.518909844386843178e+00
1.508364166314265065e+00
1.499393431677803923e+00
1.494374994604316775e+00
1.495071359440197867e+00
1.502179343513045717e+00
1.515084938027825068e+00
1.531961409181059164e+00
1.550251865183689626e+00
1.567422116786363562e+00
1.581711258573308188e+00
1.592532928490616451e+00
1.600269329324134349e+00
1.605466659980852029e+00
1.607787942911322876e+00
1.605318726180911870e+00
1.594762260160584422e+00
1.572602026198809178e+00
1.536479523574792783e+00
1.485128984754365167e+00
1.415214018730375445e+00
1.316195444117530977e+00
1.170960261696579963e+00
9.759398851720637591e-01
7.859703590707466381e-01
7.472373279008426294e-01
1.000000000000000000e+00
