1.000000000000000000e+00
1.030370062160158140e+00
1.060325481910850076e+00
1.089263144552530260e+00
1.116408155942309577e+00
1.140890967747622442e+00
1.161859759449991092e+00
1.178598746601774439e+00
1.190625324795120843e+00
1.197747289235347123e+00
1.200073124758650911e+00
1.197979791846968567e+00
1.192050435110299844e+00
1.182997641899168118e+00
1.171586734770821314e+00
1.158569690244065420e+00
1.144635474528596930e+00
1.130378287035040508e+00
1.116282140230073994e+00
1.102718517143259414e+00
1.089953302910743993e+00
1.078159410012599295e+00
1.067432148109537238e+00
1.057805155804349972e+00
1.049265442161057882e+00
1.041766694464600906e+00
1.035240468351630749e+00
1.029605194305105220e+00
1.024773134014296483e+00
1.020655529365624314e+00
1.017166232312180618e+00
1.014224107592963220e+00
1.011754479106423910e+00
1.009689856776058603e+00
1.007970142108509881e+00
1.006542472426546153e+00
1.005360828848704369e+00
1.004385502864428847e+00
1.003582491222819506e+00
1.002922868632549758e+00
1.002382171962350688e+00
1.001939817600728144e+00
1.001578564720314368e+00
1.001284030776011358e+00
1.001044261098376742e+00
1.000849351460419534e+00
1.000691120617281937e+00
1.000562828741409671e+00
1.000458937165410900e+00
1.000374904721501146e+00
1.000307016096783741e+00
1.000252237909806885e+00
1.000208098586914618e+00
1.000172588528205564e+00
1.000144077470620507e+00
1.000121246358942617e+00
1.000103031412316934e+00
1.000088578417807073e+00
1.000077205591385798e+00
1.000068373620876860e+00
1.000061661746949104e+00
1.000056748950417296e+00
1.000053399500554496e+00
1.000051452283869047e+00
1.000050813479874012e+00
1.000051452283869047e+00
1.000053399500554496e+00
1.000056748950417296e+00
1.000061661746949104e+00
1.000068373620876860e+00
1.000077205591385798e+00
1.000088578417807073e+00
1.000103031412316934e+00
1.000121246358942617e+00
1.000144077470620507e+00
1.000172588528205564e+00
1.000208098586914618e+00
1.000252237909806885e+00
1.000307016096783741e+00
1.000374904721501146e+00
1.000458937165410900e+00
1.000562828741409671e+00
1.000691120617281937e+00
1.000849351460419534e+00
1.001044261098376742e+00
1.001284030776011358e+00
1.001578564720314368e+00
1.001939817600728144e+00
1.002382171962350688e+00
1.002922868632549758e+00
1.003582491222819506e+00
1.004385502864428847e+00
1.005360828848704369e+00
1.006542472426546153e+00
1.007970142108509659e+00
1.009689856776058603e+00
1.011754479106423910e+00
1.014224107592963220e+00
1.017166232312180618e+00
1.020655529365624092e+00
1.024773134014296483e+00
1.029605194305104998e+00
1.035240468351630971e+00
1.041766694464600462e+00
1.049265442161057882e+00
1.057805155804349528e+00
1.067432148109536794e+00
1.078159410012599739e+00
1.089953302910743549e+00
1.102718517143258969e+00
1.116282140230073772e+00
1.130378287035040508e+00
1.144635474528596486e+00
1.158569690244064532e+00
1.171586734770820204e+00
1.182997641899168118e+00
1.192050435110298734e+00
1.197979791846967457e+00
1.200073124758650689e+00
1.197747289235346013e+00
1.190625324795119733e+00
1.178598746601772884e+00
1.161859759449990648e+00
1.140890967747622220e+00
1.116408155942308467e+00
1.089263144552529594e+00
1.060325481910850298e+00
1.030370062160157918e+00
1.000000000000000000e+00
