1.000000000000000000e+00
1.065062884840750401e+00
1.129488578998528725e+00
1.192056350172645107e+00
1.251027133566180893e+00
1.304359306871593738e+00
1.350015072614139555e+00
1.386279853508621152e+00
1.412019097120331912e+00
1.426820252899548613e+00
1.431003650778505776e+00
1.425520736203359728e+00
1.411780324298512079e+00
1.391449230566499606e+00
1.366265937674580488e+00
1.337891564210304196e+00
1.307807691410761697e+00
1.277259457007071219e+00
1.247235906884239576e+00
1.218477263147462519e+00
1.191499156544433280e+00
1.166625646738853606e+00
1.144025044797499779e+00
1.123744595369993382e+00
1.105741724486256405e+00
1.089910762355907226e+00
1.076104857801810422e+00
1.064153296575891305e+00
1.053874705973175896e+00
1.045086745864139965e+00
1.037612907382402305e+00
1.031287005034644766e+00
1.025955883120371448e+00
1.021480780666353505e+00
1.017737721409763596e+00
1.014617222886290415e+00
1.012023554516573443e+00
1.009873719907656842e+00
1.008096293380989827e+00
1.006630204315022148e+00
1.005423534222965154e+00
1.004432369427547656e+00
1.003619735608680008e+00
1.002954628336900189e+00
1.002411145039696194e+00
1.001967717889822751e+00
1.001606443201271235e+00
1.001312500539838002e+00
1.001073653481851844e+00
1.000879823460447238e+00
1.000722728174799236e+00
1.000595576418004562e+00
1.000492811767544010e+00
1.000409898280756549e+00
1.000343142078950365e+00
1.000289543441958529e+00
1.000246674741537278e+00
1.000212580199870471e+00
1.000185694060469865e+00
1.000164774300464021e+00
1.000148849497312087e+00
1.000137176893502566e+00
1.000129210085854536e+00
1.000124575108036318e+00
1.000123053983463128e+00
1.000124575108036318e+00
1.000129210085854536e+00
1.000137176893502566e+00
1.000148849497312087e+00
1.000164774300464021e+00
1.000185694060469865e+00
1.000212580199870471e+00
1.000246674741537278e+00
1.000289543441958529e+00
1.000343142078950365e+00
1.000409898280756549e+00
1.000492811767544010e+00
1.000595576418004562e+00
1.000722728174799236e+00
1.000879823460447238e+00
1.001073653481851844e+00
1.001312500539838002e+00
1.001606443201271235e+00
1.001967717889822751e+00
1.002411145039696194e+00
1.002954628336900189e+00
1.003619735608680008e+00
1.004432369427547656e+00
1.005423534222965154e+00
1.006630204315022148e+00
1.008096293380989827e+00
1.009873719907656842e+00
1.012023554516573443e+00
1.014617222886290415e+00
1.017737721409763374e+00
1.021480780666353505e+00
1.025955883120371226e+00
1.031287005034644766e+00
1.037612907382402305e+00
1.045086745864139965e+00
1.053874705973176118e+00
1.064153296575891083e+00
1.076104857801810866e+00
1.089910762355907003e+00
1.105741724486256405e+00
1.123744595369993160e+00
1.144025044797499779e+00
1.166625646738854272e+00
1.191499156544432836e+00
1.218477263147462075e+00
1.247235906884239576e+00
1.277259457007071441e+00
1.307807691410761253e+00
1.337891564210303308e+00
1.366265937674579378e+00
1.391449230566499828e+00
1.411780324298511635e+00
1.425520736203358618e+00
1.431003650778505554e+00
1.426820252899548835e+00
1.412019097120331024e+00
1.386279853508620263e+00
1.350015072614139333e+00
1.304359306871594404e+00
1.251027133566180671e+00
1.192056350172644663e+00
1.129488578998528947e+00
1.065062884840750179e+00
1.000000000000000000e+00
