1.000000000000000000e+00
9.790605285618088072e-01
9.927887542094329110e-01
1.047628508489345078e+00
1.134138707860141926e+00
1.236320869821277757e+00
1.338215731782616436e+00
1.427923097542396880e+00
1.499192153627314283e+00
1.551013183569407650e+00
1.585975514864629066e+00
1.608266316644422655e+00
1.622000622805085390e+00
1.630224739050305738e+00
1.634604698878585394e+00
1.635609369728435070e+00
1.632938477096435470e+00
1.625985055014293357e+00
1.614202751677166425e+00
1.597328059153709789e+00
1.575464096301757433e+00
1.549061632290426926e+00
1.518840155226954369e+00
1.485685807241395429e+00
1.450551798601340980e+00
1.414375664698084289e+00
1.378018943193249024e+00
1.342229128887024059e+00
1.307620702634634480e+00
1.274670866109200107e+00
1.243725604928337169e+00
1.215012280010168144e+00
1.188655737761588060e+00
1.164695720890904340e+00
1.143104051289486556e+00
1.123800610040473158e+00
1.106667558743720248e+00
1.091561548677256077e+00
1.078323872369691516e+00
1.066788647679586477e+00
1.056789206139644000e+00
1.048162900182692425e+00
1.040754559617433683e+00
1.034418825232636507e+00
1.029021573284910174e+00
1.024440623708833042e+00
1.020565900661304148e+00
1.017299188911793051e+00
1.014553605259628455e+00
1.012252881638331603e+00
1.010330536446193639e+00
1.008728993185357803e+00
1.007398690732322466e+00
1.006297217379182651e+00
1.005388490961379944e+00
1.004641999655970119e+00
1.004032112108473207e+00
1.003537461142977261e+00
1.003140402164481859e+00
1.002826545235774081e+00
1.002584358495201444e+00
1.002404839899244449e+00
1.002281254077384665e+00
1.002208931254936042e+00
1.002185125635101759e+00
1.002208931254936042e+00
1.002281254077384665e+00
1.002404839899244449e+00
1.002584358495201444e+00
1.002826545235774081e+00
1.003140402164481859e+00
1.003537461142977261e+00
1.004032112108473207e+00
1.004641999655970119e+00
1.005388490961379944e+00
1.006297217379182651e+00
1.007398690732322466e+00
1.008728993185357803e+00
1.010330536446193639e+00
1.012252881638331603e+00
1.014553605259628455e+00
1.017299188911793051e+00
1.020565900661304370e+00
1.024440623708832376e+00
1.029021573284910174e+00
1.034418825232636729e+00
1.040754559617433683e+00
1.048162900182692425e+00
1.056789206139644222e+00
1.066788647679586033e+00
1.078323872369691072e+00
1.091561548677256077e+00
1.106667558743720470e+00
1.123800610040472714e+00
1.143104051289486112e+00
1.164695720890903674e+00
1.188655737761586062e+00
1.215012280010168366e+00
1.243725604928336947e+00
1.274670866109200107e+00
1.307620702634635590e+00
1.342229128887023171e+00
1.378018943193249912e+00
1.414375664698083845e+00
1.450551798601341424e+00
1.485685807241395651e+00
1.518840155226953925e+00
1.549061632290427815e+00
1.575464096301758321e+00
1.597328059153709789e+00
1.614202751677166869e+00
1.625985055014292691e+00
1.632938477096434582e+00
1.635609369728433293e+00
1.634604698878583617e+00
1.630224739050306626e+00
1.622000622805085168e+00
1.608266316644420879e+00
1.585975514864627733e+00
1.551013183569404985e+00
1.499192153627314283e+00
1.427923097542395325e+00
1.338215731782615769e+00
1.236320869821277535e+00
1.134138707860142148e+00
1.047628508489343746e+00
9.927887542094316897e-01
9.790605285618073639e-01
1.000000000000000000e+00
