1.000000000000000000e+00
1.017763951967997071e+00
1.048661545070349588e+00
1.097377367447096352e+00
1.162865779091716956e+00
1.240550408816521566e+00
1.324142041731214858e+00
1.407106489350082201e+00
1.483722089413187506e+00
1.549679237198881454e+00
1.602258652911982439e+00
1.640206092148819739e+00
1.663449352270949477e+00
1.672777596561985325e+00
1.669552612766084465e+00
1.655476529251575624e+00
1.632414363118934286e+00
1.602260961925145333e+00
1.566842543299640900e+00
1.527846245141539328e+00
1.486773464109225396e+00
1.444913637499415149e+00
1.403335088349470627e+00
1.362889310129502762e+00
1.324225025393490185e+00
1.287808616537892359e+00
1.253948025670862831e+00
1.222817830518514892e+00
1.194483815973303997e+00
1.168925907254712904e+00
1.146058779026058128e+00
1.125749799785980221e+00
1.107834221779385508e+00
1.092127699123225826e+00
1.078436327434981745e+00
1.066564462068744001e+00
1.056320601704941131e+00
1.047521629545387301e+00
1.039995693515317843e+00
1.033583985586348897e+00
1.028141653043839643e+00
1.023538044493278010e+00
1.019656462975834232e+00
1.016393569359471005e+00
1.013658552236137878e+00
1.011372156492775121e+00
1.009465641807246072e+00
1.007879724577644964e+00
1.006563542084630170e+00
1.005473665762625091e+00
1.004573181006752414e+00
1.003830843633799041e+00
1.003220317614118562e+00
1.002719494681825640e+00
1.002309893628179571e+00
1.001976135236536836e+00
1.001705487713299814e+00
1.001487476929169951e+00
1.001313555663963184e+00
1.001176826230237848e+00
1.001071811246379228e+00
1.000994267869844911e+00
1.000941041436141044e+00
1.000909955141941587e+00
1.000899733137945447e+00
1.000909955141941587e+00
1.000941041436141044e+00
1.000994267869844911e+00
1.001071811246379228e+00
1.001176826230237848e+00
1.001313555663963184e+00
1.001487476929169951e+00
1.001705487713299814e+00
1.001976135236536836e+00
1.002309893628179571e+00
1.002719494681825640e+00
1.003220317614118562e+00
1.003830843633799041e+00
1.004573181006752414e+00
1.005473665762625091e+00
1.006563542084630170e+00
1.007879724577644964e+00
1.009465641807246294e+00
1.011372156492775121e+00
1.013658552236137878e+00
1.016393569359471005e+00
1.019656462975834232e+00
1.023538044493277788e+00
1.028141653043839643e+00
1.033583985586349119e+00
1.039995693515317843e+00
1.047521629545387301e+00
1.056320601704940909e+00
1.066564462068743779e+00
1.078436327434981523e+00
1.092127699123225604e+00
1.107834221779384620e+00
1.125749799785979555e+00
1.146058779026057683e+00
1.168925907254712904e+00
1.194483815973304219e+00
1.222817830518513782e+00
1.253948025670862831e+00
1.287808616537891915e+00
1.324225025393490407e+00
1.362889310129502318e+00
1.403335088349470183e+00
1.444913637499416481e+00
1.486773464109225174e+00
1.527846245141537329e+00
1.566842543299642010e+00
1.602260961925144889e+00
1.632414363118933842e+00
1.655476529251574291e+00
1.669552612766082689e+00
1.672777596561985547e+00
1.663449352270950143e+00
1.640206092148819073e+00
1.602258652911981329e+00
1.549679237198880344e+00
1.483722089413187506e+00
1.407106489350081091e+00
1.324142041731213526e+00
1.240550408816522232e+00
1.162865779091717400e+00
1.097377367447095464e+00
1.048661545070348478e+00
1.017763951967995295e+00
1.000000000000000000e+00
