1.000000000000000000e+00
8.061585928556227465e-01
8.109898103885436749e-01
9.580743212232948336e-01
1.145104875290242186e+00
1.306171926045261333e+00
1.420573422268660568e+00
1.494332343095656324e+00
1.541155845277166092e+00
1.572149330873094497e+00
1.593319011240553973e+00
1.606806847698698970e+00
1.612839037327989500e+00
1.611226573404987317e+00
1.602304556032211336e+00
1.587410025234283539e+00
1.568923531241529723e+00
1.549900108296820456e+00
1.533422583150189089e+00
1.521907526400557042e+00
1.516596190490439700e+00
1.517370834832230786e+00
1.522907312496704080e+00
1.531068679137256527e+00
1.539395965953702206e+00
1.545562016456177412e+00
1.547700923306109422e+00
1.544581695699150492e+00
1.535639774212353537e+00
1.520905106950863672e+00
1.500871873438563542e+00
1.476348864141174166e+00
1.448317939292463219e+00
1.417816042574596036e+00
1.385846671849816802e+00
1.353320326723412625e+00
1.321019951845804563e+00
1.289586016666247392e+00
1.259515826654890480e+00
1.231172316207304274e+00
1.204798500548503792e+00
1.180534709685265415e+00
1.158436565087054060e+00
1.138492342346285380e+00
1.120638887915423432e+00
1.104775643376933791e+00
1.090776601941985335e+00
1.078500204325879341e+00
1.067797296970676824e+00
1.058517342841964970e+00
1.050513107839351701e+00
1.043644054981239799e+00
1.037778671993027091e+00
1.032795941665517025e+00
1.028586142653894697e+00
1.025051144311523998e+00
1.022104334807543813e+00
1.019670298556371035e+00
1.017684337745113909e+00
1.016091913934216828e+00
1.014848069488541338e+00
1.013916874923178391e+00
1.013270936932467281e+00
1.012890992630099074e+00
1.012765608026111375e+00
1.012890992632308640e+00
1.013270936937000766e+00
1.013916874930274048e+00
1.014848069498561989e+00
1.016091913947684722e+00
1.017684337762722269e+00
1.019670298579025136e+00
1.022104334836402728e+00
1.025051144348066767e+00
1.028586142699975614e+00
1.032795941723477773e+00
1.037778672065808649e+00
1.043644055072520116e+00
1.050513107953738423e+00
1.058517342985223486e+00
1.067797297150030689e+00
1.078500204550372210e+00
1.090776602222961245e+00
1.104775643728613810e+00
1.120638888355677931e+00
1.138492342897589049e+00
1.158436565777725136e+00
1.180534710551046862e+00
1.204798501634605445e+00
1.231172317571027852e+00
1.259515828369020873e+00
1.289586018823468017e+00
1.321019954564385479e+00
1.353320330154584639e+00
1.385846676187305393e+00
1.417816048066905532e+00
1.448317946258582456e+00
1.476348872990575156e+00
1.500871884696287850e+00
1.520905121288627981e+00
1.535639792486318767e+00
1.544581718994614050e+00
1.547700952988658951e+00
1.545562054227616056e+00
1.539396013909448691e+00
1.531068739819895885e+00
1.522907388938154138e+00
1.517370930574950982e+00
1.516596309576384360e+00
1.521907673315164189e+00
1.533422762707023823e+00
1.549900325445815019e+00
1.568923790780138550e+00
1.587410331398505292e+00
1.602304911949083532e+00
1.611226980408091203e+00
1.612839494178889055e+00
1.606807349817445774e+00
1.593319550109572491e+00
1.572149893810780519e+00
1.541156415751583353e+00
1.494332901653570023e+00
1.420573948006467857e+00
1.306172398383114386e+00
1.145105275686926660e+00
9.580746344606480003e-01
8.109900252105426421e-01
8.061587020165198458e-01
1.000000000000000000e+00
