1.000000000000000000e+00
9.072144412689830961e-01
8.983199108173748337e-01
9.758996986846114607e-01
1.107419017211280776e+00
1.254274725303672344e+00
1.386698748945381032e+00
1.488482885285294266e+00
1.555501463593556011e+00
1.591590294637311720e+00
1.604352432200335965e+00
1.602143396637698780e+00
1.592390715849364646e+00
1.580862924379397683e+00
1.571455193509785353e+00
1.566230880681465543e+00
1.565622948672887205e+00
1.568768841308001427e+00
1.573945216491916543e+00
1.579038468630243219e+00
1.581973299806995525e+00
1.581036137056755608e+00
1.575063085560595377e+00
1.563496821981358975e+00
1.546341188158778968e+00
1.524052223525346417e+00
1.497402399180940424e+00
1.467346053133893768e+00
1.434903354390990593e+00
1.401070717306177382e+00
1.366758813520386973e+00
1.332755282638564465e+00
1.299707381264939565e+00
1.268119417861932829e+00
1.238360264302137193e+00
1.210677052841991674e+00
1.185212070414552787e+00
1.162020695047505159e+00
1.141088915326521125e+00
1.122349518759156117e+00
1.105696440673261671e+00
1.090997054467888860e+00
1.078102381041468716e+00
1.066855322230905845e+00
1.057097098582482131e+00
1.048672110385959977e+00
1.041431453895690140e+00
1.035235320516613822e+00
1.029954491739155209e+00
1.025471121360095550e+00
1.021678972321602874e+00
1.018483250639077742e+00
1.015800154915990294e+00
1.013556237833754814e+00
1.011687656306359706e+00
1.010139369941156273e+00
1.008864333070560448e+00
1.007822713788887548e+00
1.006981163929079770e+00
1.006312156480761555e+00
1.005793401301007917e+00
1.005407345820380938e+00
1.005140764532549857e+00
1.004984439129933405e+00
1.004932929989864387e+00
1.004984439126460627e+00
1.005140764525430219e+00
1.005407345809254505e+00
1.005793401285310917e+00
1.006312156459706619e+00
1.006981163901612186e+00
1.007822713753637522e+00
1.008864333025776938e+00
1.010139369884630378e+00
1.011687656235313426e+00
1.013556237744716482e+00
1.015800154804633149e+00
1.018483250500015203e+00
1.021678972148138964e+00
1.025471121143916475e+00
1.029954491469940114e+00
1.035235320181554064e+00
1.041431453478893099e+00
1.048672109867699209e+00
1.057097097938269226e+00
1.066855321430324022e+00
1.078102380046709330e+00
1.090997053231917535e+00
1.105696439137502818e+00
1.122349516850564166e+00
1.141088912953879264e+00
1.162020692096719321e+00
1.185212066742667991e+00
1.210677048269569012e+00
1.238360258603544484e+00
1.268119410752977627e+00
1.299707372387136184e+00
1.332755271539233455e+00
1.366758799627550092e+00
1.401070699897265737e+00
1.434903332554219091e+00
1.467346025721419700e+00
1.497402364753384507e+00
1.524052180288119063e+00
1.546341133892328079e+00
1.563496753969846775e+00
1.575063000526985446e+00
1.581036031116622276e+00
1.581973168458264745e+00
1.579038306800662372e+00
1.573945018669072882e+00
1.568768601776794558e+00
1.565622661881196587e+00
1.566230541745620153e+00
1.571454798857082391e+00
1.580862472504699578e+00
1.592390208135059826e+00
1.602142838148876924e+00
1.604351832320295212e+00
1.591589667362722560e+00
1.555500827289880039e+00
1.488482261751492564e+00
1.386698161786437122e+00
1.254274197844454930e+00
1.107418570408536418e+00
9.758993495537021667e-01
8.983196716980258456e-01
9.072143198924703666e-01
1.000000000000000000e+00
