1.000000000000000000e+00
8.911071541678041719e-01
8.803009277157399781e-01
9.661222682138219664e-01
1.107845601439217065e+00
1.261365918723945656e+00
1.395646862235281560e+00
1.496106274386979740e+00
1.561007744775372963e+00
1.595780650096260800e+00
1.608320601234463298e+00
1.606312276170421605e+00
1.596229569978723672e+00
1.583191719382650353e+00
1.571027657147070933e+00
1.562282469303365451e+00
1.558184883712462776e+00
1.558693108651955317e+00
1.562697205422844071e+00
1.568369016228358781e+00
1.573583594501058780e+00
1.576316326329590289e+00
1.574941304065961667e+00
1.568397269086728496e+00
1.556226401820661964e+00
1.538516297033165614e+00
1.515784366038362752e+00
1.488840643080166171e+00
1.458655460615292165e+00
1.426247667988047141e+00
1.392599955133414946e+00
1.358601515480297284e+00
1.325014658184037852e+00
1.292460435199176638e+00
1.261418155592325396e+00
1.232234205237357605e+00
1.205136444102605342e+00
1.180251353981600415e+00
1.157621921071724902e+00
1.137224906228708088e+00
1.118986673462925463e+00
1.102797129420354239e+00
1.088521596710448458e+00
1.076010626267653203e+00
1.065107870031215764e+00
1.055656202852575776e+00
1.047502315661823946e+00
1.040500011232327715e+00
1.034512427399637557e+00
1.029413396249628798e+00
1.025088125910370573e+00
1.021433367245192292e+00
1.018357203090358709e+00
1.015778574131194212e+00
1.013626633948023326e+00
1.011840006668562886e+00
1.010366004228105297e+00
1.009159846450962794e+00
1.008183915880571879e+00
1.007407070272844374e+00
1.006804028656786754e+00
1.006354841570706204e+00
1.006044452217932372e+00
1.005862352582251873e+00
1.005802336751063120e+00
1.005862352583270170e+00
1.006044452220022034e+00
1.006354841573976477e+00
1.006804028661403505e+00
1.007407070279046302e+00
1.008183915888676951e+00
1.009159846461386012e+00
1.010366004241373128e+00
1.011840006685350124e+00
1.013626633969177293e+00
1.015778574157777836e+00
1.018357203123710475e+00
1.021433367286980198e+00
1.025088125962685170e+00
1.029413396315083551e+00
1.034512427481503405e+00
1.040500011334697383e+00
1.047502315789826666e+00
1.055656203012641292e+00
1.065107870231419840e+00
1.076010626518154156e+00
1.088521597024044496e+00
1.102797129813205768e+00
1.118986673955483235e+00
1.137224906846909356e+00
1.157621921848549951e+00
1.180251354959090948e+00
1.205136445334485940e+00
1.232234206792439668e+00
1.261418157558926278e+00
1.292460437690848840e+00
1.325014661346918254e+00
1.358601519502548483e+00
1.392599960257135505e+00
1.426247674524204312e+00
1.458655468962027024e+00
1.488840653744729181e+00
1.515784379662590942e+00
1.538516314421751074e+00
1.556226423970639150e+00
1.568397297215343711e+00
1.574941339632679682e+00
1.576316371046529552e+00
1.573583650324901884e+00
1.568369085326204226e+00
1.562697290104433145e+00
1.558693211261392930e+00
1.558185006473435719e+00
1.562282614113215562e+00
1.571027825318189075e+00
1.583191911337188840e+00
1.596229784917399863e+00
1.606312511758143824e+00
1.608320853368392589e+00
1.595780912833897336e+00
1.561008010489301601e+00
1.496106534174783675e+00
1.395647106555427897e+00
1.261366138164605744e+00
1.107845787475661981e+00
9.661224137974959714e-01
8.803010275921220318e-01
8.911072049316767218e-01
1.000000000000000000e+00
