1.000000000000000000e+00
8.488589911057056181e-01
8.408633624041292887e-01
9.545747706877992789e-01
1.121105606715605774e+00
1.282564234156014393e+00
1.409542424354450763e+00
1.496744835582157096e+00
1.551483503782621565e+00
1.583784273914430329e+00
1.601253610239272485e+00
1.608128365196049847e+00
1.606510711996307572e+00
1.597988432106130396e+00
1.584651792174371465e+00
1.569271100856672208e+00
1.554853318864294343e+00
1.543959334354166213e+00
1.538125627581045762e+00
1.537593060645350063e+00
1.541384256651949114e+00
1.547647242473964679e+00
1.554123735611011803e+00
1.558603325808066264e+00
1.559267899642882149e+00
1.554886409639439693e+00
1.544867012927820360e+00
1.529201530883142146e+00
1.508346105031275641e+00
1.483077532929283349e+00
1.454353961073031387e+00
1.423196780887532764e+00
1.390600766145973166e+00
1.357472761544408435e+00
1.324595410722454458e+00
1.292610793505706734e+00
1.262018641405231900e+00
1.233184369031382399e+00
1.206353046389179395e+00
1.181666371068250676e+00
1.159180540037532126e+00
1.138883612735240414e+00
1.120711493022804595e+00
1.104562053256388232e+00
1.090307203665452640e+00
1.077802899555943217e+00
1.066897199881912783e+00
1.057436561783515527e+00
1.049270591175194944e+00
1.042255480389025601e+00
1.036256358483010231e+00
1.031148764203684065e+00
1.026819430177537740e+00
1.023166542857568695e+00
1.020099618265316366e+00
1.017539110106550959e+00
1.015415845310936982e+00
1.013670362952409532e+00
1.012252216050862907e+00
1.011119281929711011e+00
1.010237115460717927e+00
1.009578370430231020e+00
1.009122307123252904e+00
1.008854398732749180e+00
1.008766045046682880e+00
1.008854398731878765e+00
1.009122307121468554e+00
1.009578370427445915e+00
1.010237115456788404e+00
1.011119281924445668e+00
1.012252216043999287e+00
1.013670362943610348e+00
1.015415845299770359e+00
1.017539110092477328e+00
1.020099618247648943e+00
1.023166542835458159e+00
1.026819430149929824e+00
1.031148764169260712e+00
1.036256358440137193e+00
1.042255480335671614e+00
1.049270591108842465e+00
1.057436561701030842e+00
1.066897199779405669e+00
1.077802899428570438e+00
1.090307203507177913e+00
1.104562053059680693e+00
1.120711492778254215e+00
1.138883612431066172e+00
1.159180539658956732e+00
1.181666370596694771e+00
1.206353045801228596e+00
1.233184368297476130e+00
1.262018640487953869e+00
1.292610792357613780e+00
1.324595409283275904e+00
1.357472759737496704e+00
1.390600763873776291e+00
1.423196778025934250e+00
1.454353957464278979e+00
1.483077528373368148e+00
1.508346099275597263e+00
1.529201523610404179e+00
1.544867003742383949e+00
1.554886398052522045e+00
1.559267885057440184e+00
1.558603307504552449e+00
1.554123712735618446e+00
1.547647214031437235e+00
1.541384221505470276e+00
1.537593017526745154e+00
1.538125575115548704e+00
1.543959271105551867e+00
1.554853243407729346e+00
1.569271011887661826e+00
1.584651688661025348e+00
1.597988313487325396e+00
1.606510578418477220e+00
1.608128217766117807e+00
1.601253451251952065e+00
1.583784106993355145e+00
1.551483333864939640e+00
1.496744668685367152e+00
1.409542267103375046e+00
1.282564093120518001e+00
1.121105487702548142e+00
9.545746781962790584e-01
8.408632994228661950e-01
8.488589592795299232e-01
1.000000000000000000e+00
