1.000000000000000000e+00
7.483173726979744922e-01
7.854865863622367828e-01
9.740928323014871326e-01
1.168922217148320231e+00
1.314468247960890013e+00
1.413596000797416208e+00
1.483297054854797681e+00
1.534344141332035782e+00
1.570307237542696299e+00
1.592539431590726418e+00
1.603361633454828628e+00
1.606190195405259757e+00
1.604206955440572457e+00
1.599233037447837846e+00
1.591564377416272658e+00
1.580681127872531233e+00
1.566283218180394954e+00
1.549059780626270477e+00
1.530853309548914742e+00
1.514228750985566085e+00
1.501715697112298464e+00
1.495069419734003313e+00
1.494814059784013160e+00
1.500170930259645985e+00
1.509322343101313857e+00
1.519870001762755551e+00
1.529328908040989310e+00
1.535534165363590109e+00
1.536897846358213915e+00
1.532508946496161872e+00
1.522106348782824359e+00
1.505970040719252667e+00
1.484774663936096806e+00
1.459439385666711608e+00
1.430995487670465138e+00
1.400481926490791063e+00
1.368871066802018976e+00
1.337021928270232030e+00
1.305655974402487818e+00
1.275349878066887266e+00
1.246540091209290990e+00
1.219534894379677326e+00
1.194530570549821702e+00
1.171629255339404763e+00
1.150856781935585937e+00
1.132179443483513959e+00
1.115519049175689448e+00
1.100765976071801822e+00
1.087790142985842756e+00
1.076449979671841861e+00
1.066599554240696301e+00
1.058094070337557646e+00
1.050793965490903314e+00
1.044567842545478076e+00
1.039294454130503143e+00
1.034863940741662658e+00
1.031178499848652841e+00
1.028152639004723534e+00
1.025713141922799831e+00
1.023798853954976051e+00
1.022360372951743646e+00
1.021359713313007012e+00
1.020769995143257169e+00
1.020575196571277266e+00
1.020769995143060438e+00
1.021359713312603335e+00
1.022360372951120144e+00
1.023798853954113408e+00
1.025713141921665850e+00
1.028152639003282687e+00
1.031178499846860941e+00
1.034863940739464194e+00
1.039294454127841938e+00
1.044567842542279301e+00
1.050793965487095472e+00
1.058094070333061465e+00
1.066599554235418745e+00
1.076449979665689005e+00
1.087790142978706021e+00
1.100765976063571516e+00
1.115519049166233456e+00
1.132179443472687730e+00
1.150856781923194516e+00
1.171629255325201457e+00
1.194530570533445024e+00
1.219534894360603250e+00
1.246540091186741028e+00
1.275349878039680585e+00
1.305655974368844063e+00
1.337021928227472456e+00
1.368871066746191856e+00
1.400481926416125011e+00
1.430995487568656577e+00
1.459439385526019262e+00
1.484774663740225042e+00
1.505970040446021230e+00
1.522106348402692877e+00
1.532508945970718850e+00
1.536897845638781623e+00
1.535534164390225831e+00
1.529328906742005278e+00
1.519870000054921233e+00
1.509322340890457470e+00
1.500170927441057733e+00
1.494814056241477784e+00
1.495069415336225616e+00
1.501715691705950206e+00
1.514228744385773151e+00
1.530853301530441746e+00
1.549059770921045187e+00
1.566283206487631974e+00
1.580681113884976785e+00
1.591564360860052485e+00
1.599233018126995365e+00
1.604206933275722058e+00
1.606190170461902156e+00
1.603361605966974857e+00
1.592539401988927183e+00
1.570307206484259366e+00
1.534344109712676429e+00
1.483297023775633994e+00
1.413595971481259150e+00
1.314468221637226097e+00
1.168922194928820213e+00
9.740928150609942104e-01
7.854865746623893585e-01
7.483173668069271756e-01
1.000000000000000000e+00
