1.000000000000000000e+00
7.939005671093358751e-01
8.032615367365714132e-01
9.589485543048590355e-01
1.149409361440499655e+00
1.308526661780656131e+00
1.419374552081997143e+00
1.490825782210849049e+00
1.537089694840402476e+00
1.568432149100158046e+00
1.590057717281289085e+00
1.603951712312333910e+00
1.610637657191361205e+00
1.610189660864319139e+00
1.602840861773797920e+00
1.589456088778408827e+00
1.571811299840252474e+00
1.552518742471598712e+00
1.534572929748402093e+00
1.520682542669960835e+00
1.512644832531464756e+00
1.510976707590359513e+00
1.514891802534111598e+00
1.522580881126682995e+00
1.531668328343377183e+00
1.539697674810867056e+00
1.544530674448324703e+00
1.544599745024479276e+00
1.539006685382552586e+00
1.527496427543383550e+00
1.510349885014789173e+00
1.488239193084739620e+00
1.462078959058384697e+00
1.432894827810042848e+00
1.401719666540108600e+00
1.369519664659864855e+00
1.337147778561655675e+00
1.305319617103310792e+00
1.274606247016798699e+00
1.245438772578174813e+00
1.218120380084124932e+00
1.192842499289086478e+00
1.169702637429091086e+00
1.148722205342948888e+00
1.129863258479789634e+00
1.113043528405856408e+00
1.098149445918844336e+00
1.085047081045889206e+00
1.073591072048799111e+00
1.063631705256222748e+00
1.055020356146488592e+00
1.047613521988346008e+00
1.041275676836889819e+00
1.035881167697581207e+00
1.031315351272411363e+00
1.027475147524001153e+00
1.024269161886102841e+00
1.021617504037696689e+00
1.019451408843684570e+00
1.017712744980565853e+00
1.016353479198471410e+00
1.015335149158907324e+00
1.014628385194126237e+00
1.014212510903345743e+00
1.014075243902894607e+00
1.014212510903300668e+00
1.014628385194035642e+00
1.015335149158770767e+00
1.016353479198283782e+00
1.017712744980328043e+00
1.019451408843393247e+00
1.021617504037352298e+00
1.024269161885704049e+00
1.027475147523558396e+00
1.031315351271927083e+00
1.035881167697074279e+00
1.041275676836390218e+00
1.047613521987889040e+00
1.055020356146128213e+00
1.063631705256023352e+00
1.073591072048850181e+00
1.085047081046292883e+00
1.098149445919723854e+00
1.113043528407329452e+00
1.129863258481970778e+00
1.148722205345904079e+00
1.169702637432796566e+00
1.192842499293350178e+00
1.218120380088466570e+00
1.245438772581651810e+00
1.274606247017742833e+00
1.305319617098985141e+00
1.337147778547753019e+00
1.369519664629829325e+00
1.401719666484260829e+00
1.432894827714459751e+00
1.462078958903504589e+00
1.488239192843762604e+00
1.510349884651899899e+00
1.527496427012014824e+00
1.539006684623956955e+00
1.544599743966929895e+00
1.544530673007373789e+00
1.539697672890842695e+00
1.531668325839982359e+00
1.522580877929859966e+00
1.514891798529596434e+00
1.510976702657889748e+00
1.512644826538082521e+00
1.520682535458769413e+00
1.534572921126414746e+00
1.552518732203799434e+00
1.571811287658388734e+00
1.589456074410171782e+00
1.602840844990662150e+00
1.610189641537705496e+00
1.610637635342509366e+00
1.603951688145414334e+00
1.590057691198749845e+00
1.568432121705426674e+00
1.537089666930384180e+00
1.490825754753135168e+00
1.419374526166783168e+00
1.308526638534669218e+00
1.149409341895092584e+00
9.589485392433357847e-01
8.032615266003604315e-01
7.939005620411618835e-01
1.000000000000000000e+00
