1.000000000000000000e+00
1.031476567437314529e+00
1.062525155506184982e+00
1.092520693538435506e+00
1.120658571606977461e+00
1.146035166820820850e+00
1.167765131165828807e+00
1.185104818823377038e+00
1.197553535337840813e+00
1.204913009669050794e+00
1.207297818086225716e+00
1.205101470613181958e+00
1.198931231732952130e+00
1.189528052685221660e+00
1.177686738366164443e+00
1.164187354469865765e+00
1.149743837721293405e+00
1.134971282585661045e+00
1.120370201841306201e+00
1.106324326666553004e+00
1.093107970771099335e+00
1.080899235961123583e+00
1.069796005845361497e+00
1.059832476858716843e+00
1.050994735488008480e+00
1.043234520459317638e+00
1.036480782357665165e+00
1.030648979458822279e+00
1.025648252490315882e+00
1.021386732062822711e+00
1.017775278110010229e+00
1.014729953584503575e+00
1.012173512225789329e+00
1.010036144830512850e+00
1.008255688423678853e+00
1.006777463236044445e+00
1.005553866371141636e+00
1.004543819887486977e+00
1.003712145126284705e+00
1.003028914284458617e+00
1.002468813949073834e+00
1.002010542915864777e+00
1.001636257431279597e+00
1.001331070385228728e+00
1.001082606376123119e+00
1.000880611493153660e+00
1.000716614722242381e+00
1.000583636770022267e+00
1.000475941572264382e+00
1.000388825624628497e+00
1.000318440406934073e+00
1.000261643466553885e+00
1.000215874110807146e+00
1.000179050082250720e+00
1.000149482021585046e+00
1.000125802939016539e+00
1.000106910303892649e+00
1.000091918717530337e+00
1.000080121453218007e+00
1.000070959430562345e+00
1.000063996441038272e+00
1.000058899660892786e+00
1.000055424680345695e+00
1.000053404448408623e+00
1.000052741684782864e+00
1.000053404448408623e+00
1.000055424680345695e+00
1.000058899660892786e+00
1.000063996441038272e+00
1.000070959430562345e+00
1.000080121453218007e+00
1.000091918717530337e+00
1.000106910303892649e+00
1.000125802939016539e+00
1.000149482021585046e+00
1.000179050082250720e+00
1.000215874110807146e+00
1.000261643466553885e+00
1.000318440406934073e+00
1.000388825624628497e+00
1.000475941572264382e+00
1.000583636770022267e+00
1.000716614722242381e+00
1.000880611493153660e+00
1.001082606376123119e+00
1.001331070385228728e+00
1.001636257431279597e+00
1.002010542915864777e+00
1.002468813949073834e+00
1.003028914284458617e+00
1.003712145126284705e+00
1.004543819887486977e+00
1.005553866371141636e+00
1.006777463236044445e+00
1.008255688423678631e+00
1.010036144830512850e+00
1.012173512225789329e+00
1.014729953584503575e+00
1.017775278110010229e+00
1.021386732062822489e+00
1.025648252490315882e+00
1.030648979458822057e+00
1.036480782357665387e+00
1.043234520459317416e+00
1.050994735488008480e+00
1.059832476858716399e+00
1.069796005845361053e+00
1.080899235961124027e+00
1.093107970771098891e+00
1.106324326666552560e+00
1.120370201841305979e+00
1.134971282585661045e+00
1.149743837721292961e+00
1.164187354469865099e+00
1.177686738366163333e+00
1.189528052685221660e+00
1.198931231732951019e+00
1.205101470613180847e+00
1.207297818086225494e+00
1.204913009669049684e+00
1.197553535337839703e+00
1.185104818823375927e+00
1.167765131165828363e+00
1.146035166820820850e+00
1.120658571606976350e+00
1.092520693538434839e+00
1.062525155506185204e+00
1.031476567437314307e+00
1.000000000000000000e+00
