1.000000000000000000e+00
8.701064974320233958e-01
8.595077001806550321e-01
9.584637433273983653e-01
1.113153204538005703e+00
1.272240213136643039e+00
1.404612180192037263e+00
1.499665119302248106e+00
1.559993812491629495e+00
1.593433422867960303e+00
1.607893753094369327e+00
1.609437954145307215e+00
1.602438077360338164e+00
1.590387765178874702e+00
1.576462983299259824e+00
1.563563332941299899e+00
1.553992005364453366e+00
1.549074136570310900e+00
1.548953313848734803e+00
1.552662377852756626e+00
1.558430511000524099e+00
1.564112113326014963e+00
1.567611133762007336e+00
1.567208040998658625e+00
1.561747522283419176e+00
1.550690378237717271e+00
1.534061278979651277e+00
1.512333929705782731e+00
1.486291789832975940e+00
1.456892422987282609e+00
1.425152175191699788e+00
1.392058295626278364e+00
1.358508967648964338e+00
1.325277903231189658e+00
1.292998510897678921e+00
1.262162414045432168e+00
1.233127635278985723e+00
1.206132625905649958e+00
1.181313236195066452e+00
1.158720550293700136e+00
1.138338193162793832e+00
1.120098247078296749e+00
1.103895307141093962e+00
1.089598482712480054e+00
1.077061339417392682e+00
1.066129896351129647e+00
1.056648863514177972e+00
1.048466339554156468e+00
1.041437200531335483e+00
1.035425404837649221e+00
1.030305423645094587e+00
1.025962984746290996e+00
1.022295293526833460e+00
1.019210870262008628e+00
1.016629119417628679e+00
1.014479725063239579e+00
1.012701947376168921e+00
1.011243878730277546e+00
1.010061704020684292e+00
1.009118998532388067e+00
1.008386087588535762e+00
1.007839485137395963e+00
1.007461423061336347e+00
1.007239479019577555e+00
1.007166307784173265e+00
1.007239479022747686e+00
1.007461423067838258e+00
1.007839485147566272e+00
1.008386087602890058e+00
1.009118998551660651e+00
1.010061704045853048e+00
1.011243878762617898e+00
1.012701947417308235e+00
1.014479725115246644e+00
1.016629119483102306e+00
1.019210870344209985e+00
1.022295293629847501e+00
1.025962984875215422e+00
1.030305423806299192e+00
1.035425405039081870e+00
1.041437200782920236e+00
1.048466339868288966e+00
1.056648863906346714e+00
1.066129896840711799e+00
1.077061340028654390e+00
1.089598483475856305e+00
1.103895308094821948e+00
1.120098248270501085e+00
1.138338194654179292e+00
1.158720552160998896e+00
1.181313238535505628e+00
1.206132628842733867e+00
1.233127638969966355e+00
1.262162418690995214e+00
1.292998516754465976e+00
1.325277910627965738e+00
1.358508977007343743e+00
1.392058307487201718e+00
1.425152190248822226e+00
1.456892442128620013e+00
1.486291814191875948e+00
1.512333960721854220e+00
1.534061318469360335e+00
1.550690428472710991e+00
1.561747586072355309e+00
1.567208121765141682e+00
1.567611235607578202e+00
1.564112241063321918e+00
1.558430670138442053e+00
1.552662574512907900e+00
1.548953554591539827e+00
1.549074428108209833e+00
1.553992354139853260e+00
1.563563744548965406e+00
1.576463461741965721e+00
1.590388311969709534e+00
1.602438690532086429e+00
1.609438627295148194e+00
1.607894474661670126e+00
1.593434175879991033e+00
1.559994574982319859e+00
1.499665865498956974e+00
1.404612882392211715e+00
1.272240843998137860e+00
1.113153739341907755e+00
9.584641617275257985e-01
8.595079871167040642e-01
8.701066432281935326e-01
1.000000000000000000e+00
