1.000000000000000000e+00
1.067737605422193869e+00
1.138437424513288221e+00
1.212611755424912285e+00
1.288808987498151426e+00
1.364176681755500109e+00
1.435105295024535321e+00
1.497902064129206456e+00
1.549397070710768709e+00
1.587380879092790353e+00
1.610814842386906420e+00
1.619816169228863734e+00
1.615471109409914119e+00
1.599553997205634737e+00
1.574226615689145792e+00
1.541771623366343213e+00
1.504388185683451340e+00
1.464056411715901618e+00
1.422463375632171845e+00
1.380977108912740725e+00
1.340653848088290800e+00
1.302265652279584129e+00
1.266338458292156188e+00
1.233193628740232750e+00
1.202988559650033817e+00
1.175753803793666341e+00
1.151425478453892870e+00
1.129872577060810013e+00
1.110919317783664262e+00
1.094362945076319038e+00
1.079987533135642996e+00
1.067574380253868860e+00
1.056909568387176090e+00
1.047789217656058591e+00
1.040022906467351183e+00
1.033435664011452593e+00
1.027868878705685107e+00
1.023180406967286293e+00
1.019244113225967086e+00
1.015949025082351520e+00
1.013198247132724772e+00
1.010907742975901691e+00
1.009005066825137353e+00
1.007428103365994199e+00
1.006123856371048841e+00
1.005047312436198936e+00
1.004160395401706873e+00
1.003431018972049005e+00
1.002832239224233923e+00
1.002341504633943670e+00
1.001939998560797074e+00
1.001612067491875591e+00
1.001344727479851038e+00
1.001127240914501559e+00
1.000950755866366393e+00
1.000808000608704340e+00
1.000693026461278556e+00
1.000600992734199668e+00
1.000527988230890397e+00
1.000470884460370025e+00
1.000427216387449691e+00
1.000395087201392030e+00
1.000373094202647639e+00
1.000360273491500029e+00
1.000356061694772869e+00
1.000360273491500029e+00
1.000373094202647639e+00
1.000395087201392030e+00
1.000427216387449691e+00
1.000470884460370025e+00
1.000527988230890397e+00
1.000600992734199668e+00
1.000693026461278556e+00
1.000808000608704340e+00
1.000950755866366393e+00
1.001127240914501559e+00
1.001344727479851038e+00
1.001612067491875591e+00
1.001939998560797074e+00
1.002341504633943670e+00
1.002832239224233923e+00
1.003431018972049005e+00
1.004160395401706873e+00
1.005047312436198936e+00
1.006123856371048841e+00
1.007428103365994199e+00
1.009005066825137353e+00
1.010907742975901469e+00
1.013198247132724772e+00
1.015949025082351742e+00
1.019244113225967086e+00
1.023180406967286293e+00
1.027868878705684885e+00
1.033435664011452371e+00
1.040022906467350960e+00
1.047789217656058369e+00
1.056909568387175424e+00
1.067574380253868860e+00
1.079987533135642774e+00
1.094362945076318816e+00
1.110919317783664706e+00
1.129872577060809569e+00
1.151425478453893314e+00
1.175753803793666341e+00
1.202988559650034039e+00
1.233193628740232528e+00
1.266338458292155744e+00
1.302265652279585240e+00
1.340653848088290800e+00
1.380977108912740281e+00
1.422463375632172289e+00
1.464056411715901174e+00
1.504388185683451562e+00
1.541771623366342991e+00
1.574226615689144460e+00
1.599553997205635847e+00
1.615471109409914341e+00
1.619816169228862401e+00
1.610814842386905532e+00
1.587380879092789687e+00
1.549397070710768487e+00
1.497902064129205124e+00
1.435105295024534433e+00
1.364176681755500775e+00
1.288808987498151648e+00
1.212611755424911397e+00
1.138437424513287555e+00
1.067737605422193203e+00
1.000000000000000000e+00
