1.000000000000000000e+00
7.394126595172245686e-01
7.845400848183060605e-01
9.795816332023793427e-01
1.173608495110676886e+00
1.315745004097835569e+00
1.413275207633170716e+00
1.483774063562682599e+00
1.536475317046089639e+00
1.573533817215115427e+00
1.595792646526499103e+00
1.605741451436897504e+00
1.607274393988896710e+00
1.604144127710396273e+00
1.598676120073331042e+00
1.591423711562089283e+00
1.581746482350343985e+00
1.568868247782782888e+00
1.552834093348450351e+00
1.534933833682461390e+00
1.517476917063907305e+00
1.503106920319788431e+00
1.493995832098442555e+00
1.491233025443655880e+00
1.494582988387578526e+00
1.502619763770676409e+00
1.513124533773601899e+00
1.523584892094967058e+00
1.531651926440574574e+00
1.535465668167026676e+00
1.533820063537882916e+00
1.526184707760650294e+00
1.512624752339284839e+00
1.493665263641750895e+00
1.470139023038131487e+00
1.443044533381230510e+00
1.413428887112033294e+00
1.382300693858705243e+00
1.350572099048450658e+00
1.319025633364270256e+00
1.288300412320004584e+00
1.258892259426521942e+00
1.231163034853921090e+00
1.205355400346372230e+00
1.181610200263016885e+00
1.159984470538037771e+00
1.140468760806340409e+00
1.123002970331860029e+00
1.107490275341999508e+00
1.093808989747388605e+00
1.081822378343740620e+00
1.071386553418972376e+00
1.062356650047814544e+00
1.054591506139755275e+00
1.047957081068139562e+00
1.042328839320990186e+00
1.037593308859293018e+00
1.033649001921407962e+00
1.030406861818844666e+00
1.027790374837791676e+00
1.025735462987580560e+00
1.024190251776039062e+00
1.023114787791493896e+00
1.022480763680461147e+00
1.022271292960952316e+00
1.022480763680699178e+00
1.023114787791982394e+00
1.024190251776812666e+00
1.025735462988692781e+00
1.027790374839317344e+00
1.030406861820884146e+00
1.033649001924100919e+00
1.037593308862817088e+00
1.042328839325589396e+00
1.047957081074117447e+00
1.054591506147517066e+00
1.062356650057885599e+00
1.071386553432021715e+00
1.081822378360631776e+00
1.093808989769225137e+00
1.107490275370204502e+00
1.123002970368243592e+00
1.140468760853215802e+00
1.159984470598343975e+00
1.181610200340497796e+00
1.205355400445770941e+00
1.231163034981256788e+00
1.258892259589430074e+00
1.288300412528150085e+00
1.319025633629896443e+00
1.350572099387052694e+00
1.382300694289932963e+00
1.413428887660815203e+00
1.443044534079233276e+00
1.470139023925647326e+00
1.493665264770147605e+00
1.512624753774188591e+00
1.526184709586040356e+00
1.533820065861358550e+00
1.535465671126449383e+00
1.531651930212328816e+00
1.523584896903817487e+00
1.513124539904056709e+00
1.502619771579199792e+00
1.494582998314660127e+00
1.491233038024142532e+00
1.493995847968284663e+00
1.503106940217345144e+00
1.517476941824354553e+00
1.534933864224345079e+00
1.552834130651297606e+00
1.568868292853142554e+00
1.581746536170360207e+00
1.591423775011377328e+00
1.598676193814831059e+00
1.604144212038264961e+00
1.607274488652021160e+00
1.605741555470052040e+00
1.595792758132288602e+00
1.573533933735593138e+00
1.536475435046233740e+00
1.483774179028200191e+00
1.413275316268192583e+00
1.315745101684048457e+00
1.173608577854387214e+00
9.795816979817616454e-01
7.845401292924265579e-01
7.394126821389384041e-01
1.000000000000000000e+00
