1.000000000000000000e+00
7.430362392529984428e-01
7.851516370931657107e-01
9.778791586817421333e-01
1.172422974138043417e+00
1.316000218904084251e+00
1.414188573641338209e+00
1.484396109402460473e+00
1.536477304171106173e+00
1.573116014493507908e+00
1.595329757300293805e+00
1.605545259588259777e+00
1.607496743235558023e+00
1.604741944456685498e+00
1.599420014714933780e+00
1.591973660010759906e+00
1.581788812645604336e+00
1.568258153605661676e+00
1.551674329829635379e+00
1.533553059090776660e+00
1.516321815310553323e+00
1.502597929219447570e+00
1.494402494859524255e+00
1.492606849565896843e+00
1.496757842908666536e+00
1.505265991238351697e+00
1.515830546855902794e+00
1.525939656931975419e+00
1.533309438245137768e+00
1.536182958156954159e+00
1.533469227152776115e+00
1.524744892380445638e+00
1.510161930290139010e+00
1.490306980478951715e+00
1.466049430338781878e+00
1.438402895041472451e+00
1.408412963437659426e+00
1.377075166067397882e+00
1.345281477537431769e+00
1.313790774682092488e+00
1.283217712759908480e+00
1.254034680745202968e+00
1.226582267690935035e+00
1.201084633249014599e+00
1.177667110406080520e+00
1.156374175352874678e+00
1.137186565787925652e+00
1.120036819687533436e+00
1.104822863001560851e+00
1.091419522934182540e+00
1.079688008335143889e+00
1.069483501553767146e+00
1.060661064033937562e+00
1.053080084245021864e+00
1.046607501314815947e+00
1.041120028443992096e+00
1.036505582323019370e+00
1.032664102292390140e+00
1.029507918660781174e+00
1.026961805304396513e+00
1.024962828614006449e+00
1.023460083719118119e+00
1.022414390001148643e+00
1.021798001225082686e+00
1.021594370983590849e+00
1.021798001225387553e+00
1.022414390001773699e+00
1.023460083720105329e+00
1.024962828615420207e+00
1.026961805306325415e+00
1.029507918663346677e+00
1.032664102295758113e+00
1.036505582327401198e+00
1.041120028449672441e+00
1.046607501322150746e+00
1.053080084254481630e+00
1.060661064046130697e+00
1.069483501569463035e+00
1.079688008355334405e+00
1.091419522960130228e+00
1.104822863034885083e+00
1.120036819730290123e+00
1.137186565842739583e+00
1.156374175423070305e+00
1.177667110495887570e+00
1.201084633363788123e+00
1.226582267837466267e+00
1.254034680932105461e+00
1.283217712998084625e+00
1.313790774985365006e+00
1.345281477923309321e+00
1.377075166558104913e+00
1.408412964061427353e+00
1.438402895834207440e+00
1.466049431346228227e+00
1.490306981759498051e+00
1.510161931918436728e+00
1.524744894452074062e+00
1.533469229790204169e+00
1.536182961517039480e+00
1.533309442528419053e+00
1.525939662393744234e+00
1.515830553818946935e+00
1.505266000106683322e+00
1.496757854181167691e+00
1.492606863848128018e+00
1.494402512871665811e+00
1.502597951798231302e+00
1.516321843403390046e+00
1.533553093740752882e+00
1.551674372149902448e+00
1.568258204740164308e+00
1.581788873709811583e+00
1.591973732002561315e+00
1.599420098385795130e+00
1.604742040140765935e+00
1.607496850651136011e+00
1.605545377646197425e+00
1.595329883967683271e+00
1.573116146757774114e+00
1.536477438132244355e+00
1.484396240498080832e+00
1.414188696987288996e+00
1.316000329704426930e+00
1.172423068080149289e+00
9.778792322189739927e-01
7.851516875715233157e-01
7.430362649249380169e-01
1.000000000000000000e+00
