1.000000000000000000e+00
7.387817850820983523e-01
7.837065396606801571e-01
9.785229553026730809e-01
1.172188695490440136e+00
1.313966346045004396e+00
1.411257921309332364e+00
1.481653693702877694e+00
1.534349048103905266e+00
1.571461472455865094e+00
1.593813396886420097e+00
1.603884055913420870e+00
1.605561143574395055e+00
1.602593785432210316e+00
1.597306232920384872e+00
1.590249548667933110e+00
1.580775855942086805e+00
1.568095128639207081e+00
1.552235314419473378e+00
1.534471436324481353e+00
1.517105578333271421e+00
1.502783556939289111e+00
1.493687941068478908e+00
1.490923352706866600e+00
1.494269827015124452e+00
1.502313698681654541e+00
1.512843273870208671e+00
1.523347896919044597e+00
1.531476074609801508e+00
1.535362560894800055e+00
1.533794979767248767e+00
1.526236864792833270e+00
1.512748388993092830e+00
1.493851090642658530e+00
1.470375697476600019e+00
1.443319945911551772e+00
1.413731163932928192e+00
1.382618895772732337e+00
1.350896647356049973e+00
1.319348514204497169e+00
1.288615215981970374e+00
1.259194106523473522e+00
1.231448432351943678e+00
1.205622060540622265e+00
1.181856846642978187e+00
1.160210646825604819e+00
1.140674653450648890e+00
1.123189250273068041e+00
1.107657961665545532e+00
1.093959335672417099e+00
1.081956778580433376e+00
1.071506471086265400e+00
1.062463560904491455e+00
1.054686857724660420e+00
1.048042264376460420e+00
1.042405170794495017e+00
1.037662020688993270e+00
1.033711238915359765e+00
1.030463683350442361e+00
1.027842760643752129e+00
1.025784321818609568e+00
1.024236432110096517e+00
1.023159089995866688e+00
1.022523953152837395e+00
1.022314113891005238e+00
1.022523953152610243e+00
1.023159089995399951e+00
1.024236432109375317e+00
1.025784321817609701e+00
1.027842760642438957e+00
1.030463683348768589e+00
1.033711238913273878e+00
1.037662020686427322e+00
1.042405170791379287e+00
1.048042264372703425e+00
1.054686857720168236e+00
1.062463560899161941e+00
1.071506471079977763e+00
1.081956778573057276e+00
1.093959335663803767e+00
1.107657961655538648e+00
1.123189250261482863e+00
1.140674653437272035e+00
1.160210646810169832e+00
1.181856846625150226e+00
1.205622060519941474e+00
1.231448432327773235e+00
1.259194106494908816e+00
1.288615215947686909e+00
1.319348514162558939e+00
1.350896647303611919e+00
1.382618895705669759e+00
1.413731163845304728e+00
1.443319945794925507e+00
1.470375697319142860e+00
1.493851090428073958e+00
1.512748388699352464e+00
1.526236864390763559e+00
1.533794979219096577e+00
1.535362560152905953e+00
1.531476073615621436e+00
1.523347895602590318e+00
1.512843272150020457e+00
1.502313696464941950e+00
1.494269824197484553e+00
1.490923349170521828e+00
1.493687936678028239e+00
1.502783551534624618e+00
1.517105571720870794e+00
1.534471428270510085e+00
1.552235304649975722e+00
1.568095116852645354e+00
1.580775841836320028e+00
1.590249531978137565e+00
1.597306213459407820e+00
1.602593763125043758e+00
1.605561118485236083e+00
1.603884028272235085e+00
1.593813367122202340e+00
1.571461441230340705e+00
1.534349016322169357e+00
1.481653662475429067e+00
1.411257891862847558e+00
1.313966319605488042e+00
1.172188673163277794e+00
9.785229379621981360e-01
7.837065278787589406e-01
7.387817791436509518e-01
1.000000000000000000e+00
