1.000000000000000000e+00
9.610072034726399037e-01
9.684081253537257794e-01
1.028872244169443562e+00
1.127994406394376758e+00
1.243813194882894990e+00
1.355754475963065753e+00
1.449553711367376430e+00
1.518750779529799644e+00
1.563653339038819867e+00
1.588933510831098239e+00
1.600983593504158753e+00
1.605812520299198853e+00
1.607814286841088736e+00
1.609375182261766346e+00
1.611087706964712485e+00
1.612287734361943947e+00
1.611672038196169776e+00
1.607833165983846291e+00
1.599631729851192619e+00
1.586392437119037657e+00
1.567951890478921806e+00
1.544604380477233585e+00
1.516992630672891362e+00
1.485981303899013506e+00
1.452538532577024810e+00
1.417639038299181031e+00
1.382193544516188588e+00
1.347003529733194815e+00
1.312737414062531860e+00
1.279923222727855636e+00
1.248952871617457827e+00
1.220093897753544043e+00
1.193505335357541108e+00
1.169255301974125416e+00
1.147338607198364890e+00
1.127693295769669479e+00
1.110215490606996980e+00
1.094772229493132576e+00
1.081212216018953898e+00
1.069374554469828764e+00
1.059095629585320886e+00
1.050214341641790838e+00
1.042575927569449057e+00
1.036034599266003609e+00
1.030455217940023482e+00
1.025714203367312560e+00
1.021699853090327403e+00
1.018312221452268185e+00
1.015462683712927916e+00
1.013073287487280982e+00
1.011075973050071131e+00
1.009411725983201169e+00
1.008029710282198899e+00
1.006886417292011116e+00
1.005944855511866187e+00
1.005173798137003249e+00
1.004547098908562086e+00
1.004043082138525111e+00
1.003644009395122216e+00
1.003335623030988222e+00
1.003106765295748604e+00
1.002949071010888371e+00
1.002856731540191060e+00
1.002826327933032724e+00
1.002856731540191060e+00
1.002949071010888371e+00
1.003106765295748604e+00
1.003335623030988222e+00
1.003644009395122216e+00
1.004043082138525111e+00
1.004547098908562086e+00
1.005173798137003249e+00
1.005944855511866187e+00
1.006886417292011116e+00
1.008029710282198899e+00
1.009411725983201169e+00
1.011075973050071353e+00
1.013073287487280982e+00
1.015462683712927916e+00
1.018312221452268185e+00
1.021699853090327403e+00
1.025714203367312560e+00
1.030455217940023260e+00
1.036034599266003609e+00
1.042575927569449279e+00
1.050214341641791282e+00
1.059095629585321108e+00
1.069374554469828986e+00
1.081212216018953232e+00
1.094772229493132132e+00
1.110215490606996758e+00
1.127693295769670589e+00
1.147338607198363780e+00
1.169255301974124528e+00
1.193505335357540886e+00
1.220093897753542267e+00
1.248952871617458271e+00
1.279923222727855858e+00
1.312737414062531638e+00
1.347003529733196370e+00
1.382193544516188588e+00
1.417639038299182808e+00
1.452538532577024810e+00
1.485981303899014616e+00
1.516992630672892695e+00
1.544604380477234917e+00
1.567951890478924470e+00
1.586392437119041210e+00
1.599631729851195727e+00
1.607833165983851176e+00
1.611672038196174439e+00
1.612287734361950164e+00
1.611087706964719146e+00
1.609375182261774340e+00
1.607814286841100726e+00
1.605812520299211510e+00
1.600983593504170965e+00
1.588933510831111562e+00
1.563653339038831858e+00
1.518750779529814965e+00
1.449553711367390418e+00
1.355754475963078187e+00
1.243813194882906981e+00
1.127994406394387417e+00
1.028872244169450445e+00
9.684081253537304423e-01
9.610072034726412360e-01
1.000000000000000000e+00
