1.000000000000000000e+00
9.979515679649418880e-01
1.017965082302326518e+00
1.065896324060921607e+00
1.137686343297697356e+00
1.224310551746811360e+00
1.315542845976003461e+00
1.402544602445916277e+00
1.479227162619593638e+00
1.542483946765355940e+00
1.591616495403033626e+00
1.627408279962492044e+00
1.651252550398319752e+00
1.664566959958158732e+00
1.668536970064094627e+00
1.664103983663203223e+00
1.652073784966854531e+00
1.633241982076540033e+00
1.608478503831254347e+00
1.578754917008569958e+00
1.545124302312586240e+00
1.508673490243706228e+00
1.470466850762361943e+00
1.431495325360417237e+00
1.392638060838733427e+00
1.354638909536564295e+00
1.318096789122111145e+00
1.283467248435891328e+00
1.251072089134058762e+00
1.221114074404707539e+00
1.193694258160978849e+00
1.168830061936261266e+00
1.146472786897144935e+00
1.126523719462140471e+00
1.108848356559084980e+00
1.093288547104625197e+00
1.079672534964427610e+00
1.067823012435680896e+00
1.057563367859374104e+00
1.048722349517928754e+00
1.041137381064657585e+00
1.034656759550799165e+00
1.029140951867154596e+00
1.024463183711064485e+00
1.020509490377445205e+00
1.017178373121812918e+00
1.014380180158900968e+00
1.012036308560779085e+00
1.010078302981890053e+00
1.008446909519210788e+00
1.007091128138014380e+00
1.005967294828139069e+00
1.005038214777385752e+00
1.004272360081414517e+00
1.003643139559701636e+00
1.003128243824359611e+00
1.002709065582583658e+00
1.002370193000394316e+00
1.002098972603925997e+00
1.001885137465092113e+00
1.001720496163016172e+00
1.001598678110994900e+00
1.001514931196382019e+00
1.001465968223137937e+00
1.001449859318509938e+00
1.001465968223137937e+00
1.001514931196382019e+00
1.001598678110994900e+00
1.001720496163016172e+00
1.001885137465092113e+00
1.002098972603925997e+00
1.002370193000394316e+00
1.002709065582583658e+00
1.003128243824359611e+00
1.003643139559701636e+00
1.004272360081414517e+00
1.005038214777385752e+00
1.005967294828139069e+00
1.007091128138014380e+00
1.008446909519210788e+00
1.010078302981890053e+00
1.012036308560779085e+00
1.014380180158901190e+00
1.017178373121812474e+00
1.020509490377445205e+00
1.024463183711064485e+00
1.029140951867154596e+00
1.034656759550799165e+00
1.041137381064657808e+00
1.048722349517928976e+00
1.057563367859374104e+00
1.067823012435680674e+00
1.079672534964427832e+00
1.093288547104624975e+00
1.108848356559084758e+00
1.126523719462140249e+00
1.146472786897143159e+00
1.168830061936261266e+00
1.193694258160979071e+00
1.221114074404707539e+00
1.251072089134059873e+00
1.283467248435890662e+00
1.318096789122112034e+00
1.354638909536563851e+00
1.392638060838734093e+00
1.431495325360416571e+00
1.470466850762361943e+00
1.508673490243707782e+00
1.545124302312587794e+00
1.578754917008569514e+00
1.608478503831256345e+00
1.633241982076540699e+00
1.652073784966854975e+00
1.664103983663203667e+00
1.668536970064094183e+00
1.664566959958161618e+00
1.651252550398322638e+00
1.627408279962493598e+00
1.591616495403035403e+00
1.542483946765357050e+00
1.479227162619596081e+00
1.402544602445917388e+00
1.315542845976005459e+00
1.224310551746813802e+00
1.137686343297698910e+00
1.065896324060921829e+00
1.017965082302326296e+00
9.979515679649403337e-01
1.000000000000000000e+00
