1.000000000000000000e+00
8.349055212785667646e-01
8.300934097986576443e-01
9.544563980993888697e-01
1.128429530620187693e+00
1.290508526615121498e+00
1.413325885968796047e+00
1.495355431492884302e+00
1.546671003464805461e+00
1.578287669766691215e+00
1.597466750600923469e+00
1.607460740906674346e+00
1.609237723185954927e+00
1.603366658743334394e+00
1.591196961757060491e+00
1.575156834320106558e+00
1.558365906936524992e+00
1.543905143498579990e+00
1.534088661972561773e+00
1.529987624227121090e+00
1.531314497570552602e+00
1.536639074266995975e+00
1.543816499839599121e+00
1.550478389975993965e+00
1.554461657770416450e+00
1.554101566428561565e+00
1.548370105388715334e+00
1.536880961267077739e+00
1.519802385043087067e+00
1.497722005252196231e+00
1.471499775340669114e+00
1.442133338359294470e+00
1.410648662074625248e+00
1.378020042700117687e+00
1.345117975719845704e+00
1.312680489124349759e+00
1.281302542935815802e+00
1.251438263605979095e+00
1.223411523768526354e+00
1.197431316399114598e+00
1.173609290622149137e+00
1.151977610993113021e+00
1.132505939574184328e+00
1.115116824447008881e+00
1.099699130155911808e+00
1.086119390534411089e+00
1.074231126966372241e+00
1.063882276386733050e+00
1.054920930166074466e+00
1.047199610586715846e+00
1.040578315860670511e+00
1.034926554978016444e+00
1.030124575554332234e+00
1.026063965201801764e+00
1.022647782563325558e+00
1.019790349927875983e+00
1.017416816531378165e+00
1.015462580985453611e+00
1.013872643145134367e+00
1.012600940239175351e+00
1.011609709173268978e+00
1.010868906384015498e+00
1.010355708202353098e+00
1.010054108068002554e+00
1.009954621793063057e+00
1.010054108067437006e+00
1.010355708201193581e+00
1.010868906382208054e+00
1.011609709170719240e+00
1.012600940235761415e+00
1.013872643140687924e+00
1.015462580979758611e+00
1.017416816524156831e+00
1.019790349918786365e+00
1.022647782551924900e+00
1.026063965187550275e+00
1.030124575536560450e+00
1.034926554955882372e+00
1.040578315833132761e+00
1.047199610552477012e+00
1.054920930123522949e+00
1.063882276333856236e+00
1.074231126900662581e+00
1.086119390452727096e+00
1.099699130054311524e+00
1.115116824320534716e+00
1.132505939416584839e+00
1.151977610796477647e+00
1.173609290376440129e+00
1.197431316091549069e+00
1.223411523382772703e+00
1.251438263121123162e+00
1.281302542324998850e+00
1.312680488353010322e+00
1.345117974743445410e+00
1.378020041461239131e+00
1.410648660499278728e+00
1.442133336352309669e+00
1.471499772780017201e+00
1.497722001982179751e+00
1.519802380866404734e+00
1.536880955935872928e+00
1.548370098594981092e+00
1.554101557794408173e+00
1.554461646838924960e+00
1.550478376203444419e+00
1.543816482589765338e+00
1.536639052808117967e+00
1.531314471075550632e+00
1.529987591778287914e+00
1.534088622573493099e+00
1.543905096098806551e+00
1.558365850477209769e+00
1.575156767810909075e+00
1.591196884392632960e+00
1.603366570061591556e+00
1.609237623259033079e+00
1.607460630541478697e+00
1.597466631512550528e+00
1.578287544678813159e+00
1.546670876090058711e+00
1.495355306355851788e+00
1.413325768057688059e+00
1.290508420890139618e+00
1.128429441470147010e+00
9.544563289028747954e-01
8.300933627509076151e-01
8.349054975339245122e-01
1.000000000000000000e+00
