1.000000000000000000e+00
1.011218698252658754e+00
1.022276563846500119e+00
1.032952371179068685e+00
1.042969439942973420e+00
1.052020818892719145e+00
1.059806166077607026e+00
1.066070811889424652e+00
1.070638395500059126e+00
1.073431056503124204e+00
1.074474686418371627e+00
1.073890192640599262e+00
1.071874262917157594e+00
1.068674332539884198e+00
1.064562401509475009e+00
1.059811396011292706e+00
1.054676399895089212e+00
1.049381718241345185e+00
1.044113645914537258e+00
1.039018107265437640e+00
1.034201994661404278e+00
1.029736981468380774e+00
1.025664717140192472e+00
1.022002535668919299e+00
1.018749054972545531e+00
1.015889270833024494e+00
1.013398933406655766e+00
1.011248131081067703e+00
1.009404098747832101e+00
1.007833323081609000e+00
1.006503045151862619e+00
1.005382269083457514e+00
1.004442381553215524e+00
1.003657476023095185e+00
1.003004461567618577e+00
1.002463021453573466e+00
1.002015472776279781e+00
1.001646566237216485e+00
1.001343254871258637e+00
1.001094452208319829e+00
1.000890793824863456e+00
1.000724411266242786e+00
1.000588723637450661e+00
1.000478249513299112e+00
1.000388439981511279e+00
1.000315532409710606e+00
1.000256423761155977e+00
1.000208561847479860e+00
1.000169852701894513e+00
1.000138582208740967e+00
1.000113350179889560e+00
1.000093015185302026e+00
1.000076648595915385e+00
1.000063496462265000e+00
1.000052948019304555e+00
1.000044509768312162e+00
1.000037784236150973e+00
1.000032452647831249e+00
1.000028260869775920e+00
1.000025008088529122e+00
1.000022537783927135e+00
1.000020730638207622e+00
1.000019499094795483e+00
1.000018783344096107e+00
1.000018548570258625e+00
1.000018783344096107e+00
1.000019499094795483e+00
1.000020730638207622e+00
1.000022537783927135e+00
1.000025008088529122e+00
1.000028260869775920e+00
1.000032452647831249e+00
1.000037784236150973e+00
1.000044509768312162e+00
1.000052948019304555e+00
1.000063496462265000e+00
1.000076648595915385e+00
1.000093015185302026e+00
1.000113350179889560e+00
1.000138582208740967e+00
1.000169852701894513e+00
1.000208561847479860e+00
1.000256423761155977e+00
1.000315532409710606e+00
1.000388439981511279e+00
1.000478249513299112e+00
1.000588723637450661e+00
1.000724411266242786e+00
1.000890793824863456e+00
1.001094452208319829e+00
1.001343254871258637e+00
1.001646566237216485e+00
1.002015472776279781e+00
1.002463021453573466e+00
1.003004461567618355e+00
1.003657476023095185e+00
1.004442381553215524e+00
1.005382269083457514e+00
1.006503045151862619e+00
1.007833323081608778e+00
1.009404098747832101e+00
1.011248131081067481e+00
1.013398933406655766e+00
1.015889270833024050e+00
1.018749054972545531e+00
1.022002535668918854e+00
1.025664717140192028e+00
1.029736981468380552e+00
1.034201994661403834e+00
1.039018107265436974e+00
1.044113645914536814e+00
1.049381718241344519e+00
1.054676399895088545e+00
1.059811396011291595e+00
1.064562401509473677e+00
1.068674332539883087e+00
1.071874262917156040e+00
1.073890192640598151e+00
1.074474686418370739e+00
1.073431056503122871e+00
1.070638395500057793e+00
1.066070811889422432e+00
1.059806166077605694e+00
1.052020818892718479e+00
1.042969439942972532e+00
1.032952371179068018e+00
1.022276563846499897e+00
1.011218698252658310e+00
1.000000000000000000e+00
