1.000000000000000000e+00
1.070138212120034238e+00
1.139692604340130089e+00
1.207391042912328016e+00
1.271354194610524235e+00
1.329341460741807701e+00
1.379097217268886011e+00
1.418711651323250944e+00
1.446911278924072120e+00
1.463219969144975652e+00
1.467972087487900756e+00
1.462199003399994313e+00
1.447435399090360120e+00
1.425497925331699500e+00
1.398279543058050800e+00
1.367586255753320712e+00
1.335026248752271938e+00
1.301949053936710898e+00
1.269425425486334635e+00
1.238256279073558508e+00
1.208999691738352089e+00
1.182007057641793146e+00
1.157461971662022249e+00
1.135417667922257401e+00
1.115830627182677670e+00
1.098589251054849836e+00
1.083537349387536208e+00
1.070492699846403273e+00
1.059261212679259767e+00
1.049647348712319239e+00
1.041461454505216544e+00
1.034524637280193726e+00
1.028671731792428545e+00
1.023752829638213457e+00
1.019633759467119427e+00
1.016195830303867620e+00
1.013335082745833393e+00
1.010961235291543803e+00
1.008996465410813004e+00
1.007374126460702124e+00
1.006037471125932559e+00
1.004938428540920636e+00
1.004036464467650713e+00
1.003297540778903096e+00
1.002693181073708084e+00
1.002199642711655292e+00
1.001797191212999261e+00
1.001469470276035389e+00
1.001202959168942419e+00
1.000986508613463277e+00
1.000810946225810349e+00
1.000668742915634679e+00
1.000553732218652403e+00
1.000460875245530179e+00
1.000386064694039900e+00
1.000325962142089242e+00
1.000277863583352911e+00
1.000239588864805462e+00
1.000209391326376318e+00
1.000185884523368207e+00
1.000167983433158492e+00
1.000154858012720194e+00
1.000145897388663663e+00
1.000140683333331504e+00
1.000138972016826555e+00
1.000140683333331504e+00
1.000145897388663663e+00
1.000154858012720194e+00
1.000167983433158492e+00
1.000185884523368207e+00
1.000209391326376318e+00
1.000239588864805462e+00
1.000277863583352911e+00
1.000325962142089242e+00
1.000386064694039900e+00
1.000460875245530179e+00
1.000553732218652403e+00
1.000668742915634679e+00
1.000810946225810349e+00
1.000986508613463277e+00
1.001202959168942419e+00
1.001469470276035389e+00
1.001797191212999261e+00
1.002199642711655292e+00
1.002693181073708084e+00
1.003297540778903096e+00
1.004036464467650713e+00
1.004938428540920636e+00
1.006037471125932559e+00
1.007374126460702124e+00
1.008996465410813004e+00
1.010961235291543803e+00
1.013335082745833393e+00
1.016195830303867620e+00
1.019633759467119205e+00
1.023752829638213457e+00
1.028671731792428323e+00
1.034524637280193726e+00
1.041461454505216544e+00
1.049647348712319239e+00
1.059261212679259989e+00
1.070492699846403051e+00
1.083537349387536652e+00
1.098589251054849614e+00
1.115830627182677670e+00
1.135417667922257401e+00
1.157461971662022249e+00
1.182007057641793812e+00
1.208999691738351867e+00
1.238256279073558064e+00
1.269425425486335302e+00
1.301949053936711120e+00
1.335026248752271716e+00
1.367586255753320268e+00
1.398279543058049468e+00
1.425497925331700166e+00
1.447435399090359676e+00
1.462199003399993424e+00
1.467972087487900534e+00
1.463219969144976318e+00
1.446911278924071231e+00
1.418711651323250056e+00
1.379097217268885567e+00
1.329341460741808589e+00
1.271354194610524679e+00
1.207391042912327572e+00
1.139692604340130311e+00
1.070138212120034016e+00
1.000000000000000000e+00
