1.000000000000000000e+00
1.056624571040856608e+00
1.112605501876196001e+00
1.166846808709361527e+00
1.217847210622673426e+00
1.263874123627536372e+00
1.303213145297655640e+00
1.334428563246139010e+00
1.356573235754231499e+00
1.369305467473693971e+00
1.372899269737657857e+00
1.368162096087149227e+00
1.356292181582006151e+00
1.338712802419274261e+00
1.316915289109169995e+00
1.292331492859618347e+00
1.266244595612608048e+00
1.239737868227293038e+00
1.213675351346970244e+00
1.188706124876218739e+00
1.165283848789074206e+00
1.143694546617901375e+00
1.124087352196467604e+00
1.106504649071660129e+00
1.090909457676293437e+00
1.077208996219905623e+00
1.065274079057072942e+00
1.054954482166121643e+00
1.046090668410717184e+00
1.038522387350687248e+00
1.032094694836089621e+00
1.026661912924349052e+00
1.022089996269569534e+00
1.018257703944167814e+00
1.015056906278010151e+00
1.012392290940814954e+00
1.010180674373138743e+00
1.008350075081371200e+00
1.006838664352246226e+00
1.005593677026247912e+00
1.004570339164657877e+00
1.003730849690292359e+00
1.003043438320384340e+00
1.002481511365100220e+00
1.002022889378267667e+00
1.001649135489464104e+00
1.001344969919117256e+00
1.001097764197726336e+00
1.000897107597166213e+00
1.000734437943262556e+00
1.000602729092738175e+00
1.000496227759805512e+00
1.000410232949158429e+00
1.000340911908199182e+00
1.000285147194376778e+00
1.000240410125160295e+00
1.000204656514899204e+00
1.000176241191125026e+00
1.000153848316887917e+00
1.000136435024329362e+00
1.000123186290254873e+00
1.000113479361259383e+00
1.000106856369814556e+00
1.000103004079699209e+00
1.000101739966144487e+00
1.000103004079699209e+00
1.000106856369814556e+00
1.000113479361259383e+00
1.000123186290254873e+00
1.000136435024329362e+00
1.000153848316887917e+00
1.000176241191125026e+00
1.000204656514899204e+00
1.000240410125160295e+00
1.000285147194376778e+00
1.000340911908199182e+00
1.000410232949158429e+00
1.000496227759805512e+00
1.000602729092738175e+00
1.000734437943262556e+00
1.000897107597166213e+00
1.001097764197726336e+00
1.001344969919117256e+00
1.001649135489464104e+00
1.002022889378267667e+00
1.002481511365100220e+00
1.003043438320384340e+00
1.003730849690292359e+00
1.004570339164657877e+00
1.005593677026247912e+00
1.006838664352246226e+00
1.008350075081371200e+00
1.010180674373138743e+00
1.012392290940814954e+00
1.015056906278009929e+00
1.018257703944167814e+00
1.022089996269569534e+00
1.026661912924349052e+00
1.032094694836089621e+00
1.038522387350687248e+00
1.046090668410717406e+00
1.054954482166121421e+00
1.065274079057073386e+00
1.077208996219905401e+00
1.090909457676293437e+00
1.106504649071659907e+00
1.124087352196467604e+00
1.143694546617902041e+00
1.165283848789073762e+00
1.188706124876218295e+00
1.213675351346970244e+00
1.239737868227293038e+00
1.266244595612607382e+00
1.292331492859617459e+00
1.316915289109169329e+00
1.338712802419274039e+00
1.356292181582005041e+00
1.368162096087148116e+00
1.372899269737657857e+00
1.369305467473693527e+00
1.356573235754230167e+00
1.334428563246137456e+00
1.303213145297654973e+00
1.263874123627536816e+00
1.217847210622672982e+00
1.166846808709361083e+00
1.112605501876196445e+00
1.056624571040856386e+00
1.000000000000000000e+00
