1.000000000000000000e+00
7.405613173332390442e-01
7.847245290862647771e-01
9.790393642781318739e-01
1.173240531863452674e+00
1.315834207509489762e+00
1.413566867812075412e+00
1.483969687647647362e+00
1.536475971027421838e+00
1.573404434300503363e+00
1.595649187772273603e+00
1.605679489366178991e+00
1.607341764664143691e+00
1.604330183407049137e+00
1.598912151627030376e+00
1.591604092062173681e+00
1.581770625053524837e+00
1.568686341050099520e+00
1.552473987743113293e+00
1.534496286909751372e+00
1.517102685339190904e+00
1.502931125326540496e+00
1.494107586114876929e+00
1.491652855941385525e+00
1.495261775557922279e+00
1.503455148980833656e+00
1.513986576679680063e+00
1.524342443869113328e+00
1.532193536317465021e+00
1.535712149874264298e+00
1.533728743497010383e+00
1.525747176070789468e+00
1.511860593891344307e+00
1.492614078599268534e+00
1.468852460917161595e+00
1.441579389625995411e+00
1.411841735589484115e+00
1.380644124386562144e+00
1.348892392225891745e+00
1.317361597925427175e+00
1.286683088550683252e+00
1.257345218217513994e+00
1.229703049010665739e+00
1.203993316380046252e+00
1.180351886318576238e+00
1.158831755690978849e+00
1.139420311928784457e+00
1.122055075804306634e+00
1.106637521362906718e+00
1.093044826257147495e+00
1.081139578889515063e+00
1.070777577687244575e+00
1.061813920108934939e+00
1.054107608317440103e+00
1.047524905243225612e+00
1.041941666755450191e+00
1.037244858540874448e+00
1.033333444165993376e+00
1.030118806556527211e+00
1.027524840738210044e+00
1.025487832408009004e+00
1.023956215477388021e+00
1.022890282482195934e+00
1.022261904724940385e+00
1.022054304030104221e+00
1.022261904725199289e+00
1.022890282482726843e+00
1.023956215478228238e+00
1.025487832409215150e+00
1.027524840739860723e+00
1.030118806558729894e+00
1.033333444168896165e+00
1.037244858544664750e+00
1.041941666760385132e+00
1.047524905249624716e+00
1.054107608325728362e+00
1.061813920119664134e+00
1.070777577701115701e+00
1.081139578907430288e+00
1.093044826280259896e+00
1.106637521392700663e+00
1.122055075842668392e+00
1.139420311978123657e+00
1.158831755754354598e+00
1.180351886399883421e+00
1.203993316484217591e+00
1.229703049143960447e+00
1.257345218387871277e+00
1.286683088768152627e+00
1.317361598202742456e+00
1.348892392579173594e+00
1.380644124836260422e+00
1.411841736161554062e+00
1.441579390353420420e+00
1.468852461841927859e+00
1.492614079774926106e+00
1.511860595386322448e+00
1.525747177972671009e+00
1.533728745918013336e+00
1.535712152958149224e+00
1.532193540248116825e+00
1.524342448880774858e+00
1.513986583068742675e+00
1.503455157118519958e+00
1.495261785902845642e+00
1.491652869050335672e+00
1.494107602649940025e+00
1.502931146056593503e+00
1.517102711134223680e+00
1.534496318726939812e+00
1.552474026603430701e+00
1.568686388002720200e+00
1.581770681121977606e+00
1.591604158162819305e+00
1.598912228450360073e+00
1.604330271259738483e+00
1.607341863285685957e+00
1.605679597752967869e+00
1.595649304053842643e+00
1.573404555708805885e+00
1.536476093983027091e+00
1.483969807966011301e+00
1.413566981014575230e+00
1.315834309198377072e+00
1.173240618083871256e+00
9.790394317763877474e-01
7.847245754243108440e-01
7.405613409018165783e-01
1.000000000000000000e+00
