1.000000000000000000e+00
8.520690604556722114e-01
8.439296425310968131e-01
9.558990331979611010e-01
1.121181380857420251e+00
1.282685227917665260e+00
1.410665235513344662e+00
1.499067328964712065e+00
1.554591870762115802e+00
1.587014384104793452e+00
1.604006870867125345e+00
1.610048532441161750e+00
1.607533201144935253e+00
1.598303188536140285e+00
1.584615088198989552e+00
1.569294011798389565e+00
1.555292872955499117e+00
1.545036217929034672e+00
1.539884461241867619e+00
1.539908535650279298e+00
1.544003787440775044e+00
1.550252998363446988e+00
1.556395834475460482e+00
1.560270366238682094e+00
1.560137923535867888e+00
1.554857906724971706e+00
1.543923943674627264e+00
1.527398163262207342e+00
1.505787281942612577e+00
1.479898699463546574e+00
1.450703672491787444e+00
1.419222982733327143e+00
1.386441100845620999e+00
1.353248528837259990e+00
1.320408512216113772e+00
1.288542918056046593e+00
1.258132002949667427e+00
1.229523422592380566e+00
1.202946737381104025e+00
1.178530593911126800e+00
1.156320583917347600e+00
1.136296452572490123e+00
1.118387843800841885e+00
1.102488148970851789e+00
1.088466291784727646e+00
1.076176461242062787e+00
1.065465917999815604e+00
1.056181065058815927e+00
1.048172005387573824e+00
1.041295817445106575e+00
1.035418772514540509e+00
1.030417701152909427e+00
1.026180694142725169e+00
1.022607299115394941e+00
1.019608349592570296e+00
1.017105539938754299e+00
1.015030838486485454e+00
1.013325812339656462e+00
1.011940921252613368e+00
1.010834824494134976e+00
1.009973733575757704e+00
1.009330834909289543e+00
1.008885799570035102e+00
1.008624392070337494e+00
1.008538186081523458e+00
1.008624392073589116e+00
1.008885799576705766e+00
1.009330834919723419e+00
1.009973733590483702e+00
1.010834824513908936e+00
1.011940921278438044e+00
1.013325812372840806e+00
1.015030838528702573e+00
1.017105539992129160e+00
1.019608349659769875e+00
1.022607299199771225e+00
1.026180694248477687e+00
1.030417701285278209e+00
1.035418772680073207e+00
1.041295817651976430e+00
1.048172005645989335e+00
1.056181065381526674e+00
1.065465918402762613e+00
1.076176461745190549e+00
1.088466292413019953e+00
1.102488149755653790e+00
1.118387844781544516e+00
1.136296453798690154e+00
1.156320585451622751e+00
1.178530595832609107e+00
1.202946739790094588e+00
1.229523425616335652e+00
1.258132006750925180e+00
1.288542922841855010e+00
1.320408518251577457e+00
1.353248536462061447e+00
1.386441110495447493e+00
1.419222994967199503e+00
1.450703688026495186e+00
1.479898719216518055e+00
1.505787307084286653e+00
1.527398195278462545e+00
1.543923984438913433e+00
1.554857958578060639e+00
1.560137989368877598e+00
1.560270449571889095e+00
1.556395939521860727e+00
1.550253130062400730e+00
1.544003951443818190e+00
1.539908738238803920e+00
1.539884709154538012e+00
1.545036518075242560e+00
1.555293231989599789e+00
1.569294435530418586e+00
1.584615580826683523e+00
1.598303751709887477e+00
1.607533832928895956e+00
1.610049226307401327e+00
1.604007614933757653e+00
1.587015160866846353e+00
1.554592657529356936e+00
1.499068099101000806e+00
1.410665960388127305e+00
1.282685879275252905e+00
1.121181933146112808e+00
9.558994653652993501e-01
8.439299389645849025e-01
8.520692110985428336e-01
1.000000000000000000e+00
