1.000000000000000000e+00
7.788662263439282141e-01
7.956302360541006591e-01
9.624418798063490987e-01
1.156149091853721389e+00
1.311964243525351570e+00
1.418654837701256888e+00
1.488400494632169613e+00
1.535187906446940698e+00
1.567537587770142515e+00
1.589426667338893706e+00
1.602837752391187864e+00
1.609089230859530373e+00
1.609044971809665769e+00
1.603151562683629017e+00
1.591804394798183253e+00
1.575906691991859399e+00
1.557228884480950759e+00
1.538312794870910993e+00
1.521953012967269148e+00
1.510500342651547312e+00
1.505277279365810461e+00
1.506301864374248289e+00
1.512366820939897272e+00
1.521392994529861653e+00
1.530911485132026018e+00
1.538530336179197100e+00
1.542286576363885997e+00
1.540842871400807779e+00
1.533536914262855655e+00
1.520320364418884962e+00
1.501632943850532032e+00
1.478252387830919723e+00
1.451149591485448420e+00
1.421366045248183552e+00
1.389920589931902040e+00
1.357745667708479376e+00
1.325649380667683674e+00
1.294298051788464354e+00
1.264213804318352619e+00
1.235782272381383828e+00
1.209266470528809423e+00
1.184823808044403348e+00
1.162524094194791191e+00
1.142367088052830493e+00
1.124298694181877556e+00
1.108225309926116786e+00
1.094026116392465164e+00
1.081563299137777712e+00
1.070690308858058604e+00
1.061258345708914419e+00
1.053121287949643659e+00
1.046139297606849983e+00
1.040181331193979153e+00
1.035126768397323316e+00
1.030866350548776067e+00
1.027302596859077877e+00
1.024349842004602218e+00
1.021934015219030156e+00
1.019992259445305915e+00
1.018472469837821581e+00
1.017332814142575037e+00
1.016541283174095200e+00
1.016075307545079909e+00
1.015921466676824592e+00
1.016075307544826112e+00
1.016541283173576948e+00
1.017332814141768793e+00
1.018472469836692929e+00
1.019992259443808891e+00
1.021934015217099034e+00
1.024349842002158617e+00
1.027302596856021211e+00
1.030866350544991317e+00
1.035126768392653052e+00
1.040181331188246405e+00
1.046139297599840701e+00
1.053121287941087614e+00
1.061258345698489203e+00
1.070690308845357208e+00
1.081563299122304977e+00
1.094026116373592705e+00
1.108225309903053901e+00
1.124298694153593958e+00
1.142367088018000576e+00
1.162524094151658360e+00
1.184823807990637468e+00
1.209266470461284326e+00
1.235782272295874451e+00
1.264213804209122660e+00
1.294298051647679415e+00
1.325649380484667628e+00
1.357745667468664097e+00
1.389920589615466051e+00
1.421366044828277664e+00
1.451149590925946642e+00
1.478252387083607733e+00
1.501632942851755637e+00
1.520320363085660320e+00
1.533536912488627779e+00
1.540842869051122221e+00
1.542286573272286354e+00
1.538530332143813739e+00
1.530911479913006357e+00
1.521392987847526745e+00
1.512366812472815791e+00
1.506301853755894316e+00
1.505277266178393747e+00
1.510500326416793548e+00
1.521952993136668209e+00
1.538312770821941289e+00
1.557228855529301459e+00
1.575906657430159452e+00
1.591804353966967289e+00
1.603151515070780686e+00
1.609044917164659916e+00
1.609089169304459332e+00
1.602837684514367922e+00
1.589426594262731474e+00
1.567537511183422216e+00
1.535187828582453395e+00
1.488400418167628025e+00
1.418654765577017640e+00
1.311964178695503414e+00
1.156149037002784929e+00
9.624418370855819527e-01
7.956302069275825728e-01
7.788662116190308016e-01
1.000000000000000000e+00
