1.000000000000000000e+00
1.006390391696030839e+00
1.030225443247945405e+00
1.076944413410148682e+00
1.144289878397383831e+00
1.225739244945883710e+00
1.313206676469467205e+00
1.399033514751652163e+00
1.477204637118384012e+00
1.543802281580399560e+00
1.596861053550897136e+00
1.635893936186217257e+00
1.661354296824564036e+00
1.674205279784913625e+00
1.675652524939903243e+00
1.667014023757430241e+00
1.649669395956119944e+00
1.625037151113579270e+00
1.594550357423756948e+00
1.559621812556474696e+00
1.521602230121735566e+00
1.481739177005571895e+00
1.441143558947745262e+00
1.400767473312729550e+00
1.361394257359948678e+00
1.323639447454997509e+00
1.287960266741149606e+00
1.254670961076763680e+00
1.223961505119933291e+00
1.195917645196620027e+00
1.170540757700448298e+00
1.147766481493562418e+00
1.127481484847226323e+00
1.109538039987493896e+00
1.093766306890215700e+00
1.079984385542892111e+00
1.068006297080015932e+00
1.057648112577828980e+00
1.048732475361652705e+00
1.041091767687352787e+00
1.034570162824590467e+00
1.029024784394354075e+00
1.024326170404492142e+00
1.020358212779876927e+00
1.017017716413575634e+00
1.014213696296214717e+00
1.011866508004247933e+00
1.009906886228834511e+00
1.008274948292827711e+00
1.006919204709688431e+00
1.005795606619195315e+00
1.004866650139916384e+00
1.004100550013127702e+00
1.003470489069358651e+00
1.002953945728633611e+00
1.002532098671328420e+00
1.002189305741753023e+00
1.001912652856923769e+00
1.001691568008609590e+00
1.001517495218997134e+00
1.001383623420139868e+00
1.001284665580604694e+00
1.001216683927678819e+00
1.001176957755242514e+00
1.001163891027214703e+00
1.001176957755242514e+00
1.001216683927678819e+00
1.001284665580604694e+00
1.001383623420139868e+00
1.001517495218997134e+00
1.001691568008609590e+00
1.001912652856923769e+00
1.002189305741753023e+00
1.002532098671328420e+00
1.002953945728633611e+00
1.003470489069358651e+00
1.004100550013127702e+00
1.004866650139916384e+00
1.005795606619195315e+00
1.006919204709688431e+00
1.008274948292827711e+00
1.009906886228834511e+00
1.011866508004248155e+00
1.014213696296214495e+00
1.017017716413575634e+00
1.020358212779876927e+00
1.024326170404492142e+00
1.029024784394353853e+00
1.034570162824590467e+00
1.041091767687353009e+00
1.048732475361652705e+00
1.057648112577828980e+00
1.068006297080015932e+00
1.079984385542891889e+00
1.093766306890215478e+00
1.109538039987493896e+00
1.127481484847224991e+00
1.147766481493561974e+00
1.170540757700448076e+00
1.195917645196619805e+00
1.223961505119933735e+00
1.254670961076762792e+00
1.287960266741150051e+00
1.323639447454996620e+00
1.361394257359948456e+00
1.400767473312729328e+00
1.441143558947745484e+00
1.481739177005573671e+00
1.521602230121736454e+00
1.559621812556473586e+00
1.594550357423758502e+00
1.625037151113579270e+00
1.649669395956119500e+00
1.667014023757429797e+00
1.675652524939901689e+00
1.674205279784915623e+00
1.661354296824566035e+00
1.635893936186217923e+00
1.596861053550897358e+00
1.543802281580399560e+00
1.477204637118385122e+00
1.399033514751651941e+00
1.313206676469467205e+00
1.225739244945884820e+00
1.144289878397385163e+00
1.076944413410148238e+00
1.030225443247944295e+00
1.006390391696029063e+00
1.000000000000000000e+00
