1.000000000000000000e+00
8.247490016485972131e-01
8.232664445754450666e-01
9.561234139225237572e-01
1.135535839476172981e+00
1.297839105272801330e+00
1.417677692368736864e+00
1.496331732960567429e+00
1.545562765566680596e+00
1.576760005092227912e+00
1.596835987224433762e+00
1.608505408206805987e+00
1.612213960735114915e+00
1.608030752815960973e+00
1.596836709976586999e+00
1.580708459169380520e+00
1.562645549970329117e+00
1.545901870283085788e+00
1.533222077692351082e+00
1.526247047419271974e+00
1.525247381069442243e+00
1.529211220084805811e+00
1.536201512548515336e+00
1.543840906165646398e+00
1.549783970935571853e+00
1.552078450642148555e+00
1.549373227277029752e+00
1.540978755778224629e+00
1.526814948987116116e+00
1.507291334077060396e+00
1.483160296482380458e+00
1.455373377098906351e+00
1.424958475111392397e+00
1.392925650042733832e+00
1.360202174665592123e+00
1.327593438204576870e+00
1.295764536262705491e+00
1.265237108632863761e+00
1.236396528420589558e+00
1.209505435568354992e+00
1.184720558600238283e+00
1.162110630848171677e+00
1.141673920976781886e+00
1.123354452419343730e+00
1.107056397453555885e+00
1.092656423580827374e+00
1.080013968218251685e+00
1.068979545335201342e+00
1.059401263436607232e+00
1.051129773073534057e+00
1.044021875218653639e+00
1.037943017909767951e+00
1.032768893844109970e+00
1.028386330689363026e+00
1.024693642046197839e+00
1.021600582534999413e+00
1.019028026914168938e+00
1.016907471425548826e+00
1.015180436236807537e+00
1.013797831132383198e+00
1.012719332496340385e+00
1.011912807982673801e+00
1.011353815835684955e+00
1.011025198299311700e+00
1.010916782604999398e+00
1.011025198302029304e+00
1.011353815841261161e+00
1.011912807991399488e+00
1.012719332508657866e+00
1.013797831148929296e+00
1.015180436258426910e+00
1.016907471453344591e+00
1.019028026949550192e+00
1.021600582579762939e+00
1.024693642102593838e+00
1.028386330760227896e+00
1.032768893933001308e+00
1.037943018021128427e+00
1.044021875358041695e+00
1.051129773247897248e+00
1.059401263654634384e+00
1.068979545607756876e+00
1.080013968558941384e+00
1.092656424006693161e+00
1.107056397985976881e+00
1.123354453085179561e+00
1.141673921809833292e+00
1.162110631891054346e+00
1.184720559906797810e+00
1.209505437206772616e+00
1.236396530477395395e+00
1.265237111218153965e+00
1.295764539516873315e+00
1.327593442307039240e+00
1.360202179846071946e+00
1.392925656595804584e+00
1.424958483415101451e+00
1.455373387638486005e+00
1.483160309880056760e+00
1.507291351129053103e+00
1.526814970708670005e+00
1.540978783457033430e+00
1.549373262534601725e+00
1.552078495501204580e+00
1.549784027889620441e+00
1.543840978244409134e+00
1.536201603370044522e+00
1.529211333882438240e+00
1.525247522679336054e+00
1.526247222212353760e+00
1.533222291432566609e+00
1.545902128891361915e+00
1.562645859170557872e+00
1.580708823991631151e+00
1.596837134099615030e+00
1.608031237754903309e+00
1.612214504927631520e+00
1.608506006118891829e+00
1.596836628665632363e+00
1.576760674965258069e+00
1.545563444245647400e+00
1.496332397382359458e+00
1.417678317752591122e+00
1.297839667196051039e+00
1.135536315893012738e+00
9.561237866963291365e-01
8.232667002635694065e-01
8.247491315861459338e-01
1.000000000000000000e+00
