1.000000000000000000e+00
7.743244190958501472e-01
7.943796870545366540e-01
9.652815323219778865e-01
1.160050698741884823e+00
1.314782525880939801e+00
1.420355582032670538e+00
1.489942119810099941e+00
1.537237441688416251e+00
1.570037705564886643e+00
1.591882615284432312e+00
1.604803398861574859e+00
1.610472643725029629e+00
1.610122572516706541e+00
1.604368039783451438e+00
1.593509221206684145e+00
1.578164304098643722e+00
1.559774918810865829e+00
1.540651844665476000e+00
1.523537566348148964e+00
1.510912542086170651e+00
1.504351448327119201e+00
1.504160202760328691e+00
1.509375210958009861e+00
1.518066245537397663e+00
1.527803776484542908e+00
1.536140226419140165e+00
1.540993220398243047e+00
1.540877261450829039e+00
1.534982865227529913e+00
1.523135659605976855e+00
1.505680678770918934e+00
1.483334480027096225e+00
1.457037164362988246e+00
1.427823955404852185e+00
1.396725293831628800e+00
1.364696835148382137e+00
1.332576276916613622e+00
1.301061908031138525e+00
1.270707345465060145e+00
1.241927399149429290e+00
1.215010881204206861e+00
1.190137140821134309e+00
1.167393995108565674e+00
1.146795468959697750e+00
1.128298338709994297e+00
1.111816908084334088e+00
1.097235754817020847e+00
1.084420398356255921e+00
1.073225976809032867e+00
1.063504104351383095e+00
1.055108124244084289e+00
1.047896989268106926e+00
1.041737999782558655e+00
1.036508616340305222e+00
1.032097543705467579e+00
1.028405259662358295e+00
1.025344137599295768e+00
1.022838288109310989e+00
1.020823222785754991e+00
1.019245423565877884e+00
1.018061883616070862e+00
1.017239670844118482e+00
1.016755552480340219e+00
1.016595708489692163e+00
1.016755552481431790e+00
1.017239670846359800e+00
1.018061883619582719e+00
1.019245423570849463e+00
1.020823222792454965e+00
1.022838288118094408e+00
1.025344137610634476e+00
1.028405259676855810e+00
1.032097543723903943e+00
1.036508616363652990e+00
1.041737999812062387e+00
1.047896989305337812e+00
1.055108124291015415e+00
1.063504104410502471e+00
1.073225976883464439e+00
1.084420398449941647e+00
1.097235754934915208e+00
1.111816908232679868e+00
1.128298338896644326e+00
1.146795469194561212e+00
1.167393995404134355e+00
1.190137141193193138e+00
1.215010881672720311e+00
1.241927399739688465e+00
1.270707346209158928e+00
1.301061908969859848e+00
1.332576278101918366e+00
1.364696836646566602e+00
1.396725295727444305e+00
1.427823957806816368e+00
1.457037167410240697e+00
1.483334483898164136e+00
1.505680683694904376e+00
1.523135665876622635e+00
1.534982873220701594e+00
1.540877271645814339e+00
1.540993233402945473e+00
1.536140242998946803e+00
1.527803797593716872e+00
1.518066272351010992e+00
1.509375244901157709e+00
1.504160245530251627e+00
1.504351501902944754e+00
1.510912608720499151e+00
1.523537648534454503e+00
1.540651945074667406e+00
1.559775040188426942e+00
1.578164449110332157e+00
1.593509392217333565e+00
1.604368238554429338e+00
1.610122799819376782e+00
1.610472898894480753e+00
1.604803679353701495e+00
1.591882916335987552e+00
1.570038020070390283e+00
1.537237760386193974e+00
1.489942431812900869e+00
1.420355875658145139e+00
1.314782789647489292e+00
1.160050922322693356e+00
9.652817072450364799e-01
7.943798070389045396e-01
7.743244800761903690e-01
1.000000000000000000e+00
