1.000000000000000000e+00
7.601925862067538953e-01
7.886131038656246650e-01
9.690209899920548819e-01
1.164323480220562868e+00
1.314320120284431903e+00
1.416167375424969732e+00
1.485418685496409541e+00
1.534479739114328334e+00
1.568910334257147987e+00
1.590998410665963370e+00
1.602900335302948953e+00
1.607254655442730495e+00
1.606348326706404261e+00
1.601372339864093330e+00
1.592495823677489319e+00
1.579613865512697668e+00
1.563202131096214087e+00
1.544766490473161724e+00
1.526694825151802881e+00
1.511648155163346718e+00
1.501806844816699238e+00
1.498282180672742436e+00
1.500874550266673602e+00
1.508197476216266431e+00
1.518063754639217278e+00
1.527977831269917042e+00
1.535591842532439300e+00
1.539034406385934250e+00
1.537080890315338566e+00
1.529180315430161530e+00
1.515379112226635794e+00
1.496187664022481600e+00
1.472428840468843481e+00
1.445095731966986818e+00
1.415233696460530100e+00
1.383852272411227213e+00
1.351866218095330252e+00
1.320061535727973689e+00
1.289081040894464847e+00
1.259424045709085949e+00
1.231455409843171367e+00
1.205420154859622173e+00
1.181460787277927471e+00
1.159635312459385004e+00
1.139934600775447837e+00
1.122298288610975581e+00
1.106628778602393837e+00
1.092803171800751816e+00
1.080683144571956023e+00
1.070122897106396742e+00
1.060975366382854279e+00
1.053096928347928563e+00
1.046350822601677333e+00
1.040609525991223139e+00
1.035756285067505278e+00
1.031685995598203176e+00
1.028305593256853889e+00
1.025534095286946945e+00
1.023302409715492800e+00
1.021553007368100729e+00
1.020239532915929281e+00
1.019326414565477457e+00
1.018788517671020299e+00
1.018610875242490499e+00
1.018788517670852434e+00
1.019326414565134842e+00
1.020239532915399927e+00
1.021553007367367538e+00
1.023302409714530903e+00
1.025534095285723923e+00
1.028305593255334660e+00
1.031685995596341110e+00
1.035756285065255300e+00
1.040609525988521966e+00
1.046350822598465458e+00
1.053096928344142702e+00
1.060975366378419160e+00
1.070122897101235093e+00
1.080683144565976805e+00
1.092803171793863326e+00
1.106628778594483942e+00
1.122298288601908833e+00
1.139934600765036832e+00
1.159635312447381494e+00
1.181460787263956425e+00
1.205420154843120928e+00
1.231455409823289715e+00
1.259424045684527815e+00
1.289081040863270022e+00
1.320061535687184540e+00
1.351866218040590706e+00
1.383852272336166811e+00
1.415233696355988169e+00
1.445095731819995288e+00
1.472428840261373884e+00
1.496187663729918516e+00
1.515379111816064883e+00
1.529180314858549883e+00
1.537080889527798533e+00
1.539034405314372744e+00
1.535591841094764876e+00
1.527977829370097629e+00
1.518063752167999381e+00
1.508197473052015347e+00
1.500874546275175803e+00
1.498282175704450436e+00
1.501806838700221913e+00
1.511648147695438871e+00
1.526694816086763495e+00
1.544766479517542868e+00
1.563202117916361544e+00
1.579613849760769684e+00
1.592495805035509138e+00
1.601372318097662895e+00
1.606348301715321059e+00
1.607254627299551375e+00
1.602900304280980848e+00
1.590998377264947417e+00
1.568910299227677330e+00
1.534479703464700862e+00
1.485418650457735579e+00
1.416167342365830306e+00
1.314320090588625867e+00
1.164323455146108799e+00
9.690209705313602706e-01
7.886130906563562082e-01
7.601925795545996234e-01
1.000000000000000000e+00
