1.000000000000000000e+00
8.328050657150287694e-01
8.290437571616736667e-01
9.557030405897137815e-01
1.131261443961822932e+00
1.293639677722225878e+00
1.415899646120002631e+00
1.497181078963102596e+00
1.547992630276419312e+00
1.579474826461720216e+00
1.598823323536580965e+00
1.609158350409520377e+00
1.611309097290563708e+00
1.605714705255784747e+00
1.593614436469714457e+00
1.577366909879726498e+00
1.560084643249482150e+00
1.544911184917202140e+00
1.534278455215463133e+00
1.529399542549553681e+00
1.530117446463900466e+00
1.535093186968740975e+00
1.542220410398286834e+00
1.549118042885017754e+00
1.553571383685902640e+00
1.553842131538395899e+00
1.548823137367637326e+00
1.538055874701387049e+00
1.521650796175080034e+00
1.500155052235650599e+00
1.474404969747233007e+00
1.445388936887033182e+00
1.414134696521418100e+00
1.381625945506584241e+00
1.348747199289305199e+00
1.316252717721569265e+00
1.284754126800790486e+00
1.254721442199056680e+00
1.226492902476817637e+00
1.200289951391026122e+00
1.176234637005801664e+00
1.154367507011475835e+00
1.134664735417222348e+00
1.117053716661465357e+00
1.101426728776161434e+00
1.087652523000987914e+00
1.075585868010572321e+00
1.065075184167468381e+00
1.055968464337667445e+00
1.048117706344442013e+00
1.041382088372479808e+00
1.035630110240014723e+00
1.030740906075382934e+00
1.026604911650365493e+00
1.023124045333068777e+00
1.020211537319864803e+00
1.017791518797133588e+00
1.015798461762391636e+00
1.014176541814456156e+00
1.012878980441092258e+00
1.011867410136572110e+00
1.011111294887053980e+00
1.010587429905708268e+00
1.010279537671662009e+00
1.010177971996986779e+00
1.010279537674563688e+00
1.010587429911660395e+00
1.011111294896366974e+00
1.011867410149718260e+00
1.012878980458748357e+00
1.014176541837522150e+00
1.015798461792040808e+00
1.017791518834865405e+00
1.020211537367589294e+00
1.023124045393177806e+00
1.026604911725873759e+00
1.030740906170068527e+00
1.035630110358593203e+00
1.041382088520849569e+00
1.048117706529971160e+00
1.055968464569566390e+00
1.065075184457247914e+00
1.075585868372640697e+00
1.087652523453384701e+00
1.101426729341504096e+00
1.117053717368155619e+00
1.134664736300984966e+00
1.154367508117331909e+00
1.176234638390607268e+00
1.200289953126743248e+00
1.226492904654738147e+00
1.254721444935284591e+00
1.284754130243326076e+00
1.316252722059491065e+00
1.348747204764635166e+00
1.381625952429593074e+00
1.414134705290232885e+00
1.445388948012604091e+00
1.474404983884754161e+00
1.500155070223583964e+00
1.521650819082707828e+00
1.538055903885305664e+00
1.548823174536761327e+00
1.553842178825495024e+00
1.553571443721641687e+00
1.549118118867794491e+00
1.542220506150087989e+00
1.535093306964284476e+00
1.530117595817627851e+00
1.529399726942996418e+00
1.534278680745512657e+00
1.544911457843550329e+00
1.560084969616763351e+00
1.577367294989375335e+00
1.593614884184207270e+00
1.605715217142975382e+00
1.611309671665023036e+00
1.609158981398064459e+00
1.598824000365826281e+00
1.579475533201479820e+00
1.547993346240128743e+00
1.497181779852612138e+00
1.415900305826775618e+00
1.293640270503873424e+00
1.131261946565332854e+00
9.557034338715185706e-01
8.290440269252737915e-01
8.328052028078590796e-01
1.000000000000000000e+00
