1.000000000000000000e+00
1.027780812231189778e+00
1.055178916138215461e+00
1.081642702478191165e+00
1.106466435689150485e+00
1.128859606911934987e+00
1.148048085046991629e+00
1.163380693376251385e+00
1.174416921324744401e+00
1.180978928171725340e+00
1.183161454005429825e+00
1.181303435052245998e+00
1.175932298017476008e+00
1.167694858983627126e+00
1.157287844580066505e+00
1.145397665673299370e+00
1.132654817876399322e+00
1.119604419187461453e+00
1.106691600043488322e+00
1.094258883719053443e+00
1.082552148080152543e+00
1.071731919423120738e+00
1.061887294918118618e+00
1.053050473922668040e+00
1.045210540898148466e+00
1.038325701140487389e+00
1.032333596450355051e+00
1.027159625121677688e+00
1.022723379066753369e+00
1.018943415521035956e+00
1.015740625645552120e+00
1.013040467778034914e+00
1.010774314790616968e+00
1.008880134345042645e+00
1.007302685483308702e+00
1.005993379797026632e+00
1.004909923154204687e+00
1.004015825970536957e+00
1.003279846708294398e+00
1.002675414523099828e+00
1.002180062306964325e+00
1.001774890210769708e+00
1.001444071459865359e+00
1.001174406326551525e+00
1.000954925983001287e+00
1.000776545195965817e+00
1.000631761087113381e+00
1.000514394188591005e+00
1.000419367553709860e+00
1.000342519570982525e+00
1.000280446252349353e+00
1.000230369032656608e+00
1.000190024463497807e+00
1.000157572565419040e+00
1.000131520988894129e+00
1.000110662507140313e+00
1.000094023711848301e+00
1.000080823100228056e+00
1.000070437026638004e+00
1.000062372244667541e+00
1.000056243988076909e+00
1.000051758734274543e+00
1.000048700965545656e+00
1.000046923394763310e+00
1.000046340257454425e+00
1.000046923394763310e+00
1.000048700965545656e+00
1.000051758734274543e+00
1.000056243988076909e+00
1.000062372244667541e+00
1.000070437026638004e+00
1.000080823100228056e+00
1.000094023711848301e+00
1.000110662507140313e+00
1.000131520988894129e+00
1.000157572565419040e+00
1.000190024463497807e+00
1.000230369032656608e+00
1.000280446252349353e+00
1.000342519570982525e+00
1.000419367553709860e+00
1.000514394188591005e+00
1.000631761087113381e+00
1.000776545195965817e+00
1.000954925983001287e+00
1.001174406326551525e+00
1.001444071459865359e+00
1.001774890210769708e+00
1.002180062306964325e+00
1.002675414523099828e+00
1.003279846708294398e+00
1.004015825970536957e+00
1.004909923154204687e+00
1.005993379797026632e+00
1.007302685483308480e+00
1.008880134345042645e+00
1.010774314790616968e+00
1.013040467778034914e+00
1.015740625645552120e+00
1.018943415521035734e+00
1.022723379066753369e+00
1.027159625121677466e+00
1.032333596450355273e+00
1.038325701140486945e+00
1.045210540898148466e+00
1.053050473922667596e+00
1.061887294918118174e+00
1.071731919423120960e+00
1.082552148080152099e+00
1.094258883719052999e+00
1.106691600043488100e+00
1.119604419187461453e+00
1.132654817876398878e+00
1.145397665673298482e+00
1.157287844580065395e+00
1.167694858983627126e+00
1.175932298017474897e+00
1.181303435052245110e+00
1.183161454005429603e+00
1.180978928171724229e+00
1.174416921324743290e+00
1.163380693376249830e+00
1.148048085046990963e+00
1.128859606911934765e+00
1.106466435689149597e+00
1.081642702478190499e+00
1.055178916138215683e+00
1.027780812231189556e+00
1.000000000000000000e+00
