1.000000000000000000e+00
7.569742099734598773e-01
7.883466728673254043e-01
9.716678933776108362e-01
1.167270336431946109e+00
1.316222692097662295e+00
1.417398736712002671e+00
1.486853927579472545e+00
1.536539850173402888e+00
1.571407224991649976e+00
1.593447015065931449e+00
1.604876605087315555e+00
1.608602665927021613e+00
1.607212557432365685e+00
1.602095804796389800e+00
1.593446515070031877e+00
1.581014323241668906e+00
1.565029834347521520e+00
1.546758539368927821e+00
1.528444109282654839e+00
1.512743954429163429e+00
1.501964340000790710e+00
1.497420321634821416e+00
1.499127904842304293e+00
1.505871953678119546e+00
1.515560296975131394e+00
1.525710562478086452e+00
1.533920868145616234e+00
1.538223510078395195e+00
1.537281177142781230e+00
1.530434807583821666e+00
1.517640813488041029e+00
1.499343821242368646e+00
1.476325802207908433e+00
1.449560881423511471e+00
1.420092770568105012e+00
1.388941704153836554e+00
1.357040939037611693e+00
1.325199056371439310e+00
1.294082724521100181e+00
1.264214427135555763e+00
1.235980271335789693e+00
1.209643912342368788e+00
1.185363590843131254e+00
1.163210139274418076e+00
1.143184519109824215e+00
1.125233997151950938e+00
1.109266471646060737e+00
1.095162744006201283e+00
1.082786724791708899e+00
1.071993686036119664e+00
1.062636744765119712e+00
1.054571799184348402e+00
1.047661150742863478e+00
1.041776040448498364e+00
1.036798312593553595e+00
1.032621397918408235e+00
1.029150784378298544e+00
1.026304119280477378e+00
1.024011063070387362e+00
1.022212993344433274e+00
1.020862638205064954e+00
1.019923700988802917e+00
1.019370523598452483e+00
1.019187822905937235e+00
1.019370523599041123e+00
1.019923700990012394e+00
1.020862638206963879e+00
1.022212993347132448e+00
1.024011063074038885e+00
1.026304119285287308e+00
1.029150784384543327e+00
1.032621397926440032e+00
1.036798312603834260e+00
1.041776040461606545e+00
1.047661150759546578e+00
1.054571799205560545e+00
1.062636744792061050e+00
1.071993686070319196e+00
1.082786724835095526e+00
1.095162744061226601e+00
1.109266471715818270e+00
1.125233997240359329e+00
1.143184519221825957e+00
1.163210139416276157e+00
1.185363591022753571e+00
1.209643912569758673e+00
1.235980271623617455e+00
1.264214427499865234e+00
1.294082724982241306e+00
1.325199056955231214e+00
1.357040939776896771e+00
1.388941705090429135e+00
1.420092771755336214e+00
1.449560882929505912e+00
1.476325804119831053e+00
1.499343823671864806e+00
1.517640816578212704e+00
1.530434811518063931e+00
1.537281182155820547e+00
1.538223516469853669e+00
1.533920876296120506e+00
1.525710572867772896e+00
1.515560310203718508e+00
1.505871970485112232e+00
1.499127926125036980e+00
1.497420348461400819e+00
1.501964373614627757e+00
1.512743996241857403e+00
1.528444160852301836e+00
1.546758602360714496e+00
1.565029910471863905e+00
1.581014414161797887e+00
1.593446622267170376e+00
1.602095929380490169e+00
1.607212699895133934e+00
1.608602825854352991e+00
1.604876780876187459e+00
1.593447203713457050e+00
1.571407422027541134e+00
1.536540049787006756e+00
1.486854122956189350e+00
1.417398920550563712e+00
1.316222857229299104e+00
1.167270476412848534e+00
9.716680029171131938e-01
7.883467480267122296e-01
7.569742481831724934e-01
1.000000000000000000e+00
