1.000000000000000000e+00
1.036614853666406377e+00
1.072742613264786149e+00
1.107656879037318687e+00
1.140413834149734962e+00
1.169949224907173013e+00
1.195219302662904326e+00
1.215348889907716945e+00
1.229752308986431286e+00
1.238203519365622451e+00
1.240846951674790644e+00
1.238155208038161481e+00
1.230849896789744102e+00
1.219805638244449097e+00
1.205955433671921817e+00
1.190210335880494519e+00
1.173400136471892674e+00
1.156236390190244601e+00
1.139295397336274052e+00
1.123016847260696727e+00
1.107713325728064913e+00
1.093586297869120649e+00
1.080745036125965841e+00
1.069225937604547649e+00
1.059010571184535898e+00
1.050041521321098070e+00
1.042235631703636978e+00
1.035494614705453786e+00
1.029713214784565345e+00
1.024785231550336517e+00
1.020607753283731434e+00
1.017083950245656787e+00
1.014124748548299149e+00
1.011649663354679207e+00
1.009587023746558287e+00
1.007873776325470816e+00
1.006455013582498115e+00
1.005283337716445846e+00
1.004318141256970165e+00
1.003524862284025154e+00
1.002874253616414579e+00
1.002341691318061834e+00
1.001906537469472891e+00
1.001551564652880533e+00
1.001262444367329918e+00
1.001027298086935691e+00
1.000836307461792751e+00
1.000681378885283523e+00
1.000555857040309249e+00
1.000454281881410834e+00
1.000372183653921665e+00
1.000305910880835425e+00
1.000252486681738162e+00
1.000209489268791385e+00
1.000174952954491436e+00
1.000147286480050690e+00
1.000125205917277160e+00
1.000107679802860972e+00
1.000093884529372978e+00
1.000083168342020601e+00
1.000075022576958794e+00
1.000069059029057073e+00
1.000064992558982624e+00
1.000062628245800500e+00
1.000061852566808351e+00
1.000062628245800500e+00
1.000064992558982624e+00
1.000069059029057073e+00
1.000075022576958794e+00
1.000083168342020601e+00
1.000093884529372978e+00
1.000107679802860972e+00
1.000125205917277160e+00
1.000147286480050690e+00
1.000174952954491436e+00
1.000209489268791385e+00
1.000252486681738162e+00
1.000305910880835425e+00
1.000372183653921665e+00
1.000454281881410834e+00
1.000555857040309249e+00
1.000681378885283523e+00
1.000836307461792751e+00
1.001027298086935691e+00
1.001262444367329918e+00
1.001551564652880533e+00
1.001906537469472891e+00
1.002341691318061834e+00
1.002874253616414579e+00
1.003524862284025154e+00
1.004318141256970165e+00
1.005283337716445846e+00
1.006455013582498115e+00
1.007873776325470816e+00
1.009587023746558065e+00
1.011649663354679207e+00
1.014124748548299149e+00
1.017083950245656787e+00
1.020607753283731434e+00
1.024785231550336295e+00
1.029713214784565345e+00
1.035494614705453564e+00
1.042235631703637200e+00
1.050041521321097848e+00
1.059010571184535898e+00
1.069225937604547427e+00
1.080745036125965397e+00
1.093586297869121093e+00
1.107713325728064468e+00
1.123016847260696505e+00
1.139295397336273830e+00
1.156236390190244823e+00
1.173400136471892230e+00
1.190210335880494075e+00
1.205955433671920929e+00
1.219805638244448875e+00
1.230849896789743214e+00
1.238155208038160371e+00
1.240846951674790200e+00
1.238203519365621341e+00
1.229752308986430176e+00
1.215348889907715835e+00
1.195219302662903882e+00
1.169949224907173235e+00
1.140413834149733852e+00
1.107656879037318021e+00
1.072742613264786371e+00
1.036614853666406155e+00
1.000000000000000000e+00
