1.000000000000000000e+00
1.064894756933056907e+00
1.133210591146368573e+00
1.205716009216079909e+00
1.281071259243150129e+00
1.356428003323287168e+00
1.428098494799241447e+00
1.492252149953874785e+00
1.545545033724500694e+00
1.585581121442587227e+00
1.611143895781270485e+00
1.622197742732850223e+00
1.619710994439361063e+00
1.605378340269662418e+00
1.581318262368822447e+00
1.549801039927459989e+00
1.513037288075254283e+00
1.473035090304213535e+00
1.431519453952527998e+00
1.389900950146916614e+00
1.349278945025117915e+00
1.310466441296137541e+00
1.274026397289596657e+00
1.240312348770358009e+00
1.209508683271036444e+00
1.181667839504924489e+00
1.156743054937545923e+00
1.134616170953688608e+00
1.115120548811762813e+00
1.098059456506157883e+00
1.083220438083983161e+00
1.070386230839214914e+00
1.059342791345607493e+00
1.049884954041547358e+00
1.041820192229329090e+00
1.034970890916137254e+00
1.029175479964808071e+00
1.024288718092526862e+00
1.020181365323111766e+00
1.016739434520845586e+00
1.013863171921017159e+00
1.011465882017113405e+00
1.009472683397814485e+00
1.007819258623036562e+00
1.006450642382414440e+00
1.005320077359933340e+00
1.004387955817717337e+00
1.003620856329378253e+00
1.002990678814277947e+00
1.002473876585605828e+00
1.002050781129733004e+00
1.001705013447776293e+00
1.001422974737563365e+00
1.001193408752584890e+00
1.001007028168193536e+00
1.000856197576955209e+00
1.000734666220749691e+00
1.000637344169044596e+00
1.000560116314980652e+00
1.000499689244117807e+00
1.000453466708984385e+00
1.000419450100036967e+00
1.000396160932120360e+00
1.000382582961825806e+00
1.000378122117306257e+00
1.000382582961825806e+00
1.000396160932120360e+00
1.000419450100036967e+00
1.000453466708984385e+00
1.000499689244117807e+00
1.000560116314980652e+00
1.000637344169044596e+00
1.000734666220749691e+00
1.000856197576955209e+00
1.001007028168193536e+00
1.001193408752584890e+00
1.001422974737563365e+00
1.001705013447776293e+00
1.002050781129733004e+00
1.002473876585605828e+00
1.002990678814277947e+00
1.003620856329378253e+00
1.004387955817717337e+00
1.005320077359933340e+00
1.006450642382414440e+00
1.007819258623036562e+00
1.009472683397814485e+00
1.011465882017113183e+00
1.013863171921017159e+00
1.016739434520845808e+00
1.020181365323111766e+00
1.024288718092526862e+00
1.029175479964807849e+00
1.034970890916137032e+00
1.041820192229328867e+00
1.049884954041547136e+00
1.059342791345606827e+00
1.070386230839214914e+00
1.083220438083982939e+00
1.098059456506157661e+00
1.115120548811763257e+00
1.134616170953688163e+00
1.156743054937546367e+00
1.181667839504924489e+00
1.209508683271036444e+00
1.240312348770358009e+00
1.274026397289596213e+00
1.310466441296138651e+00
1.349278945025117693e+00
1.389900950146916392e+00
1.431519453952528442e+00
1.473035090304213091e+00
1.513037288075254505e+00
1.549801039927459767e+00
1.581318262368821115e+00
1.605378340269663529e+00
1.619710994439361729e+00
1.622197742732848891e+00
1.611143895781269597e+00
1.585581121442586561e+00
1.545545033724500250e+00
1.492252149953873008e+00
1.428098494799240781e+00
1.356428003323287834e+00
1.281071259243150351e+00
1.205716009216078799e+00
1.133210591146367907e+00
1.064894756933056241e+00
1.000000000000000000e+00
