1.000000000000000000e+00
8.305056916602963080e-01
8.268617545070846564e-01
9.546082316611768093e-01
1.130771071816884188e+00
1.292884571396406113e+00
1.414373195370244307e+00
1.494890735771322809e+00
1.545261623740832979e+00
1.576697898888347771e+00
1.596322657312431392e+00
1.607137389047855969e+00
1.609850129235317562e+00
1.604785309711900032e+00
1.593080393085955171e+00
1.577021659530671860e+00
1.559697630415601166e+00
1.544284257737325028e+00
1.533293093634715998e+00
1.528041026651301371e+00
1.528471369394032164e+00
1.533319271680578133e+00
1.540514366750215025e+00
1.547673033773004692e+00
1.552547729416167810e+00
1.553349363669956684e+00
1.548914385673251237e+00
1.538731916141656830e+00
1.522870078693187468e+00
1.501846219989691145e+00
1.476479276647814975e+00
1.447750952190445917e+00
1.416690583997152864e+00
1.384289219554708295e+00
1.351442227522992923e+00
1.318916405178172990e+00
1.287336249777089714e+00
1.257184057987169368e+00
1.228809186678726073e+00
1.202442732827300187e+00
1.178214825248021791e+00
1.156172545046669997e+00
1.136297161068557049e+00
1.118519879997510680e+00
1.102735686785211833e+00
1.088815115084948326e+00
1.076613964374778298e+00
1.065981092296723443e+00
1.056764475149586158e+00
1.048815760298689170e+00
1.041993542037459308e+00
1.036165585021174618e+00
1.031210202586305247e+00
1.027016975268619792e+00
1.023486970624218895e+00
1.020532601097889680e+00
1.018077233530524817e+00
1.016054642781901496e+00
1.014408383307342731e+00
1.013091136522940250e+00
1.012064078383015042e+00
1.011296300599128450e+00
1.010764310092900242e+00
1.010451624285565231e+00
1.010348474354154424e+00
1.010451624285082950e+00
1.010764310091911033e+00
1.011296300597587905e+00
1.012064078380841448e+00
1.013091136520031021e+00
1.014408383303555317e+00
1.016054642777053374e+00
1.018077233524381064e+00
1.020532601090162528e+00
1.023486970614534419e+00
1.027016975256523246e+00
1.031210202571233747e+00
1.036165585002419398e+00
1.041993542014144403e+00
1.048815760269723008e+00
1.056764475113611379e+00
1.065981092252042739e+00
1.076613964319274475e+00
1.088815115015961954e+00
1.102735686699396478e+00
1.118519879890643276e+00
1.136297160935290762e+00
1.156172544880208708e+00
1.178214825039698210e+00
1.202442732566016304e+00
1.228809186350221960e+00
1.257184057573077052e+00
1.287336249253679510e+00
1.318916404514732132e+00
1.351442226679721914e+00
1.384289218480035943e+00
1.416690582624317685e+00
1.447750950433247308e+00
1.476479274395396724e+00
1.501846217100342162e+00
1.522870074987197508e+00
1.538731911393385277e+00
1.548914379602818414e+00
1.553349355935063514e+00
1.552547719604706833e+00
1.547673021397089066e+00
1.540514351242016522e+00
1.533319252390148213e+00
1.528471345589175190e+00
1.528040997520283995e+00
1.533293058294344702e+00
1.544284215251929826e+00
1.559697579835574111e+00
1.577021599960870102e+00
1.593080323792187114e+00
1.604785230266865925e+00
1.609850039694069146e+00
1.607137290129956320e+00
1.596322550556760200e+00
1.576697786740180574e+00
1.545261509531593358e+00
1.494890623560096499e+00
1.414373089634893832e+00
1.292884476595476340e+00
1.130770991898507827e+00
9.546081696585503318e-01
8.268617123746575537e-01
8.305056704067252937e-01
1.000000000000000000e+00
