1.000000000000000000e+00
7.397270473550905390e-01
7.838559029552675250e-01
9.780754831622423540e-01
1.171886777737144225e+00
1.314040622762150834e+00
1.411497359677243768e+00
1.481813244263601614e+00
1.534348501025053269e+00
1.571354618750033794e+00
1.593695066969651242e+00
1.603832190461738305e+00
1.605615042924023683e+00
1.602745348334750020e+00
1.597499803134134311e+00
1.590398688099272873e+00
1.580797545117798020e+00
1.567947520599454636e+00
1.551940285760045057e+00
1.534111140223376246e+00
1.516795650001896201e+00
1.502635585871019863e+00
1.493776056852625267e+00
1.491265362272057748e+00
1.494826077559099797e+00
1.503000415814143009e+00
1.513553629587817140e+00
1.523973763553206462e+00
1.531925333855833848e+00
1.535569560658355037e+00
1.533724127032215501e+00
1.525880839335796768e+00
1.512123015873820142e+00
1.492988778568374419e+00
1.469318871244187141e+00
1.442115344653813747e+00
1.412425401126489621e+00
1.381255341829872307e+00
1.349513498717424875e+00
1.317977823374774538e+00
1.287282638296609827e+00
1.257919140469702546e+00
1.230244968867672650e+00
1.204499099219689784e+00
1.180819275913718602e+00
1.159260017864597758e+00
1.139809903198579555e+00
1.122407348011395190e+00
1.106954467252524665e+00
1.093328866868872540e+00
1.081393390956908007e+00
1.071003957657002292e+00
1.062015680563398901e+00
1.054287502288305367e+00
1.047685573963367922e+00
1.042085606680315912e+00
1.037374403886366370e+00
1.033450761688431196e+00
1.030225899794500855e+00
1.027623561413578468e+00
1.025579897122863793e+00
1.024043226232669301e+00
1.022973749874814819e+00
1.022343272950660520e+00
1.022134977028398950e+00
1.022343272950437587e+00
1.022973749874356519e+00
1.024043226231961201e+00
1.025579897121882356e+00
1.027623561412288833e+00
1.030225899792858391e+00
1.033450761686385277e+00
1.037374403883849938e+00
1.042085606677262577e+00
1.047685573959687533e+00
1.054287502283907774e+00
1.062015680558185959e+00
1.071003957650857652e+00
1.081393390949706657e+00
1.093328866860473259e+00
1.106954467242779128e+00
1.122407348000128424e+00
1.139809903185590612e+00
1.159260017849634394e+00
1.180819275896463960e+00
1.204499099199705547e+00
1.230244968844348419e+00
1.257919140442165240e+00
1.287282638263573364e+00
1.317977823334350651e+00
1.349513498666824685e+00
1.381255341765041056e+00
1.412425401041573991e+00
1.442115344540472854e+00
1.469318871090713241e+00
1.492988778358616875e+00
1.512123015585922436e+00
1.525880838940790074e+00
1.533724126492592044e+00
1.535569559926750927e+00
1.531925332874070511e+00
1.523973762251763731e+00
1.513553627885852126e+00
1.503000413619703934e+00
1.494826074768938362e+00
1.491265358769957805e+00
1.493776052505237484e+00
1.502635580520790493e+00
1.516795643458272336e+00
1.534111132255706611e+00
1.551940276097477422e+00
1.567947508943186907e+00
1.580797531167884795e+00
1.590398671592544222e+00
1.597499783884645641e+00
1.602745326268213200e+00
1.605615018104444625e+00
1.603832163117162368e+00
1.593695037524530456e+00
1.571354587858476481e+00
1.534348469581767294e+00
1.481813213366940385e+00
1.411497330541354511e+00
1.314040596601373512e+00
1.171886755646738942e+00
9.780754660079986618e-01
7.838558913019934016e-01
7.397270414824163032e-01
1.000000000000000000e+00
