1.000000000000000000e+00
1.038795323105756507e+00
1.085595036509603872e+00
1.143412313553787030e+00
1.211594360959570293e+00
1.286963260905175099e+00
1.364868427925735039e+00
1.440168472780902542e+00
1.508075047277742442e+00
1.564768435300959659e+00
1.607732780159107255e+00
1.635821842259991943e+00
1.649117674820242296e+00
1.648666826962060350e+00
1.636173370548694050e+00
1.613706988695098099e+00
1.583459679334589421e+00
1.547563914028001086e+00
1.507971112575073658e+00
1.466381700824494372e+00
1.424215164853444238e+00
1.382608600729033688e+00
1.342433844193263726e+00
1.304325380270310086e+00
1.268713319259405781e+00
1.235857515674101403e+00
1.205880315682722470e+00
1.178796460529703660e+00
1.154539405747453173e+00
1.132983807292776701e+00
1.113964239494298347e+00
1.097290397815213314e+00
1.082759141434555206e+00
1.070163775181908639e+00
1.059300977552410039e+00
1.049975765255181770e+00
1.042004854485190313e+00
1.035218741311208612e+00
1.029462782634772200e+00
1.024597518067893231e+00
1.020498433771902302e+00
1.017055333044091681e+00
1.014171445949650030e+00
1.011762381897203023e+00
1.009755004783866594e+00
1.008086290023110676e+00
1.006702206116132370e+00
1.005556650053530676e+00
1.004610455322102691e+00
1.003830483219258163e+00
1.003188802140296820e+00
1.002661955129912075e+00
1.002230312948118929e+00
1.001877507905558851e+00
1.001589942532374655e+00
1.001356366558317612e+00
1.001167515538129882e+00
1.001015804627208849e+00
1.000895071399133140e+00
1.000800362123504206e+00
1.000727756534596447e+00
1.000674226779133313e+00
1.000637526908785935e+00
1.000616109962437106e+00
1.000609070356297314e+00
1.000616109962437106e+00
1.000637526908785935e+00
1.000674226779133313e+00
1.000727756534596447e+00
1.000800362123504206e+00
1.000895071399133140e+00
1.001015804627208849e+00
1.001167515538129882e+00
1.001356366558317612e+00
1.001589942532374655e+00
1.001877507905558851e+00
1.002230312948118929e+00
1.002661955129912075e+00
1.003188802140296820e+00
1.003830483219258163e+00
1.004610455322102691e+00
1.005556650053530676e+00
1.006702206116132370e+00
1.008086290023110676e+00
1.009755004783866594e+00
1.011762381897203023e+00
1.014171445949650030e+00
1.017055333044091459e+00
1.020498433771902302e+00
1.024597518067893454e+00
1.029462782634772200e+00
1.035218741311208612e+00
1.042004854485190091e+00
1.049975765255181548e+00
1.059300977552409817e+00
1.070163775181908639e+00
1.082759141434554540e+00
1.097290397815213092e+00
1.113964239494297903e+00
1.132983807292776701e+00
1.154539405747453618e+00
1.178796460529702772e+00
1.205880315682722914e+00
1.235857515674101625e+00
1.268713319259406225e+00
1.304325380270309864e+00
1.342433844193263726e+00
1.382608600729034354e+00
1.424215164853444238e+00
1.466381700824493484e+00
1.507971112575074102e+00
1.547563914028001086e+00
1.583459679334588754e+00
1.613706988695097211e+00
1.636173370548692496e+00
1.648666826962061238e+00
1.649117674820243407e+00
1.635821842259990611e+00
1.607732780159105479e+00
1.564768435300958327e+00
1.508075047277742220e+00
1.440168472780900544e+00
1.364868427925733707e+00
1.286963260905175543e+00
1.211594360959571404e+00
1.143412313553785697e+00
1.085595036509602762e+00
1.038795323105755175e+00
1.000000000000000000e+00
