1.000000000000000000e+00
8.667899580369546886e-01
8.565001314899757245e-01
9.577542296953949208e-01
1.114440529410188230e+00
1.274113758205164482e+00
1.405816645033549639e+00
1.499727354075222507e+00
1.559197605330015612e+00
1.592444858162182175e+00
1.607350260940916042e+00
1.609681549147454538e+00
1.603436342989843499e+00
1.591804119877478607e+00
1.577808414190313702e+00
1.564363602213482363e+00
1.553920746702524003e+00
1.548024485019145136e+00
1.547043259043076713e+00
1.550187125080038308e+00
1.555785262934899826e+00
1.561709939758817889e+00
1.565814933072930959e+00
1.566286671975339218e+00
1.561857608713339562e+00
1.551879339032475214e+00
1.536284429086949510e+00
1.515478432482678439e+00
1.490201723293775204e+00
1.461391227454286401e+00
1.430060599422322998e+00
1.397207339112587654e+00
1.363748177974388964e+00
1.330479817013025867e+00
1.298060156737117055e+00
1.267004748360220701e+00
1.237693648717184791e+00
1.210384698561719041e+00
1.185230167264339052e+00
1.162294557384098592e+00
1.141572072701834806e+00
1.123002808880868564e+00
1.106487139549737764e+00
1.091898065462234113e+00
1.079091495451895089e+00
1.067914557786050267e+00
1.058212118056922169e+00
1.049831719820059739e+00
1.042627178241440467e+00
1.036461053648914721e+00
1.031206217476387854e+00
1.026746702292345326e+00
1.022978003752356813e+00
1.019806977735178366e+00
1.017151452178375104e+00
1.014939651208738525e+00
1.013109509623917104e+00
1.011607938869764300e+00
1.010390091398197576e+00
1.009418658558176807e+00
1.008663227749883928e+00
1.008099717187782352e+00
1.007709900977346029e+00
1.007481033012905591e+00
1.007405575160079891e+00
1.007481033016154770e+00
1.007709900984010476e+00
1.008099717198207346e+00
1.008663227764597270e+00
1.009418658577932337e+00
1.010390091423996495e+00
1.011607938902913784e+00
1.013109509666086039e+00
1.014939651262047882e+00
1.017151452245487864e+00
1.019806977819437632e+00
1.022978003857950124e+00
1.026746702424498503e+00
1.031206217641630785e+00
1.036461053855393555e+00
1.042627178499330620e+00
1.049831720142065716e+00
1.058212118458922602e+00
1.067914558287909710e+00
1.079091496078489421e+00
1.091898066244763710e+00
1.106487140527402158e+00
1.123002810103004512e+00
1.141572074230675415e+00
1.162294559298311158e+00
1.185230169663603617e+00
1.210384701572657429e+00
1.237693652501022035e+00
1.267004753122717320e+00
1.298060162741405676e+00
1.330479824596188188e+00
1.363748187568707193e+00
1.397207351272679254e+00
1.430060614859361312e+00
1.461391247078671629e+00
1.490201748267345971e+00
1.515478464281100335e+00
1.536284469571978395e+00
1.551879390532100000e+00
1.561857674105481930e+00
1.566286754767570066e+00
1.565815037466937509e+00
1.561710070684502627e+00
1.555785426035565910e+00
1.550187326627728623e+00
1.547043505761672044e+00
1.548024783792107506e+00
1.553921104141813059e+00
1.564364024068199743e+00
1.577808904582940652e+00
1.591804680381140313e+00
1.603436971608864114e+00
1.609682239333668496e+00
1.607351000849859934e+00
1.592445630391027489e+00
1.559198387347804582e+00
1.499728119441971597e+00
1.405817365326572865e+00
1.274114405368148351e+00
1.114441078072840208e+00
9.577546589672565336e-01
8.565004258991285591e-01
8.667901076364087354e-01
1.000000000000000000e+00
