1.000000000000000000e+00
8.485430963629271295e-01
8.410843440019382111e-01
9.557075699280135339e-01
1.122965387956734729e+00
1.284745179305612384e+00
1.411713707320898958e+00
1.498761856643274104e+00
1.553355393287578323e+00
1.585589148191870690e+00
1.603066022863182116e+00
1.609980049860517681e+00
1.608379983407020930e+00
1.599807902355957934e+00
1.586326817332735173e+00
1.570703609625432096e+00
1.555965637689188386e+00
1.544712410411341885e+00
1.538527457154415190e+00
1.537696096875485807e+00
1.541273796186174883e+00
1.547424931727557240e+00
1.553890785047633782e+00
1.558447011233171420e+00
1.559253196845145961e+00
1.555052919274794831e+00
1.545230170759323229e+00
1.529756592574129881e+00
1.509073417809851270e+00
1.483947931823841104e+00
1.455333547338097944e+00
1.424250719737528259e+00
1.391696020014475677e+00
1.358579846503222832e+00
1.325689347124130890e+00
1.293671444999766162e+00
1.263030624321084483e+00
1.234136685313563575e+00
1.207238559700482217e+00
1.182481213915881568e+00
1.159923512792718991e+00
1.139555614018418206e+00
1.121315004801216597e+00
1.105100692358996550e+00
1.090785343358014581e+00
1.078225359496741920e+00
1.067268999487254844e+00
1.057762730206129431e+00
1.049556026301744494e+00
1.042504849165732717e+00
1.036474031236193749e+00
1.031338776255587231e+00
1.026985464837937734e+00
1.023311930707171191e+00
1.020227348475609030e+00
1.017651850322202955e+00
1.015515967330840930e+00
1.013759972071850868e+00
1.012333182466318204e+00
1.011193273061408160e+00
1.010305628421912960e+00
1.009642764173744212e+00
1.009183834033413385e+00
1.008914235612650145e+00
1.008825323583817823e+00
1.008914235615846700e+00
1.009183834039970584e+00
1.009642764184000896e+00
1.010305628436389602e+00
1.011193273080847277e+00
1.012333182491707007e+00
1.013759972104476104e+00
1.015515967372348394e+00
1.017651850374683420e+00
1.020227348541685286e+00
1.023311930790141933e+00
1.026985464941934545e+00
1.031338776385766876e+00
1.036474031398999962e+00
1.042504849369209063e+00
1.049556026555940491e+00
1.057762730523595263e+00
1.067268999883685288e+00
1.078225359991776156e+00
1.090785343976255817e+00
1.105100693131316092e+00
1.121315005766415185e+00
1.139555615225355645e+00
1.159923514303051073e+00
1.182481215807585473e+00
1.207238562072407539e+00
1.234136688291337602e+00
1.263030628064735872e+00
1.293671449713616362e+00
1.325689353069569476e+00
1.358579854015198540e+00
1.391696029522630385e+00
1.424250731793147207e+00
1.455333562648054135e+00
1.483947951292840850e+00
1.509073442592020031e+00
1.529756624134462895e+00
1.545230210944641192e+00
1.555052970392125866e+00
1.559253261743244412e+00
1.558447093379818682e+00
1.553890888591895614e+00
1.547425061532673674e+00
1.541273957815591844e+00
1.537696296512222061e+00
1.538527701432069295e+00
1.544712706133334112e+00
1.555965991411031979e+00
1.570704027075495723e+00
1.586327302655863303e+00
1.599808457190912803e+00
1.608380605860055379e+00
1.609980733510599782e+00
1.603066756008025617e+00
1.585589913581219701e+00
1.553356168555750871e+00
1.498762615533922871e+00
1.411714421614268522e+00
1.284745821155784951e+00
1.122965932185990390e+00
9.557079957925762592e-01
8.410846361159810547e-01
8.485432448125290739e-01
1.000000000000000000e+00
