1.000000000000000000e+00
1.019947079145667512e+00
1.039613219531530186e+00
1.058603199462792244e+00
1.076417172402235778e+00
1.092497995337224470e+00
1.106300416791874186e+00
1.117364162328503996e+00
1.125374510603631029e+00
1.130198937952675786e+00
1.131895307091546954e+00
1.130693811336277443e+00
1.126959733641381911e+00
1.121146231464759335e+00
1.113745986798092336e+00
1.105248489187094840e+00
1.096106959317965091e+00
1.086716305032356722e+00
1.077401518623572363e+00
1.068414725681377853e+00
1.059938600807221576e+00
1.052093882513532419e+00
1.044949039657970591e+00
1.038530591575638651e+00
1.032833044461064276e+00
1.027827809617774424e+00
1.023470786190517234e+00
1.019708518566003308e+00
1.016482987252198766e+00
1.013735177876353699e+00
1.011407612791848099e+00
1.009446038515301680e+00
1.007800451708799283e+00
1.006425625478472252e+00
1.005281272466801434e+00
1.004331955486100991e+00
1.003546832567471458e+00
1.002899302439098195e+00
1.002366599006041747e+00
1.001929369326610697e+00
1.001571258560096656e+00
1.001278516972446742e+00
1.001039637876682820e+00
1.000845030921467593e+00
1.000686732039894222e+00
1.000558149305425415e+00
1.000453842646033209e+00
1.000369334628538276e+00
1.000300949178157817e+00
1.000245675018043734e+00
1.000201050707220096e+00
1.000165068355133968e+00
1.000136093349250466e+00
1.000112797715462465e+00
1.000094105017767632e+00
1.000079144979583168e+00
1.000067216266179670e+00
1.000057756101791373e+00
1.000050315604664064e+00
1.000044539908986119e+00
1.000040152305975427e+00
1.000036941779435473e+00
1.000034753436639390e+00
1.000033481446052974e+00
1.000033064192038967e+00
1.000033481446052974e+00
1.000034753436639390e+00
1.000036941779435473e+00
1.000040152305975427e+00
1.000044539908986119e+00
1.000050315604664064e+00
1.000057756101791373e+00
1.000067216266179670e+00
1.000079144979583168e+00
1.000094105017767632e+00
1.000112797715462465e+00
1.000136093349250466e+00
1.000165068355133968e+00
1.000201050707220096e+00
1.000245675018043734e+00
1.000300949178157817e+00
1.000369334628538276e+00
1.000453842646033209e+00
1.000558149305425415e+00
1.000686732039894222e+00
1.000845030921467593e+00
1.001039637876682820e+00
1.001278516972446742e+00
1.001571258560096656e+00
1.001929369326610697e+00
1.002366599006041747e+00
1.002899302439098195e+00
1.003546832567471458e+00
1.004331955486100991e+00
1.005281272466801212e+00
1.006425625478472252e+00
1.007800451708799283e+00
1.009446038515301680e+00
1.011407612791848099e+00
1.013735177876353477e+00
1.016482987252198766e+00
1.019708518566003086e+00
1.023470786190517456e+00
1.027827809617773980e+00
1.032833044461064276e+00
1.038530591575638207e+00
1.044949039657970147e+00
1.052093882513532419e+00
1.059938600807221132e+00
1.068414725681377409e+00
1.077401518623571919e+00
1.086716305032356500e+00
1.096106959317964424e+00
1.105248489187093730e+00
1.113745986798091225e+00
1.121146231464758891e+00
1.126959733641380801e+00
1.130693811336276333e+00
1.131895307091546510e+00
1.130198937952674676e+00
1.125374510603629918e+00
1.117364162328501997e+00
1.106300416791873298e+00
1.092497995337223804e+00
1.076417172402234890e+00
1.058603199462791578e+00
1.039613219531530186e+00
1.019947079145667068e+00
1.000000000000000000e+00
