1.000000000000000000e+00
8.550288801750693946e-01
8.459017881111504655e-01
9.549949650648058563e-01
1.118031555895595996e+00
1.278947984459051668e+00
1.407661718895079739e+00
1.497234537246817432e+00
1.553617790051780467e+00
1.586253229839030165e+00
1.602860756342762816e+00
1.608188846881101197e+00
1.604963777203123110e+00
1.595311971771462334e+00
1.581661226580732160e+00
1.566869705687866876e+00
1.553794672989395664e+00
1.544674261501087997e+00
1.540646135225140601e+00
1.541577064192390489e+00
1.546217868496280623e+00
1.552585743552118425e+00
1.558431382428884904e+00
1.561662689837507445e+00
1.560644893693945434e+00
1.554351272590197564e+00
1.542380692271040354e+00
1.524880480619580148e+00
1.502417826205771467e+00
1.475836201487056742e+00
1.446121913180753449e+00
1.414294509528266408e+00
1.381325854137770426e+00
1.348086849035911028e+00
1.315317682631788054e+00
1.283616337633254778e+00
1.253440164412962465e+00
1.225116015876303255e+00
1.198855355833815750e+00
1.174771665384217734e+00
1.152898269416695820e+00
1.133205349431338105e+00
1.115615400568748194e+00
1.100016749355041235e+00
1.086274999272920594e+00
1.074242438306636460e+00
1.063765547208815443e+00
1.054690806509633427e+00
1.046869027557393528e+00
1.040158438263288909e+00
1.034426745275109250e+00
1.029552376580308737e+00
1.025425086060383073e+00
1.021946077136108189e+00
1.019027778316690558e+00
1.016593380479305253e+00
1.014576224837078433e+00
1.012919112206870365e+00
1.011573588498422938e+00
1.010499248260598337e+00
1.009663087463132269e+00
1.009038928211954511e+00
1.008606931501539572e+00
1.008353209090749436e+00
1.008269541842364836e+00
1.008353209089703384e+00
1.008606931499395953e+00
1.009038928208608299e+00
1.009663087458410935e+00
1.010499248254271176e+00
1.011573588490174425e+00
1.012919112196294602e+00
1.014576224823655393e+00
1.016593380462383678e+00
1.019027778295446218e+00
1.021946077109517237e+00
1.025425086027174082e+00
1.029552376538895642e+00
1.034426745223526067e+00
1.040158438199092705e+00
1.046869027477558722e+00
1.054690806410401027e+00
1.063765547085523178e+00
1.074242438153491630e+00
1.086274999082721626e+00
1.100016749118826631e+00
1.115615400275354885e+00
1.133205349066838119e+00
1.152898268963686412e+00
1.174771664820910111e+00
1.198855355132879330e+00
1.225116015003397063e+00
1.253440163324842205e+00
1.283616336275368752e+00
1.315317680935193634e+00
1.348086846913371328e+00
1.381325851478783617e+00
1.414294506192835366e+00
1.446121908991586436e+00
1.475836196219995955e+00
1.502417819578206748e+00
1.524880472276720189e+00
1.542380681770153528e+00
1.554351259383156769e+00
1.560644877108916306e+00
1.561662669061123054e+00
1.558431356490939779e+00
1.552585711315588979e+00
1.546217828656254678e+00
1.541577015288419172e+00
1.540646075672419624e+00
1.544674189646916052e+00
1.553794587202075306e+00
1.566869604485423784e+00
1.581661108805304750e+00
1.595311836810969774e+00
1.604963625252760595e+00
1.608188679222162687e+00
1.602860575595138393e+00
1.586253040120677582e+00
1.553617596963681846e+00
1.497234347610024052e+00
1.407661540213279716e+00
1.278947824168882308e+00
1.118031420574399526e+00
9.549948598304286440e-01
8.459017164003247435e-01
8.550288439163742371e-01
1.000000000000000000e+00
