1.000000000000000000e+00
1.015417699673604179e+00
1.030616075768073792e+00
1.045290319381021904e+00
1.059057233038811052e+00
1.071490770619466959e+00
1.082174044915252598e+00
1.090754343190543985e+00
1.096988915419645494e+00
1.100772998655955126e+00
1.102146613314703760e+00
1.101281627182192580e+00
1.098454193745676211e+00
1.094009340396768781e+00
1.088324308631316573e+00
1.081775801154439609e+00
1.074714288750272528e+00
1.067446583262992021e+00
1.060226366848938007e+00
1.053251416274233021e+00
1.046665834773975012e+00
1.040565573181624348e+00
1.035005735705094354e+00
1.030008493109592083e+00
1.025570773504404176e+00
1.021671212392317729e+00
1.018276093210544131e+00
1.015344191770950921e+00
1.012830559034372024e+00
1.010689348067731252e+00
1.008875825529416792e+00
1.007347717173083135e+00
1.006066030087492624e+00
1.004995478796387065e+00
1.004104622897561194e+00
1.003365803857961147e+00
1.002754949821343500e+00
1.002251300815491630e+00
1.001837092935769613e+00
1.001497228916519155e+00
1.001218953752599283e+00
1.000991547371213652e+00
1.000806041422120041e+00
1.000654963710281731e+00
1.000532111333742868e+00
1.000432351951575205e+00
1.000351451579806428e+00
1.000285926728013530e+00
1.000232918414833305e+00
1.000190085537314477e+00
1.000155515143072771e+00
1.000127647311986889e+00
1.000105212557839129e+00
1.000087179883562216e+00
1.000072713849479600e+00
1.000061139230903562e+00
1.000051912043575353e+00
1.000044595899179045e+00
1.000038842817706941e+00
1.000034377769026150e+00
1.000030986343897865e+00
1.000028505066677509e+00
1.000026813960097849e+00
1.000025831058992010e+00
1.000025508646873895e+00
1.000025831058992010e+00
1.000026813960097849e+00
1.000028505066677509e+00
1.000030986343897865e+00
1.000034377769026150e+00
1.000038842817706941e+00
1.000044595899179045e+00
1.000051912043575353e+00
1.000061139230903562e+00
1.000072713849479600e+00
1.000087179883562216e+00
1.000105212557839129e+00
1.000127647311986889e+00
1.000155515143072771e+00
1.000190085537314477e+00
1.000232918414833305e+00
1.000285926728013530e+00
1.000351451579806428e+00
1.000432351951575205e+00
1.000532111333742868e+00
1.000654963710281731e+00
1.000806041422120041e+00
1.000991547371213652e+00
1.001218953752599283e+00
1.001497228916519155e+00
1.001837092935769613e+00
1.002251300815491630e+00
1.002754949821343500e+00
1.003365803857961147e+00
1.004104622897560972e+00
1.004995478796387065e+00
1.006066030087492624e+00
1.007347717173083135e+00
1.008875825529416792e+00
1.010689348067731030e+00
1.012830559034372024e+00
1.015344191770950699e+00
1.018276093210544353e+00
1.021671212392317285e+00
1.025570773504404176e+00
1.030008493109591639e+00
1.035005735705093910e+00
1.040565573181624126e+00
1.046665834773974568e+00
1.053251416274232577e+00
1.060226366848937563e+00
1.067446583262991577e+00
1.074714288750271862e+00
1.081775801154438499e+00
1.088324308631315240e+00
1.094009340396768115e+00
1.098454193745675100e+00
1.101281627182191469e+00
1.102146613314702872e+00
1.100772998655953794e+00
1.096988915419644384e+00
1.090754343190541764e+00
1.082174044915251265e+00
1.071490770619466293e+00
1.059057233038810164e+00
1.045290319381021238e+00
1.030616075768073570e+00
1.015417699673603735e+00
1.000000000000000000e+00
