1.000000000000000000e+00
8.608306474521065788e-01
8.512649671185406053e-01
9.567666798868259548e-01
1.116990034010852284e+00
1.277546014197780355e+00
1.407866906778044269e+00
1.499608215979164605e+00
1.557491493222563639e+00
1.590399350900870257e+00
1.606143837224542237e+00
1.609959850600849895e+00
1.605175164357905304e+00
1.594425547937694976e+00
1.580437765636387937e+00
1.566120607063370862e+00
1.554161941898596355e+00
1.546485922805277635e+00
1.543868353200881227e+00
1.545856498848039440e+00
1.550986274343111093e+00
1.557189376858593377e+00
1.562250961078260891e+00
1.564201274827115906e+00
1.561575130791681643e+00
1.553525023452288378e+00
1.539810832053248646e+00
1.520706606388713134e+00
1.496866262465247122e+00
1.469181757727107573e+00
1.438655710042369362e+00
1.406299613732687304e+00
1.373060707506280620e+00
1.339775489720244073e+00
1.307145348015780417e+00
1.275729000292308069e+00
1.245946714125975907e+00
1.218092043558470339e+00
1.192347748187729373e+00
1.168803445590263168e+00
1.147473305121319731e+00
1.128312693045695481e+00
1.111233132935080192e+00
1.096115272834004672e+00
1.082819777039983222e+00
1.071196209113464137e+00
1.061090063976648734e+00
1.052348156724847827e+00
1.044822596469087816e+00
1.038373574534888988e+00
1.032871184636518613e+00
1.028196473341672856e+00
1.024241895923807988e+00
1.020911328162100951e+00
1.018119760558268805e+00
1.015792778933314322e+00
1.013865915115835570e+00
1.012283933762229138e+00
1.011000106338428184e+00
1.009975510853842406e+00
1.009178385873889194e+00
1.008583559385695327e+00
1.008171966958738119e+00
1.007930269023477710e+00
1.007850573687252949e+00
1.007930269026771297e+00
1.008171966965494715e+00
1.008583559396263762e+00
1.009178385888804819e+00
1.009975510873869720e+00
1.011000106364582152e+00
1.012283933795835811e+00
1.013865915158587372e+00
1.015792778987361311e+00
1.018119760626310599e+00
1.020911328247528393e+00
1.024241896030868348e+00
1.028196473475665229e+00
1.032871184804066367e+00
1.038373574744254624e+00
1.044822596730592634e+00
1.052348157051378630e+00
1.061090064384314635e+00
1.071196209622417905e+00
1.082819777675464445e+00
1.096115273627670916e+00
1.111233133926709638e+00
1.128312694285358520e+00
1.147473306672179616e+00
1.168803447532171802e+00
1.192347750621878477e+00
1.218092046613415302e+00
1.245946717965420447e+00
1.275729005125198601e+00
1.307145354109346291e+00
1.339775497416837435e+00
1.373060717244968032e+00
1.406299626076798814e+00
1.438655725714234279e+00
1.469181777651344722e+00
1.496866287821698505e+00
1.520706638675643152e+00
1.539810873160475380e+00
1.553525075742203221e+00
1.561575197183768804e+00
1.564201358878367643e+00
1.562251067048171294e+00
1.557189509743614586e+00
1.550986439862031885e+00
1.545856703357338713e+00
1.543868603517447369e+00
1.546486225912802492e+00
1.554162304513083237e+00
1.566121035034841125e+00
1.580438263173257862e+00
1.594426116666785687e+00
1.605175802283717923e+00
1.609960551100253046e+00
1.606144588286503305e+00
1.590400134858827697e+00
1.557492287193738889e+00
1.499608993107240940e+00
1.407867638193131210e+00
1.277546671401979861e+00
1.116990591230185625e+00
9.567671158888544358e-01
8.512652661658354214e-01
8.608307994166333188e-01
1.000000000000000000e+00
