1.000000000000000000e+00
1.040340968625398377e+00
1.088379915963960221e+00
1.147000709803122076e+00
1.215533430785298963e+00
1.290847734718474582e+00
1.368371206686173513e+00
1.443047974608731909e+00
1.510168971118997394e+00
1.565982055466697664e+00
1.608027205190071918e+00
1.635204505452188872e+00
1.647634850439994914e+00
1.646396882620594138e+00
1.633219632484370853e+00
1.610189863273245425e+00
1.579508402815081869e+00
1.543308666554696895e+00
1.503536217457196900e+00
1.461880385861915821e+00
1.419746056009852486e+00
1.378253860995020563e+00
1.338258706435905276e+00
1.300378750308148756e+00
1.265029120938224283e+00
1.232456486119900774e+00
1.202772013842225318e+00
1.175981310575732186e+00
1.152010650470921771e+00
1.130729291457722052e+00
1.111967978411274371e+00
1.095533912730229265e+00
1.081222562028055556e+00
1.068826721978770156e+00
1.058143244731305277e+00
1.048977828405676327e+00
1.041148229282595095e+00
1.034486218659382395e+00
1.028838564193647720e+00
1.024067273719336812e+00
1.020049299848088120e+00
1.016675867311047643e+00
1.013851552588486582e+00
1.011493217175986281e+00
1.009528871833474062e+00
1.007896529152549459e+00
1.006543085431594653e+00
1.005423259767386224e+00
1.004498608028130624e+00
1.003736621537471230e+00
1.003109914465172725e+00
1.002595499716510297e+00
1.002174150210302761e+00
1.001829840551386797e+00
1.001549262999241741e+00
1.001321411113892834e+00
1.001137224365361789e+00
1.000989287198633004e+00
1.000871576456288992e+00
1.000779251602669895e+00
1.000708482813569722e+00
1.000656312656313940e+00
1.000620547761570167e+00
1.000599677564177892e+00
1.000592817857835382e+00
1.000599677564177892e+00
1.000620547761570167e+00
1.000656312656313940e+00
1.000708482813569722e+00
1.000779251602669895e+00
1.000871576456288992e+00
1.000989287198633004e+00
1.001137224365361789e+00
1.001321411113892834e+00
1.001549262999241741e+00
1.001829840551386797e+00
1.002174150210302761e+00
1.002595499716510297e+00
1.003109914465172725e+00
1.003736621537471230e+00
1.004498608028130624e+00
1.005423259767386224e+00
1.006543085431594653e+00
1.007896529152549459e+00
1.009528871833474062e+00
1.011493217175986281e+00
1.013851552588486582e+00
1.016675867311047421e+00
1.020049299848088120e+00
1.024067273719337035e+00
1.028838564193647720e+00
1.034486218659382395e+00
1.041148229282594873e+00
1.048977828405676105e+00
1.058143244731305055e+00
1.068826721978770156e+00
1.081222562028054890e+00
1.095533912730229265e+00
1.111967978411273927e+00
1.130729291457722052e+00
1.152010650470922215e+00
1.175981310575731298e+00
1.202772013842225762e+00
1.232456486119900996e+00
1.265029120938224727e+00
1.300378750308148534e+00
1.338258706435905276e+00
1.378253860995021229e+00
1.419746056009852486e+00
1.461880385861914933e+00
1.503536217457197122e+00
1.543308666554696895e+00
1.579508402815081425e+00
1.610189863273244315e+00
1.633219632484369521e+00
1.646396882620595026e+00
1.647634850439996246e+00
1.635204505452187540e+00
1.608027205190070363e+00
1.565982055466696554e+00
1.510168971118997394e+00
1.443047974608729689e+00
1.368371206686172403e+00
1.290847734718475248e+00
1.215533430785300073e+00
1.147000709803120744e+00
1.088379915963959110e+00
1.040340968625397045e+00
1.000000000000000000e+00
