1.000000000000000000e+00
7.531067157479356400e-01
7.873170518641058324e-01
9.733137233977294800e-01
1.168772313431931220e+00
1.316275642171774729e+00
1.416559458799670823e+00
1.486157023066555061e+00
1.536491200809428248e+00
1.571860716892753640e+00
1.593947581450380735e+00
1.605022403052307478e+00
1.608248448657736862e+00
1.606508018050260000e+00
1.601396694986417790e+00
1.593147623622348741e+00
1.581371611886225326e+00
1.566043749220396242e+00
1.548162882891459979e+00
1.529796677022185358e+00
1.513574136598127229e+00
1.501918111651530108e+00
1.496355211182475164e+00
1.497137555082178162e+00
1.503247113133241664e+00
1.512710488888660887e+00
1.523075264812740137e+00
1.531893472612289919e+00
1.537100918602420263e+00
1.537241630123338254e+00
1.531539397303478545e+00
1.519850862725231844e+00
1.502546140436121558e+00
1.480359459411285439e+00
1.454241335817424208e+00
1.425231261625509838e+00
1.394359308089369032e+00
1.362577650700090626e+00
1.330718728205021462e+00
1.299474840486710026e+00
1.269393642419091917e+00
1.240884508133187847e+00
1.214231632319025644e+00
1.189610701970985618e+00
1.167106855251226705e+00
1.146732378399940355e+00
1.128443164641421248e+00
1.112153385088726187e+00
1.097748125254419449e+00
1.085093947922107116e+00
1.074047477216379498e+00
1.064462179112000140e+00
1.056193555654642235e+00
1.049102985553734602e+00
1.043060441360298407e+00
1.037946299667849903e+00
1.033652440408990181e+00
1.030082807744427287e+00
1.027153580600230542e+00
1.024793077160582655e+00
1.022941495527868616e+00
1.021550572830930204e+00
1.020583227474397114e+00
1.020013233912702155e+00
1.019824966065792093e+00
1.020013233913203976e+00
1.020583227475427623e+00
1.021550572832550685e+00
1.022941495530175215e+00
1.024793077163707489e+00
1.027153580604354577e+00
1.030082807749792995e+00
1.033652440415905982e+00
1.037946299676724138e+00
1.043060441371641556e+00
1.049102985568210356e+00
1.056193555673098583e+00
1.064462179135505560e+00
1.074047477246299565e+00
1.085093947960168004e+00
1.097748125302818512e+00
1.112153385150241203e+00
1.128443164719577840e+00
1.146732378499188520e+00
1.167106855377212371e+00
1.189610702130840192e+00
1.214231632521779458e+00
1.240884508390279306e+00
1.269393642745009654e+00
1.299474840899826455e+00
1.330718728728641720e+00
1.362577651363848341e+00
1.394359308930974706e+00
1.425231262693035239e+00
1.454241337172240467e+00
1.480359461131878884e+00
1.502546142622983805e+00
1.519850865507143878e+00
1.531539400845478349e+00
1.537241634636694831e+00
1.537100924356914255e+00
1.531893479950809489e+00
1.523075274168054216e+00
1.512710500801590863e+00
1.503247128270895461e+00
1.497137574254122860e+00
1.496355235352170077e+00
1.501918141940058460e+00
1.513574174277424467e+00
1.529796723495324473e+00
1.548162939657364179e+00
1.566043817818779216e+00
1.581371693815190493e+00
1.593147720217394481e+00
1.601396807249394483e+00
1.606508146425235317e+00
1.608248592770071150e+00
1.605022561453012253e+00
1.593947751427760684e+00
1.571860894414851328e+00
1.536491380641131999e+00
1.486157199072766222e+00
1.416559624409127194e+00
1.316275790932476708e+00
1.168772439543236841e+00
9.733138220940439345e-01
7.873171195920161125e-01
7.531067501832671152e-01
1.000000000000000000e+00
