1.000000000000000000e+00
1.051728950420159014e+00
1.102836896841141057e+00
1.152312114151329503e+00
1.198791366378495704e+00
1.240712743929955897e+00
1.276535741266445312e+00
1.304971360347993325e+00
1.325167968478261349e+00
1.336815617156841718e+00
1.340156538931746022e+00
1.335913640405512082e+00
1.325164703038343106e+00
1.309194896152578558e+00
1.289355821716505313e+00
1.266949842075689281e+00
1.243148151771433119e+00
1.218942776474922995e+00
1.195127508541856454e+00
1.172300527098260048e+00
1.150881290168919602e+00
1.131135322325776738e+00
1.113202031521648649e+00
1.097122210512857743e+00
1.082863175108638387e+00
1.070340482808977756e+00
1.059435869537757036e+00
1.050011487857138048e+00
1.041920786882093442e+00
1.035016497568179483e+00
1.029156222463491144e+00
1.024206110586687757e+00
1.020043050084246561e+00
1.016555750061989505e+00
1.013645018865463543e+00
1.011223485250680731e+00
1.009214954592731583e+00
1.007553545877727386e+00
1.006182716884346240e+00
1.005054254171157346e+00
1.004127280381504450e+00
1.003367312961636948e+00
1.002745394661773926e+00
1.002237306230130853e+00
1.001822864704760008e+00
1.001485305969466610e+00
1.001210747203297835e+00
1.000987723064399759e+00
1.000806788552963678e+00
1.000660181221033174e+00
1.000541535532976978e+00
1.000445642577169503e+00
1.000368248877188337e+00
1.000305888671885635e+00
1.000255744675513148e+00
1.000215532956961750e+00
1.000183408169990962e+00
1.000157885912359657e+00
1.000137779486007128e+00
1.000122148772276010e+00
1.000110259328238715e+00
1.000101550156521357e+00
1.000095608907390465e+00
1.000092153543877149e+00
1.000091019744901555e+00
1.000092153543877149e+00
1.000095608907390465e+00
1.000101550156521357e+00
1.000110259328238715e+00
1.000122148772276010e+00
1.000137779486007128e+00
1.000157885912359657e+00
1.000183408169990962e+00
1.000215532956961750e+00
1.000255744675513148e+00
1.000305888671885635e+00
1.000368248877188337e+00
1.000445642577169503e+00
1.000541535532976978e+00
1.000660181221033174e+00
1.000806788552963678e+00
1.000987723064399759e+00
1.001210747203297835e+00
1.001485305969466610e+00
1.001822864704760008e+00
1.002237306230130853e+00
1.002745394661773926e+00
1.003367312961636948e+00
1.004127280381504450e+00
1.005054254171157346e+00
1.006182716884346240e+00
1.007553545877727386e+00
1.009214954592731583e+00
1.011223485250680731e+00
1.013645018865463321e+00
1.016555750061989505e+00
1.020043050084246561e+00
1.024206110586687757e+00
1.029156222463491144e+00
1.035016497568179483e+00
1.041920786882093664e+00
1.050011487857137826e+00
1.059435869537757258e+00
1.070340482808977534e+00
1.082863175108638387e+00
1.097122210512857521e+00
1.113202031521648649e+00
1.131135322325777182e+00
1.150881290168919158e+00
1.172300527098259604e+00
1.195127508541856232e+00
1.218942776474922995e+00
1.243148151771432453e+00
1.266949842075688615e+00
1.289355821716504646e+00
1.309194896152578336e+00
1.325164703038341996e+00
1.335913640405510971e+00
1.340156538931745578e+00
1.336815617156841274e+00
1.325167968478260017e+00
1.304971360347992215e+00
1.276535741266444424e+00
1.240712743929956341e+00
1.198791366378495038e+00
1.152312114151328837e+00
1.102836896841141501e+00
1.051728950420158792e+00
1.000000000000000000e+00
