1.000000000000000000e+00
7.613783882886585586e-01
7.896613414171549383e-01
9.698909245821537572e-01
1.165514635739261395e+00
1.316058267175372443e+00
1.418297636454326494e+00
1.487662038995150482e+00
1.536647419601229414e+00
1.570950592557493808e+00
1.592938476103335832e+00
1.604772519636135097e+00
1.609051820377671582e+00
1.608016378966619309e+00
1.602831253090205355e+00
1.593674794041804343e+00
1.580484035228718165e+00
1.563792997121508987e+00
1.545160154942989861e+00
1.527002010543141219e+00
1.511976547818915328e+00
1.502233413567243270e+00
1.498837487078475972e+00
1.501541411958549288e+00
1.508921358022943915e+00
1.518769522083066148e+00
1.528587239836015188e+00
1.536037620476267573e+00
1.539268938437040601e+00
1.537079425058477611e+00
1.528939835395993985e+00
1.514914472937737733e+00
1.495526523859110446e+00
1.471606532127571088e+00
1.444150785663946390e+00
1.414204344167987237e+00
1.382773991840175354e+00
1.350770214672278202e+00
1.318973986698593448e+00
1.288022908908609487e+00
1.258411284856028489e+00
1.230499417260794592e+00
1.204528354645302723e+00
1.180637264537788500e+00
1.158881441397162426e+00
1.139249631172066568e+00
1.121679870312313865e+00
1.106073414549018530e+00
1.092306597607237917e+00
1.080240637521191038e+00
1.069729520355077401e+00
1.060626155724166964e+00
1.052787029465287683e+00
1.046075586688505199e+00
1.040364571139325234e+00
1.035537530110836046e+00
1.031489672261898694e+00
1.028128241589048253e+00
1.025372546501368332e+00
1.023153759783899330e+00
1.021414583995926995e+00
1.020108857923976764e+00
1.019201163189624726e+00
1.018666475880649624e+00
1.018489895863966321e+00
1.018666475881352174e+00
1.019201163191068238e+00
1.020108857926241397e+00
1.021414583999140424e+00
1.023153759788240302e+00
1.025372546507077098e+00
1.028128241596444559e+00
1.031489672271391767e+00
1.035537530122959238e+00
1.040364571154745787e+00
1.046075586708082872e+00
1.052787029490114046e+00
1.060626155755616917e+00
1.069729520394894662e+00
1.080240637571571849e+00
1.092306597670967827e+00
1.106073414629609397e+00
1.121679870414202362e+00
1.139249631300846888e+00
1.158881441559911796e+00
1.180637264743440218e+00
1.204528354905150422e+00
1.230499417589135058e+00
1.258411285270969238e+00
1.288022909433118146e+00
1.318973987361820921e+00
1.350770215511324368e+00
1.382773992902299520e+00
1.414204345513503824e+00
1.444150787369951283e+00
1.471606534292762891e+00
1.495526526609958884e+00
1.514914476436389101e+00
1.528939839850253612e+00
1.537079430734258345e+00
1.539268945673630151e+00
1.536037629704418483e+00
1.528587251598725993e+00
1.518769537058138663e+00
1.508921377045750578e+00
1.501541436042525879e+00
1.498837517430055000e+00
1.502233451591484137e+00
1.511976595112046517e+00
1.527002068868426043e+00
1.545160226186043317e+00
1.563793083219566560e+00
1.580484138064937039e+00
1.593674915291929617e+00
1.602831394008868759e+00
1.608016540109832526e+00
1.609052001279917876e+00
1.604772718490982131e+00
1.592938689522620077e+00
1.570950815490324004e+00
1.536647645473642854e+00
1.487662260090102828e+00
1.418297844499737836e+00
1.316058454048357307e+00
1.165514794139700383e+00
9.698910485209366605e-01
7.896614264441429443e-01
7.613784315095615263e-01
1.000000000000000000e+00
