1.000000000000000000e+00
9.876879310500272791e-01
1.004248227168750951e+00
1.055894316134261324e+00
1.135654924926885467e+00
1.230676392757954929e+00
1.327555825348782914e+00
1.415757648854142792e+00
1.489135045030513860e+00
1.545814020014553369e+00
1.587005735898590064e+00
1.615449236280091183e+00
1.634068786211043456e+00
1.645152274445725205e+00
1.650076300903879023e+00
1.649426065003776198e+00
1.643305030401785105e+00
1.631663871864571957e+00
1.614548550750946943e+00
1.592234228416784081e+00
1.565256471944853844e+00
1.534371681910945195e+00
1.500481266478878251e+00
1.464547114006237383e+00
1.427515997631567224e+00
1.390261564459865706e+00
1.353546078119824303e+00
1.318000208518448124e+00
1.284117348783214041e+00
1.252258488279666571e+00
1.222663982249173165e+00
1.195469208563337826e+00
1.170721830904662086e+00
1.148399059180790882e+00
1.128423855511180962e+00
1.110679466257723291e+00
1.095021978071060831e+00
1.081290818052579095e+00
1.069317265386889648e+00
1.058931132622162208e+00
1.049965824442563589e+00
1.042262002361448170e+00
1.035670084531620905e+00
1.030051797787551626e+00
1.025280979252312541e+00
1.021243801090590431e+00
1.017838566907349307e+00
1.014975203677014770e+00
1.012574550100153736e+00
1.010567521602905749e+00
1.008894214145562351e+00
1.007502993667168667e+00
1.006349605269205583e+00
1.005396325931449342e+00
1.004611176396397410e+00
1.003967201568372714e+00
1.003441824063284971e+00
1.003016272143574916e+00
1.002675080934558594e+00
1.002405664327516988e+00
1.002197954147521886e+00
1.002044102846747053e+00
1.001938246051855108e+00
1.001876321645893464e+00
1.001855942622122964e+00
1.001876321645893464e+00
1.001938246051855108e+00
1.002044102846747053e+00
1.002197954147521886e+00
1.002405664327516988e+00
1.002675080934558594e+00
1.003016272143574916e+00
1.003441824063284971e+00
1.003967201568372714e+00
1.004611176396397410e+00
1.005396325931449342e+00
1.006349605269205583e+00
1.007502993667168667e+00
1.008894214145562351e+00
1.010567521602905749e+00
1.012574550100153736e+00
1.014975203677014770e+00
1.017838566907349529e+00
1.021243801090589765e+00
1.025280979252312541e+00
1.030051797787551626e+00
1.035670084531620905e+00
1.042262002361448170e+00
1.049965824442563811e+00
1.058931132622162208e+00
1.069317265386889426e+00
1.081290818052578873e+00
1.095021978071061275e+00
1.110679466257722847e+00
1.128423855511180518e+00
1.148399059180790660e+00
1.170721830904660310e+00
1.195469208563338048e+00
1.222663982249172943e+00
1.252258488279666349e+00
1.284117348783215151e+00
1.318000208518447014e+00
1.353546078119825191e+00
1.390261564459865262e+00
1.427515997631567446e+00
1.464547114006237161e+00
1.500481266478877362e+00
1.534371681910945862e+00
1.565256471944854288e+00
1.592234228416783415e+00
1.614548550750946943e+00
1.631663871864570625e+00
1.643305030401783107e+00
1.649426065003773534e+00
1.650076300903876136e+00
1.645152274445724760e+00
1.634068786211041902e+00
1.615449236280087852e+00
1.587005735898586956e+00
1.545814020014548706e+00
1.489135045030511417e+00
1.415757648854139017e+00
1.327555825348780028e+00
1.230676392757952931e+00
1.135654924926883913e+00
1.055894316134258659e+00
1.004248227168748731e+00
9.876879310500250586e-01
1.000000000000000000e+00
