1.000000000000000000e+00
1.052785760479464816e+00
1.104944459428501391e+00
1.155445684508337401e+00
1.202896452132065974e+00
1.245698458774900041e+00
1.282274322944187084e+00
1.311304063294767674e+00
1.331915988704256426e+00
1.343793641820888896e+00
1.347186234140496763e+00
1.342834863400853340e+00
1.331843147221030366e+00
1.315525865464532762e+00
1.295264593579962709e+00
1.272389494426866996e+00
1.248095827097617905e+00
1.223395239025210524e+00
1.199096634979940124e+00
1.175809142322829626e+00
1.153959567098823413e+00
1.133817824123765750e+00
1.115525384937162023e+00
1.099123349239039982e+00
1.084578070115467918e+00
1.071803272081395253e+00
1.060678304810590111e+00
1.051062625696174813e+00
1.042806862728727912e+00
1.035760932445118687e+00
1.029779722103349116e+00
1.024726825472818126e+00
1.020476772235669793e+00
1.016916128437279632e+00
1.013943780145808882e+00
1.011470650647813940e+00
1.009419046367322936e+00
1.007721779590165845e+00
1.006321177159290814e+00
1.005168053050373711e+00
1.004220698261317324e+00
1.003443922742187189e+00
1.002808170142260424e+00
1.002288716022405657e+00
1.001864953051615048e+00
1.001519761879147596e+00
1.001238963275938643e+00
1.001010845310444930e+00
1.000825758404222832e+00
1.000675770823517885e+00
1.000554377295457043e+00
1.000456253836209619e+00
1.000377052432045222e+00
1.000313229843339036e+00
1.000261905452689781e+00
1.000220743715910521e+00
1.000187857377144773e+00
1.000161728164634667e+00
1.000141142186570464e+00
1.000125137696264987e+00
1.000112963295191726e+00
1.000104044995319574e+00
1.000097960874456904e+00
1.000094422335656930e+00
1.000093261230823094e+00
1.000094422335656930e+00
1.000097960874456904e+00
1.000104044995319574e+00
1.000112963295191726e+00
1.000125137696264987e+00
1.000141142186570464e+00
1.000161728164634667e+00
1.000187857377144773e+00
1.000220743715910521e+00
1.000261905452689781e+00
1.000313229843339036e+00
1.000377052432045222e+00
1.000456253836209619e+00
1.000554377295457043e+00
1.000675770823517885e+00
1.000825758404222832e+00
1.001010845310444930e+00
1.001238963275938643e+00
1.001519761879147596e+00
1.001864953051615048e+00
1.002288716022405657e+00
1.002808170142260424e+00
1.003443922742187189e+00
1.004220698261317324e+00
1.005168053050373711e+00
1.006321177159290814e+00
1.007721779590165845e+00
1.009419046367322936e+00
1.011470650647813940e+00
1.013943780145808660e+00
1.016916128437279632e+00
1.020476772235669793e+00
1.024726825472818126e+00
1.029779722103349116e+00
1.035760932445118687e+00
1.042806862728728134e+00
1.051062625696174591e+00
1.060678304810590333e+00
1.071803272081395031e+00
1.084578070115467918e+00
1.099123349239039760e+00
1.115525384937162023e+00
1.133817824123766194e+00
1.153959567098822969e+00
1.175809142322829182e+00
1.199096634979940124e+00
1.223395239025210524e+00
1.248095827097617239e+00
1.272389494426866330e+00
1.295264593579962042e+00
1.315525865464532540e+00
1.331843147221029255e+00
1.342834863400852230e+00
1.347186234140496541e+00
1.343793641820888451e+00
1.331915988704255094e+00
1.311304063294766564e+00
1.282274322944186196e+00
1.245698458774900486e+00
1.202896452132065530e+00
1.155445684508336734e+00
1.104944459428501835e+00
1.052785760479464594e+00
1.000000000000000000e+00
