1.000000000000000000e+00
1.033316513841571194e+00
1.066183320927875267e+00
1.097938933806829498e+00
1.127729121128607792e+00
1.154593198527390507e+00
1.177589618991863096e+00
1.195928056307585585e+00
1.209077582404765927e+00
1.216829918143342848e+00
1.219310043389597142e+00
1.216939373748785913e+00
1.210365682051223191e+00
1.200377418381783690e+00
1.187818631649972367e+00
1.173516187895517593e+00
1.158225526583277931e+00
1.142596387166729732e+00
1.127156573773272497e+00
1.112310023554019311e+00
1.098344913365073117e+00
1.085447844684811924e+00
1.073720881285568529e+00
1.063199077491385314e+00
1.053866943244048837e+00
1.045672957064454289e+00
1.038541734622921986e+00
1.032383800515683347e+00
1.027103121755121418e+00
1.022602675148605478e+00
1.018788366344268281e+00
1.015571619776098444e+00
1.012870934159366909e+00
1.010612660435384891e+00
1.008731216726671986e+00
1.007168913273232214e+00
1.005875522476754602e+00
1.004807696491448077e+00
1.003928307654619712e+00
1.003205765222207280e+00
1.002613344812592677e+00
1.002128553974917624e+00
1.001732547672122386e+00
1.001409600534925781e+00
1.001146637910550696e+00
1.000932824499426887e+00
1.000759207335652601e+00
1.000618408696395401e+00
1.000504363968076182e+00
1.000412099359490492e+00
1.000337544489820818e+00
1.000277375187053952e+00
1.000228882234797556e+00
1.000189862250245865e+00
1.000158527328345537e+00
1.000133430524432043e+00
1.000113404656543858e+00
1.000097512282185130e+00
1.000085005040102670e+00
1.000075290845845455e+00
1.000067907692923308e+00
1.000062503042487672e+00
1.000058817987747428e+00
1.000056675559036989e+00
1.000055972695987894e+00
1.000056675559036989e+00
1.000058817987747428e+00
1.000062503042487672e+00
1.000067907692923308e+00
1.000075290845845455e+00
1.000085005040102670e+00
1.000097512282185130e+00
1.000113404656543858e+00
1.000133430524432043e+00
1.000158527328345537e+00
1.000189862250245865e+00
1.000228882234797556e+00
1.000277375187053952e+00
1.000337544489820818e+00
1.000412099359490492e+00
1.000504363968076182e+00
1.000618408696395401e+00
1.000759207335652601e+00
1.000932824499426887e+00
1.001146637910550696e+00
1.001409600534925781e+00
1.001732547672122386e+00
1.002128553974917624e+00
1.002613344812592677e+00
1.003205765222207280e+00
1.003928307654619712e+00
1.004807696491448077e+00
1.005875522476754602e+00
1.007168913273232214e+00
1.008731216726671764e+00
1.010612660435384891e+00
1.012870934159366909e+00
1.015571619776098444e+00
1.018788366344268281e+00
1.022602675148605256e+00
1.027103121755121418e+00
1.032383800515683125e+00
1.038541734622922208e+00
1.045672957064454067e+00
1.053866943244048837e+00
1.063199077491385092e+00
1.073720881285568085e+00
1.085447844684812368e+00
1.098344913365072673e+00
1.112310023554018867e+00
1.127156573773272275e+00
1.142596387166729954e+00
1.158225526583277487e+00
1.173516187895516927e+00
1.187818631649971479e+00
1.200377418381783690e+00
1.210365682051222080e+00
1.216939373748784803e+00
1.219310043389596920e+00
1.216829918143341738e+00
1.209077582404764817e+00
1.195928056307584475e+00
1.177589618991862652e+00
1.154593198527390507e+00
1.127729121128606682e+00
1.097938933806828832e+00
1.066183320927875489e+00
1.033316513841570972e+00
1.000000000000000000e+00
