1.000000000000000000e+00
9.450875024972558158e-01
9.469160737456046029e-01
1.011891486557217279e+00
1.121065907175392562e+00
1.247563391690047263e+00
1.367399472895433510e+00
1.464833404290619256e+00
1.533469160703063272e+00
1.574555872586245631e+00
1.594021415282844911e+00
1.599497192377801413e+00
1.598072688382597528e+00
1.595010030912259236e+00
1.593315357648132258e+00
1.593919634546238306e+00
1.596202897864738679e+00
1.598637370664024226e+00
1.599387854225855721e+00
1.596773972894565130e+00
1.589558157384637127e+00
1.577068446468196772e+00
1.559192405052628461e+00
1.536288363863018258e+00
1.509057167302147562e+00
1.478407513902866510e+00
1.445335931818020780e+00
1.410831785153827012e+00
1.375809926836959241e+00
1.341068834974801449e+00
1.307269730695843180e+00
1.274931509079253011e+00
1.244436626390171385e+00
1.216043861536060477e+00
1.189904778059170054e+00
1.166081573008258321e+00
1.144564728628926664e+00
1.125289459637038858e+00
1.108150381602814205e+00
1.093014136461690544e+00
1.079729924229787530e+00
1.068138028690260199e+00
1.058076508541560434e+00
1.049386269732918153e+00
1.041914751388525850e+00
1.035518455844643526e+00
1.030064539583391392e+00
1.025431661138329398e+00
1.021510257891014239e+00
1.018202398543756937e+00
1.015421333610773136e+00
1.013090843581833544e+00
1.011144464092028183e+00
1.009524649760084714e+00
1.008181923385403689e+00
1.007074044811451463e+00
1.006165223763888283e+00
1.005425393094308895e+00
1.004829552822420480e+00
1.004357190888876428e+00
1.003991783342062627e+00
1.003720374542919513e+00
1.003533236668939344e+00
1.003423607146197938e+00
1.003387502479158089e+00
1.003423607146197938e+00
1.003533236668939121e+00
1.003720374542919513e+00
1.003991783342062405e+00
1.004357190888876428e+00
1.004829552822420480e+00
1.005425393094308895e+00
1.006165223763888061e+00
1.007074044811451685e+00
1.008181923385403911e+00
1.009524649760084269e+00
1.011144464092028183e+00
1.013090843581833544e+00
1.015421333610773136e+00
1.018202398543756493e+00
1.021510257891014239e+00
1.025431661138328732e+00
1.030064539583391170e+00
1.035518455844642638e+00
1.041914751388524740e+00
1.049386269732917487e+00
1.058076508541559546e+00
1.068138028690259089e+00
1.079729924229785532e+00
1.093014136461687658e+00
1.108150381602811985e+00
1.125289459637036416e+00
1.144564728628924444e+00
1.166081573008253436e+00
1.189904778059163837e+00
1.216043861536053372e+00
1.244436626390160727e+00
1.274931509079243463e+00
1.307269730695830301e+00
1.341068834974785018e+00
1.375809926836940367e+00
1.410831785153801476e+00
1.445335931817990360e+00
1.478407513902826986e+00
1.509057167302098934e+00
1.536288363862957640e+00
1.559192405052553188e+00
1.577068446468105067e+00
1.589558157384523662e+00
1.596773972894424354e+00
1.599387854225684524e+00
1.598637370663816171e+00
1.596202897864490211e+00
1.593919634545943875e+00
1.593315357647789643e+00
1.595010030911869325e+00
1.598072688382159212e+00
1.599497192377317134e+00
1.594021415282325327e+00
1.574555872585700511e+00
1.533469160702514156e+00
1.464833404290080576e+00
1.367399472894925916e+00
1.247563391689592516e+00
1.121065907175008647e+00
1.011891486556915742e+00
9.469160737453981014e-01
9.450875024971500116e-01
1.000000000000000000e+00
