1.000000000000000000e+00
7.798294474243812058e-01
7.960422972501304262e-01
9.621176885106461629e-01
1.155654340951565828e+00
1.311715077672728658e+00
1.418663500836314428e+00
1.488476987526160755e+00
1.535187478146750051e+00
1.567451240933877443e+00
1.589331531790139307e+00
1.602805569764969684e+00
1.609128144941677663e+00
1.609097637815317672e+00
1.603134307235341671e+00
1.591657203664303522e+00
1.575627305356891439e+00
1.556877941835033363e+00
1.537992270649956916e+00
1.521770529172360220e+00
1.510534609087022195e+00
1.505556094379609133e+00
1.506797191651763956e+00
1.513004907509689634e+00
1.522073502039498205e+00
1.531528711831373402e+00
1.538991075074369608e+00
1.542521693313238407e+00
1.540812123201920958e+00
1.533228184265458482e+00
1.519745223396550493e+00
1.500820444905205386e+00
1.477242595342036058e+00
1.449987807354931046e+00
1.420098209710656700e+00
1.388589976907549595e+00
1.356390775049021835e+00
1.324302808122001185e+00
1.292986128687669600e+00
1.262956742922367814e+00
1.234594657987447164e+00
1.208157940795623109e+00
1.183799813233649800e+00
1.161586663418957333e+00
1.141515553101152491e+00
1.123530342445763219e+00
1.107535952333972729e+00
1.093410566210308854e+00
1.081015764039236160e+00
1.070204702696017085e+00
1.060828528634361501e+00
1.052741244463708314e+00
1.045803262209003215e+00
1.039883870806813659e+00
1.034862829928616224e+00
1.030631280954938500e+00
1.027092142013520171e+00
1.024160129627178506e+00
1.021761526138951659e+00
1.019833790580195743e+00
1.018325091492068957e+00
1.017193823564910948e+00
1.016408155766981070e+00
1.015945646682797188e+00
1.015792952759120071e+00
1.015945646682500980e+00
1.016408155766376442e+00
1.017193823563969257e+00
1.018325091490748457e+00
1.019833790578440258e+00
1.021761526136681475e+00
1.024160129624298365e+00
1.027092142009905729e+00
1.030631280950444983e+00
1.034862829923049343e+00
1.039883870799949817e+00
1.045803262200567962e+00
1.052741244453357039e+00
1.060828528621677203e+00
1.070204702680473074e+00
1.081015764020186509e+00
1.093410566186935551e+00
1.107535952305243709e+00
1.123530342410342664e+00
1.141515553057327104e+00
1.161586663364477356e+00
1.183799813165555159e+00
1.208157940709981615e+00
1.234594657879001689e+00
1.262956742784053343e+00
1.292986128509941102e+00
1.324302807891970302e+00
1.356390774749257178e+00
1.388589976514515101e+00
1.420098209192678151e+00
1.449987806669614132e+00
1.477242594433024969e+00
1.500820443698288598e+00
1.519745221795093748e+00
1.533228182145338181e+00
1.540812120406208185e+00
1.542521689646963345e+00
1.538991070299851271e+00
1.531528705664324086e+00
1.522073494145870676e+00
1.513004897502568280e+00
1.506797179087094429e+00
1.505556078749497484e+00
1.510534589810581751e+00
1.521770505586892863e+00
1.537992242009443178e+00
1.556877907326636334e+00
1.575627264146895135e+00
1.591657154980111955e+00
1.603134250480268141e+00
1.609097572701987389e+00
1.609128071624112755e+00
1.602805488951761781e+00
1.589331444826070028e+00
1.567451149835910051e+00
1.535187385572288399e+00
1.488476896650714254e+00
1.418663415135954509e+00
1.311715000632502681e+00
1.155654275739104397e+00
9.621176376773870054e-01
7.960422625574178346e-01
7.798294298705329419e-01
1.000000000000000000e+00
