1.000000000000000000e+00
7.380521114142286621e-01
7.835952778090714554e-01
9.788693688377200219e-01
1.172418327186046660e+00
1.313905590064140094e+00
1.411072449415333940e+00
1.481531406915369109e+00
1.534349481580023822e+00
1.571542505452091065e+00
1.593903154022757507e+00
1.603923903995734479e+00
1.605520953425462416e+00
1.602478512548655587e+00
1.597157029295318109e+00
1.590132082088054233e+00
1.580754601811985127e+00
1.568204033528007413e+00
1.552459563887974126e+00
1.534749182580543048e+00
1.517348027049135073e+00
1.502903854513805593e+00
1.493627318404671556e+00
1.490666241793399349e+00
1.493845264643960613e+00
1.501785371088294685e+00
1.512293361454494889e+00
1.522860195411236406e+00
1.531122435785504221e+00
1.535194595222765468e+00
1.533841090274299379e+00
1.526503494841431552e+00
1.513223913859729652e+00
1.494510868461980113e+00
1.471187159312368431e+00
1.444247035331409856e+00
1.414737807826047522e+00
1.383671451513947659e+00
1.351965427332059599e+00
1.320408560525785147e+00
1.289646514239533470e+00
1.260181412013543945e+00
1.232380852653297110e+00
1.206492505470116772e+00
1.182661426210892097e+00
1.160948072338091386e+00
1.141345676913914531e+00
1.123796162321094583e+00
1.108204157547449276e+00
1.094448951511953094e+00
1.082394395352436423e+00
1.071896880870525370e+00
1.062811588443485222e+00
1.054997229718203089e+00
1.048319518985651788e+00
1.042653600271183256e+00
1.037885640728740233e+00
1.033913779131862665e+00
1.030648594103265259e+00
1.028013232261531629e+00
1.025943313008867319e+00
1.024386705011293808e+00
1.023303249894440325e+00
1.022664491351756855e+00
1.022453452575240673e+00
1.022664491351526372e+00
1.023303249893966926e+00
1.024386705010562615e+00
1.025943313007853241e+00
1.028013232260199361e+00
1.030648594101566617e+00
1.033913779129745247e+00
1.037885640726134984e+00
1.042653600268018232e+00
1.048319518981833509e+00
1.054997229713634743e+00
1.062811588438062449e+00
1.071896880864122714e+00
1.082394395344919547e+00
1.094448951503167455e+00
1.108204157537232115e+00
1.123796162309252278e+00
1.141345676900224371e+00
1.160948072322274705e+00
1.182661426192599397e+00
1.206492505448869101e+00
1.232380852628437440e+00
1.260181411984140354e+00
1.289646514204228600e+00
1.320408560482603910e+00
1.351965427278109200e+00
1.383671451445043887e+00
1.414737807736182074e+00
1.444247035212053998e+00
1.471187159151588597e+00
1.494510868243352331e+00
1.513223913561072331e+00
1.526503494433386843e+00
1.533841089718890771e+00
1.535194594472063967e+00
1.531122434780627817e+00
1.522860194081767649e+00
1.512293359718412722e+00
1.501785368852054603e+00
1.493845261802142943e+00
1.490666238226868945e+00
1.493627313976268356e+00
1.502903849061250963e+00
1.517348020376392492e+00
1.534749174451075948e+00
1.552459554025166888e+00
1.568204021627928491e+00
1.580754587570512903e+00
1.590132065238812897e+00
1.597157009649996295e+00
1.602478490031563618e+00
1.605520928100979239e+00
1.603923876095560974e+00
1.593903123979899750e+00
1.571542473934923745e+00
1.534349449502668605e+00
1.481531375398896344e+00
1.411072419697389391e+00
1.313905563381020825e+00
1.172418304652102616e+00
9.788693513347874742e-01
7.835952659150857702e-01
7.380521054185524843e-01
1.000000000000000000e+00
