1.000000000000000000e+00
1.034051001007005421e+00
1.067643788681031491e+00
1.100102375737182392e+00
1.130552650936850867e+00
1.158011010121181572e+00
1.181513312370551905e+00
1.200250470063185748e+00
1.213679428245925784e+00
1.221587935978733830e+00
1.224105218272129703e+00
1.221663962187479413e+00
1.214928248661172328e+00
1.204705603891700560e+00
1.191859810325278213e+00
1.177236448514084710e+00
1.161607519444155079e+00
1.145636558953400774e+00
1.129862216502400596e+00
1.114696441278275163e+00
1.100432893196132467e+00
1.087261523608839209e+00
1.075286031896423911e+00
1.064541792009228605e+00
1.055012670899046157e+00
1.046645839495200736e+00
1.039364182492209965e+00
1.033076258355236865e+00
1.027683974509642217e+00
1.023088257306665305e+00
1.019193041901491847e+00
1.015907908018587547e+00
1.013149662125111261e+00
1.010843127834299082e+00
1.008921363107246671e+00
1.007325480402168294e+00
1.006004207358036195e+00
1.004913292308981632e+00
1.004014831288321474e+00
1.003276570960747849e+00
1.002671224553058904e+00
1.002175824632802525e+00
1.001771126783594479e+00
1.001441071164802077e+00
1.001172304021117343e+00
1.000953757915947318e+00
1.000776287385746866e+00
1.000632355518450201e+00
1.000515766389966421e+00
1.000421438151210429e+00
1.000345211697548642e+00
1.000283690165179040e+00
1.000234104908552801e+00
1.000194204065834258e+00
1.000162160280160251e+00
1.000136494589985325e+00
1.000116013918645574e+00
1.000099759974117930e+00
1.000086967712398689e+00
1.000077031822061979e+00
1.000069479955927987e+00
1.000063951671558815e+00
1.000060182249772556e+00
1.000057990743776770e+00
1.000057271775406154e+00
1.000057990743776770e+00
1.000060182249772556e+00
1.000063951671558815e+00
1.000069479955927987e+00
1.000077031822061979e+00
1.000086967712398689e+00
1.000099759974117930e+00
1.000116013918645574e+00
1.000136494589985325e+00
1.000162160280160251e+00
1.000194204065834258e+00
1.000234104908552801e+00
1.000283690165179040e+00
1.000345211697548642e+00
1.000421438151210429e+00
1.000515766389966421e+00
1.000632355518450201e+00
1.000776287385746866e+00
1.000953757915947318e+00
1.001172304021117343e+00
1.001441071164802077e+00
1.001771126783594479e+00
1.002175824632802525e+00
1.002671224553058904e+00
1.003276570960747849e+00
1.004014831288321474e+00
1.004913292308981632e+00
1.006004207358036195e+00
1.007325480402168294e+00
1.008921363107246449e+00
1.010843127834299082e+00
1.013149662125111261e+00
1.015907908018587547e+00
1.019193041901491847e+00
1.023088257306665083e+00
1.027683974509642217e+00
1.033076258355236643e+00
1.039364182492210187e+00
1.046645839495200514e+00
1.055012670899046157e+00
1.064541792009228383e+00
1.075286031896423466e+00
1.087261523608839653e+00
1.100432893196132023e+00
1.114696441278274719e+00
1.129862216502400374e+00
1.145636558953400996e+00
1.161607519444154635e+00
1.177236448514084044e+00
1.191859810325277325e+00
1.204705603891700560e+00
1.214928248661171217e+00
1.221663962187478303e+00
1.224105218272129481e+00
1.221587935978732720e+00
1.213679428245924674e+00
1.200250470063184638e+00
1.181513312370551461e+00
1.158011010121181572e+00
1.130552650936849757e+00
1.100102375737181726e+00
1.067643788681031713e+00
1.034051001007005199e+00
1.000000000000000000e+00
