1.000000000000000000e+00
1.068589497248799702e+00
1.136572905890153251e+00
1.202690852377917174e+00
1.265106339778429678e+00
1.321640910387248180e+00
1.370108101997878691e+00
1.408660965491237649e+00
1.436071658066893741e+00
1.451886166301320280e+00
1.456436486761199633e+00
1.450730655879286513e+00
1.436265246296039466e+00
1.414810909228604086e+00
1.388212807746078026e+00
1.358231861655894379e+00
1.326436664553173994e+00
1.294143933783173939e+00
1.262398585383657013e+00
1.231982194321293855e+00
1.203439165584036852e+00
1.177111938980811567e+00
1.153178938093536887e+00
1.131691162949351126e+00
1.112605069818934034e+00
1.095810640571382333e+00
1.081154379629199136e+00
1.068457483899939886e+00
1.057529703763030682e+00
1.048179528949346295e+00
1.040221350525654564e+00
1.033480210563397783e+00
1.027794682227440193e+00
1.023018342790691371e+00
1.019020221315651842e+00
1.015684527590605679e+00
1.012909902437755916e+00
1.010608372848561309e+00
1.008704148496566644e+00
1.007132358311075393e+00
1.005837795915644595e+00
1.004773719673446752e+00
1.003900735678623812e+00
1.003185779216472229e+00
1.002601201037810252e+00
1.002123958443168927e+00
1.001734906977114425e+00
1.001418185943647954e+00
1.001160689534577708e+00
1.000951614773589071e+00
1.000782077458484576e+00
1.000644787636874256e+00
1.000533776732185576e+00
1.000444169143202444e+00
1.000371991898962420e+00
1.000314016712364307e+00
1.000267629508961864e+00
1.000230723193055171e+00
1.000201610041917544e+00
1.000178950687469204e+00
1.000161697154081875e+00
1.000149047875413810e+00
1.000140413018193897e+00
1.000135388803243153e+00
1.000133739841541303e+00
1.000135388803243153e+00
1.000140413018193897e+00
1.000149047875413810e+00
1.000161697154081875e+00
1.000178950687469204e+00
1.000201610041917544e+00
1.000230723193055171e+00
1.000267629508961864e+00
1.000314016712364307e+00
1.000371991898962420e+00
1.000444169143202444e+00
1.000533776732185576e+00
1.000644787636874256e+00
1.000782077458484576e+00
1.000951614773589071e+00
1.001160689534577708e+00
1.001418185943647954e+00
1.001734906977114425e+00
1.002123958443168927e+00
1.002601201037810252e+00
1.003185779216472229e+00
1.003900735678623812e+00
1.004773719673446752e+00
1.005837795915644595e+00
1.007132358311075393e+00
1.008704148496566644e+00
1.010608372848561309e+00
1.012909902437755916e+00
1.015684527590605679e+00
1.019020221315651620e+00
1.023018342790691371e+00
1.027794682227439971e+00
1.033480210563397783e+00
1.040221350525654564e+00
1.048179528949346295e+00
1.057529703763030904e+00
1.068457483899939664e+00
1.081154379629199580e+00
1.095810640571382111e+00
1.112605069818934034e+00
1.131691162949350904e+00
1.153178938093536887e+00
1.177111938980812234e+00
1.203439165584036630e+00
1.231982194321293411e+00
1.262398585383657457e+00
1.294143933783174161e+00
1.326436664553173550e+00
1.358231861655893713e+00
1.388212807746076916e+00
1.414810909228604530e+00
1.436265246296039022e+00
1.450730655879285624e+00
1.456436486761199633e+00
1.451886166301320724e+00
1.436071658066892853e+00
1.408660965491236761e+00
1.370108101997878247e+00
1.321640910387248846e+00
1.265106339778430122e+00
1.202690852377916952e+00
1.136572905890153473e+00
1.068589497248799480e+00
1.000000000000000000e+00
