1.000000000000000000e+00
1.044989304690314036e+00
1.096790398130520039e+00
1.157895253057725338e+00
1.227559546375252220e+00
1.302768381576034917e+00
1.379163272905191251e+00
1.451937151137120630e+00
1.516624810512338328e+00
1.569693158376904263e+00
1.608870424131812582e+00
1.633214941737301196e+00
1.642977819922023075e+00
1.639340483043761454e+00
1.624106715402408696e+00
1.599409627504828846e+00
1.567469087482315171e+00
1.530413263902552501e+00
1.490162782052776524e+00
1.448367757903088693e+00
1.406385020024716770e+00
1.365283156643418039e+00
1.325864967215052870e+00
1.288699338602242062e+00
1.254156882521361149e+00
1.222445591119594832e+00
1.193644228341721902e+00
1.167732217866266131e+00
1.144615494731852756e+00
1.124148242151471688e+00
1.106150710512771473e+00
1.090423469017336666e+00
1.076758513257247918e+00
1.064947673204738710e+00
1.054788755246625076e+00
1.046089822138725367e+00
1.038671974757542138e+00
1.032370955000149859e+00
1.027037843876375645e+00
1.022539085173713946e+00
1.018756024569111629e+00
1.015584117584120483e+00
1.012931927741997251e+00
1.010720008767721945e+00
1.008879741523410534e+00
1.007352177284816852e+00
1.006086923539547318e+00
1.005041096275505863e+00
1.004178353270928081e+00
1.003468015751435072e+00
1.002884280533355321e+00
1.002405521057515347e+00
1.002013673212510669e+00
1.001693700277488830e+00
1.001433130454755460e+00
1.001221660126628832e+00
1.001050816011519906e+00
1.000913669695497443e+00
1.000804598489719810e+00
1.000719087145135466e+00
1.000653565596394623e+00
1.000605278573980517e+00
1.000572183595791254e+00
1.000552874513482626e+00
1.000546528439233862e+00
1.000552874513482626e+00
1.000572183595791254e+00
1.000605278573980517e+00
1.000653565596394623e+00
1.000719087145135466e+00
1.000804598489719810e+00
1.000913669695497443e+00
1.001050816011519906e+00
1.001221660126628832e+00
1.001433130454755460e+00
1.001693700277488830e+00
1.002013673212510669e+00
1.002405521057515347e+00
1.002884280533355321e+00
1.003468015751435072e+00
1.004178353270928081e+00
1.005041096275505863e+00
1.006086923539547318e+00
1.007352177284816852e+00
1.008879741523410534e+00
1.010720008767721945e+00
1.012931927741997251e+00
1.015584117584120261e+00
1.018756024569111629e+00
1.022539085173714168e+00
1.027037843876375645e+00
1.032370955000149859e+00
1.038671974757541916e+00
1.046089822138725145e+00
1.054788755246624854e+00
1.064947673204738487e+00
1.076758513257247252e+00
1.090423469017336666e+00
1.106150710512771029e+00
1.124148242151471688e+00
1.144615494731853422e+00
1.167732217866265465e+00
1.193644228341722346e+00
1.222445591119595054e+00
1.254156882521361593e+00
1.288699338602241617e+00
1.325864967215052870e+00
1.365283156643418705e+00
1.406385020024716992e+00
1.448367757903087805e+00
1.490162782052776747e+00
1.530413263902552057e+00
1.567469087482315171e+00
1.599409627504827958e+00
1.624106715402407142e+00
1.639340483043762564e+00
1.642977819922024407e+00
1.633214941737299197e+00
1.608870424131811028e+00
1.569693158376903375e+00
1.516624810512338106e+00
1.451937151137118853e+00
1.379163272905190141e+00
1.302768381576035361e+00
1.227559546375253330e+00
1.157895253057724227e+00
1.096790398130518707e+00
1.044989304690312704e+00
1.000000000000000000e+00
