1.000000000000000000e+00
7.396002635177163498e-01
7.845696141111323518e-01
9.794929157355402038e-01
1.173548901864403637e+00
1.315760086752350899e+00
1.413322953187351461e+00
1.483805896997668405e+00
1.536475425473525114e+00
1.573512895135784184e+00
1.595769443113887354e+00
1.605731356507639207e+00
1.607285193703746451e+00
1.604174274331147343e+00
1.598714654456567130e+00
1.591453531648248987e+00
1.581751096927491052e+00
1.568839277027295420e+00
1.552775782302036500e+00
1.534862412002855114e+00
1.517415310079982982e+00
1.503077306104459554e+00
1.494012994541302985e+00
1.491300585153362057e+00
1.494693152341977971e+00
1.502755956004918625e+00
1.513265570847572183e+00
1.523709303782971647e+00
1.531741399647358337e+00
1.535507132451164658e+00
1.533806413084922271e+00
1.526114453090574807e+00
1.512501005994369985e+00
1.493494438854712891e+00
1.469929529608371421e+00
1.442805644515319896e+00
1.413169856386373491e+00
1.382030134744079097e+00
1.350297600181973090e+00
1.318753564872198414e+00
1.288035874717210483e+00
1.258639130754987345e+00
1.230924079370005808e+00
1.205132410502924412e+00
1.181404151507474465e+00
1.159795674946188626e+00
1.140297010662713051e+00
1.122847666565126801e+00
1.107350538437562371e+00
1.093683752616598559e+00
1.081710461836047354e+00
1.071286725891279490e+00
1.062267672790302653e+00
1.054512166603649437e+00
1.047886215826765000e+00
1.042265348578974571e+00
1.037536164148298301e+00
1.033597248414732661e+00
1.030359616483007112e+00
1.027746821431379187e+00
1.025694844725771659e+00
1.024151862309117478e+00
1.023077961000601777e+00
1.022444862675267352e+00
1.022235698572194762e+00
1.022444862675508936e+00
1.023077961001097158e+00
1.024151862309901739e+00
1.025694844726899202e+00
1.027746821432925062e+00
1.030359616485073015e+00
1.033597248417459591e+00
1.037536164151865448e+00
1.042265348583628182e+00
1.047886215832811052e+00
1.054512166611496271e+00
1.062267672800480289e+00
1.071286725904461834e+00
1.081710461853104155e+00
1.093683752638641593e+00
1.107350538466024270e+00
1.122847666601830552e+00
1.140297010709987235e+00
1.159795675006991322e+00
1.181404151585574658e+00
1.205132410603095172e+00
1.230924079498305623e+00
1.258639130919100735e+00
1.288035874926864555e+00
1.318753565139715977e+00
1.350297600522950558e+00
1.382030135178295760e+00
1.413169856938923941e+00
1.442805645218083965e+00
1.469929530501915327e+00
1.493494439990757705e+00
1.512501007438995293e+00
1.526114454928342967e+00
1.533806415424179947e+00
1.535507135430727921e+00
1.531741403444824901e+00
1.523709308624639602e+00
1.513265577019872410e+00
1.502755963866702293e+00
1.494693162336666825e+00
1.491300597819352536e+00
1.494013010518772777e+00
1.503077326136704084e+00
1.517415335007809229e+00
1.534862442751055989e+00
1.552775819856842210e+00
1.568839322402149072e+00
1.581751151111230991e+00
1.591453595526436615e+00
1.598714728696603693e+00
1.604174359229220359e+00
1.607285289007229778e+00
1.605731461245102576e+00
1.595769555476117096e+00
1.573513012447021131e+00
1.536475544275381910e+00
1.483806013248303080e+00
1.413323062561322452e+00
1.315760185002309290e+00
1.173548985170580261e+00
9.794929809547772148e-01
7.845696588867898669e-01
7.396002862926072119e-01
1.000000000000000000e+00
