1.000000000000000000e+00
1.046542020924839278e+00
1.099610317543533888e+00
1.161565055909231869e+00
1.231630236943762613e+00
1.306821297724271691e+00
1.382844915234530569e+00
1.454974646946846528e+00
1.518828378830927139e+00
1.570950906827592419e+00
1.609139392139079083e+00
1.632510649013288129e+00
1.641363253414958923e+00
1.636914813826640058e+00
1.620993991104153542e+00
1.595747891470638669e+00
1.563400521483564232e+00
1.526075907260982856e+00
1.485684178420762391e+00
1.443860621307802905e+00
1.401944783040959042e+00
1.360987111610676203e+00
1.321772642248295382e+00
1.284853746723658485e+00
1.250586320421088304e+00
1.219165722212022018e+00
1.190660247508577685e+00
1.165040953439975047e+00
1.142207352564089895e+00
1.122008935831762644e+00
1.104262751463999326e+00
1.088767411585961353e+00
1.075313964543643364e+00
1.063694086690698759e+00
1.053706032542194748e+00
1.045158749449726976e+00
1.037874520829288771e+00
1.031690456006153500e+00
1.026459098526973701e+00
1.022048380625509845e+00
1.018341110823722140e+00
1.015234145189086501e+00
1.012637360892931770e+00
1.010472523448448845e+00
1.008672116157051102e+00
1.007178181519093663e+00
1.005941209247473322e+00
1.004919093597079982e+00
1.004076173522943316e+00
1.003382362257468241e+00
1.002812367840154373e+00
1.002345002574470678e+00
1.001962577007576183e+00
1.001650372559217184e+00
1.001396186143179712e+00
1.001189939846386823e+00
1.001023348813179004e+00
1.000889640812841153e+00
1.000783321461824693e+00
1.000699979664659622e+00
1.000636128483715970e+00
1.000589077316261566e+00
1.000556831927467361e+00
1.000538019547743795e+00
1.000531836887190718e+00
1.000538019547743795e+00
1.000556831927467361e+00
1.000589077316261566e+00
1.000636128483715970e+00
1.000699979664659622e+00
1.000783321461824693e+00
1.000889640812841153e+00
1.001023348813179004e+00
1.001189939846386823e+00
1.001396186143179712e+00
1.001650372559217184e+00
1.001962577007576183e+00
1.002345002574470678e+00
1.002812367840154373e+00
1.003382362257468241e+00
1.004076173522943316e+00
1.004919093597079982e+00
1.005941209247473322e+00
1.007178181519093663e+00
1.008672116157051102e+00
1.010472523448448845e+00
1.012637360892931770e+00
1.015234145189086279e+00
1.018341110823722140e+00
1.022048380625510067e+00
1.026459098526973701e+00
1.031690456006153500e+00
1.037874520829288549e+00
1.045158749449726754e+00
1.053706032542194526e+00
1.063694086690698537e+00
1.075313964543642697e+00
1.088767411585961353e+00
1.104262751463998882e+00
1.122008935831762644e+00
1.142207352564090561e+00
1.165040953439974381e+00
1.190660247508578129e+00
1.219165722212022240e+00
1.250586320421088748e+00
1.284853746723658041e+00
1.321772642248295604e+00
1.360987111610676870e+00
1.401944783040959264e+00
1.443860621307802239e+00
1.485684178420762613e+00
1.526075907260982634e+00
1.563400521483564232e+00
1.595747891470638002e+00
1.620993991104151988e+00
1.636914813826641391e+00
1.641363253414960477e+00
1.632510649013286352e+00
1.609139392139077751e+00
1.570950906827591753e+00
1.518828378830927139e+00
1.454974646946844974e+00
1.382844915234529681e+00
1.306821297724272357e+00
1.231630236943763723e+00
1.161565055909230981e+00
1.099610317543532778e+00
1.046542020924838168e+00
1.000000000000000000e+00
