1.000000000000000000e+00
9.071554898462961258e-01
8.985547990000455343e-01
9.766811278816663888e-01
1.108783142454095927e+00
1.256096288361269186e+00
1.388793935746617692e+00
1.490688434820105934e+00
1.557706058688004713e+00
1.593727377898722208e+00
1.606377299555755922e+00
1.604014447351472583e+00
1.594063771626457848e+00
1.582297205885667690e+00
1.572624250911292876e+00
1.567131592534849904e+00
1.566278508038251083e+00
1.569225100006114371e+00
1.574262302849168460e+00
1.579280653084098596e+00
1.582199831042254479e+00
1.581294767627596576e+00
1.575386846816155151e+00
1.563903705188522064e+00
1.546835902410164110e+00
1.524629094197231138e+00
1.498048610139987247e+00
1.468044680010557546e+00
1.435635882416587794e+00
1.401818932001580587e+00
1.367506081048225575e+00
1.333487306219784063e+00
1.300412546647697232e+00
1.268788840648051641e+00
1.238987637819812138e+00
1.211258375855303049e+00
1.185745314352870006e+00
1.162505453136201794e+00
1.141526061918442414e+00
1.122740896334233129e+00
1.106044584008450959e+00
1.091304955859549342e+00
1.078373296669401071e+00
1.067092617335050342e+00
1.057304127710299246e+00
1.048852128271237971e+00
1.041587552326612931e+00
1.035370386676213839e+00
1.030071183831829718e+00
1.025571857784158825e+00
1.021765931145989903e+00
1.018558376648071029e+00
1.015865171969890568e+00
1.013612664737668201e+00
1.011736824773990406e+00
1.010182443581909117e+00
1.008902326616785805e+00
1.007856512018882267e+00
1.007011539935251054e+00
1.006339789086717174e+00
1.005818891552021421e+00
1.005431232564230504e+00
1.005163539177184262e+00
1.005006559715186043e+00
1.004954834746131231e+00
1.005006559716734582e+00
1.005163539180362386e+00
1.005431232569200528e+00
1.005818891559034034e+00
1.006339789096130310e+00
1.007011539947541001e+00
1.007856512034667862e+00
1.008902326636856861e+00
1.010182443607270164e+00
1.011736824805900214e+00
1.013612664777705064e+00
1.015865172020028906e+00
1.018558376710771318e+00
1.021765931224317248e+00
1.025571857881932836e+00
1.030071183953804814e+00
1.035370386828309064e+00
1.041587552516201720e+00
1.048852128507504755e+00
1.057304128004696864e+00
1.067092617701871138e+00
1.078373297126497432e+00
1.091304956429254736e+00
1.106044584718744783e+00
1.122740897220222855e+00
1.141526063024266735e+00
1.162505454517460901e+00
1.185745316079745093e+00
1.211258378016561998e+00
1.238987640527953848e+00
1.268788844045906972e+00
1.300412550916853371e+00
1.333487311591334601e+00
1.367506087816306781e+00
1.401818940540347391e+00
1.435635893201106628e+00
1.468044693642059917e+00
1.498048627375611952e+00
1.524629115983738625e+00
1.546835929920237218e+00
1.563903739856811193e+00
1.575386890370414239e+00
1.581294822108040954e+00
1.582199898800047633e+00
1.579280736748076786e+00
1.574262405249078345e+00
1.569225224041382871e+00
1.566278656483816256e+00
1.567131767780011620e+00
1.572624454634202307e+00
1.582297438675824841e+00
1.594064032581946844e+00
1.604014733697572748e+00
1.606377606354611354e+00
1.593727697938463583e+00
1.557706382640894560e+00
1.490688751727903050e+00
1.388794233819703461e+00
1.256096555976328633e+00
1.108783369143430564e+00
9.766813050849034727e-01
8.985549204349039254e-01
9.071555515164528849e-01
1.000000000000000000e+00
