1.000000000000000000e+00
1.032581171839014988e+00
1.064721250463930291e+00
1.095773287384019135e+00
1.124902913603246235e+00
1.151172310072847260e+00
1.173662457967838968e+00
1.191601740862058723e+00
1.204471337727102576e+00
1.212066958419555140e+00
1.214509384747414655e+00
1.212208822594345925e+00
1.205796795978475000e+00
1.196042722198257247e+00
1.183770936900002901e+00
1.169789588320986562e+00
1.154837531889049362e+00
1.139550675708954630e+00
1.124445938228027853e+00
1.109919204755613009e+00
1.096253133952636905e+00
1.083630949237629704e+00
1.072153058278672244e+00
1.061854182605991070e+00
1.052719468297456107e+00
1.044698699616708248e+00
1.037718225022606244e+00
1.031690539497395198e+00
1.026521675322444205e+00
1.022116666083250358e+00
1.018383394313228330e+00
1.015235135236571828e+00
1.012592085354661497e+00
1.010382127815348197e+00
1.008541045086042143e+00
1.007012348695794923e+00
1.005746858691980439e+00
1.004702133377001871e+00
1.003841823241441888e+00
1.003135001578316921e+00
1.002555507510309640e+00
1.002081324410682539e+00
1.001694007248583818e+00
1.001378165583446167e+00
1.001121004191063868e+00
1.000911920134691879e+00
1.000742153096531473e+00
1.000604484637758196e+00
1.000492981509698120e+00
1.000402778004801485e+00
1.000329892472135995e+00
1.000271073424503276e+00
1.000223671059554231e+00
1.000185530453804539e+00
1.000154903132224105e+00
1.000130374144899248e+00
1.000110802183267866e+00
1.000095270634631328e+00
1.000083047802788894e+00
1.000073554814845611e+00
1.000066339991979580e+00
1.000061058688338056e+00
1.000057457801339256e+00
1.000055364332640195e+00
1.000054677536205583e+00
1.000055364332640195e+00
1.000057457801339256e+00
1.000061058688338056e+00
1.000066339991979580e+00
1.000073554814845611e+00
1.000083047802788894e+00
1.000095270634631328e+00
1.000110802183267866e+00
1.000130374144899248e+00
1.000154903132224105e+00
1.000185530453804539e+00
1.000223671059554231e+00
1.000271073424503276e+00
1.000329892472135995e+00
1.000402778004801485e+00
1.000492981509698120e+00
1.000604484637758196e+00
1.000742153096531473e+00
1.000911920134691879e+00
1.001121004191063868e+00
1.001378165583446167e+00
1.001694007248583818e+00
1.002081324410682539e+00
1.002555507510309640e+00
1.003135001578316921e+00
1.003841823241441888e+00
1.004702133377001871e+00
1.005746858691980439e+00
1.007012348695794923e+00
1.008541045086041921e+00
1.010382127815348197e+00
1.012592085354661497e+00
1.015235135236571828e+00
1.018383394313228330e+00
1.022116666083250136e+00
1.026521675322444205e+00
1.031690539497394976e+00
1.037718225022606466e+00
1.044698699616708026e+00
1.052719468297456107e+00
1.061854182605990626e+00
1.072153058278671800e+00
1.083630949237630148e+00
1.096253133952636460e+00
1.109919204755612565e+00
1.124445938228027631e+00
1.139550675708954630e+00
1.154837531889048918e+00
1.169789588320985896e+00
1.183770936900002013e+00
1.196042722198257247e+00
1.205796795978473890e+00
1.212208822594344815e+00
1.214509384747414433e+00
1.212066958419554030e+00
1.204471337727101465e+00
1.191601740862057612e+00
1.173662457967838524e+00
1.151172310072847260e+00
1.124902913603245125e+00
1.095773287384018468e+00
1.064721250463930513e+00
1.032581171839014766e+00
1.000000000000000000e+00
