1.000000000000000000e+00
7.592570651267268600e-01
7.890091497856264180e-01
9.707333846539263345e-01
1.166365986744807071e+00
1.316151818248926464e+00
1.417873282449863881e+00
1.487271580863294140e+00
1.536588447680428571e+00
1.571161621158954302e+00
1.593174265170170134e+00
1.604814130838281283e+00
1.608830050548094581e+00
1.607630311571536463e+00
1.602486402095898654e+00
1.593580467262661005e+00
1.580755686183394459e+00
1.564398680039989387e+00
1.545928524685324712e+00
1.527682249821106453e+00
1.512321698232054201e+00
1.502074919365777195e+00
1.498128298834859429e+00
1.500360427608242286e+00
1.507445819979908563e+00
1.517229766321354312e+00
1.527219146624841262e+00
1.535044193270805213e+00
1.538796592802631702e+00
1.537209299371124382e+00
1.529691053894650654e+00
1.516254966294224404e+00
1.497387215645085590e+00
1.473895706463123068e+00
1.446766661266493337e+00
1.417044932093815213e+00
1.385744065038325701e+00
1.353785664894054497e+00
1.321964052593412653e+00
1.290930807969396188e+00
1.261193740203238267e+00
1.233125487627716232e+00
1.206977883254899409e+00
1.182899176483614312e+00
1.160952046854517583e+00
1.141131034942261202e+00
1.123378545704686315e+00
1.107598969155063839e+00
1.093670737620461964e+00
1.081456323622127735e+00
1.070810299905998075e+00
1.061585651589149748e+00
1.053638564025681124e+00
1.046831919686556978e+00
1.041037731205837424e+00
1.036138721742970503e+00
1.032029242274703940e+00
1.028615691430081247e+00
1.025816579129195327e+00
1.023562351962564509e+00
1.021795076784825618e+00
1.020468059812006834e+00
1.019545461720634538e+00
1.019001954743593119e+00
1.018822455282603512e+00
1.019001954744238825e+00
1.019545461721961033e+00
1.020468059814088724e+00
1.021795076787781920e+00
1.023562351966560646e+00
1.025816579134454676e+00
1.028615691436902235e+00
1.032029242283466264e+00
1.036138721754172209e+00
1.041037731220101126e+00
1.046831919704686253e+00
1.053638564048698933e+00
1.061585651618343284e+00
1.070810299943003363e+00
1.081456323669007125e+00
1.093670737679833582e+00
1.107598969230229935e+00
1.123378545799823547e+00
1.141131035062636689e+00
1.160952047006800658e+00
1.182899176676223796e+00
1.206977883498481452e+00
1.233125487935751163e+00
1.261193740592798207e+00
1.290930808462133816e+00
1.321964053216805768e+00
1.353785665683065575e+00
1.385744066037478461e+00
1.417044933359915548e+00
1.446766662872129627e+00
1.473895708501196999e+00
1.497387218234617068e+00
1.516254969587786050e+00
1.529691058087776279e+00
1.537209304714049818e+00
1.538796599614705718e+00
1.535044201957585841e+00
1.527219157697736751e+00
1.517229780418936524e+00
1.507445837889396678e+00
1.500360450284769609e+00
1.498128327415408689e+00
1.502074955174252269e+00
1.512321742771981725e+00
1.527682304752706388e+00
1.545928591783456207e+00
1.564398761127858251e+00
1.580755783033532147e+00
1.593580581452918699e+00
1.602486534808067020e+00
1.607630463329210446e+00
1.608830220911529052e+00
1.604814318103202853e+00
1.593174466141933809e+00
1.571161831078307758e+00
1.536588660356877023e+00
1.487271789033266733e+00
1.417873478329253256e+00
1.316151994194567632e+00
1.166366135887214384e+00
9.707335013552498282e-01
7.890092298528904591e-01
7.592571058288781760e-01
1.000000000000000000e+00
