1.000000000000000000e+00
1.077480266931114095e+00
1.154640249667796326e+00
1.230226282830553464e+00
1.302174201081481186e+00
1.367915573286057729e+00
1.424799270322794298e+00
1.470531646932244918e+00
1.503534904848081721e+00
1.523151242702815322e+00
1.529668984886579430e+00
1.524195482084105491e+00
1.508432798219614401e+00
1.484419741482203126e+00
1.454292336410441866e+00
1.420094368404868579e+00
1.383649394932401133e+00
1.346490885310503982e+00
1.309839174794830363e+00
1.274611466973643692e+00
1.241452124491996045e+00
1.210773091245654021e+00
1.182797228709450588e+00
1.157599953906431223e+00
1.135146585862399471e+00
1.115324230447616527e+00
1.097967956667283529e+00
1.082881565320494177e+00
1.069853537994140291e+00
1.058668871357860697e+00
1.049117514634890558e+00
1.041000082077740085e+00
1.034131436742131038e+00
1.028342655253003501e+00
1.023481796574051028e+00
1.019413817148302481e+00
1.016019903199322449e+00
1.013196429579796387e+00
1.010853703286980654e+00
1.008914607939587871e+00
1.007313232103731471e+00
1.005993538211264360e+00
1.004908108773638897e+00
1.004016991569740336e+00
1.003286654499876640e+00
1.002689053000189290e+00
1.002200807584716635e+00
1.001802485631505535e+00
1.001477979474035385e+00
1.001213971817416892e+00
1.000999479172029583e+00
1.000825464156964495e+00
1.000684508000289963e+00
1.000570535226107394e+00
1.000478583279054590e+00
1.000404610631702385e+00
1.000345337707031268e+00
1.000298115699518986e+00
1.000260819079063612e+00
1.000231758204462862e+00
1.000209609055862980e+00
1.000193357620798196e+00
1.000182256941224868e+00
1.000175795255516809e+00
1.000173674057848405e+00
1.000175795255516809e+00
1.000182256941224868e+00
1.000193357620798196e+00
1.000209609055862980e+00
1.000231758204462862e+00
1.000260819079063612e+00
1.000298115699518986e+00
1.000345337707031268e+00
1.000404610631702385e+00
1.000478583279054590e+00
1.000570535226107394e+00
1.000684508000289963e+00
1.000825464156964495e+00
1.000999479172029583e+00
1.001213971817416892e+00
1.001477979474035385e+00
1.001802485631505535e+00
1.002200807584716635e+00
1.002689053000189290e+00
1.003286654499876640e+00
1.004016991569740336e+00
1.004908108773638897e+00
1.005993538211264360e+00
1.007313232103731471e+00
1.008914607939587871e+00
1.010853703286980654e+00
1.013196429579796387e+00
1.016019903199322227e+00
1.019413817148302481e+00
1.023481796574050806e+00
1.028342655253003501e+00
1.034131436742130594e+00
1.041000082077740085e+00
1.049117514634890558e+00
1.058668871357860475e+00
1.069853537994140513e+00
1.082881565320493955e+00
1.097967956667283973e+00
1.115324230447616305e+00
1.135146585862399471e+00
1.157599953906431001e+00
1.182797228709450588e+00
1.210773091245654465e+00
1.241452124491996045e+00
1.274611466973643248e+00
1.309839174794831473e+00
1.346490885310504426e+00
1.383649394932400689e+00
1.420094368404867913e+00
1.454292336410440534e+00
1.484419741482204014e+00
1.508432798219614401e+00
1.524195482084103936e+00
1.529668984886579208e+00
1.523151242702815988e+00
1.503534904848080611e+00
1.470531646932244030e+00
1.424799270322794298e+00
1.367915573286058839e+00
1.302174201081481630e+00
1.230226282830552798e+00
1.154640249667796326e+00
1.077480266931114095e+00
1.000000000000000000e+00
