1.000000000000000000e+00
9.551287960638660257e-01
9.604427836904099181e-01
1.022576268385098519e+00
1.125488182520623770e+00
1.245383824505741144e+00
1.360365471492792189e+00
1.455553019833685680e+00
1.524470588732519616e+00
1.567781904446990282e+00
1.590671952324398397e+00
1.600058021762022387e+00
1.602408863986285015e+00
1.602475950454792297e+00
1.602881751629310125e+00
1.604325814749013368e+00
1.606127243131578286e+00
1.606862740057958705e+00
1.604934341007438370e+00
1.598979736707769828e+00
1.588103420945090383e+00
1.571950814874299107e+00
1.550669244921394130e+00
1.524803507868941255e+00
1.495166436310766844e+00
1.462712845913866300e+00
1.428433166440432167e+00
1.393273417352049792e+00
1.358081721909666806e+00
1.323577949025055212e+00
1.290341587131434098e+00
1.258812811444669277e+00
1.229302278894716105e+00
1.202006045196649664e+00
1.177022891053379539e+00
1.154372140392577295e+00
1.134010703767543315e+00
1.115848580101333587e+00
1.099762416509768137e+00
1.085606983067198383e+00
1.073224591330691258e+00
1.062452593495049502e+00
1.053129160584574064e+00
1.045097566688951485e+00
1.038209212274581406e+00
1.032325610795006288e+00
1.027319544895231251e+00
1.023075575595145281e+00
1.019490062889248039e+00
1.016470831239770778e+00
1.013936589800021215e+00
1.011816195694505094e+00
1.010047829727213520e+00
1.008578137636418459e+00
1.007361376420338850e+00
1.006358594154205921e+00
1.005536862864576220e+00
1.004868577143896768e+00
1.004330825992692855e+00
1.003904841592978547e+00
1.003575526091339265e+00
1.003331055777277880e+00
1.003162561085532589e+00
1.003063880461922963e+00
1.003031386170124106e+00
1.003063880461922963e+00
1.003162561085532589e+00
1.003331055777277880e+00
1.003575526091339265e+00
1.003904841592978547e+00
1.004330825992692855e+00
1.004868577143896768e+00
1.005536862864576220e+00
1.006358594154206143e+00
1.007361376420338850e+00
1.008578137636418459e+00
1.010047829727213520e+00
1.011816195694505316e+00
1.013936589800021215e+00
1.016470831239770778e+00
1.019490062889248261e+00
1.023075575595145281e+00
1.027319544895231251e+00
1.032325610795005844e+00
1.038209212274581184e+00
1.045097566688951707e+00
1.053129160584574286e+00
1.062452593495049724e+00
1.073224591330691258e+00
1.085606983067197495e+00
1.099762416509767471e+00
1.115848580101333587e+00
1.134010703767544204e+00
1.154372140392576185e+00
1.177022891053378206e+00
1.202006045196648776e+00
1.229302278894713440e+00
1.258812811444669277e+00
1.290341587131433432e+00
1.323577949025053879e+00
1.358081721909666584e+00
1.393273417352048016e+00
1.428433166440431501e+00
1.462712845913863413e+00
1.495166436310764180e+00
1.524803507868937924e+00
1.550669244921389911e+00
1.571950814874295332e+00
1.588103420945085720e+00
1.598979736707762944e+00
1.604934341007430820e+00
1.606862740057948047e+00
1.606127243131566518e+00
1.604325814748998713e+00
1.602881751629293472e+00
1.602475950454775422e+00
1.602408863986265697e+00
1.600058021761999072e+00
1.590671952324373306e+00
1.567781904446961860e+00
1.524470588732494525e+00
1.455553019833660366e+00
1.360365471492767542e+00
1.245383824505720050e+00
1.125488182520606895e+00
1.022576268385083864e+00
9.604427836903999260e-01
9.551287960638598085e-01
1.000000000000000000e+00
