1.000000000000000000e+00
9.598598087926032418e-01
9.668521847066525732e-01
1.027644760421065895e+00
1.127515647598764437e+00
1.244142983638571121e+00
1.356688103430043757e+00
1.450760141755405908e+00
1.519892924427530767e+00
1.564465119025859829e+00
1.589254083466030476e+00
1.600761155271277714e+00
1.605090701850511614e+00
1.606709751403917030e+00
1.608051091189357962e+00
1.609726156120789398e+00
1.611064230573391987e+00
1.610735035122442094e+00
1.607290813848436084e+00
1.599546474830375153e+00
1.586782560159087252e+00
1.568798040387333392e+00
1.545858822736744909e+00
1.518589179931475908e+00
1.487844470701793931e+00
1.454591042411663704e+00
1.419807411641875738e+00
1.384411794839917054e+00
1.349215244651119416e+00
1.314896568444615665e+00
1.281994074934939887e+00
1.250909252079942080e+00
1.221918139405902881e+00
1.195187034076037991e+00
1.170790040489020356e+00
1.148726731189952943e+00
1.128938796316931503e+00
1.111325021729617779e+00
1.095754271595901885e+00
1.082076383972487843e+00
1.070131041397281546e+00
1.059754772986636562e+00
1.050786296345365578e+00
1.043070429445467129e+00
1.036460804132993019e+00
1.030821601251726838e+00
1.026028507792965838e+00
1.021969072791919730e+00
1.018542613573970135e+00
1.015659799235066219e+00
1.013242015100533910e+00
1.011220591042493400e+00
1.009535958290335822e+00
1.008136783829763017e+00
1.006979118571443399e+00
1.006025584986968369e+00
1.005244621603455180e+00
1.004609795336613320e+00
1.004099187841640317e+00
1.003694858601418272e+00
1.003382385105791474e+00
1.003150478986247540e+00
1.002990676169274620e+00
1.002897098839349743e+00
1.002866287126274347e+00
1.002897098839349743e+00
1.002990676169274620e+00
1.003150478986247540e+00
1.003382385105791474e+00
1.003694858601418272e+00
1.004099187841640317e+00
1.004609795336613320e+00
1.005244621603455180e+00
1.006025584986968369e+00
1.006979118571443399e+00
1.008136783829763017e+00
1.009535958290335822e+00
1.011220591042493622e+00
1.013242015100533910e+00
1.015659799235066219e+00
1.018542613573970135e+00
1.021969072791919508e+00
1.026028507792965838e+00
1.030821601251726394e+00
1.036460804132992797e+00
1.043070429445467351e+00
1.050786296345366022e+00
1.059754772986636784e+00
1.070131041397281768e+00
1.082076383972487177e+00
1.095754271595901219e+00
1.111325021729617335e+00
1.128938796316932391e+00
1.148726731189951611e+00
1.170790040489019024e+00
1.195187034076037547e+00
1.221918139405900439e+00
1.250909252079942080e+00
1.281994074934939443e+00
1.314896568444614555e+00
1.349215244651119638e+00
1.384411794839915721e+00
1.419807411641875738e+00
1.454591042411661483e+00
1.487844470701792376e+00
1.518589179931473909e+00
1.545858822736742022e+00
1.568798040387331172e+00
1.586782560159084587e+00
1.599546474830370935e+00
1.607290813848431865e+00
1.610735035122435654e+00
1.611064230573385103e+00
1.609726156120780738e+00
1.608051091189348192e+00
1.606709751403908593e+00
1.605090701850501400e+00
1.600761155271264613e+00
1.589254083466016709e+00
1.564465119025843398e+00
1.519892924427517444e+00
1.450760141755391697e+00
1.356688103430029768e+00
1.244142983638559352e+00
1.127515647598755111e+00
1.027644760421057013e+00
9.668521847066465780e-01
9.598598087925991340e-01
1.000000000000000000e+00
