1.000000000000000000e+00
8.371935841468806094e-01
8.322992326802204355e-01
9.555847753805732925e-01
1.128923421771858449e+00
1.291234341691409160e+00
1.414820230514777455e+00
1.497639976096911019e+00
1.549426189021201106e+00
1.581097501680587936e+00
1.599980858234227865e+00
1.609459615439236657e+00
1.610643720815118529e+00
1.604233655615311616e+00
1.591686062231381538e+00
1.575495056780664482e+00
1.558790617309680160e+00
1.544606741881702661e+00
1.535167521062749341e+00
1.531436477456618483e+00
1.533028174444991398e+00
1.538444845327224586e+00
1.545513718087757837e+00
1.551876260263681528e+00
1.555407410932570622e+00
1.554495877221303557e+00
1.548170470935512633e+00
1.536096067596516956e+00
1.518481212399355185e+00
1.495941028712967968e+00
1.469350686137299133e+00
1.439712698556183001e+00
1.408050068490435791e+00
1.375328803791175059e+00
1.342407982019623303e+00
1.310012823045878072e+00
1.278725359898676306e+00
1.248987527966572308e+00
1.221112261321609660e+00
1.195299127028907726e+00
1.171651938074298016e+00
1.150196567041308127e+00
1.130897806504604697e+00
1.113674594207162860e+00
1.098413262860719275e+00
1.084978711489273051e+00
1.073223551898572214e+00
1.062995380767200571e+00
1.054142381603866863e+00
1.046517484242420526e+00
1.039981312366312416e+00
1.034404138996779077e+00
1.029667051246407006e+00
1.025662502756368388e+00
1.022294407801148219e+00
1.019477906901286257e+00
1.017138911128264267e+00
1.015213511825860282e+00
1.013647324562568119e+00
1.012394820865418765e+00
1.011418688585680625e+00
1.010689251411393652e+00
1.010183969799826276e+00
1.009887039143026577e+00
1.009789095974909845e+00
1.009887039146018850e+00
1.010183969805964033e+00
1.010689251420995971e+00
1.011418688599235560e+00
1.012394820883622204e+00
1.013647324586346654e+00
1.015213511856422501e+00
1.017138911167154269e+00
1.019477906950469581e+00
1.022294407863087118e+00
1.025662502834164824e+00
1.029667051343947204e+00
1.034404139118913601e+00
1.039981312519106416e+00
1.046517484433448386e+00
1.054142381842595677e+00
1.062995381065459322e+00
1.073223552271162839e+00
1.084978711954723840e+00
1.098413263442255206e+00
1.113674594933941053e+00
1.130897807413292044e+00
1.150196568178099454e+00
1.171651939497520223e+00
1.195299128812365774e+00
1.221112263558912225e+00
1.248987530776745070e+00
1.278725363433412809e+00
1.310012827498939103e+00
1.342407987638985167e+00
1.375328810894699938e+00
1.408050077485949458e+00
1.439712709967052140e+00
1.469350700634627804e+00
1.495941047155606496e+00
1.518481235882682467e+00
1.536096097510441183e+00
1.548170509031269626e+00
1.554495925685054125e+00
1.555407472461674878e+00
1.551876338138757472e+00
1.545513816230434490e+00
1.538444968330395346e+00
1.533028327559530890e+00
1.531436666516405198e+00
1.535167752327859292e+00
1.544607021777496980e+00
1.558790952037019117e+00
1.575495451772287225e+00
1.591686521437530644e+00
1.604234180627258644e+00
1.610644309885244319e+00
1.609460262527598218e+00
1.599981552283167296e+00
1.581098226355247993e+00
1.549426923120412081e+00
1.497640694723209709e+00
1.414820906914563858e+00
1.291234949480276173e+00
1.128923937109147513e+00
9.555851786329794262e-01
8.322995092855883792e-01
8.371937247171081786e-01
1.000000000000000000e+00
