1.000000000000000000e+00
1.021821932203207828e+00
1.043337957110480163e+00
1.064115396230694399e+00
1.083605597559537115e+00
1.101196340398731044e+00
1.116288407175510367e+00
1.128376419992282997e+00
1.137115726726663167e+00
1.142362667698193945e+00
1.144183255940019350e+00
1.142832820505501168e+00
1.138714545717952831e+00
1.132327187090258924e+00
1.124211767859955247e+00
1.114904701426845612e+00
1.104901688049100938e+00
1.094633829806494152e+00
1.084455230568091011e+00
1.074640052514055144e+00
1.065386485551453211e+00
1.056825130240772070e+00
1.049029664237222326e+00
1.042028165642222781e+00
1.035813974754229205e+00
1.030355416386026235e+00
1.025604048893796305e+00
1.021501351325300400e+00
1.017983919141359106e+00
1.014987329976968500e+00
1.012448882426543406e+00
1.010309419059560065e+00
1.008514432642949599e+00
1.007014631321859977e+00
1.005766110797856605e+00
1.004730253507549742e+00
1.003873448870655327e+00
1.003166706056529911e+00
1.002585211826187095e+00
1.002107870769075815e+00
1.001716853328892043e+00
1.001397167936870947e+00
1.001136266851812229e+00
1.000923690475654881e+00
1.000750751556156892e+00
1.000610258451827272e+00
1.000496275230305709e+00
1.000403915570211577e+00
1.000329167059977431e+00
1.000268742399787136e+00
1.000219954113948928e+00
1.000180609597497883e+00
1.000148923600838735e+00
1.000123445563680047e+00
1.000102999520716907e+00
1.000086634601183189e+00
1.000073584423758710e+00
1.000063233942719565e+00
1.000055092529261946e+00
1.000048772273906428e+00
1.000043970673588412e+00
1.000040457022784324e+00
1.000038061964687142e+00
1.000036669779005294e+00
1.000036213090400805e+00
1.000036669779005294e+00
1.000038061964687142e+00
1.000040457022784324e+00
1.000043970673588412e+00
1.000048772273906428e+00
1.000055092529261946e+00
1.000063233942719565e+00
1.000073584423758710e+00
1.000086634601183189e+00
1.000102999520716907e+00
1.000123445563680047e+00
1.000148923600838735e+00
1.000180609597497883e+00
1.000219954113948928e+00
1.000268742399787136e+00
1.000329167059977431e+00
1.000403915570211577e+00
1.000496275230305709e+00
1.000610258451827272e+00
1.000750751556156892e+00
1.000923690475654881e+00
1.001136266851812229e+00
1.001397167936870947e+00
1.001716853328892043e+00
1.002107870769075815e+00
1.002585211826187095e+00
1.003166706056529911e+00
1.003873448870655327e+00
1.004730253507549742e+00
1.005766110797856383e+00
1.007014631321859977e+00
1.008514432642949599e+00
1.010309419059560065e+00
1.012448882426543406e+00
1.014987329976968278e+00
1.017983919141359106e+00
1.021501351325300178e+00
1.025604048893796527e+00
1.030355416386025791e+00
1.035813974754229205e+00
1.042028165642222337e+00
1.049029664237221882e+00
1.056825130240772070e+00
1.065386485551452767e+00
1.074640052514054700e+00
1.084455230568090567e+00
1.094633829806493930e+00
1.104901688049100272e+00
1.114904701426844724e+00
1.124211767859954136e+00
1.132327187090258702e+00
1.138714545717951721e+00
1.142832820505500058e+00
1.144183255940018906e+00
1.142362667698192835e+00
1.137115726726662057e+00
1.128376419992281443e+00
1.116288407175509478e+00
1.101196340398730822e+00
1.083605597559536227e+00
1.064115396230693733e+00
1.043337957110480163e+00
1.021821932203207384e+00
1.000000000000000000e+00
