1.000000000000000000e+00
1.079532757403779408e+00
1.158974144402561857e+00
1.237154042048082436e+00
1.311974036927459064e+00
1.380743774731031603e+00
1.440637119986319270e+00
1.489169504396684829e+00
1.524590533236079848e+00
1.546113364661958478e+00
1.553953441663249224e+00
1.549201551900954765e+00
1.533590491330226291e+00
1.509223409466907251e+00
1.478319987809819214e+00
1.443014740152155806e+00
1.405219987789212199e+00
1.366550220935585980e+00
1.328295982324148250e+00
1.291432766631467777e+00
1.256651486087606351e+00
1.224399806414528280e+00
1.194926760166437063e+00
1.168325785444916720e+00
1.144573455660694572e+00
1.123562653758654051e+00
1.105129907146299439e+00
1.089077170488849555e+00
1.075188643502125840e+00
1.063243334962344244e+00
1.053024100916682748e+00
1.044323841094290106e+00
1.036949462987090786e+00
1.030724136779197719e+00
1.025488277417152982e+00
1.021099608864713293e+00
1.017432593096172733e+00
1.014377443850189131e+00
1.011838892639546517e+00
1.009734831378383157e+00
1.007994921290832790e+00
1.006559230401306015e+00
1.005376940754917792e+00
1.004405150509969369e+00
1.003607784214854304e+00
1.002954616078169714e+00
1.002420405137869341e+00
1.001984137325839352e+00
1.001628367013119414e+00
1.001338649310338003e+00
1.001103053874434323e+00
1.000911750994089466e+00
1.000756661108713308e+00
1.000631159522084035e+00
1.000529828802585675e+00
1.000448252146569406e+00
1.000382841771888964e+00
1.000330697173309247e+00
1.000289488791723302e+00
1.000257363314848824e+00
1.000232867434932560e+00
1.000214887440139533e+00
1.000202602514953298e+00
1.000195450076864168e+00
1.000193101889796488e+00
1.000195450076864168e+00
1.000202602514953298e+00
1.000214887440139533e+00
1.000232867434932560e+00
1.000257363314848824e+00
1.000289488791723302e+00
1.000330697173309247e+00
1.000382841771888964e+00
1.000448252146569406e+00
1.000529828802585675e+00
1.000631159522084035e+00
1.000756661108713308e+00
1.000911750994089466e+00
1.001103053874434323e+00
1.001338649310338003e+00
1.001628367013119414e+00
1.001984137325839352e+00
1.002420405137869341e+00
1.002954616078169714e+00
1.003607784214854304e+00
1.004405150509969369e+00
1.005376940754917792e+00
1.006559230401306015e+00
1.007994921290832790e+00
1.009734831378383157e+00
1.011838892639546517e+00
1.014377443850189131e+00
1.017432593096172511e+00
1.021099608864713293e+00
1.025488277417152760e+00
1.030724136779197719e+00
1.036949462987090342e+00
1.044323841094290106e+00
1.053024100916682748e+00
1.063243334962344022e+00
1.075188643502126062e+00
1.089077170488849333e+00
1.105129907146299884e+00
1.123562653758653829e+00
1.144573455660694572e+00
1.168325785444916498e+00
1.194926760166437285e+00
1.224399806414528724e+00
1.256651486087606573e+00
1.291432766631467333e+00
1.328295982324149138e+00
1.366550220935586424e+00
1.405219987789211755e+00
1.443014740152155362e+00
1.478319987809817881e+00
1.509223409466908139e+00
1.533590491330226291e+00
1.549201551900952989e+00
1.553953441663248780e+00
1.546113364661958922e+00
1.524590533236078960e+00
1.489169504396683719e+00
1.440637119986319048e+00
1.380743774731032714e+00
1.311974036927459730e+00
1.237154042048081548e+00
1.158974144402561635e+00
1.079532757403779408e+00
1.000000000000000000e+00
