1.000000000000000000e+00
7.514364268902030686e-01
7.869081593140766495e-01
9.740474167546326889e-01
1.169408281737128741e+00
1.316273540528168917e+00
1.416185748762767815e+00
1.485861810946016437e+00
1.536482591002100717e+00
1.572068552287658294e+00
1.594176072764617924e+00
1.605099906516842312e+00
1.608108865271750121e+00
1.606208007647548008e+00
1.601083420877983166e+00
1.592992393233744419e+00
1.581494117935559940e+00
1.566457728142678585e+00
1.548765182531814943e+00
1.530401497862410309e+00
1.513975105544966393e+00
1.501952523789675586e+00
1.495948663485906938e+00
1.496318465832598532e+00
1.502132755073500192e+00
1.511474416224053874e+00
1.521908688459870485e+00
1.530971155614013535e+00
1.536557771478568979e+00
1.537161627305055900e+00
1.531955130852347358e+00
1.520750429424933214e+00
1.503883849478354406e+00
1.482067487267336281e+00
1.456240407700670758e+00
1.427439346007093324e+00
1.396698001419317769e+00
1.364976369423844371e+00
1.333117052616201947e+00
1.301823432544272796e+00
1.271654146898761217e+00
1.243028788696583176e+00
1.216240620951356100e+00
1.191473068664436807e+00
1.168817642834524717e+00
1.148291697652298993e+00
1.129855006985629684e+00
1.113424582632186688e+00
1.098887468751952534e+00
1.086111460462987788e+00
1.074953833454344698e+00
1.065268255342230352e+00
1.056910093972545317e+00
1.049740354931527619e+00
1.043628479171573309e+00
1.038454218553792607e+00
1.034108787106216898e+00
1.030495462366203485e+00
1.027529786730077666e+00
1.025139494880315194e+00
1.023264271098611067e+00
1.021855420140135751e+00
1.020875517537593202e+00
1.020298089670974573e+00
1.020107360451352640e+00
1.020298089671442421e+00
1.020875517538553767e+00
1.021855420141646320e+00
1.023264271100762457e+00
1.025139494883232416e+00
1.027529786733930806e+00
1.030495462371222359e+00
1.034108787112692385e+00
1.038454218562112397e+00
1.043628479182221014e+00
1.049740354945133625e+00
1.056910093989915866e+00
1.065268255364382410e+00
1.074953833482579668e+00
1.086111460498951686e+00
1.098887468797743017e+00
1.113424582690457409e+00
1.129855007059751282e+00
1.148291697746528506e+00
1.168817642954265823e+00
1.191473068816516268e+00
1.216240621144421663e+00
1.243028788941589635e+00
1.271654147209586139e+00
1.301823432938513214e+00
1.333117053116176232e+00
1.364976370057927157e+00
1.396698002223611068e+00
1.427439347027604333e+00
1.456240408996123170e+00
1.482067488912814035e+00
1.503883851569977281e+00
1.520750432085866244e+00
1.531955134240432503e+00
1.537161631622363300e+00
1.536557776983171975e+00
1.530971162633987692e+00
1.521908697409379396e+00
1.511474427620765004e+00
1.502132769556037584e+00
1.496318484175971131e+00
1.495948686612347034e+00
1.501952552772064520e+00
1.513975141600223173e+00
1.530401542332586073e+00
1.548765236850466742e+00
1.566457793782512598e+00
1.581494196329966462e+00
1.592992485661212987e+00
1.601083528298170799e+00
1.606208130486092012e+00
1.608109003169814866e+00
1.605100058086279091e+00
1.594176235408464759e+00
1.572068722146383379e+00
1.536482763066652879e+00
1.485861979347808504e+00
1.416185907216543027e+00
1.316273682862606265e+00
1.169408402403545821e+00
9.740475111934663310e-01
7.869082241235489938e-01
7.514364598430720577e-01
1.000000000000000000e+00
