1.000000000000000000e+00
1.054538114897323409e+00
1.108440474793176200e+00
1.160646249826253307e+00
1.209713058578919975e+00
1.253981718462742645e+00
1.291812925918772281e+00
1.321834527097516254e+00
1.343140931694405404e+00
1.355404507231746880e+00
1.358885920893120103e+00
1.354356525341122941e+00
1.342962989244808059e+00
1.326069438124824362e+00
1.305107372943509425e+00
1.281453229060156129e+00
1.256342289548524560e+00
1.230818815565842828e+00
1.205716820202080930e+00
1.181663620120084301e+00
1.159098236798275838e+00
1.138297897354103583e+00
1.119407530736286294e+00
1.102468783621277648e+00
1.087446451165090977e+00
1.074251255050261422e+00
1.062758620847282343e+00
1.052823564308248638e+00
1.044292056844442707e+00
1.037009363260373185e+00
1.030825877466446272e+00
1.025600959888107511e+00
1.021205228605958082e+00
1.017521691571082743e+00
1.014446040069812538e+00
1.011886360148614106e+00
1.009762462191801546e+00
1.008004980591373556e+00
1.006554355589411198e+00
1.005359777353057149e+00
1.004378147256187237e+00
1.003573092155117363e+00
1.002914053125256277e+00
1.002375459716646544e+00
1.001935993449524220e+00
1.001577939294669539e+00
1.001286620682354966e+00
1.001049911687405869e+00
1.000857819076852007e+00
1.000702126596146435e+00
1.000576093994848925e+00
1.000474203693818565e+00
1.000391948558329913e+00
1.000325654883452264e+00
1.000272335364071896e+00
1.000229567475334091e+00
1.000195393307571567e+00
1.000168237470259402e+00
1.000146840196690201e+00
1.000130203244071758e+00
1.000117546595012508e+00
1.000108274330158142e+00
1.000101948363824711e+00
1.000098269020744723e+00
1.000097061689248168e+00
1.000098269020744723e+00
1.000101948363824711e+00
1.000108274330158142e+00
1.000117546595012508e+00
1.000130203244071758e+00
1.000146840196690201e+00
1.000168237470259402e+00
1.000195393307571567e+00
1.000229567475334091e+00
1.000272335364071896e+00
1.000325654883452264e+00
1.000391948558329913e+00
1.000474203693818565e+00
1.000576093994848925e+00
1.000702126596146435e+00
1.000857819076852007e+00
1.001049911687405869e+00
1.001286620682354966e+00
1.001577939294669539e+00
1.001935993449524220e+00
1.002375459716646544e+00
1.002914053125256277e+00
1.003573092155117363e+00
1.004378147256187237e+00
1.005359777353057149e+00
1.006554355589411198e+00
1.008004980591373556e+00
1.009762462191801546e+00
1.011886360148614106e+00
1.014446040069812316e+00
1.017521691571082743e+00
1.021205228605958082e+00
1.025600959888107511e+00
1.030825877466446272e+00
1.037009363260373185e+00
1.044292056844442929e+00
1.052823564308248416e+00
1.062758620847282565e+00
1.074251255050261200e+00
1.087446451165090977e+00
1.102468783621277426e+00
1.119407530736286294e+00
1.138297897354104027e+00
1.159098236798275394e+00
1.181663620120083857e+00
1.205716820202080930e+00
1.230818815565842828e+00
1.256342289548523894e+00
1.281453229060155463e+00
1.305107372943508759e+00
1.326069438124824140e+00
1.342962989244806948e+00
1.354356525341121831e+00
1.358885920893120103e+00
1.355404507231746436e+00
1.343140931694404072e+00
1.321834527097514922e+00
1.291812925918771615e+00
1.253981718462743089e+00
1.209713058578919531e+00
1.160646249826252641e+00
1.108440474793176644e+00
1.054538114897323187e+00
1.000000000000000000e+00
