1.000000000000000000e+00
8.265635788087341007e-01
8.245450962158837882e-01
9.560066354125991150e-01
1.134577367804276093e+00
1.296920306426070368e+00
1.417301693808058483e+00
1.496523284048714153e+00
1.546084778277931449e+00
1.577338030783222766e+00
1.597264468334763210e+00
1.608661390204221719e+00
1.612045647744002164e+00
1.607556701683726219e+00
1.596150886085197174e+00
1.579971536437829949e+00
1.562052554539230975e+00
1.545633373411044564e+00
1.533396404181322392e+00
1.526890122086451695e+00
1.526288338005092449e+00
1.530501762449072212e+00
1.537549929191451170e+00
1.545049462098424309e+00
1.550680376658434056e+00
1.552536243081888756e+00
1.549320095666262720e+00
1.540394819444130592e+00
1.525724369560549576e+00
1.505750707343875838e+00
1.481246565124098247e+00
1.453173042615231392e+00
1.422558999118599621e+00
1.390409274092304859e+00
1.357641977225370278e+00
1.325051244216352897e+00
1.293290234820056117e+00
1.262868958909137085e+00
1.234162099025893689e+00
1.207422899716715792e+00
1.182800141054985765e+00
1.160356065375745427e+00
1.140083826911876708e+00
1.121923576564743730e+00
1.105776694703456631e+00
1.091517968457156762e+00
1.079005701901985859e+00
1.068089870414582920e+00
1.058618502805047656e+00
1.050442511213864671e+00
1.043419200278942860e+00
1.037414682082452355e+00
1.032305408024676741e+00
1.027979007515969379e+00
1.024334599420912761e+00
1.021282717746633706e+00
1.018744969616662388e+00
1.016653522031353063e+00
1.014950494790536117e+00
1.013587320445440421e+00
1.012524118244265692e+00
1.011729117581380955e+00
1.011178157204110750e+00
1.010854279066443207e+00
1.010747429911835527e+00
1.010854279069204331e+00
1.011178157209775552e+00
1.011729117590245641e+00
1.012524118256778793e+00
1.013587320462248309e+00
1.014950494812497217e+00
1.016653522059586479e+00
1.018744969652598975e+00
1.021282717792096673e+00
1.024334599478185837e+00
1.027979007587930704e+00
1.032305408114936984e+00
1.037414682195517912e+00
1.043419200420452997e+00
1.050442511390866418e+00
1.058618503026353075e+00
1.068089870691209864e+00
1.079005702247729515e+00
1.091517968889295975e+00
1.105776695243663843e+00
1.121923577240244274e+00
1.140083827756928292e+00
1.160356066433534394e+00
1.182800142380073138e+00
1.207422901378181868e+00
1.234162101111401899e+00
1.262868961530213774e+00
1.293290238118907975e+00
1.325051248374700119e+00
1.357641982475871645e+00
1.390409280733281960e+00
1.422559007532897324e+00
1.453173053294228412e+00
1.481246578697900995e+00
1.505750724618801106e+00
1.525724391564754923e+00
1.540394847481767249e+00
1.549320131379699816e+00
1.552536288520087293e+00
1.550680434347571302e+00
1.545049535108350192e+00
1.537550021188679894e+00
1.530501877724245841e+00
1.526288481460389423e+00
1.526890299166469012e+00
1.533396620729000182e+00
1.545633635427766883e+00
1.562052867825208136e+00
1.579971906087901612e+00
1.596151315822236683e+00
1.607557193035955345e+00
1.612046199120350298e+00
1.608661995990393834e+00
1.597265118201731671e+00
1.577338709435301745e+00
1.546085465836325890e+00
1.496523957155791340e+00
1.417302327366547710e+00
1.296920875698918563e+00
1.134577850458226678e+00
9.560070130712416958e-01
8.245453552569040889e-01
8.265637104508352095e-01
1.000000000000000000e+00
