1.000000000000000000e+00
8.628000999657351455e-01
8.525267716748975433e-01
9.559504750805539741e-01
1.114445552525356709e+00
1.274404757337394445e+00
1.405101358480428386e+00
1.497599931927356742e+00
1.556076886116557256e+00
1.589148030249782240e+00
1.604644337187298708e+00
1.607998119433202477e+00
1.602787181169001318e+00
1.591853692445139634e+00
1.578033438664119714e+00
1.564232831264754875e+00
1.553043406488814338e+00
1.546236616611795789e+00
1.544423696491268316e+00
1.547014362395654263e+00
1.552458658622553056e+00
1.558661670830006951e+00
1.563434206218843103e+00
1.564868560291154731e+00
1.561579488888760414e+00
1.552801004202704727e+00
1.538364504036228597e+00
1.518599254420973210e+00
1.494196242449120637e+00
1.466067592219414184e+00
1.435222126472496473e+00
1.402667135507552398e+00
1.369338688847397512e+00
1.336058096823861785e+00
1.303509842567017296e+00
1.272235685175152620e+00
1.242639983012562954e+00
1.215002087133823405e+00
1.189492581482024525e+00
1.166191019127009731e+00
1.145103542289175991e+00
1.126179357202365283e+00
1.109325472517299183e+00
1.094419424204264191e+00
1.081319925930450898e+00
1.069875524921200638e+00
1.059931428924750341e+00
1.051334715671025322e+00
1.043938154162231013e+00
1.037602866321525319e+00
1.032200044687579199e+00
1.027611921902244818e+00
1.023732164237949327e+00
1.020465836835681150e+00
1.017729064357158597e+00
1.015448488472149524e+00
1.013560603628385293e+00
1.012011035179576135e+00
1.010753809234292699e+00
1.009750651431248203e+00
1.008970342038927326e+00
1.008388147053344674e+00
1.007985339032748007e+00
1.007748816959253224e+00
1.007670831158995250e+00
1.007748816957897864e+00
1.007985339029969563e+00
1.008388147049006145e+00
1.008970342032806666e+00
1.009750651423044543e+00
1.010753809223596367e+00
1.012011035165859552e+00
1.013560603610973221e+00
1.015448488450194864e+00
1.017729064329591537e+00
1.020465836801169424e+00
1.023732164194840033e+00
1.027611921848475163e+00
1.032200044620595225e+00
1.037602866238154231e+00
1.043938154058544843e+00
1.051334715542151299e+00
1.059931428764649075e+00
1.069875524722383231e+00
1.081319925683623451e+00
1.094419423897887711e+00
1.109325472137037583e+00
1.126179356730383718e+00
1.145103541703264671e+00
1.166191018399465040e+00
1.189492580578235259e+00
1.215002086010485982e+00
1.242639981615393241e+00
1.272235683435987585e+00
1.303509840400115305e+00
1.336058094121222561e+00
1.369338685472807793e+00
1.402667131289110802e+00
1.435222121193220568e+00
1.466067585605645318e+00
1.494196234156347058e+00
1.518599244016819894e+00
1.538364490980600241e+00
1.552800987825330603e+00
1.561579468365028145e+00
1.564868534617867235e+00
1.563434174192609882e+00
1.558661631032292272e+00
1.552458609416754287e+00
1.547014301942978509e+00
1.544423622793119399e+00
1.546236527586865694e+00
1.553043300092614265e+00
1.564232705658078260e+00
1.578033292434172008e+00
1.591853524878382498e+00
1.602786992565774948e+00
1.607997911438604932e+00
1.604644113088867785e+00
1.589147795163802890e+00
1.556076646963948429e+00
1.497599697108238148e+00
1.405101137216204332e+00
1.274404558762775919e+00
1.114445384742180467e+00
9.559503444495087709e-01
8.525266825472179733e-01
8.628000548571383987e-01
1.000000000000000000e+00
