1.000000000000000000e+00
7.649732244440270446e-01
7.901821461177027661e-01
9.671941942977625439e-01
1.162373865666134654e+00
1.314026862845012911e+00
1.417067843460272814e+00
1.486296902239761852e+00
1.534648425601306654e+00
1.568484709911516450e+00
1.590518281390330690e+00
1.602849829236161039e+00
1.607775265732009906e+00
1.607200878420006029e+00
1.602088824649386511e+00
1.592619374776183205e+00
1.578915884891734622e+00
1.561790127634120839e+00
1.543051105389464217e+00
1.525245312415992371e+00
1.511003949621044118e+00
1.502316459385862668e+00
1.500016477393595782e+00
1.503626399247596002e+00
1.511550058426419874e+00
1.521494227015268708e+00
1.530962542863141929e+00
1.537688938142591111e+00
1.539932843198786427e+00
1.536616301233565407e+00
1.527325168432257740e+00
1.512217106725877391e+00
1.491881556996824232e+00
1.467188525952138001e+00
1.439150696082325487e+00
1.408811682119502251e+00
1.377164388153119257e+00
1.345097794067797281e+00
1.313367613763400277e+00
1.282585307131568708e+00
1.253220123305552436e+00
1.225609620136252964e+00
1.199975062865745956e+00
1.176439037374757968e+00
1.155043418177471359e+00
1.135766476094563826e+00
1.118538400015261391e+00
1.103254862644317935e+00
1.089788507638725257e+00
1.077998399911819449e+00
1.067737583365099274e+00
1.058858947998494893e+00
1.051219634508619327e+00
1.044684209151896193e+00
1.039126832300229841e+00
1.034432626231711172e+00
1.030498425230437665e+00
1.027233066803175277e+00
1.024557358653612305e+00
1.022403833208986201e+00
1.020716380683278857e+00
1.019449833220305690e+00
1.018569556646378604e+00
1.018051092634222998e+00
1.017879882358355026e+00
1.018051092634080446e+00
1.018569556646087504e+00
1.019449833219856716e+00
1.020716380682658464e+00
1.022403833208174406e+00
1.024557358652584016e+00
1.027233066801901407e+00
1.030498425228883574e+00
1.034432626229845331e+00
1.039126832298004066e+00
1.044684209149270737e+00
1.051219634505554001e+00
1.058858947994941735e+00
1.067737583361016096e+00
1.077998399907157179e+00
1.089788507633440373e+00
1.103254862638360478e+00
1.118538400008568745e+00
1.135766476087039178e+00
1.155043418168973268e+00
1.176439037365044626e+00
1.199975062854419683e+00
1.225609620122662946e+00
1.253220123288650845e+00
1.282585307109703310e+00
1.313367613733996242e+00
1.345097794026975047e+00
1.377164388095102998e+00
1.408811682035871149e+00
1.439150695961032511e+00
1.467188525776295771e+00
1.491881556743221982e+00
1.512217106363321850e+00
1.527325167919806104e+00
1.536616300518858225e+00
1.539932842216782616e+00
1.537688936814903151e+00
1.530962541098301655e+00
1.521494224709763809e+00
1.511550055466011955e+00
1.503626395507744240e+00
1.500016472737388806e+00
1.502316453658055107e+00
1.511003942638152742e+00
1.525245303955031995e+00
1.543051095181064092e+00
1.561790115367722276e+00
1.578915870239096630e+00
1.592619357433554317e+00
1.602088804390447985e+00
1.607200855146402096e+00
1.607775239511163523e+00
1.602849800326413110e+00
1.590518250261640176e+00
1.568484677264963212e+00
1.534648392374667214e+00
1.486296869577494739e+00
1.417067812638297175e+00
1.314026835159309403e+00
1.162373842298438875e+00
9.671941761773396040e-01
7.901821338321237675e-01
7.649732182631859834e-01
1.000000000000000000e+00
