1.000000000000000000e+00
1.031107943296555085e+00
1.061792328578009981e+00
1.091435395421785026e+00
1.119242444070855935e+00
1.144321223294400003e+00
1.165797576696769644e+00
1.182937157519263982e+00
1.195245305148247228e+00
1.202525765148615866e+00
1.204891070404817910e+00
1.202729197962455920e+00
1.196639356655212927e+00
1.187353031611426468e+00
1.175655194825988126e+00
1.162316549653298781e+00
1.148042715107185474e+00
1.133441829763724096e+00
1.119008916928374342e+00
1.105123635641763302e+00
1.092057499515495023e+00
1.079986888230934472e+00
1.069008833068368691e+00
1.059157348247365737e+00
1.050418829832229894e+00
1.042745666775238611e+00
1.036067677720007740e+00
1.030301310706138729e+00
1.025356745398091185e+00
1.021143147913374349e+00
1.017572373893289139e+00
1.014561418645393065e+00
1.012033891178929945e+00
1.009920754042125335e+00
1.008160531302300100e+00
1.006699147940180783e+00
1.005489528276851008e+00
1.004491050204139535e+00
1.003668926347630386e+00
1.002993562663346161e+00
1.002439928843177563e+00
1.001986962631121747e+00
1.001617021058721413e+00
1.001315385060947749e+00
1.001069819373985315e+00
1.000870186570763209e+00
1.000708112171466935e+00
1.000576696665908649e+00
1.000470269762550712e+00
1.000384182052201254e+00
1.000314629406753530e+00
1.000258505725033276e+00
1.000213280018388051e+00
1.000176894248447024e+00
1.000147678755956671e+00
1.000124282531443365e+00
1.000105615963396311e+00
1.000090804051050553e+00
1.000079148384520167e+00
1.000070096475211390e+00
1.000063217266435434e+00
1.000058181871059437e+00
1.000054748773712365e+00
1.000052752903572983e+00
1.000052098134217138e+00
1.000052752903572983e+00
1.000054748773712365e+00
1.000058181871059437e+00
1.000063217266435434e+00
1.000070096475211390e+00
1.000079148384520167e+00
1.000090804051050553e+00
1.000105615963396311e+00
1.000124282531443365e+00
1.000147678755956671e+00
1.000176894248447024e+00
1.000213280018388051e+00
1.000258505725033276e+00
1.000314629406753530e+00
1.000384182052201254e+00
1.000470269762550712e+00
1.000576696665908649e+00
1.000708112171466935e+00
1.000870186570763209e+00
1.001069819373985315e+00
1.001315385060947749e+00
1.001617021058721413e+00
1.001986962631121747e+00
1.002439928843177563e+00
1.002993562663346161e+00
1.003668926347630386e+00
1.004491050204139535e+00
1.005489528276851008e+00
1.006699147940180783e+00
1.008160531302299878e+00
1.009920754042125335e+00
1.012033891178929945e+00
1.014561418645393065e+00
1.017572373893289139e+00
1.021143147913374127e+00
1.025356745398091185e+00
1.030301310706138507e+00
1.036067677720007962e+00
1.042745666775238389e+00
1.050418829832229894e+00
1.059157348247365293e+00
1.069008833068368247e+00
1.079986888230934916e+00
1.092057499515494579e+00
1.105123635641762858e+00
1.119008916928374120e+00
1.133441829763724096e+00
1.148042715107185030e+00
1.162316549653297892e+00
1.175655194825987016e+00
1.187353031611426468e+00
1.196639356655211817e+00
1.202729197962454810e+00
1.204891070404817688e+00
1.202525765148614756e+00
1.195245305148246118e+00
1.182937157519262650e+00
1.165797576696769200e+00
1.144321223294400003e+00
1.119242444070854825e+00
1.091435395421784360e+00
1.061792328578010203e+00
1.031107943296554863e+00
1.000000000000000000e+00
