1.000000000000000000e+00
7.411167695374409892e-01
7.840862437580587985e-01
9.774204636776994137e-01
1.171433911426115193e+00
1.314140539279496922e+00
1.411847283292880784e+00
1.482049855040545872e+00
1.534347725138884178e+00
1.571193911874983584e+00
1.593517194336785181e+00
1.603755607489546486e+00
1.605697955637269692e+00
1.602972404653704608e+00
1.597784503407150503e+00
1.590611344740345601e+00
1.580817306338853090e+00
1.567717288563991618e+00
1.551497664373814755e+00
1.533580928247204156e+00
1.516348929919050681e+00
1.502434394603439971e+00
1.493925223171054695e+00
1.491786251152148468e+00
1.495656292197848902e+00
1.504014280183231911e+00
1.514593420168368176e+00
1.524881445128109636e+00
1.532567476046756694e+00
1.535852116674209844e+00
1.533597212721017122e+00
1.525335768297100714e+00
1.511184592334554377e+00
1.491705618177519899e+00
1.467753802383674033e+00
1.440337128065161121e+00
1.410502317209280543e+00
1.379250714548082124e+00
1.347482945781736996e+00
1.315967897925202967e+00
1.285330504094175597e+00
1.256052955569814111e+00
1.228484710133175284e+00
1.202857622369117863e+00
1.179303462824734527e+00
1.157871910295141804e+00
1.138547759134536097e+00
1.121266584406443556e+00
1.105928472569400522e+00
1.092409680237555136e+00
1.080572253444881392e+00
1.070271746352466469e+00
1.061363238893690442e+00
1.053705880991218757e+00
1.047166196967992402e+00
1.041620375257697573e+00
1.036955751105872459e+00
1.033071667683529871e+00
1.029879876756395252e+00
1.027304615698016788e+00
1.025282474443033776e+00
1.023762144661082063e+00
1.022704124312325602e+00
1.022080433851278558e+00
1.021874385496565285e+00
1.022080433851061176e+00
1.022704124311878404e+00
1.023762144660392170e+00
1.025282474442077429e+00
1.027304615696760681e+00
1.029879876754795642e+00
1.033071667681539241e+00
1.036955751103424861e+00
1.041620375254730391e+00
1.047166196964418816e+00
1.053705880986951726e+00
1.061363238888638483e+00
1.070271746346518782e+00
1.080572253437920960e+00
1.092409680229449620e+00
1.105928472560013365e+00
1.121266584395611332e+00
1.138547759122075176e+00
1.157871910280819705e+00
1.179303462808257486e+00
1.202857622350074873e+00
1.228484710110989697e+00
1.256052955543654592e+00
1.285330504062804247e+00
1.315967897886791027e+00
1.347482945733567083e+00
1.379250714486184526e+00
1.410502317127904526e+00
1.440337127956086372e+00
1.467753802235335137e+00
1.491705617973934750e+00
1.511184592054061637e+00
1.525335767910958040e+00
1.533597212191979198e+00
1.535852115955224306e+00
1.532567475080024888e+00
1.524881443844600337e+00
1.514593418487899745e+00
1.504014278014781381e+00
1.495656289439494913e+00
1.491786247689536937e+00
1.493925218873344951e+00
1.502434389316254171e+00
1.516348923455557385e+00
1.533580920380720025e+00
1.551497654837283413e+00
1.567717277061816850e+00
1.580817292573485355e+00
1.590611328450250772e+00
1.597784484407505756e+00
1.602972382870911705e+00
1.605697931135146472e+00
1.603755580494033994e+00
1.593517165267116953e+00
1.571193881376295121e+00
1.534347694093537884e+00
1.482049824532516658e+00
1.411847254521668038e+00
1.314140513446023562e+00
1.171433889614084123e+00
9.774204467429717935e-01
7.840862322568785681e-01
7.411167637427147348e-01
1.000000000000000000e+00
