1.000000000000000000e+00
8.538423848193127386e-01
8.453828806799105200e-01
9.560270993717857602e-01
1.120302025929849066e+00
1.281645255503082614e+00
1.410121619404242521e+00
1.499205598462112210e+00
1.555204454599980357e+00
1.587723552262906290e+00
1.604466861904546793e+00
1.610061812613751142e+00
1.607083486363847236e+00
1.597530272417047703e+00
1.583755753543337308e+00
1.568609116206892917e+00
1.554998561788747846e+00
1.545254395624599653e+00
1.540621621713044620e+00
1.541063685401191874e+00
1.545398491862048251e+00
1.551672226452055492e+00
1.557628147872537117e+00
1.561139125324816801e+00
1.560519657030737806e+00
1.554688029461104071e+00
1.543192599918961072e+00
1.526139959074189312e+00
1.504068442057124644e+00
1.477804312473743886e+00
1.448326658013567414e+00
1.416655522471168549e+00
1.383768641208760197e+00
1.350546087346126356e+00
1.317738848487097547e+00
1.285956094446639719e+00
1.255665900855550632e+00
1.227204855408452921e+00
1.200792883817838108e+00
1.176550551541635237e+00
1.154516906499003959e+00
1.134666584561929037e+00
1.116925402677392709e+00
1.101184032566178805e+00
1.087309606013380447e+00
1.075155275458293813e+00
1.064567862349394378e+00
1.055393787978659015e+00
1.047483510849193777e+00
1.040694701405434852e+00
1.034894376896076329e+00
1.029960201937817121e+00
1.025781138129072012e+00
1.022257601756040302e+00
1.019301264258747786e+00
1.016834607010909330e+00
1.014790320926459266e+00
1.013110622865318833e+00
1.011746544923693980e+00
1.010657239418428111e+00
1.009809331542231625e+00
1.009176343028943990e+00
1.008738203435322944e+00
1.008480860509130883e+00
1.008395997263702215e+00
1.008480860512403821e+00
1.008738203442037795e+00
1.009176343039447366e+00
1.009809331557055545e+00
1.010657239438333077e+00
1.011746544949689630e+00
1.013110622898722557e+00
1.014790320968955051e+00
1.016834607064634799e+00
1.019301264326387679e+00
1.022257601840967922e+00
1.025781138235512646e+00
1.029960202071043884e+00
1.034894377062677728e+00
1.040694701613633866e+00
1.047483511109261967e+00
1.055393788303423452e+00
1.064567862754892014e+00
1.075155275964588153e+00
1.087309606645603832e+00
1.101184033355860237e+00
1.116925403664152716e+00
1.134666585795650162e+00
1.154516908042621859e+00
1.176550553474728700e+00
1.200792886241270230e+00
1.227204858450384739e+00
1.255665904679210909e+00
1.285956099260402219e+00
1.317738854557495065e+00
1.350546095014658832e+00
1.383768650913433707e+00
1.416655534773971103e+00
1.448326673635093487e+00
1.477804332336308590e+00
1.504068467337444703e+00
1.526139991266202589e+00
1.543192640906428936e+00
1.554688081597920490e+00
1.560519723224569111e+00
1.561139209116541693e+00
1.557628253500346283e+00
1.551672358885404668e+00
1.545398656787354996e+00
1.541063889138768017e+00
1.540621871042946678e+00
1.545254697497601137e+00
1.554998922897210978e+00
1.568609542391410816e+00
1.583756249020243256e+00
1.597530838838746137e+00
1.607084121775550489e+00
1.610062510443881267e+00
1.604467610200343231e+00
1.587724333420638345e+00
1.555205245804769376e+00
1.499206372932576414e+00
1.410122348352907728e+00
1.281645910517722919e+00
1.120302581315990809e+00
9.560275339594738186e-01
8.453831787709168433e-01
8.538425363033699256e-01
1.000000000000000000e+00
