1.000000000000000000e+00
7.542557977742033737e-01
7.876108438510698306e-01
9.728168054235537543e-01
1.168330216857282000e+00
1.316268475575623098e+00
1.416812917463680765e+00
1.486362328929754506e+00
1.536501376452711565e+00
1.571721610857435447e+00
1.593794363542216042e+00
1.604974038131040670e+00
1.608349316541561658e+00
1.606716265536622723e+00
1.601608629100568004e+00
1.593245487010453321e+00
1.581276159990579133e+00
1.565750288704648607e+00
1.547746625144586163e+00
1.529387407820746558e+00
1.513312866651628452e+00
1.501913410594438725e+00
1.496653758881503204e+00
1.497715537140434705e+00
1.504020864786488110e+00
1.513559370900922962e+00
1.523868162057510300e+00
1.532511822612737218e+00
1.537454239404293599e+00
1.537274611072005026e+00
1.531231812745952325e+00
1.519212609922154122e+00
1.501609797420783377e+00
1.479172296373298501e+00
1.452858055909524326e+00
1.423708131755850870e+00
1.392749877168005357e+00
1.360929961187896220e+00
1.329073778531301153e+00
1.297866007701906410e+00
1.267846785966929346e+00
1.239418516455190966e+00
1.212859224399447822e+00
1.188339344753294835e+00
1.165939699890494508e+00
1.145669151932972696e+00
1.127480979144857898e+00
1.111287444885241005e+00
1.096972325585653829e+00
1.084401367033891006e+00
1.073430769106473726e+00
1.063913877164486488e+00
1.055706298718792624e+00
1.048669678241122893e+00
1.042674359820801477e+00
1.037601153148015154e+00
1.033342397700989013e+00
1.029802496346212903e+00
1.026898065128076798e+00
1.024557822350298908e+00
1.022722318072078362e+00
1.021343585350096950e+00
1.020384777119557329e+00
1.019819837450713917e+00
1.019633242801292861e+00
1.019819837451240385e+00
1.020384777120638686e+00
1.021343585351796701e+00
1.022722318074496428e+00
1.024557822353572956e+00
1.026898065132395566e+00
1.029802496351828189e+00
1.033342397708221228e+00
1.037601153157288625e+00
1.042674359832645337e+00
1.048669678256225035e+00
1.055706298738030569e+00
1.063913877188966461e+00
1.073430769137607488e+00
1.084401367073462463e+00
1.096972325635931611e+00
1.111287444949093262e+00
1.127480979225921054e+00
1.145669152035836191e+00
1.165939700020979020e+00
1.188339344918752039e+00
1.212859224609183162e+00
1.239418516720991237e+00
1.267846786303724160e+00
1.297866008128627069e+00
1.329073779071964445e+00
1.360929961873043936e+00
1.392749878036508626e+00
1.423708132857269604e+00
1.452858057307139905e+00
1.479172298148051512e+00
1.501609799676320023e+00
1.519212612791304817e+00
1.531231816398946677e+00
1.537274615726746729e+00
1.537454245339004988e+00
1.532511830180985690e+00
1.523868171705470953e+00
1.513559383186096508e+00
1.504020880396491622e+00
1.497715556909708701e+00
1.496653783803173043e+00
1.501913441824268558e+00
1.513312905501143835e+00
1.529387455736949120e+00
1.547746683673482337e+00
1.565750359434254779e+00
1.581276244465684933e+00
1.593245586607721531e+00
1.601608744852351052e+00
1.606716397900373794e+00
1.608349465131368117e+00
1.604974201454201665e+00
1.593794538804493843e+00
1.571721793902710607e+00
1.536501561882955169e+00
1.486362510417649219e+00
1.416813088231566820e+00
1.316268628968898513e+00
1.168330346893481364e+00
9.728169071885403030e-01
7.876109136822879719e-01
7.542558332778532826e-01
1.000000000000000000e+00
