1.000000000000000000e+00
7.585864438600713466e-01
7.888103070256360372e-01
9.710049553017113810e-01
1.166632951345498048e+00
1.316175787524394680e+00
1.417735690918043412e+00
1.487148541624890186e+00
1.536572590774869962e+00
1.571231871843604688e+00
1.593252436781018133e+00
1.604830601661501932e+00
1.608761967487096323e+00
1.607507700321662014e+00
1.602373619359263479e+00
1.593544533014534137e+00
1.580835307024836434e+00
1.564586410154075624e+00
1.546172154822775369e+00
1.527902978332441819e+00
1.512440354314755764e+00
1.502035992285271959e+00
1.497914323624980115e+00
1.499994121621614607e+00
1.506981839177929494e+00
1.516740556211432889e+00
1.526779789033678281e+00
1.534719975713728424e+00
1.538635185581036513e+00
1.537237727038459401e+00
1.529916534169987630e+00
1.516668232664031501e+00
1.497966981212420112e+00
1.474613236381220771e+00
1.447589804814568337e+00
1.417941303945260634e+00
1.386683309491680172e+00
1.354740884103007081e+00
1.322912549781573244e+00
1.291854314517428604e+00
1.262078283536143486e+00
1.233961031105677453e+00
1.207757839906455910e+00
1.183619870921491346e+00
1.161612176507640370e+00
1.141731163431316087e+00
1.123920647459060840e+00
1.108086034506313489e+00
1.094106440818970460e+00
1.081844751779478919e+00
1.071155738153510839e+00
1.061892418276005889e+00
1.053910889183280686e+00
1.047073859976850319e+00
1.041253114941103508e+00
1.036331118159841580e+00
1.032201949956171871e+00
1.028771741518283767e+00
1.025958749706110895e+00
1.023693190660824426e+00
1.021916929305705102e+00
1.020583102560983058e+00
1.019655737218067015e+00
1.019109408828652752e+00
1.018928975404540971e+00
1.019109408829281360e+00
1.019655737219357983e+00
1.020583102563009881e+00
1.021916929308583688e+00
1.023693190664716646e+00
1.025958749711234352e+00
1.028771741524930894e+00
1.032201949964713705e+00
1.036331118170765064e+00
1.041253114955018155e+00
1.047073859994542833e+00
1.053910889205753376e+00
1.061892418304519303e+00
1.071155738189668583e+00
1.081844751825302930e+00
1.094106440877029351e+00
1.108086034579845780e+00
1.123920647552164809e+00
1.141731163549161376e+00
1.161612176656773299e+00
1.183619871110175970e+00
1.207757840145144090e+00
1.233961031407604381e+00
1.262078283918070198e+00
1.291854315000613429e+00
1.322912550392991937e+00
1.354740884876980855e+00
1.386683310471912067e+00
1.417941305187504719e+00
1.447589806390061407e+00
1.474613238381127456e+00
1.497966983753527215e+00
1.516668235896043271e+00
1.529916538284761929e+00
1.537237732281534708e+00
1.538635192265787932e+00
1.534719984238164248e+00
1.526779799899738999e+00
1.516740570045929326e+00
1.506981856753640603e+00
1.499994143876184793e+00
1.497914351674554778e+00
1.502036027429403564e+00
1.512440398029158528e+00
1.527903032246432646e+00
1.546172220678014186e+00
1.564586489739611563e+00
1.580835402080086771e+00
1.593544645088063039e+00
1.602373749611079257e+00
1.607507849265677580e+00
1.608762134691307688e+00
1.604830785452267650e+00
1.593252634021722347e+00
1.571232077862450893e+00
1.536572799496343178e+00
1.487148745921355930e+00
1.417735883151619136e+00
1.316175960195612005e+00
1.166633097713820622e+00
9.710050698344555586e-01
7.888103856068234832e-01
7.585864838075345729e-01
1.000000000000000000e+00
