1.000000000000000000e+00
7.439178541670943279e-01
7.853136288031202783e-01
9.774688427140476588e-01
1.172123725511548642e+00
1.316050427787661681e+00
1.414407281756811852e+00
1.484549244441705662e+00
1.536477756253082916e+00
1.573010426873116874e+00
1.595212977920982489e+00
1.605497421420072346e+00
1.607555039646841211e+00
1.604891717852870769e+00
1.599600053952949796e+00
1.592098493468280918e+00
1.581783954490628252e+00
1.568093901917438915e+00
1.551382186051453838e+00
1.533217567368235335e+00
1.516052606522527046e+00
1.502494557730960301e+00
1.494525355458273363e+00
1.492962644487670465e+00
1.497301306693706424e+00
1.505914054088782539e+00
1.516482441714719132e+00
1.526496649191371402e+00
1.533689852313641300e+00
1.536330705702215971e+00
1.533356136835992922e+00
1.524368366545696629e+00
1.509539834213122544e+00
1.489471470297433431e+00
1.465040953905788701e+00
1.437265089263550122e+00
1.407188751188636289e+00
1.375804068495930732e+00
1.343997994712043287e+00
1.312523618362757993e+00
1.281989666074305312e+00
1.252862883162611185e+00
1.225478760868609518e+00
1.200057042584228295e+00
1.176719372533398422e+00
1.155507251021876902e+00
1.136399100207420299e+00
1.119325729181369855e+00
1.104183838707112786e+00
1.090847450340591163e+00
1.079177306641347034e+00
1.069028389897531017e+00
1.060255763209021485e+00
1.052718963047718503e+00
1.046285176490703073e+00
1.040831426597251586e+00
1.036245971290755241e+00
1.032429098508548027e+00
1.029293476031996502e+00
1.026764190156547851e+00
1.024778584384349989e+00
1.023285988289067028e+00
1.022247407902189265e+00
1.021635232410286642e+00
1.021432997440449686e+00
1.021635232410607941e+00
1.022247407902848959e+00
1.023285988290108195e+00
1.024778584385839464e+00
1.026764190158578227e+00
1.029293476034693899e+00
1.032429098512086085e+00
1.036245971295352675e+00
1.040831426603203491e+00
1.046285176498378489e+00
1.052718963057605261e+00
1.060255763221747971e+00
1.069028389913892374e+00
1.079177306662366886e+00
1.090847450367572025e+00
1.104183838741723545e+00
1.119325729225727928e+00
1.136399100264228634e+00
1.155507251094556764e+00
1.176719372626301885e+00
1.200057042702863397e+00
1.225478761019961782e+00
1.252862883355537749e+00
1.281989666320020538e+00
1.312523618675479620e+00
1.343997995109784238e+00
1.375804069001561158e+00
1.407188751831213613e+00
1.437265090080043217e+00
1.465040954943306550e+00
1.489471471616123255e+00
1.509539835889895709e+00
1.524368368679039243e+00
1.533356139552098485e+00
1.536330709162703867e+00
1.533689856725104717e+00
1.526496654816756671e+00
1.516482448886415257e+00
1.505914063222733690e+00
1.497301318303449369e+00
1.492962659196519715e+00
1.494525374007564134e+00
1.502494580982135952e+00
1.516052635451198283e+00
1.533217603048783406e+00
1.551382229630601239e+00
1.568093954573633209e+00
1.581784017372783735e+00
1.592098567603905668e+00
1.599600140115604585e+00
1.604891816386593950e+00
1.607555150262068633e+00
1.605497542996449978e+00
1.595213108366458021e+00
1.573010563086167268e+00
1.536477894217151086e+00
1.484549379457064777e+00
1.414407408791934495e+00
1.316050541901894411e+00
1.172123822262198134e+00
9.774689184479130599e-01
7.853136807875753522e-01
7.439178806041957248e-01
1.000000000000000000e+00
