1.000000000000000000e+00
7.519867584234942726e-01
7.870405125592573325e-01
9.738042194270486451e-01
1.169199634270787103e+00
1.316275850881625020e+00
1.416309524047531188e+00
1.485958626727214682e+00
1.536484633818846035e+00
1.571999388948143173e+00
1.594100087994651860e+00
1.605073451952079733e+00
1.608153912969029875e+00
1.606306447150286587e+00
1.601187259350699721e+00
1.593045200043140541e+00
1.581455884429457726e+00
1.566323022182515956e+00
1.548567165898298015e+00
1.530200990709588815e+00
1.513840266579691729e+00
1.501937589484180879e+00
1.496079004707291604e+00
1.496585538519728642e+00
1.502498500906840784e+00
1.511881901629721581e+00
1.522294841592936487e+00
1.531278084264661832e+00
1.536740583584760289e+00
1.537192185359381069e+00
1.531822275060882754e+00
1.520457752373317595e+00
1.503446183453485352e+00
1.481507059137106008e+00
1.455583302837939685e+00
1.426712622274358466e+00
1.395927564363710349e+00
1.364185572761112075e+00
1.332325911558488674e+00
1.301048310957440002e+00
1.270907782942429121e+00
1.242320542426229135e+00
1.215576851437005113e+00
1.190857571839968543e+00
1.168252101826352307e+00
1.147776113849753088e+00
1.129388092688825340e+00
1.113004105268271093e+00
1.098510543041771204e+00
1.085774789178066912e+00
1.074653900070789980e+00
1.065001473411161248e+00
1.056672918725792609e+00
1.049529362784052733e+00
1.043440420560246551e+00
1.038286049106668774e+00
1.033957681569183551e+00
1.030358815097172531e+00
1.027405201954723513e+00
1.025024769320953544e+00
1.023157371060016141e+00
1.021754454674800527e+00
1.020778708923830269e+00
1.020203742121971846e+00
1.020013827731093725e+00
1.020203742122450796e+00
1.020778708924813261e+00
1.021754454676346624e+00
1.023157371062217713e+00
1.025024769323938045e+00
1.027405201958664360e+00
1.030358815102303760e+00
1.033957681575801368e+00
1.038286049115168197e+00
1.043440420571119409e+00
1.049529362797940291e+00
1.056672918743514655e+00
1.065001473433751400e+00
1.074653900099570292e+00
1.085774789214709379e+00
1.098510543088405900e+00
1.113004105327591642e+00
1.129388092764252782e+00
1.147776113945606413e+00
1.168252101948113575e+00
1.190857571994563768e+00
1.215576851633205724e+00
1.242320542675145800e+00
1.270907783258137247e+00
1.301048311357787535e+00
1.332325912066113283e+00
1.364185573404795626e+00
1.395927565180075325e+00
1.426712623310079309e+00
1.455583304152596957e+00
1.481507060806884102e+00
1.503446185575918248e+00
1.520457755073386652e+00
1.531822278498758072e+00
1.537192189740108184e+00
1.536740589170200177e+00
1.531278091387682894e+00
1.522294850673723055e+00
1.511881913193435123e+00
1.502498515601325524e+00
1.496585557131182131e+00
1.496079028171295011e+00
1.501937618889223947e+00
1.513840303160506329e+00
1.530201035827981393e+00
1.548567221008981365e+00
1.566323088779877581e+00
1.581455963967820288e+00
1.593045293819426611e+00
1.601187368338203409e+00
1.606306571780590442e+00
1.608154052878163043e+00
1.605073605732180386e+00
1.594100253011604629e+00
1.571999561286601121e+00
1.536484808396608281e+00
1.485958797589481684e+00
1.416309684816550618e+00
1.316275995295311141e+00
1.169199756698970027e+00
9.738043152435040817e-01
7.870405783131115829e-01
7.519867918560927400e-01
1.000000000000000000e+00
