1.000000000000000000e+00
1.011602760406451917e+00
1.023039291024611774e+00
1.034080734542266899e+00
1.044440733902963103e+00
1.053801541244201001e+00
1.061852250685247023e+00
1.068329289346706457e+00
1.073050234963427885e+00
1.075934717713932010e+00
1.077009822957467167e+00
1.076400992583369076e+00
1.074312053669930656e+00
1.070999259020736005e+00
1.066744160826607946e+00
1.061829143843098899e+00
1.056518020660111024e+00
1.051042676275375287e+00
1.045595621260616559e+00
1.040327583142079737e+00
1.035348918172347643e+00
1.030733574633525551e+00
1.026524477609700003e+00
1.022739437841803323e+00
1.019376942682044263e+00
1.016421421020639038e+00
1.013847764525671158e+00
1.011625028577252117e+00
1.009719331328432945e+00
1.008096026405853829e+00
1.006721253192713439e+00
1.005562977144799586e+00
1.004591628428248784e+00
1.003780435862480003e+00
1.003105538616410719e+00
1.002545942912061561e+00
1.002083376680600768e+00
1.001702082500407265e+00
1.001388578540128860e+00
1.001131408640435927e+00
1.000920895931016297e+00
1.000748909246821805e+00
1.000608647807263996e+00
1.000494446891482703e+00
1.000401605346916911e+00
1.000326234507058487e+00
1.000265127303771928e+00
1.000215645909095175e+00
1.000175626030155085e+00
1.000143295931779308e+00
1.000117208317832462e+00
1.000096183322931154e+00
1.000079261021953547e+00
1.000065662035413805e+00
1.000054754981270833e+00
1.000046029689412475e+00
1.000039075249338438e+00
1.000033562101695361e+00
1.000029227509763086e+00
1.000025863857874064e+00
1.000023309321129705e+00
1.000021440535968642e+00
1.000020166975796654e+00
1.000019426801588507e+00
1.000019184015892071e+00
1.000019426801588507e+00
1.000020166975796654e+00
1.000021440535968642e+00
1.000023309321129705e+00
1.000025863857874064e+00
1.000029227509763086e+00
1.000033562101695361e+00
1.000039075249338438e+00
1.000046029689412475e+00
1.000054754981270833e+00
1.000065662035413805e+00
1.000079261021953547e+00
1.000096183322931154e+00
1.000117208317832462e+00
1.000143295931779308e+00
1.000175626030155085e+00
1.000215645909095175e+00
1.000265127303771928e+00
1.000326234507058487e+00
1.000401605346916911e+00
1.000494446891482703e+00
1.000608647807263996e+00
1.000748909246821805e+00
1.000920895931016297e+00
1.001131408640435927e+00
1.001388578540128860e+00
1.001702082500407265e+00
1.002083376680600768e+00
1.002545942912061561e+00
1.003105538616410497e+00
1.003780435862480003e+00
1.004591628428248784e+00
1.005562977144799586e+00
1.006721253192713439e+00
1.008096026405853607e+00
1.009719331328432945e+00
1.011625028577251895e+00
1.013847764525671158e+00
1.016421421020638594e+00
1.019376942682044263e+00
1.022739437841802879e+00
1.026524477609699559e+00
1.030733574633525329e+00
1.035348918172347199e+00
1.040327583142079293e+00
1.045595621260616115e+00
1.051042676275374621e+00
1.056518020660110357e+00
1.061829143843097789e+00
1.066744160826606613e+00
1.070999259020735117e+00
1.074312053669929101e+00
1.076400992583367966e+00
1.077009822957466278e+00
1.075934717713930677e+00
1.073050234963426774e+00
1.068329289346704236e+00
1.061852250685245691e+00
1.053801541244200335e+00
1.044440733902962215e+00
1.034080734542266233e+00
1.023039291024611552e+00
1.011602760406451473e+00
1.000000000000000000e+00
