1.000000000000000000e+00
1.044956543851563557e+00
1.089342788846039189e+00
1.132271521981733864e+00
1.172569037670921910e+00
1.208901403375973516e+00
1.239957137267175380e+00
1.264638599273061326e+00
1.282217280553118011e+00
1.292422153455498046e+00
1.295450524246010593e+00
1.291910419123487586e+00
1.282716694445986461e+00
1.268967495948836177e+00
1.251824600232190443e+00
1.232413758632793233e+00
1.211752807550337874e+00
1.190708363346432153e+00
1.169977393503649710e+00
1.150087809963395546e+00
1.131411877995178727e+00
1.114186959211966421e+00
1.098539308307831419e+00
1.084507913590988082e+00
1.072066489058711491e+00
1.061142602206919028e+00
1.051633549788895117e+00
1.043419006467111165e+00
1.036370715851218982e+00
1.030359616394624700e+00
1.025260835634101531e+00
1.020956976031333729e+00
1.017340076532145199e+00
1.014312581214001030e+00
1.011787589959937783e+00
1.009688611953356796e+00
1.007948994167485957e+00
1.006511155338480679e+00
1.005325721427162478e+00
1.004350630884224715e+00
1.003550256381119388e+00
1.002894573158600977e+00
1.002358391872411492e+00
1.001920664940830541e+00
1.001563869183054845e+00
1.001273463355458970e+00
1.001037416532413626e+00
1.000845801729326912e+00
1.000690448407570710e+00
1.000564647288397335e+00
1.000462901051710540e+00
1.000380714870006349e+00
1.000314421230996675e+00
1.000261034065863974e+00
1.000218127777995569e+00
1.000183737329255917e+00
1.000156276069444461e+00
1.000134468479658700e+00
1.000117295438037290e+00
1.000103950006556053e+00
1.000093802082947514e+00
1.000086370566183547e+00
1.000081301952609580e+00
1.000078354517879964e+00
1.000077387453129241e+00
1.000078354517879964e+00
1.000081301952609580e+00
1.000086370566183547e+00
1.000093802082947514e+00
1.000103950006556053e+00
1.000117295438037290e+00
1.000134468479658700e+00
1.000156276069444461e+00
1.000183737329255917e+00
1.000218127777995569e+00
1.000261034065863974e+00
1.000314421230996675e+00
1.000380714870006349e+00
1.000462901051710540e+00
1.000564647288397335e+00
1.000690448407570710e+00
1.000845801729326912e+00
1.001037416532413626e+00
1.001273463355458970e+00
1.001563869183054845e+00
1.001920664940830541e+00
1.002358391872411492e+00
1.002894573158600977e+00
1.003550256381119388e+00
1.004350630884224715e+00
1.005325721427162478e+00
1.006511155338480679e+00
1.007948994167485957e+00
1.009688611953356796e+00
1.011787589959937561e+00
1.014312581214001030e+00
1.017340076532145199e+00
1.020956976031333729e+00
1.025260835634101531e+00
1.030359616394624700e+00
1.036370715851218982e+00
1.043419006467110943e+00
1.051633549788895339e+00
1.061142602206918806e+00
1.072066489058711491e+00
1.084507913590987860e+00
1.098539308307831419e+00
1.114186959211966865e+00
1.131411877995178505e+00
1.150087809963395324e+00
1.169977393503649710e+00
1.190708363346432375e+00
1.211752807550337208e+00
1.232413758632792344e+00
1.251824600232189555e+00
1.268967495948835955e+00
1.282716694445985572e+00
1.291910419123486475e+00
1.295450524246010149e+00
1.292422153455496936e+00
1.282217280553116678e+00
1.264638599273060438e+00
1.239957137267174714e+00
1.208901403375973738e+00
1.172569037670921022e+00
1.132271521981733198e+00
1.089342788846039412e+00
1.044956543851563335e+00
1.000000000000000000e+00
