1.000000000000000000e+00
1.017053679073326888e+00
1.047463163756990223e+00
1.095964810132465939e+00
1.161467764482499332e+00
1.239310253979174270e+00
1.323118517539292993e+00
1.406299580366653812e+00
1.483107418046594850e+00
1.549237454764234689e+00
1.601991683661929677e+00
1.640138863427576643e+00
1.663620936824550478e+00
1.673227951327985741e+00
1.670310454905673536e+00
1.656551631908026678e+00
1.633795114863225706e+00
1.603916313980495501e+00
1.568726702757699432e+00
1.529904458886216512e+00
1.488947631547613337e+00
1.447146994986533652e+00
1.405575648196412564e+00
1.365092044395720849e+00
1.326352959547735022e+00
1.289833071081201599e+00
1.255848251232118518e+00
1.224580254044186800e+00
1.196101073418899485e+00
1.170395794194539763e+00
1.147383211214858978e+00
1.126933843406427327e+00
1.108885228184915972e+00
1.093054560580634549e+00
1.079248857549925500e+00
1.067272896072368971e+00
1.056935206547600536e+00
1.048052410914809052e+00
1.040452185777231309e+00
1.033975110695451338e+00
1.028475635280672762e+00
1.023822369140842792e+00
1.019897868534300978e+00
1.016598064449282468e+00
1.013831449851282374e+00
1.011518119668334492e+00
1.009588736019304767e+00
1.007983473281652831e+00
1.006650982717945952e+00
1.005547404295927816e+00
1.004635443741286105e+00
1.003883525424253964e+00
1.003265026068800969e+00
1.002757590170829216e+00
1.002342525133521178e+00
1.002004272220945458e+00
1.001729948279859617e+00
1.001508952603623381e+00
1.001332633164590646e+00
1.001194006604494424e+00
1.001087526755041868e+00
1.001008896993100361e+00
1.000954922365574928e+00
1.000923398110566742e+00
1.000913031929322461e+00
1.000923398110566742e+00
1.000954922365574928e+00
1.001008896993100361e+00
1.001087526755041868e+00
1.001194006604494424e+00
1.001332633164590646e+00
1.001508952603623381e+00
1.001729948279859617e+00
1.002004272220945458e+00
1.002342525133521178e+00
1.002757590170829216e+00
1.003265026068800969e+00
1.003883525424253964e+00
1.004635443741286105e+00
1.005547404295927816e+00
1.006650982717945952e+00
1.007983473281652831e+00
1.009588736019304989e+00
1.011518119668334492e+00
1.013831449851282374e+00
1.016598064449282468e+00
1.019897868534300978e+00
1.023822369140842570e+00
1.028475635280672762e+00
1.033975110695451560e+00
1.040452185777231309e+00
1.048052410914809052e+00
1.056935206547600314e+00
1.067272896072368749e+00
1.079248857549925278e+00
1.093054560580634327e+00
1.108885228184915084e+00
1.126933843406426883e+00
1.147383211214858534e+00
1.170395794194539763e+00
1.196101073418899707e+00
1.224580254044185912e+00
1.255848251232118740e+00
1.289833071081201155e+00
1.326352959547735244e+00
1.365092044395720405e+00
1.405575648196412342e+00
1.447146994986534985e+00
1.488947631547613337e+00
1.529904458886214735e+00
1.568726702757700542e+00
1.603916313980495278e+00
1.633795114863225484e+00
1.656551631908025790e+00
1.670310454905671982e+00
1.673227951327986407e+00
1.663620936824551588e+00
1.640138863427576421e+00
1.601991683661929011e+00
1.549237454764234245e+00
1.483107418046595516e+00
1.406299580366653146e+00
1.323118517539292105e+00
1.239310253979175158e+00
1.161467764482499998e+00
1.095964810132465272e+00
1.047463163756989335e+00
1.017053679073325334e+00
1.000000000000000000e+00
