1.000000000000000000e+00
9.357626724842886823e-01
9.345242558520238108e-01
1.002244104918024403e+00
1.117080562549920941e+00
1.249310493069397454e+00
1.373202498610357036e+00
1.472454938303289662e+00
1.540902622943930655e+00
1.580347894983099799e+00
1.597283600433900830e+00
1.599809881811778745e+00
1.595405564172550417e+00
1.589683712979002239e+00
1.585969725865910229e+00
1.585449916441723284e+00
1.587651021767593207e+00
1.591055232852026879e+00
1.593703831417592642e+00
1.593691528253344369e+00
1.589502259493839720e+00
1.580180429661444119e+00
1.565362924506816578e+00
1.545213317689314136e+00
1.520301924176259867e+00
1.491468273375962106e+00
1.459691428471602048e+00
1.425982437222079069e+00
1.391304321165067304e+00
1.356519083212139876e+00
1.322357955109067396e+00
1.289409824648973357e+00
1.258122748791910217e+00
1.228814084005949381e+00
1.201685646049219791e+00
1.176841208806217010e+00
1.154304445649021016e+00
1.134036062684675494e+00
1.115949368838835554e+00
1.099923890531346649e+00
1.085816892980555393e+00
1.073472840103562476e+00
1.062730931676480584e+00
1.053430917085467211e+00
1.045417413084093639e+00
1.038542958718229547e+00
1.032670031651235609e+00
1.027672232169712929e+00
1.023434818274414626e+00
1.019854750376151697e+00
1.016840379231132685e+00
1.014310887185545518e+00
1.012195571360083868e+00
1.010433038513430359e+00
1.008970365127729973e+00
1.007762262715727886e+00
1.006770277292619920e+00
1.005962043145819163e+00
1.005310604197920510e+00
1.004793811107816959e+00
1.004393798517738468e+00
1.004096544275172365e+00
1.003891510810140941e+00
1.003771367928956382e+00
1.003731795922453873e+00
1.003771367928956826e+00
1.003891510810141163e+00
1.004096544275173253e+00
1.004393798517739356e+00
1.004793811107818291e+00
1.005310604197922508e+00
1.005962043145822049e+00
1.006770277292622806e+00
1.007762262715732327e+00
1.008970365127735080e+00
1.010433038513436355e+00
1.012195571360091639e+00
1.014310887185555066e+00
1.016840379231144897e+00
1.019854750376166574e+00
1.023434818274433278e+00
1.027672232169735578e+00
1.032670031651264475e+00
1.038542958718264408e+00
1.045417413084137381e+00
1.053430917085522278e+00
1.062730931676548751e+00
1.073472840103647297e+00
1.085816892980660420e+00
1.099923890531476545e+00
1.115949368838997868e+00
1.134036062684877333e+00
1.154304445649272814e+00
1.176841208806528094e+00
1.201685646049606593e+00
1.228814084006431218e+00
1.258122748792508405e+00
1.289409824649723424e+00
1.322357955110001759e+00
1.356519083213307164e+00
1.391304321166528801e+00
1.425982437223904720e+00
1.459691428473888442e+00
1.491468273378822706e+00
1.520301924179839448e+00
1.545213317693786559e+00
1.565362924512394338e+00
1.580180429668378572e+00
1.589502259502422188e+00
1.593691528263903034e+00
1.593703831430489437e+00
1.591055232867635061e+00
1.587651021786280037e+00
1.585449916463809394e+00
1.585969725891631876e+00
1.589683713008460675e+00
1.595405564205650162e+00
1.599809881848181625e+00
1.597283600472989562e+00
1.580347895023953564e+00
1.540902622985355519e+00
1.472454938343863207e+00
1.373202498648550707e+00
1.249310493103703124e+00
1.117080562578983027e+00
1.002244104940736014e+00
9.345242558675823652e-01
9.357626724921864758e-01
1.000000000000000000e+00
