1.000000000000000000e+00
8.910001512813688906e-01
8.798167487018853095e-01
9.650982282709986704e-01
1.106303345612120959e+00
1.259447052017774737e+00
1.393520279688055252e+00
1.493905907315078663e+00
1.558814943720496116e+00
1.593638221822460954e+00
1.606257048018367550e+00
1.604359788549569732e+00
1.594429294217653004e+00
1.581588105852144821e+00
1.569657677281771191e+00
1.561165616548695345e+00
1.557317803686558477e+00
1.558050041934698093e+00
1.562235251950533144e+00
1.568036044459131029e+00
1.573326447671103967e+00
1.576087534243560961e+00
1.574703379078521426e+00
1.568124484739354507e+00
1.555904509020690218e+00
1.538140876969805948e+00
1.515358514916359756e+00
1.488372537453367173e+00
1.458156159877773472e+00
1.425729335111979523e+00
1.392074546316812267e+00
1.358079907993988256e+00
1.324506144818270892e+00
1.291972500881680475e+00
1.260956455559752776e+00
1.231802676049090328e+00
1.204737493272036497e+00
1.179886087968126107e+00
1.157290383386361921e+00
1.136926307017700699e+00
1.118719599237163020e+00
1.102559726916486849e+00
1.088311728588589489e+00
1.075825998836897002e+00
1.064946134760557550e+00
1.055515034322913159e+00
1.047379469040129685e+00
1.040393362450331649e+00
1.034419999107419441e+00
1.029333372371124877e+00
1.025018857312136378e+00
1.021373370683841042e+00
1.018305155256732375e+00
1.015733302279433481e+00
1.013587104296691299e+00
1.011805311494808679e+00
1.010335348346526496e+00
1.009132533575695989e+00
1.008159335209783292e+00
1.007384683505844869e+00
1.006783357551589431e+00
1.006335456070105439e+00
1.006025959111424450e+00
1.005844384626063404e+00
1.005784542136439530e+00
1.005844384621818355e+00
1.006025959102719636e+00
1.006335456056501654e+00
1.006783357532397893e+00
1.007384683480101906e+00
1.008159335176199489e+00
1.009132533532598019e+00
1.010335348291771851e+00
1.011805311425696186e+00
1.013587104209825673e+00
1.015733302170567676e+00
1.018305155120577066e+00
1.021373370513804835e+00
1.025018857100029157e+00
1.029333372106770783e+00
1.034419998778184580e+00
1.040393362040528791e+00
1.047379468530285074e+00
1.055515033688840143e+00
1.064946133972209052e+00
1.075825997856920679e+00
1.088311727370511184e+00
1.102559725402428636e+00
1.118719597354955297e+00
1.136926304677223554e+00
1.157290380474905067e+00
1.179886084344482056e+00
1.204737488758970576e+00
1.231802670423726376e+00
1.260956448541303399e+00
1.291972492115802895e+00
1.324506133857127788e+00
1.358079894271011945e+00
1.392074529114870618e+00
1.425729313523692587e+00
1.458156132756600165e+00
1.488372503354409071e+00
1.515358472026467451e+00
1.538140823027750681e+00
1.555904441230297808e+00
1.568124399681565029e+00
1.574703272632629769e+00
1.576087401533175392e+00
1.573326283056044828e+00
1.568035841599721092e+00
1.562235003973812208e+00
1.558049741731870608e+00
1.557317444366059123e+00
1.561165192059159601e+00
1.569657183203353013e+00
1.581587540331395925e+00
1.594428658987193881e+00
1.604359089925377679e+00
1.606256297705684233e+00
1.593637437300501336e+00
1.558814147950678741e+00
1.493905127577688008e+00
1.393519545539831705e+00
1.259446392660250824e+00
1.106302787248904185e+00
9.650977921187244846e-01
8.798164500802251320e-01
8.909999997376034653e-01
1.000000000000000000e+00
