1.000000000000000000e+00
1.056278159303658537e+00
1.111913785903308138e+00
1.165816644307350991e+00
1.216495236909235667e+00
1.262229238300251355e+00
1.301316824307634068e+00
1.332332951907612362e+00
1.354337476586284117e+00
1.366991102946688130e+00
1.370565655448854336e+00
1.365862592251597007e+00
1.354071565883212758e+00
1.336606002192745501e+00
1.314947268043294093e+00
1.290517987616948359e+00
1.264593369068153672e+00
1.238250190041832566e+00
1.212347492715522668e+00
1.187530732804220390e+00
1.164251130217524244e+00
1.142793239066349331e+00
1.123305486613635606e+00
1.105830126215661791e+00
1.090330465872772159e+00
1.076714299328787927e+00
1.064853201472157895e+00
1.054597814323073868e+00
1.045789512553628731e+00
1.038268959716268425e+00
1.031882097192019954e+00
1.026484083623603549e+00
1.021941648655513291e+00
1.018134258025709338e+00
1.014954418040968420e+00
1.012307382419783686e+00
1.010110466629388082e+00
1.008292125473242207e+00
1.006790908906645354e+00
1.005554378289729378e+00
1.004538039601269084e+00
1.003704330476160145e+00
1.003021683241128947e+00
1.002463675434259072e+00
1.002008271748825452e+00
1.001637156214870039e+00
1.001335150125784113e+00
1.001089709250895687e+00
1.000890492870821324e+00
1.000728996838485152e+00
1.000598242984620301e+00
1.000492517588721375e+00
1.000407152206491901e+00
1.000338340798649028e+00
1.000282987786224043e+00
1.000238582326163472e+00
1.000203094734726461e+00
1.000174891571537161e+00
1.000152666428397952e+00
1.000135383942983180e+00
1.000122234980731495e+00
1.000112601302870941e+00
1.000106028370413513e+00
1.000102205229142172e+00
1.000100950685966605e+00
1.000102205229142172e+00
1.000106028370413513e+00
1.000112601302870941e+00
1.000122234980731495e+00
1.000135383942983180e+00
1.000152666428397952e+00
1.000174891571537161e+00
1.000203094734726461e+00
1.000238582326163472e+00
1.000282987786224043e+00
1.000338340798649028e+00
1.000407152206491901e+00
1.000492517588721375e+00
1.000598242984620301e+00
1.000728996838485152e+00
1.000890492870821324e+00
1.001089709250895687e+00
1.001335150125784113e+00
1.001637156214870039e+00
1.002008271748825452e+00
1.002463675434259072e+00
1.003021683241128947e+00
1.003704330476160145e+00
1.004538039601269084e+00
1.005554378289729378e+00
1.006790908906645354e+00
1.008292125473242207e+00
1.010110466629388082e+00
1.012307382419783686e+00
1.014954418040968198e+00
1.018134258025709338e+00
1.021941648655513291e+00
1.026484083623603549e+00
1.031882097192019954e+00
1.038268959716268425e+00
1.045789512553628953e+00
1.054597814323073646e+00
1.064853201472158339e+00
1.076714299328787705e+00
1.090330465872772159e+00
1.105830126215661569e+00
1.123305486613635606e+00
1.142793239066349997e+00
1.164251130217523800e+00
1.187530732804219946e+00
1.212347492715522668e+00
1.238250190041832566e+00
1.264593369068153006e+00
1.290517987616947471e+00
1.314947268043293427e+00
1.336606002192745279e+00
1.354071565883211647e+00
1.365862592251595897e+00
1.370565655448854336e+00
1.366991102946687686e+00
1.354337476586282785e+00
1.332332951907611029e+00
1.301316824307633402e+00
1.262229238300251799e+00
1.216495236909235222e+00
1.165816644307350547e+00
1.111913785903308582e+00
1.056278159303658315e+00
1.000000000000000000e+00
