1.000000000000000000e+00
1.003928231759195766e+00
1.026508638272870089e+00
1.073316511579062160e+00
1.141656286521147701e+00
1.224376694780906272e+00
1.312844418869926200e+00
1.399090394266051529e+00
1.477066955501302514e+00
1.543047460074648436e+00
1.595372774290377160e+00
1.633862143618875384e+00
1.659190501051651223e+00
1.672419722827557687e+00
1.674735895605096170e+00
1.667350916749715362e+00
1.651493106155182300e+00
1.628422012893630200e+00
1.599430845120880074e+00
1.565826160175866510e+00
1.528890285340649857e+00
1.489837506072875906e+00
1.449774056659850263e+00
1.409668224441078754e+00
1.370332989843732197e+00
1.332420743525160489e+00
1.296427982262994494e+00
1.262707262391489449e+00
1.231483730898912388e+00
1.202873945101294417e+00
1.176905210102188626e+00
1.153534177280831630e+00
1.132663892272292028e+00
1.114158835240446122e+00
1.097857760840595498e+00
1.083584331828365999e+00
1.071155663761824028e+00
1.060388973215328434e+00
1.051106560985897387e+00
1.043139375202636998e+00
1.036329395122287167e+00
1.030531060897897921e+00
1.025611952388491233e+00
1.021452894546501788e+00
1.017947640511588370e+00
1.015002257922494655e+00
1.012534320209427463e+00
1.010471983370389459e+00
1.008753010253620408e+00
1.007323788711077972e+00
1.006138377036262854e+00
1.005157599632325205e+00
1.004348207594888631e+00
1.003682112536766091e+00
1.003135697229899481e+00
1.002689203211154068e+00
1.002326193139111421e+00
1.002033084175847355e+00
1.001798747812191914e+00
1.001614171199803449e+00
1.001472175071675297e+00
1.001367183623212309e+00
1.001295042210963659e+00
1.001252879345407409e+00
1.001239010164710397e+00
1.001252879345407409e+00
1.001295042210963659e+00
1.001367183623212309e+00
1.001472175071675297e+00
1.001614171199803449e+00
1.001798747812191914e+00
1.002033084175847355e+00
1.002326193139111421e+00
1.002689203211154068e+00
1.003135697229899481e+00
1.003682112536766091e+00
1.004348207594888631e+00
1.005157599632325205e+00
1.006138377036262854e+00
1.007323788711077972e+00
1.008753010253620408e+00
1.010471983370389459e+00
1.012534320209427685e+00
1.015002257922494211e+00
1.017947640511588370e+00
1.021452894546501788e+00
1.025611952388491233e+00
1.030531060897897699e+00
1.036329395122287167e+00
1.043139375202637220e+00
1.051106560985897387e+00
1.060388973215328434e+00
1.071155663761824028e+00
1.083584331828365777e+00
1.097857760840595276e+00
1.114158835240446122e+00
1.132663892272290695e+00
1.153534177280831186e+00
1.176905210102188404e+00
1.202873945101293973e+00
1.231483730898912832e+00
1.262707262391488561e+00
1.296427982262994716e+00
1.332420743525159601e+00
1.370332989843731530e+00
1.409668224441078088e+00
1.449774056659849819e+00
1.489837506072876794e+00
1.528890285340650301e+00
1.565826160175864512e+00
1.599430845120880962e+00
1.628422012893629534e+00
1.651493106155180968e+00
1.667350916749713807e+00
1.674735895605093061e+00
1.672419722827558131e+00
1.659190501051651445e+00
1.633862143618874274e+00
1.595372774290375606e+00
1.543047460074646438e+00
1.477066955501301626e+00
1.399090394266049753e+00
1.312844418869924867e+00
1.224376694780906050e+00
1.141656286521147479e+00
1.073316511579060828e+00
1.026508638272868312e+00
1.003928231759193324e+00
1.000000000000000000e+00
