1.000000000000000000e+00
7.507116368277755303e-01
7.860301060877484813e-01
9.730162671038466993e-01
1.168028565941499508e+00
1.314501352453566696e+00
1.414143339210474748e+00
1.483712433113958618e+00
1.534343757099225547e+00
1.569999608658959822e+00
1.592201954796693242e+00
1.603235676672315480e+00
1.606373602854820337e+00
1.604628969308776298e+00
1.599692518073128733e+00
1.591816839340688849e+00
1.580545083989110644e+00
1.565722446507454624e+00
1.548206642023274515e+00
1.529966222461307312e+00
1.513605898800199467e+00
1.501601412558313919e+00
1.495585938427119732e+00
1.495935815070404074e+00
1.501740789440232149e+00
1.511096473699691023e+00
1.521573340254425810e+00
1.530705476852627811e+00
1.536382606760334113e+00
1.537089204293300648e+00
1.531988730151540690e+00
1.520885494807736160e+00
1.504109870911172209e+00
1.482370104059338223e+00
1.456603357858720305e+00
1.427846060627288471e+00
1.397132775805708604e+00
1.365425128092420781e+00
1.333567770194225011e+00
1.302266288546456874e+00
1.272081490775864188e+00
1.243434981103476167e+00
1.216621803604245322e+00
1.191826901740187683e+00
1.169143037191560097e+00
1.148588559755097327e+00
1.130124007258372476e+00
1.113666952759032158e+00
1.099104829810320316e+00
1.086305681362695896e+00
1.075126917649907643e+00
1.065422252938186265e+00
1.057047035958069259e+00
1.049862206213662219e+00
1.043737107216520021e+00
1.038551374712356923e+00
1.034196098034489752e+00
1.030574429314595086e+00
1.027601790834373308e+00
1.025205806928565444e+00
1.023326064555545312e+00
1.021913786479659692e+00
1.020931483160597564e+00
1.020352633869304526e+00
1.020161434019794644e+00
1.020352633869110459e+00
1.020931483160200326e+00
1.021913786479045516e+00
1.023326064554695547e+00
1.025205806927449004e+00
1.027601790832952666e+00
1.030574429312828721e+00
1.034196098032320821e+00
1.038551374709731023e+00
1.043737107213362325e+00
1.049862206209899451e+00
1.057047035953623038e+00
1.065422252932962222e+00
1.075126917643809410e+00
1.086305681355612229e+00
1.099104829802135974e+00
1.113666952749608363e+00
1.130124007247552687e+00
1.148588559742671267e+00
1.169143037177259536e+00
1.191826901723620491e+00
1.216621803584845729e+00
1.243434981080405732e+00
1.272081490747861920e+00
1.302266288511633174e+00
1.333567770149748810e+00
1.365425128034136515e+00
1.397132775727564891e+00
1.427846060520602700e+00
1.456603357711234725e+00
1.482370103854061094e+00
1.504109870624983802e+00
1.520885494409842442e+00
1.531988729601867272e+00
1.537089203540995097e+00
1.536382605742657725e+00
1.530705475494378520e+00
1.521573338468065417e+00
1.511096471385931395e+00
1.501740786488478641e+00
1.495935811357886225e+00
1.495585933815408941e+00
1.501601406886376333e+00
1.513605891874707954e+00
1.529966214047433937e+00
1.548206631841721137e+00
1.565722434244302352e+00
1.580545069322468743e+00
1.591816821982040331e+00
1.599692497814484859e+00
1.604628946064544870e+00
1.606373576692982974e+00
1.603235647839765798e+00
1.592201923747685655e+00
1.569999576084923021e+00
1.534343723939602944e+00
1.483712400521843611e+00
1.414143308466343729e+00
1.314501324845834374e+00
1.168028542635867639e+00
9.730162490181213375e-01
7.860300938121737024e-01
7.507116306458571087e-01
1.000000000000000000e+00
