1.000000000000000000e+00
8.982791093704206586e-01
8.879028830194753974e-01
9.695084065686462305e-01
1.106350779191399791e+00
1.256888984423579325e+00
1.390558196218167453e+00
1.491871976422565194e+00
1.557877888179167059e+00
1.593229993871947636e+00
1.605715242921149200e+00
1.603393817506716834e+00
1.593256252088397051e+00
1.580785986732607507e+00
1.569881409923458593e+00
1.562873801625703774e+00
1.560605894486849943e+00
1.562619819992975279e+00
1.567477924928144750e+00
1.573178803789172298e+00
1.577589299843636939e+00
1.578810750011141462e+00
1.575425849489622498e+00
1.566611336060047321e+00
1.552134083079342419e+00
1.532265962135192394e+00
1.507656203224803315e+00
1.479193716805067504e+00
1.447881499334032096e+00
1.414734965869914873e+00
1.380708011278374059e+00
1.346645378170247431e+00
1.313257166778886598e+00
1.281110369668769122e+00
1.250632459159420229e+00
1.222122754780510023e+00
1.195768190147222354e+00
1.171660974770447394e+00
1.149816406232810451e+00
1.130189698605526427e+00
1.112691156977927198e+00
1.097199364937003541e+00
1.083572286107375993e+00
1.071656335897938073e+00
1.061293575561024882e+00
1.052327233832416775e+00
1.044605784446918983e+00
1.037985810326472080e+00
1.032333874391214934e+00
1.027527598025342659e+00
1.023456125055686172e+00
1.020020124371290526e+00
1.017131459874956123e+00
1.014712633514005313e+00
1.012696086405802331e+00
1.011023424914257340e+00
1.009644623053462587e+00
1.008517239724317172e+00
1.007605678848030983e+00
1.006880512198698341e+00
1.006317878377191333e+00
1.005898966624356961e+00
1.005609590766325390e+00
1.005439856259014331e+00
1.005383921816713544e+00
1.005439856255122333e+00
1.005609590758344662e+00
1.005898966611884937e+00
1.006317878359596296e+00
1.006880512175097886e+00
1.007605678817243389e+00
1.008517239684807665e+00
1.009644623003268737e+00
1.011023424850903352e+00
1.012696086326176692e+00
1.014712633414217136e+00
1.017131459750158173e+00
1.020020124215445190e+00
1.023456124861291006e+00
1.027527597783079338e+00
1.032333874089514492e+00
1.037985809950974225e+00
1.044605783979802638e+00
1.052327233251554528e+00
1.061293574838938047e+00
1.071656335000482407e+00
1.083572284992087909e+00
1.097199363551028206e+00
1.112691155255398412e+00
1.130189696464247939e+00
1.149816403570055989e+00
1.171660971457614497e+00
1.195768186023026924e+00
1.222122749642305273e+00
1.250632452752125534e+00
1.281110361670762421e+00
1.313257156784036761e+00
1.346645365665181115e+00
1.380707995613794647e+00
1.414734946224854850e+00
1.447881474671758539e+00
1.479193685819672144e+00
1.507656164278051270e+00
1.532265913184236883e+00
1.552134021597830094e+00
1.566611258957881558e+00
1.575425753040565979e+00
1.578810629802267496e+00
1.577589150765974058e+00
1.573178620093810931e+00
1.567477700375163208e+00
1.562619548120472546e+00
1.560605569022835759e+00
1.562873417055985703e+00
1.569880962213551223e+00
1.580785474179898342e+00
1.593255676249773156e+00
1.603393184103498958e+00
1.605714562568197668e+00
1.593229282423584081e+00
1.557877166461749452e+00
1.491871269178008053e+00
1.390557530252913176e+00
1.256888386226933108e+00
1.106350272546419822e+00
9.695080107532528801e-01
8.879026119771400438e-01
8.982789718088690645e-01
1.000000000000000000e+00
