1.000000000000000000e+00
7.778609523679010929e-01
7.958435475605412091e-01
9.641053288891003881e-01
1.158378678290450381e+00
1.314095385386883308e+00
1.420610196382710910e+00
1.490388230694402738e+00
1.537341727607294706e+00
1.569793146012454121e+00
1.591603275966440689e+00
1.604778133747599922e+00
1.610747069135323839e+00
1.610487455842642079e+00
1.604499819809910521e+00
1.593156462232105941e+00
1.577282906546259245e+00
1.558559907395004496e+00
1.539467958386112612e+00
1.522790981994420756e+00
1.510919568132960578e+00
1.505248923307509701e+00
1.505877939877805272e+00
1.511666059288711450e+00
1.520573070511600289e+00
1.530137778186868136e+00
1.537949386390168094e+00
1.542008698422061341e+00
1.540934770412046628e+00
1.534022643637882100e+00
1.521187831334644081e+00
1.502843127422613501e+00
1.479749021004871601e+00
1.452867848581617771e+00
1.423239501777186167e+00
1.391886258680486099e+00
1.359747248343237791e+00
1.327639025492040270e+00
1.296236999955884706e+00
1.266072218372410907e+00
1.237538559868611943e+00
1.210906312347633795e+00
1.186339056812591775e+00
1.163911656041375142e+00
1.143627861553755176e+00
1.125436610183033093e+00
1.109246494321270760e+00
1.094938182895237588e+00
1.082374769155860728e+00
1.071410149430316983e+00
1.061895613050134468e+00
1.053684862650803744e+00
1.046637697347043927e+00
1.040622587477375349e+00
1.035518355000647928e+00
1.031215152810803337e+00
1.027614912493375332e+00
1.024631405653745997e+00
1.022190040416298684e+00
1.020227492961993443e+00
1.018691254545780467e+00
1.017539157502539870e+00
1.016738929270717406e+00
1.016267811235244789e+00
1.016112268907178429e+00
1.016267811236367002e+00
1.016738929273021785e+00
1.017539157506149428e+00
1.018691254550889047e+00
1.020227492968875271e+00
1.022190040425318136e+00
1.024631405665384243e+00
1.027614912508249656e+00
1.031215152829709769e+00
1.035518355024578563e+00
1.040622587507598951e+00
1.046637697385161436e+00
1.053684862698822222e+00
1.061895613110585668e+00
1.071410149506376142e+00
1.082374769251531754e+00
1.094938183015548017e+00
1.109246494472552191e+00
1.125436610373241608e+00
1.143627861792924527e+00
1.163911656342144552e+00
1.186339057190918700e+00
1.210906312823686104e+00
1.237538560467918769e+00
1.266072219127343912e+00
1.296237000907549675e+00
1.327639026692769120e+00
1.359747249859755813e+00
1.391886260598036440e+00
1.423239504204849570e+00
1.452867851659179310e+00
1.479749024911604538e+00
1.502843132388493430e+00
1.521187837654463637e+00
1.534022651688812910e+00
1.540934780675066618e+00
1.542008711507353746e+00
1.537949403066279697e+00
1.530137799412496280e+00
1.520573097467997403e+00
1.511666093409379741e+00
1.505877982870970522e+00
1.505248977165873026e+00
1.510919635124749583e+00
1.522791064629554159e+00
1.539468059350861173e+00
1.558560029446873330e+00
1.577283052357610904e+00
1.593156634167638197e+00
1.604500019623847251e+00
1.610487684292761568e+00
1.610747325537384311e+00
1.604778415532620128e+00
1.591603578340496261e+00
1.569793461833830284e+00
1.537342047574446147e+00
1.490388543880464933e+00
1.420610491070655623e+00
1.314095650068684229e+00
1.158378902621428841e+00
9.641055043855314421e-01
7.958436679329188301e-01
7.778610135442143303e-01
1.000000000000000000e+00
