1.000000000000000000e+00
7.925753258914842725e-01
8.025379865044047767e-01
9.592232670147561313e-01
1.150045121362980316e+00
1.308927094944574154e+00
1.419404752124365565e+00
1.490658107448338487e+00
1.536915785510341692e+00
1.568319299878000450e+00
1.589974311065478041e+00
1.603858933022844990e+00
1.610550935821262408e+00
1.610175838895562483e+00
1.602970742519916669e+00
1.589752293578660991e+00
1.572222780072580095e+00
1.552931838676412601e+00
1.534849375135391769e+00
1.520705289496643964e+00
1.512353697402871733e+00
1.510383622316505026e+00
1.514074771810280051e+00
1.521662690982860111e+00
1.530788952492614374e+00
1.538988548457474126e+00
1.544096069510611624e+00
1.544507089001297739e+00
1.539285013237558619e+00
1.528140710576526562e+00
1.511328635527940722e+00
1.489503113072260909e+00
1.463569076980465677e+00
1.434549254954034403e+00
1.403478650224250446e+00
1.371328976423847434e+00
1.338960671507167577e+00
1.307097662118918313e+00
1.276319358129305748e+00
1.247064693043185901e+00
1.219643847297205763e+00
1.194254252385840154e+00
1.170998383606433491e+00
1.149901622043732363e+00
1.130929078727270110e+00
1.114000734680556048e+00
1.099004582576696087e+00
1.085807684933620232e+00
1.074265214416687986e+00
1.064227634271565304e+00
1.055546227470788967e+00
1.048077204387059647e+00
1.041684620186644317e+00
1.036242321706587033e+00
1.031635124491918853e+00
1.027759397628995375e+00
1.024523209622100639e+00
1.021846164587802086e+00
1.019659035616281573e+00
1.017903281925469638e+00
1.016530518715970777e+00
1.015501993470474762e+00
1.014788109700817786e+00
1.014368028576805747e+00
1.014229370144291043e+00
1.014368028576767777e+00
1.014788109700741847e+00
1.015501993470361297e+00
1.016530518715816234e+00
1.017903281925276238e+00
1.019659035616048870e+00
1.021846164587533190e+00
1.024523209621798880e+00
1.027759397628676741e+00
1.031635124491592448e+00
1.036242321706280611e+00
1.041684620186398735e+00
1.048077204386924421e+00
1.055546227470835374e+00
1.064227634271880163e+00
1.074265214417388759e+00
1.085807684934844364e+00
1.099004582578610778e+00
1.114000734683334493e+00
1.130929078731096160e+00
1.149901622048759231e+00
1.170998383612745997e+00
1.194254252393383009e+00
1.219643847305669437e+00
1.247064693051841644e+00
1.276319358136754012e+00
1.307097662122758797e+00
1.338960671503516275e+00
1.371328976406682276e+00
1.403478650184566412e+00
1.434549254878763280e+00
1.463569076851135131e+00
1.489503112863463263e+00
1.511328635205647197e+00
1.528140710096468347e+00
1.539285012543945896e+00
1.544507088026196184e+00
1.544096068174401815e+00
1.538988546670551960e+00
1.530788950158164852e+00
1.521662687999830066e+00
1.514074768074927579e+00
1.510383617720469474e+00
1.512353691826229474e+00
1.520705282796371849e+00
1.534849367132973708e+00
1.552931829151740217e+00
1.572222768772557844e+00
1.589752280245850802e+00
1.602970726939020540e+00
1.610175820947022940e+00
1.610550915527429128e+00
1.603858910576940300e+00
1.589974286843559348e+00
1.568319274440162614e+00
1.536915759594139841e+00
1.490658081949329583e+00
1.419404728053703435e+00
1.308927073350789838e+00
1.150045103208897412e+00
9.592232530317663652e-01
8.025379771008355201e-01
7.925753211928998621e-01
1.000000000000000000e+00
