1.000000000000000000e+00
8.418776706514442543e-01
8.353726583513018111e-01
9.543897126561211586e-01
1.124731693568365332e+00
1.286599780059153986e+00
1.411517861157812082e+00
1.496075956760859249e+00
1.549033276634012690e+00
1.580975013257257089e+00
1.599351337593228450e+00
1.607872645844933501e+00
1.608018814125226958e+00
1.600826287978305951e+00
1.588005604217947564e+00
1.572178660785066295e+00
1.556448978959873886e+00
1.543677362937406761e+00
1.535815211719804507e+00
1.533525490486863374e+00
1.536165658978517090e+00
1.542074095694469626e+00
1.549025859482640044e+00
1.554711368386651582e+00
1.557126328779992352e+00
1.554816332313522453e+00
1.546971005689246725e+00
1.533396801303137158e+00
1.514411785844339109e+00
1.490704630608516768e+00
1.463190381210384583e+00
1.432883530490690172e+00
1.400798216814221453e+00
1.367877616035636734e+00
1.334949908289598808e+00
1.302705974053202320e+00
1.271693409110551176e+00
1.242321838067039108e+00
1.214875335787263255e+00
1.189528711008764450e+00
1.166365289920768156e+00
1.145394582170476072e+00
1.126568798385223058e+00
1.109797627596644354e+00
1.094960997939244285e+00
1.081919760260083629e+00
1.070524375328932631e+00
1.060621770874834002e+00
1.052060580353282315e+00
1.044694993217972545e+00
1.038387445611897109e+00
1.033010367538480301e+00
1.028447182647457714e+00
1.024592733307568837e+00
1.021353279118769830e+00
1.018646193116665932e+00
1.016399457712316545e+00
1.014551042509109546e+00
1.013048228832323261e+00
1.011846931146078044e+00
1.010911053405802562e+00
1.010211908585122886e+00
1.009727721845833148e+00
1.009443231776248284e+00
1.009349399484581911e+00
1.009443231775538630e+00
1.009727721844378312e+00
1.010211908582852924e+00
1.010911053402600679e+00
1.011846931141788142e+00
1.013048228826732178e+00
1.014551042501944167e+00
1.016399457703226483e+00
1.018646193105214204e+00
1.021353279104397327e+00
1.024592733289588775e+00
1.028447182625016776e+00
1.033010367510509342e+00
1.038387445577071855e+00
1.044694993174643205e+00
1.052060580299403858e+00
1.060621770807857134e+00
1.070524375245684556e+00
1.081919760156606403e+00
1.094960997810587422e+00
1.109797627436609924e+00
1.126568798186034392e+00
1.145394581922350552e+00
1.166365289611370537e+00
1.189528710622497654e+00
1.214875335304345993e+00
1.242321837462336820e+00
1.271693408352037258e+00
1.302705973099988590e+00
1.334949907089393539e+00
1.367877614521512131e+00
1.400798214900488281e+00
1.432883528067746104e+00
1.463190378138319758e+00
1.490704626709368430e+00
1.514411780892925385e+00
1.533396795016501057e+00
1.546970997715019447e+00
1.554816322217662528e+00
1.557126316034715519e+00
1.554711352359549714e+00
1.549025839428164186e+00
1.542074070749106518e+00
1.536165628161137997e+00
1.533525452706371972e+00
1.535815165793440684e+00
1.543677307625215933e+00
1.556448913023191771e+00
1.572178583078450265e+00
1.588005513822779324e+00
1.600826184380846007e+00
1.608018697431152333e+00
1.607872517007324031e+00
1.599351198614116454e+00
1.580974867308876153e+00
1.549033128040985696e+00
1.496075810794505134e+00
1.411517723625065557e+00
1.286599656725277763e+00
1.124731589530557185e+00
9.543896318508965360e-01
8.353726033666023509e-01
8.418776428824017444e-01
1.000000000000000000e+00
