1.000000000000000000e+00
8.389400533485653622e-01
8.336161546648139797e-01
9.555612186079357473e-01
1.127994751915064153e+00
1.290257814773415612e+00
1.414370722749911602e+00
1.497820548434020571e+00
1.550014158070642800e+00
1.581765980576991470e+00
1.600451145683049248e+00
1.609565871227119915e+00
1.610345319779789008e+00
1.603604779641861988e+00
1.590890794497645810e+00
1.574747161745807755e+00
1.558301950623350862e+00
1.544536146279535505e+00
1.535584400861609966e+00
1.532308392727308677e+00
1.534233251964380429e+00
1.539802170631453304e+00
1.546821078857218090e+00
1.552945098131190971e+00
1.556088209688081037e+00
1.554691453298084447e+00
1.547838128650522727e+00
1.535241591673279782e+00
1.517148226647340614e+00
1.494198811131484783e+00
1.467282634424345256e+00
1.437406696320442379e+00
1.405591236714881731e+00
1.372794606351232183e+00
1.339865368138758894e+00
1.307516974917983354e+00
1.276319607601607897e+00
1.246704045386557880e+00
1.218973231223004827e+00
1.193318139863752014e+00
1.169835457129687617e+00
1.148545348098419350e+00
1.129408203015357381e+00
1.112339710509085311e+00
1.097223940181991653e+00
1.083924346491569990e+00
1.072292757062576207e+00
1.062176501512361870e+00
1.053423887798603964e+00
1.045888254578173582e+00
1.039430829592786987e+00
1.033922612728503720e+00
1.029245483302564823e+00
1.025292708036403821e+00
1.021969001701124924e+00
1.019190268355791629e+00
1.016883128591820729e+00
1.014984317926242108e+00
1.013440023782926414e+00
1.012205213443465146e+00
1.011242992846733912e+00
1.010524025962124650e+00
1.010026036382579262e+00
1.009733406467903105e+00
1.009636884491124320e+00
1.009733406470929573e+00
1.010026036388787185e+00
1.010524025971836437e+00
1.011242992860443612e+00
1.012205213461875530e+00
1.013440023806974066e+00
1.014984317957149607e+00
1.016883128631148381e+00
1.019190268405526290e+00
1.021969001763755269e+00
1.025292708115064899e+00
1.029245483401183936e+00
1.033922612851981837e+00
1.039430829747252760e+00
1.045888254771279335e+00
1.053423888039913825e+00
1.062176501813825169e+00
1.072292757439143207e+00
1.083924346961953944e+00
1.097223940769647132e+00
1.112339711243454543e+00
1.129408203933462307e+00
1.148545349246898217e+00
1.169835458567421771e+00
1.193318141665241416e+00
1.218973233482730567e+00
1.246704048224646089e+00
1.276319611171141677e+00
1.307516979414484970e+00
1.339865373812442639e+00
1.372794613522812845e+00
1.405591245795827726e+00
1.437406707838782216e+00
1.467282649057156885e+00
1.494198829745274182e+00
1.517148250347288840e+00
1.535241621861812567e+00
1.547838167094794048e+00
1.554691502204353926e+00
1.556088271778844678e+00
1.552945176718089959e+00
1.546821177899520894e+00
1.539802294766736024e+00
1.534233406495136620e+00
1.532308583545067826e+00
1.535584634288172490e+00
1.544536428802853800e+00
1.558302288503187638e+00
1.574747560464244023e+00
1.590891258037697709e+00
1.603605309603230999e+00
1.610345914391038358e+00
1.609566524385210862e+00
1.600451846223143848e+00
1.581766712011867693e+00
1.550014899005418334e+00
1.497821273745522985e+00
1.414371405441404494e+00
1.290258428218344244e+00
1.127995272051119491e+00
9.555616256172655421e-01
8.336164338477578539e-01
8.389401952287067754e-01
1.000000000000000000e+00
