1.000000000000000000e+00
8.547257164984991551e-01
8.461121808222673568e-01
9.560985361490133005e-01
1.119867956049250379e+00
1.281125294510502499e+00
1.409845186878867729e+00
1.499268416609992105e+00
1.555504642346764665e+00
1.588072238927066060e+00
1.604690411907450098e+00
1.610061496347078736e+00
1.606852584076446266e+00
1.597140892349758090e+00
1.583328103914643847e+00
1.568274063673816610e+00
1.554862929354305923e+00
1.545376593251312380e+00
1.541001872484621282e+00
1.541648835790455196e+00
1.546097632155225332e+00
1.552377338473326596e+00
1.558234088283984242e+00
1.561558906727652962e+00
1.560693243510666406e+00
1.554584849354545550e+00
1.542809222883363862e+00
1.525494830987085715e+00
1.503195427584643973e+00
1.476746347111455915e+00
1.447130296590602327e+00
1.415366731755038687e+00
1.382429875253067486e+00
1.349194503642706877e+00
1.316405442391556102e+00
1.284665514646931017e+00
1.254436730717876758e+00
1.226050183126043969e+00
1.199721025613545322e+00
1.175565829963590492e+00
1.153620417279459076e+00
1.133856910047134292e+00
1.116199248085647300e+00
1.100536774339387902e+00
1.086735750406716994e+00
1.074648831263885551e+00
1.064122635102298098e+00
1.055003604800838657e+00
1.047142385750613025e+00
1.040396950756661942e+00
1.034634694192040794e+00
1.029733700090293746e+00
1.025583366501364058e+00
1.022084544088836644e+00
1.019149322599686380e+00
1.016700575795587147e+00
1.014671354490499056e+00
1.013004198907169195e+00
1.011650425788177765e+00
1.010569432527392841e+00
1.009728049852865350e+00
1.009099966042305008e+00
1.008665238996661939e+00
1.008409907427451069e+00
1.008325708621555350e+00
1.008409907430729779e+00
1.008665239003388558e+00
1.009099966052826813e+00
1.009728049867715249e+00
1.010569432547332447e+00
1.011650425814218490e+00
1.013004198940630651e+00
1.014671354533067893e+00
1.016700575849404764e+00
1.019149322667441959e+00
1.022084544173908816e+00
1.025583366607984326e+00
1.029733700223743886e+00
1.034634694358920193e+00
1.040396950965205569e+00
1.047142386011108650e+00
1.055003605126132227e+00
1.064122635508450543e+00
1.074648831770989910e+00
1.086735751039942022e+00
1.100536775130307232e+00
1.116199249073937416e+00
1.133856911282745905e+00
1.153620418825413108e+00
1.175565831899570757e+00
1.199721028040546367e+00
1.226050186172390033e+00
1.254436734547001109e+00
1.284665519467462991e+00
1.316405448470351569e+00
1.349194511321672785e+00
1.382429884970728606e+00
1.415366744074045613e+00
1.447130312232400406e+00
1.476746366999460491e+00
1.503195452896999518e+00
1.525494863219589492e+00
1.542809263922201080e+00
1.554584901556759879e+00
1.560693309787988925e+00
1.561558990626138455e+00
1.558234194048287335e+00
1.552377471080754967e+00
1.546097797301392296e+00
1.541649039805947918e+00
1.541002122160308074e+00
1.545376895548479457e+00
1.554863290974459744e+00
1.568274490464148796e+00
1.583328600094416228e+00
1.597141459569710653e+00
1.606853220374892866e+00
1.610062195139954522e+00
1.604691161223812168e+00
1.588073021139428276e+00
1.555505434611325510e+00
1.499269192112141491e+00
1.409845916795175569e+00
1.281125950392529855e+00
1.119868512169174934e+00
9.560989713093652753e-01
8.461124793049369375e-01
8.547258681811086278e-01
1.000000000000000000e+00
