1.000000000000000000e+00
8.354428612600123261e-01
8.309913566415828567e-01
9.556220787112673642e-01
1.129855826671931851e+00
1.292202667274266803e+00
1.415259619637423860e+00
1.497457590630969060e+00
1.548846242291270991e+00
1.580439704701421810e+00
1.599514341898983893e+00
1.609344999583465663e+00
1.610923725305929644e+00
1.604841973233280594e+00
1.592468095469143696e+00
1.576243911857462043e+00
1.559296238793716372e+00
1.544706875982622352e+00
1.534785798759615405e+00
1.530597259502993079e+00
1.531846380711713085e+00
1.537096987681114912e+00
1.544200597466242941e+00
1.550787649732447093e+00
1.554695843174065617e+00
1.554262416955815240e+00
1.548461755228467851e+00
1.536909758920194546e+00
1.519776348369495267e+00
1.497650129352204429e+00
1.471391353719391670e+00
1.441997392788599841e+00
1.410493521715006526e+00
1.377853075060347487e+00
1.344945450332685866e+00
1.312507545582405122e+00
1.281133233761968304e+00
1.251275645648865176e+00
1.223257776843311939e+00
1.197287873181661189e+00
1.173476966549701794e+00
1.151856726812521048e+00
1.132396432170631240e+00
1.115018343776787102e+00
1.099611121638631284e+00
1.086041163278864241e+00
1.074161908838623392e+00
1.063821257283907196e+00
1.054867295016843398e+00
1.047152563622003818e+00
1.040537097632074914e+00
1.034890453481051908e+00
1.030092932663561278e+00
1.026036179462778142e+00
1.022623309224174326e+00
1.019768698939272911e+00
1.017397549102613263e+00
1.015445305158797717e+00
1.013857008741900767e+00
1.012586633438521178e+00
1.011596446908063385e+00
1.010856430675703743e+00
1.010343780507202860e+00
1.010042503668943104e+00
1.009943124243176227e+00
1.010042503671899849e+00
1.010343780513268008e+00
1.010856430685192819e+00
1.011596446921458448e+00
1.012586633456511009e+00
1.013857008765401302e+00
1.015445305189003555e+00
1.017397549141051405e+00
1.019768698987887356e+00
1.022623309285399129e+00
1.026036179539681736e+00
1.030092932759987701e+00
1.034890453601798654e+00
1.040537097783142517e+00
1.047152563810886061e+00
1.054867295252907011e+00
1.063821257578857482e+00
1.074161909207108412e+00
1.086041163739221549e+00
1.099611122213849601e+00
1.115018344495728231e+00
1.132396433069595032e+00
1.151856727937244695e+00
1.173476967957939321e+00
1.197287874946499242e+00
1.223257779057456585e+00
1.251275648430204335e+00
1.281133237260757562e+00
1.312507549990582723e+00
1.344945455895911968e+00
1.377853082093529746e+00
1.410493530622199065e+00
1.441997404088339430e+00
1.471391368076595541e+00
1.497650147617793470e+00
1.519776371628697165e+00
1.536909788549957634e+00
1.548461792963557349e+00
1.554262464961603474e+00
1.554695904121932371e+00
1.550787726870965555e+00
1.544200694678188102e+00
1.537097109513280158e+00
1.531846532361735180e+00
1.530597446745298296e+00
1.534786027790609797e+00
1.544707153163059621e+00
1.559296570263585924e+00
1.576244302998416114e+00
1.592468550197371213e+00
1.604842493131111381e+00
1.610924308650147907e+00
1.609345640399211241e+00
1.599515029239368946e+00
1.580440422389169708e+00
1.548846969325570200e+00
1.497458302347735470e+00
1.415260289534332250e+00
1.292203269217071515e+00
1.129856337048960713e+00
9.556224780799837948e-01
8.309916305821510862e-01
8.354430004758968131e-01
1.000000000000000000e+00
