1.000000000000000000e+00
7.506217367194668588e-01
7.867164899185590254e-01
9.744100032072855466e-01
1.169715499178873408e+00
1.316267241277331079e+00
1.416001447915398836e+00
1.485719362942491406e+00
1.536480969026521315e+00
1.572172071230808710e+00
1.594289711218892736e+00
1.605140675928573790e+00
1.608043919080495376e+00
1.606063128066518741e+00
1.600928705863048362e+00
1.592911298616189519e+00
1.581546867263862621e+00
1.566653999319700619e+00
1.549057405682871646e+00
1.530700401734528926e+00
1.514179540138878899e+00
1.501981090905847083e+00
1.495762262507549956e+00
1.495928251346879678e+00
1.501593993479356293e+00
1.510870913081339584e+00
1.521333920110257809e+00
1.530511371494883921e+00
1.536280220239773842e+00
1.537108812076493081e+00
1.532144339000826028e+00
1.521176945321922380e+00
1.504526125060510866e+00
1.482892842177208070e+00
1.457210293616062469e+00
1.428513657391578207e+00
1.397838259353726409e+00
1.366147826758054462e+00
1.334289884866467490e+00
1.302973220148433864e+00
1.272761850009677342e+00
1.244080388228367973e+00
1.217226564000302380e+00
1.192387621266900455e+00
1.169658222419479587e+00
1.149058232886892350e+00
1.130549353908436139e+00
1.114050012259520051e+00
1.099448231759555084e+00
1.086612428150933285e+00
1.075400210189007666e+00
1.065665355382658497e+00
1.057263174521746896e+00
1.050054497021087441e+00
1.043908508303637461e+00
1.038704657677008480e+00
1.034333835339077856e+00
1.030698993794073148e+00
1.027715364515974894e+00
1.025310396794409051e+00
1.023423523355909914e+00
1.022005837122050842e+00
1.021019745552191882e+00
1.020438653376248395e+00
1.020246710926615341e+00
1.020438653376700033e+00
1.021019745553119584e+00
1.022005837123509675e+00
1.023423523357988918e+00
1.025310396797228796e+00
1.027715364519701247e+00
1.030698993798929042e+00
1.034333835345347063e+00
1.038704657685068256e+00
1.043908508313958983e+00
1.050054497034285550e+00
1.057263174538608297e+00
1.065665355404175951e+00
1.075400210216452379e+00
1.086612428185913526e+00
1.099448231804122544e+00
1.114050012316269322e+00
1.130549353980665694e+00
1.149058232978769079e+00
1.169658222536292813e+00
1.192387621415334387e+00
1.217226564188825133e+00
1.244080388467708298e+00
1.272761850313426590e+00
1.302973220533825138e+00
1.334289885355356864e+00
1.366147827378226154e+00
1.397838260140528810e+00
1.428513658390050844e+00
1.457210294883688251e+00
1.482892843787476878e+00
1.504526127107493227e+00
1.521176947926151657e+00
1.532144342316770658e+00
1.537108816301912206e+00
1.536280225627251417e+00
1.530511378365549069e+00
1.521333928869546215e+00
1.510870924236053847e+00
1.501594007654749596e+00
1.495928269301733282e+00
1.495762285144731640e+00
1.501981119275597409e+00
1.514179575432278213e+00
1.530700445264977949e+00
1.549057458853254188e+00
1.566654063571297772e+00
1.581546943999739163e+00
1.592911389088137009e+00
1.600928811010985608e+00
1.606063248307497915e+00
1.608044054063163086e+00
1.605140824293401991e+00
1.594289870422822775e+00
1.572172237495250036e+00
1.536481137448451939e+00
1.485719527778236237e+00
1.416001603013677945e+00
1.316267380598278303e+00
1.169715617291845033e+00
9.744100956493320087e-01
7.867165533591209403e-01
7.506217689769217882e-01
1.000000000000000000e+00
