1.000000000000000000e+00
7.539655507839612136e-01
7.875356706194549528e-01
9.729417056878917336e-01
1.168442228868389332e+00
1.316270957839801081e+00
1.416749197591750997e+00
1.486310314119569265e+00
1.536498472284394845e+00
1.571756426197024492e+00
1.593832734552526276e+00
1.604985863027561299e+00
1.608323475929351210e+00
1.606663547046831342e+00
1.601555400233938276e+00
1.593221471325607874e+00
1.581301127710587062e+00
1.565825060037078664e+00
1.547851883360944258e+00
1.529490229926586675e+00
1.513377718392808546e+00
1.501913132457952882e+00
1.496576907015532365e+00
1.497568451226036768e+00
1.503824901724600149e+00
1.513345092592804031e+00
1.523668649192392754e+00
1.532356891926662579e+00
1.537366565609298297e+00
1.537267976474757436e+00
1.531311158729125044e+00
1.519375307018775434e+00
1.501847530549216048e+00
1.479473080176639810e+00
1.453208061388972627e+00
1.424093160129996205e+00
1.393156432934627098e+00
1.361345949184983528e+00
1.329488886628835020e+00
1.298271848541641127e+00
1.268236868053756794e+00
1.239788104512184130e+00
1.213205136165115050e+00
1.188659719100264800e+00
1.166233760574304279e+00
1.145936982835426665e+00
1.127723320479981473e+00
1.111505515199485927e+00
1.097167671162431635e+00
1.084575738178355397e+00
1.073586021460804618e+00
1.064051895462734265e+00
1.055828940060259180e+00
1.048778731911113704e+00
1.042771520819867126e+00
1.037688006834000420e+00
1.033420413250677239e+00
1.029873027068558544e+00
1.026962353983788878e+00
1.024617011336255379e+00
1.022777460403373251e+00
1.021395659611663564e+00
1.020434702760620205e+00
1.019868491158167245e+00
1.019681475413048322e+00
1.019868491158687274e+00
1.020434702761688461e+00
1.021395659613343110e+00
1.022777460405762673e+00
1.024617011339491235e+00
1.026962353988057908e+00
1.029873027074109881e+00
1.033420413257828407e+00
1.037688006843171307e+00
1.042771520831582643e+00
1.048778731926055308e+00
1.055828940079297062e+00
1.064051895486964661e+00
1.073586021491627518e+00
1.084575738217539831e+00
1.097167671212228024e+00
1.111505515262739552e+00
1.127723320560299891e+00
1.145936982937363791e+00
1.166233760703636158e+00
1.188659719264286263e+00
1.213205136373061377e+00
1.239788104775752631e+00
1.268236868387764282e+00
1.298271848964875463e+00
1.329488887165130695e+00
1.361345949864649185e+00
1.393156433796236993e+00
1.424093161222727888e+00
1.453208062775618536e+00
1.479473081937511036e+00
1.501847532787150108e+00
1.519375309865564683e+00
1.531311162353667710e+00
1.537267981093256575e+00
1.537366571497812640e+00
1.532356899436021713e+00
1.523668658765336081e+00
1.513345104782558126e+00
1.503824917213526957e+00
1.497568470842204347e+00
1.496576931744466377e+00
1.501913163446533694e+00
1.513377756942419161e+00
1.529490277472973947e+00
1.547851941438049161e+00
1.565825130220537043e+00
1.581301211533219231e+00
1.593221570153519728e+00
1.601555515091657611e+00
1.606663678388372318e+00
1.608323623371682443e+00
1.604986025089174984e+00
1.593832908460329545e+00
1.571756607826712671e+00
1.536498656279693398e+00
1.486310494202436105e+00
1.416749367037445362e+00
1.316271110045670989e+00
1.168442357898587858e+00
9.729418066663581000e-01
7.875357399115971990e-01
7.539655860138082533e-01
1.000000000000000000e+00
