1.000000000000000000e+00
1.059374584017397591e+00
1.118099960829918471e+00
1.175035953032753211e+00
1.228603599772058574e+00
1.276971917355274710e+00
1.318324947952459025e+00
1.351140429493869588e+00
1.374414070506280838e+00
1.387784013031065022e+00
1.391541075080431566e+00
1.386540229039018302e+00
1.374048092291824563e+00
1.355566553612321146e+00
1.332666497831650920e+00
1.306853452111932157e+00
1.279474265446165493e+00
1.251664060919339239e+00
1.224326815748564279e+00
1.198140601117100079e+00
1.173578643304748370e+00
1.150938807974128286e+00
1.130375998458984066e+00
1.111933774877452041e+00
1.095572998867235359e+00
1.081196423237581028e+00
1.068668906894391757e+00
1.057833411517970612e+00
1.048523202217138905e+00
1.040570795245038482e+00
1.033814223333471505e+00
1.028101160949412618e+00
1.023291393867439503e+00
1.019258047048430260e+00
1.015887912619383604e+00
1.013081151969658977e+00
1.010750585811293956e+00
1.008820734748456793e+00
1.007226730523489877e+00
1.005913184030635676e+00
1.004833069446662952e+00
1.003946663326722666e+00
1.003220562168040564e+00
1.002626790750355434e+00
1.002142005638044120e+00
1.001746792824826482e+00
1.001425054999958597e+00
1.001163481816166989e+00
1.000951095451567685e+00
1.000778863376567518e+00
1.000639370331877664e+00
1.000526541923920654e+00
1.000435412824772108e+00
1.000361933236538770e+00
1.000302807984102538e+00
1.000255363294875188e+00
1.000217436984542463e+00
1.000187288379234429e+00
1.000163524860605335e+00
1.000145042419439134e+00
1.000130978047878649e+00
1.000120672194358962e+00
1.000113639854917524e+00
1.000109549185811408e+00
1.000108206802488908e+00
1.000109549185811408e+00
1.000113639854917524e+00
1.000120672194358962e+00
1.000130978047878649e+00
1.000145042419439134e+00
1.000163524860605335e+00
1.000187288379234429e+00
1.000217436984542463e+00
1.000255363294875188e+00
1.000302807984102538e+00
1.000361933236538770e+00
1.000435412824772108e+00
1.000526541923920654e+00
1.000639370331877664e+00
1.000778863376567518e+00
1.000951095451567685e+00
1.001163481816166989e+00
1.001425054999958597e+00
1.001746792824826482e+00
1.002142005638044120e+00
1.002626790750355434e+00
1.003220562168040564e+00
1.003946663326722666e+00
1.004833069446662952e+00
1.005913184030635676e+00
1.007226730523489877e+00
1.008820734748456793e+00
1.010750585811293956e+00
1.013081151969658977e+00
1.015887912619383382e+00
1.019258047048430260e+00
1.023291393867439503e+00
1.028101160949412618e+00
1.033814223333471505e+00
1.040570795245038482e+00
1.048523202217139128e+00
1.057833411517970390e+00
1.068668906894392201e+00
1.081196423237580806e+00
1.095572998867235359e+00
1.111933774877451819e+00
1.130375998458984066e+00
1.150938807974128952e+00
1.173578643304747926e+00
1.198140601117099635e+00
1.224326815748564279e+00
1.251664060919339461e+00
1.279474265446164827e+00
1.306853452111931269e+00
1.332666497831650032e+00
1.355566553612321146e+00
1.374048092291823897e+00
1.386540229039017191e+00
1.391541075080431566e+00
1.387784013031065022e+00
1.374414070506279506e+00
1.351140429493868478e+00
1.318324947952458581e+00
1.276971917355275377e+00
1.228603599772058352e+00
1.175035953032752767e+00
1.118099960829918915e+00
1.059374584017397369e+00
1.000000000000000000e+00
