1.000000000000000000e+00
1.038803662420511476e+00
1.077096672894754414e+00
1.114109892219785181e+00
1.148839623857889514e+00
1.180151952846935748e+00
1.206934220988819861e+00
1.228254043491497249e+00
1.243488947352168861e+00
1.252401167157141559e+00
1.255148554420498330e+00
1.252238460561998279e+00
1.244442325864241639e+00
1.232692660657572326e+00
1.217981968810036841e+00
1.201277381616702167e+00
1.183458013255127783e+00
1.165276256840646729e+00
1.147340320635029665e+00
1.130113317154661789e+00
1.113923746750256738e+00
1.098982701775748971e+00
1.085404060919108016e+00
1.073224994117479181e+00
1.062425052614417220e+00
1.052942885509339677e+00
1.044690185617831002e+00
1.037562844413909557e+00
1.031449524753561109e+00
1.026237979640962639e+00
1.021819489661695224e+00
1.018091788132895914e+00
1.014960811745243552e+00
1.012341569634022331e+00
1.010158374716354723e+00
1.008344633465416251e+00
1.006842347206905464e+00
1.005601440949185799e+00
1.004579005034317518e+00
1.003738510213676660e+00
1.003049037458555448e+00
1.002484549121831936e+00
1.002023217163263702e+00
1.001646816284468056e+00
1.001340184326196869e+00
1.001090748598504776e+00
1.000888114484007607e+00
1.000723711308341368e+00
1.000590489823924845e+00
1.000482665484415667e+00
1.000395501834392409e+00
1.000325128681670339e+00
1.000268390172941890e+00
1.000222718396931665e+00
1.000186028653055947e+00
1.000156633021542785e+00
1.000133169337767969e+00
1.000114543100763420e+00
1.000099880230563176e+00
1.000088488931197395e+00
1.000079829218438965e+00
1.000073488937344823e+00
1.000069165328891341e+00
1.000066651412323315e+00
1.000065826635284427e+00
1.000066651412323315e+00
1.000069165328891341e+00
1.000073488937344823e+00
1.000079829218438965e+00
1.000088488931197395e+00
1.000099880230563176e+00
1.000114543100763420e+00
1.000133169337767969e+00
1.000156633021542785e+00
1.000186028653055947e+00
1.000222718396931665e+00
1.000268390172941890e+00
1.000325128681670339e+00
1.000395501834392409e+00
1.000482665484415667e+00
1.000590489823924845e+00
1.000723711308341368e+00
1.000888114484007607e+00
1.001090748598504776e+00
1.001340184326196869e+00
1.001646816284468056e+00
1.002023217163263702e+00
1.002484549121831936e+00
1.003049037458555448e+00
1.003738510213676660e+00
1.004579005034317518e+00
1.005601440949185799e+00
1.006842347206905464e+00
1.008344633465416251e+00
1.010158374716354501e+00
1.012341569634022331e+00
1.014960811745243552e+00
1.018091788132895914e+00
1.021819489661695224e+00
1.026237979640962417e+00
1.031449524753561109e+00
1.037562844413909335e+00
1.044690185617831224e+00
1.052942885509339455e+00
1.062425052614417220e+00
1.073224994117478959e+00
1.085404060919107572e+00
1.098982701775749415e+00
1.113923746750256294e+00
1.130113317154661567e+00
1.147340320635029443e+00
1.165276256840646951e+00
1.183458013255127117e+00
1.201277381616701279e+00
1.217981968810035953e+00
1.232692660657572103e+00
1.244442325864240750e+00
1.252238460561997169e+00
1.255148554420497886e+00
1.252401167157140449e+00
1.243488947352167751e+00
1.228254043491496139e+00
1.206934220988819417e+00
1.180151952846935970e+00
1.148839623857888403e+00
1.114109892219784514e+00
1.077096672894754636e+00
1.038803662420511253e+00
1.000000000000000000e+00
