1.000000000000000000e+00
1.078325105337813339e+00
1.156401214149922474e+00
1.232997448448776456e+00
1.306032909191856994e+00
1.372893361040721238e+00
1.430865075257767627e+00
1.477588136156647636e+00
1.511426666677509356e+00
1.531681414444445943e+00
1.538619716060257048e+00
1.533347840046256794e+00
1.517582994309912836e+00
1.493390213266387434e+00
1.462937655379068058e+00
1.428302843453636228e+00
1.391341598594430184e+00
1.353616297815046554e+00
1.316371909919781480e+00
1.280545759415351981e+00
1.246798003983176528e+00
1.215552475532876375e+00
1.187040536825550996e+00
1.161343260743693540e+00
1.138429293953197252e+00
1.118187212330176816e+00
1.100452112037517693e+00
1.085026735387037533e+00
1.071697721525103564e+00
1.060247690876330751e+00
1.050463886058489393e+00
1.042144046277704739e+00
1.035100116736379583e+00
1.029160307873374647e+00
1.024169932337975597e+00
1.019991366624669604e+00
1.016503412315037824e+00
1.013600270018606420e+00
1.011190287360735240e+00
1.009194600062239155e+00
1.007545751287567626e+00
1.006186347865848152e+00
1.005067791563531099e+00
1.004149108225819598e+00
1.003395886331051701e+00
1.002779328466272268e+00
1.002275413712451879e+00
1.001864165324693356e+00
1.001529015920401999e+00
1.001256261258937519e+00
1.001034593306087128e+00
1.000854703392513034e+00
1.000708946721428072e+00
1.000591060126811760e+00
1.000495925736095026e+00
1.000419373984252180e+00
1.000358020215708965e+00
1.000309129867504865e+00
1.000270507935431930e+00
1.000240409076052162e+00
1.000217465289348295e+00
1.000200628661295665e+00
1.000189127127617095e+00
1.000182431655488813e+00
1.000180233637103289e+00
1.000182431655488813e+00
1.000189127127617095e+00
1.000200628661295665e+00
1.000217465289348295e+00
1.000240409076052162e+00
1.000270507935431930e+00
1.000309129867504865e+00
1.000358020215708965e+00
1.000419373984252180e+00
1.000495925736095026e+00
1.000591060126811760e+00
1.000708946721428072e+00
1.000854703392513034e+00
1.001034593306087128e+00
1.001256261258937519e+00
1.001529015920401999e+00
1.001864165324693356e+00
1.002275413712451879e+00
1.002779328466272268e+00
1.003395886331051701e+00
1.004149108225819598e+00
1.005067791563531099e+00
1.006186347865848152e+00
1.007545751287567626e+00
1.009194600062239155e+00
1.011190287360735240e+00
1.013600270018606420e+00
1.016503412315037602e+00
1.019991366624669604e+00
1.024169932337975375e+00
1.029160307873374647e+00
1.035100116736379139e+00
1.042144046277704739e+00
1.050463886058489393e+00
1.060247690876330529e+00
1.071697721525103786e+00
1.085026735387037311e+00
1.100452112037518138e+00
1.118187212330176594e+00
1.138429293953197252e+00
1.161343260743693317e+00
1.187040536825551218e+00
1.215552475532876819e+00
1.246798003983176528e+00
1.280545759415351537e+00
1.316371909919782368e+00
1.353616297815046998e+00
1.391341598594429740e+00
1.428302843453635784e+00
1.462937655379066726e+00
1.493390213266388322e+00
1.517582994309912836e+00
1.533347840046255017e+00
1.538619716060256604e+00
1.531681414444446609e+00
1.511426666677508246e+00
1.477588136156646526e+00
1.430865075257767627e+00
1.372893361040722349e+00
1.306032909191857438e+00
1.232997448448775568e+00
1.156401214149922252e+00
1.078325105337813339e+00
1.000000000000000000e+00
