1.000000000000000000e+00
1.058920755409489489e+00
1.122233533163242258e+00
1.191233285750344262e+00
1.264796158021365136e+00
1.340065732461070747e+00
1.413182468393508584e+00
1.480030733948590749e+00
1.536916128686333094e+00
1.581071944515299865e+00
1.610929954518518281e+00
1.626151412524806661e+00
1.627468113296411723e+00
1.616411375443173704e+00
1.595006551786837257e+00
1.565491570913950747e+00
1.530092586470037874e+00
1.490867417445464804e+00
1.449612340822372447e+00
1.407820119995935926e+00
1.366675044269226591e+00
1.327071928709720128e+00
1.289648631550625479e+00
1.254824511293147760e+00
1.222839769082033845e+00
1.193792591510146162e+00
1.167672424333433989e+00
1.144388659594749891e+00
1.123794620665293786e+00
1.105707084685513708e+00
1.089921771194738209e+00
1.076225308604899844e+00
1.064404207403640834e+00
1.054251347619364232e+00
1.045570445594149467e+00
1.038178912523603170e+00
1.031909461401089967e+00
1.026610764141723919e+00
1.022147409243501226e+00
1.018399363745774666e+00
1.015261102119273673e+00
1.012640529233015618e+00
1.010457794537193310e+00
1.008644069715456837e+00
1.007140341809512618e+00
1.005896257654139037e+00
1.004869042816775915e+00
1.004022508560775240e+00
1.003326153132093168e+00
1.002754358441796834e+00
1.002285679574511645e+00
1.001902222147947441e+00
1.001589101089502831e+00
1.001333973643286912e+00
1.001126639182721823e+00
1.000958698528100710e+00
1.000823265838135523e+00
1.000714726670577370e+00
1.000628536424301718e+00
1.000561054036914532e+00
1.000509406485870167e+00
1.000471380306726887e+00
1.000445336987601852e+00
1.000430149718307016e+00
1.000425159565945243e+00
1.000430149718307016e+00
1.000445336987601852e+00
1.000471380306726887e+00
1.000509406485870167e+00
1.000561054036914532e+00
1.000628536424301718e+00
1.000714726670577370e+00
1.000823265838135523e+00
1.000958698528100710e+00
1.001126639182721823e+00
1.001333973643286912e+00
1.001589101089502831e+00
1.001902222147947441e+00
1.002285679574511645e+00
1.002754358441796834e+00
1.003326153132093168e+00
1.004022508560775240e+00
1.004869042816775915e+00
1.005896257654139037e+00
1.007140341809512618e+00
1.008644069715456837e+00
1.010457794537193310e+00
1.012640529233015396e+00
1.015261102119273673e+00
1.018399363745774888e+00
1.022147409243501226e+00
1.026610764141723919e+00
1.031909461401089745e+00
1.038178912523602948e+00
1.045570445594149245e+00
1.054251347619364010e+00
1.064404207403640168e+00
1.076225308604899844e+00
1.089921771194737987e+00
1.105707084685513708e+00
1.123794620665294675e+00
1.144388659594749447e+00
1.167672424333434433e+00
1.193792591510146162e+00
1.222839769082033845e+00
1.254824511293147760e+00
1.289648631550625257e+00
1.327071928709721016e+00
1.366675044269227035e+00
1.407820119995935926e+00
1.449612340822372891e+00
1.490867417445465026e+00
1.530092586470038540e+00
1.565491570913950969e+00
1.595006551786836591e+00
1.616411375443175924e+00
1.627468113296413277e+00
1.626151412524805773e+00
1.610929954518517837e+00
1.581071944515299865e+00
1.536916128686333316e+00
1.480030733948590083e+00
1.413182468393508584e+00
1.340065732461072079e+00
1.264796158021366024e+00
1.191233285750344040e+00
1.122233533163241814e+00
1.058920755409489045e+00
1.000000000000000000e+00
