1.000000000000000000e+00
1.058157269350069596e+00
1.120832477953603856e+00
1.189387095154489815e+00
1.262722874212389934e+00
1.337980316476269804e+00
1.411276648597920236e+00
1.478459715531210472e+00
1.535791377573324512e+00
1.580459357396912790e+00
1.610852492441254835e+00
1.626595024574760684e+00
1.628389657251816613e+00
1.617747293348040571e+00
1.596681259557976684e+00
1.567424817332679465e+00
1.532205359383800980e+00
1.493086262620507476e+00
1.451872173907147623e+00
1.410065743733645460e+00
1.368861641195816992e+00
1.329164803991174759e+00
1.291622452542805943e+00
1.256662247217792849e+00
1.224531487775095684e+00
1.195334227339419852e+00
1.169064595201616763e+00
1.145635582199941549e+00
1.124903151389858413e+00
1.106685897602568636e+00
1.090780673579308191e+00
1.076974686958382943e+00
1.065054592448863469e+00
1.054813084270307177e+00
1.046053452970573616e+00
1.038592519212056642e+00
1.032262302006778709e+00
1.026910724458472979e+00
1.022401608885568081e+00
1.018614166683614597e+00
1.015442147133538198e+00
1.012792773774727095e+00
1.010585566812976177e+00
1.008751124982420144e+00
1.007229919858389389e+00
1.005971139286393701e+00
1.004931603793748129e+00
1.004074770036944120e+00
1.003369827998580988e+00
1.002790893318889820e+00
1.002316292420998955e+00
1.001927935616645948e+00
1.001610771866698668e+00
1.001352318077202375e+00
1.001142255542718518e+00
1.000972086250517368e+00
1.000834842113138556e+00
1.000724840712452712e+00
1.000637481749318214e+00
1.000569079051337740e+00
1.000516723664206742e+00
1.000478174218510263e+00
1.000451771411190460e+00
1.000436374063101042e+00
1.000431314810686922e+00
1.000436374063101042e+00
1.000451771411190460e+00
1.000478174218510263e+00
1.000516723664206742e+00
1.000569079051337740e+00
1.000637481749318214e+00
1.000724840712452712e+00
1.000834842113138556e+00
1.000972086250517368e+00
1.001142255542718518e+00
1.001352318077202375e+00
1.001610771866698668e+00
1.001927935616645948e+00
1.002316292420998955e+00
1.002790893318889820e+00
1.003369827998580988e+00
1.004074770036944120e+00
1.004931603793748129e+00
1.005971139286393701e+00
1.007229919858389389e+00
1.008751124982420144e+00
1.010585566812976177e+00
1.012792773774726873e+00
1.015442147133538198e+00
1.018614166683614819e+00
1.022401608885568081e+00
1.026910724458472979e+00
1.032262302006778487e+00
1.038592519212056420e+00
1.046053452970573394e+00
1.054813084270306955e+00
1.065054592448862802e+00
1.076974686958382943e+00
1.090780673579307969e+00
1.106685897602568636e+00
1.124903151389859302e+00
1.145635582199941105e+00
1.169064595201617207e+00
1.195334227339419852e+00
1.224531487775095684e+00
1.256662247217792849e+00
1.291622452542805721e+00
1.329164803991175647e+00
1.368861641195817436e+00
1.410065743733645460e+00
1.451872173907147845e+00
1.493086262620507698e+00
1.532205359383801424e+00
1.567424817332679465e+00
1.596681259557975796e+00
1.617747293348042570e+00
1.628389657251818168e+00
1.626595024574759574e+00
1.610852492441254169e+00
1.580459357396912567e+00
1.535791377573324512e+00
1.478459715531209584e+00
1.411276648597920014e+00
1.337980316476270914e+00
1.262722874212390600e+00
1.189387095154489593e+00
1.120832477953603190e+00
1.058157269350069152e+00
1.000000000000000000e+00
