1.000000000000000000e+00
7.637133418625360326e-01
7.904199585773554748e-01
9.689933581041703103e-01
1.164565728532922506e+00
1.315923003581084272e+00
1.418743545674723494e+00
1.488092554790510391e+00
1.536727931547704706e+00
1.570739339436882487e+00
1.592700465079420535e+00
1.604745257120559154e+00
1.609305671913383362e+00
1.608435653534129317e+00
1.603187463744772057e+00
1.593743325311951731e+00
1.580150550502738893e+00
1.563107180144185593e+00
1.544320765988352218e+00
1.526286979372961428e+00
1.511650910636270773e+00
1.502470023400199084e+00
1.499673805319176267e+00
1.502878583470777407e+00
1.510557114910590082e+00
1.520448713055436496e+00
1.530053398703065115e+00
1.537073641353041253e+00
1.539721370699599801e+00
1.536866513024452541e+00
1.528046902734987444e+00
1.513381507205284082e+00
1.493432472830560354e+00
1.469053673273911453e+00
1.441251207993976990e+00
1.411069457259760407e+00
1.379507188220944647e+00
1.347462350755546545e+00
1.315701140177400585e+00
1.284845829772565562e+00
1.255376009362858536e+00
1.227638607075580701e+00
1.201863024856261175e+00
1.178178657365718474e+00
1.156632880011972730e+00
1.137208248696005786e+00
1.119838154262001728e+00
1.104420539201783180e+00
1.090829538802519538e+00
1.078925078691697959e+00
1.068560567172717857e+00
1.059588881260959736e+00
1.051866873450060469e+00
1.045258632217911821e+00
1.039637720765798079e+00
1.034888601083010284e+00
1.030907428195089626e+00
1.027602375247079314e+00
1.024893625847640433e+00
1.022713147119629573e+00
1.021004335913000549e+00
1.019721611993095189e+00
1.018830015793991128e+00
1.018304854390320369e+00
1.018131427417792834e+00
1.018304854391090641e+00
1.018830015795572752e+00
1.019721611995575872e+00
1.021004335916518180e+00
1.022713147124378219e+00
1.024893625853880774e+00
1.027602375255156408e+00
1.030907428205446896e+00
1.034888601096223715e+00
1.039637720782587538e+00
1.045258632239203012e+00
1.051866873477028230e+00
1.059588881295081109e+00
1.068560567215864676e+00
1.078925078746226784e+00
1.090829538871414206e+00
1.104420539288803571e+00
1.119838154371894712e+00
1.137208248834754354e+00
1.156632880187140167e+00
1.178178657586849587e+00
1.201863025135421204e+00
1.227638607428039208e+00
1.255376009807957161e+00
1.284845830334838901e+00
1.315701140887995946e+00
1.347462351654113766e+00
1.379507189358009311e+00
1.411069458699827361e+00
1.441251209819527146e+00
1.469053675590570984e+00
1.493432475773708079e+00
1.513381510948514697e+00
1.528046907500786311e+00
1.536866519097492167e+00
1.539721378443022815e+00
1.537073651227745641e+00
1.530053411289840071e+00
1.520448729078998529e+00
1.510557135263881356e+00
1.502878609236910856e+00
1.499673837787564690e+00
1.502470064072864320e+00
1.511650961220222911e+00
1.526287041754665452e+00
1.544320842185949560e+00
1.563107272231474720e+00
1.580150660495472037e+00
1.593743455003263643e+00
1.603187614476640599e+00
1.608435825901394667e+00
1.609305865419602632e+00
1.604745469836969862e+00
1.592700693386380983e+00
1.570739577934885611e+00
1.536728173204523040e+00
1.488092791347100707e+00
1.418743768275501749e+00
1.315923203529122398e+00
1.164565898012361433e+00
9.689934907048667334e-01
7.904200495406961124e-01
7.637133880983100198e-01
1.000000000000000000e+00
