1.000000000000000000e+00
8.453606862073163031e-01
8.380852913029185336e-01
9.544470020897443119e-01
1.122907804534581278e+00
1.284597240142816288e+00
1.410551885576371456e+00
1.496419440581775451e+00
1.550251531918218628e+00
1.582369133324448951e+00
1.600304243200499466e+00
1.608022054137439927e+00
1.607300343966293399e+00
1.599441483085320082e+00
1.586344179679622712e+00
1.570710534159768468e+00
1.555605836164756228e+00
1.543750628673544956e+00
1.536894986303413146e+00
1.535492200750335767e+00
1.538729557306518281e+00
1.544845042749910524e+00
1.551591239143026213e+00
1.556703201826379335e+00
1.558266404283015438e+00
1.554936555487297367e+00
1.546012455022885090e+00
1.531394143920572271e+00
1.511470149852395028e+00
1.486974771222887792e+00
1.458846058837010018e+00
1.428103168280957069e+00
1.395751483022243278e+00
1.362716664866389982e+00
1.329804540067242025e+00
1.297681814952698520e+00
1.266872239504331477e+00
1.237763322086776308e+00
1.210619560539591300e+00
1.185599096281606535e+00
1.162771561138577603e+00
1.142135605254740227e+00
1.123635155693416987e+00
1.107173872667378101e+00
1.092627567599119276e+00
1.079854549811120279e+00
1.068703999515531855e+00
1.059022542929388688e+00
1.050659245814138387e+00
1.043469256049006200e+00
1.037316322655620793e+00
1.032074404404699663e+00
1.027628560427942039e+00
1.023875291475139004e+00
1.020722475933568019e+00
1.018089021031254982e+00
1.015904327767156889e+00
1.014107648607545764e+00
1.012647400103187989e+00
1.011480478336894473e+00
1.010571613376021194e+00
1.009892789452173201e+00
1.009422750137950464e+00
1.009146602026364858e+00
1.009055526024019711e+00
1.009146602025577266e+00
1.009422750136335534e+00
1.009892789449652994e+00
1.010571613372465594e+00
1.011480478332130506e+00
1.012647400096978512e+00
1.014107648599586131e+00
1.015904327757057413e+00
1.018089021018528273e+00
1.020722475917593242e+00
1.023875291455149439e+00
1.027628560402986890e+00
1.032074404373588106e+00
1.037316322616877118e+00
1.043469256000794321e+00
1.050659245754182347e+00
1.059022542854853199e+00
1.068703999422893514e+00
1.079854549695987265e+00
1.092627567456009086e+00
1.107173872489439770e+00
1.123635155472071601e+00
1.142135604979224173e+00
1.162771560795353931e+00
1.185599095853610674e+00
1.210619560005251172e+00
1.237763321418773543e+00
1.266872238667974937e+00
1.297681813903855508e+00
1.329804538749662646e+00
1.362716663208316970e+00
1.395751480932080346e+00
1.428103165641858574e+00
1.458846055500141681e+00
1.486974766999237252e+00
1.511470144503012092e+00
1.531394137145228651e+00
1.546012446447428745e+00
1.554936544650121766e+00
1.558266390621478870e+00
1.556703184664272932e+00
1.551591217680491352e+00
1.544845016057507570e+00
1.538729524325424869e+00
1.535492160301334064e+00
1.536894937108425729e+00
1.543750569395344385e+00
1.555605765472439339e+00
1.570710450828945115e+00
1.586344082735137162e+00
1.599441371989291705e+00
1.607300218843922712e+00
1.608021916017773556e+00
1.600304094231165708e+00
1.582368976902996494e+00
1.550251372675460093e+00
1.496419284162217700e+00
1.410551738196046401e+00
1.284597107969382090e+00
1.122907693019907338e+00
9.544469154510181186e-01
8.380852323274018412e-01
8.453606564138212986e-01
1.000000000000000000e+00
