1.000000000000000000e+00
7.503528534027189556e-01
7.866543445085178998e-01
9.745303335925318278e-01
1.169816452445413990e+00
1.316264414767017943e+00
1.415940356758145224e+00
1.485672588218694079e+00
1.536480795747271699e+00
1.572206515569675167e+00
1.594327499717920871e+00
1.605154543663164679e+00
1.608022946576040058e+00
1.606015551823321896e+00
1.600877403161755641e+00
1.592883781699922174e+00
1.581563267247790394e+00
1.566717939113539737e+00
1.549153589360732219e+00
1.530799574343549851e+00
1.514248259546887576e+00
1.501992206052960466e+00
1.495702464889672845e+00
1.495800828506827607e+00
1.501416900079807215e+00
1.510671679113590127e+00
1.521143421220731762e+00
1.530358215080130035e+00
1.536186808053944031e+00
1.537089394961324018e+00
1.532204824595734483e+00
1.521315936635156296e+00
1.504736618936595161e+00
1.483164112482145525e+00
1.457529636374820914e+00
1.428867823571383644e+00
1.398214515747037812e+00
1.366534659567994137e+00
1.334677399712635326e+00
1.303353306297805991e+00
1.273128175440988885e+00
1.244428283182519968e+00
1.217552838936346582e+00
1.192690353504336054e+00
1.169936535593016691e+00
1.149312085145149265e+00
1.130779344531873454e+00
1.114257211806973791e+00
1.099634037657722052e+00
1.086778445506576096e+00
1.075548156261316279e+00
1.065796985386187279e+00
1.057380226069801976e+00
1.050158650437316155e+00
1.044001360130345502e+00
1.038787704922247590e+00
1.034408468279969240e+00
1.030766495455048615e+00
1.027776915242643030e+00
1.025367082629897730e+00
1.023476347186305313e+00
1.022055731784890176e+00
1.021067588293934403e+00
1.020485281200325556e+00
1.020292936493333302e+00
1.020485281200772087e+00
1.021067588294851225e+00
1.022055731786332133e+00
1.023476347188360780e+00
1.025367082632685944e+00
1.027776915246328082e+00
1.030766495459851662e+00
1.034408468286171612e+00
1.038787704930222988e+00
1.044001360140560886e+00
1.050158650450381925e+00
1.057380226086497954e+00
1.065796985407498676e+00
1.075548156288504531e+00
1.086778445541237037e+00
1.099634037701892497e+00
1.114257211863229013e+00
1.130779344603489056e+00
1.149312085236262382e+00
1.169936535708879788e+00
1.192690353651586710e+00
1.217552839123394959e+00
1.244428283420021319e+00
1.273128175742441526e+00
1.303353306680324897e+00
1.334677400197926689e+00
1.366534660183650551e+00
1.398214516528162976e+00
1.428867824562703115e+00
1.457529637633414810e+00
1.483164114080986362e+00
1.504736620969088001e+00
1.521315939220980740e+00
1.532204827888264065e+00
1.537089399156917668e+00
1.536186813403404017e+00
1.530358221902330174e+00
1.521143429918273560e+00
1.510671690189747673e+00
1.501416914155490501e+00
1.495800846335546108e+00
1.495702487368003153e+00
1.501992234223787026e+00
1.514248294592896338e+00
1.530799617568834758e+00
1.549153642158215272e+00
1.566718002914299301e+00
1.581563343445047787e+00
1.592883871536804996e+00
1.600877507571780933e+00
1.606015671220762275e+00
1.608023080611981070e+00
1.605154690987384392e+00
1.594327657804876175e+00
1.572206680667066925e+00
1.536480962986506160e+00
1.485672751896641497e+00
1.415940510767002891e+00
1.316264553109575131e+00
1.169816569729334343e+00
9.745304253862332455e-01
7.866544075045811546e-01
7.503528854343575194e-01
1.000000000000000000e+00
