1.000000000000000000e+00
7.552852494721455923e-01
7.871887419912969586e-01
9.710305857344532221e-01
1.166270101109202706e+00
1.314476418119493673e+00
1.415151384391092337e+00
1.484524280376886773e+00
1.534377755532389864e+00
1.569440151380051995e+00
1.591586426061689652e+00
1.603036616545664428e+00
1.606768401942497482e+00
1.605453416305032022e+00
1.600536091234634251e+00
1.592211054957339833e+00
1.580172274672273280e+00
1.564560199898195281e+00
1.546550834777211003e+00
1.528331669389333403e+00
1.512554403297792005e+00
1.501567607688012895e+00
1.496759105046840066e+00
1.498224531514479319e+00
1.504814450690629135e+00
1.514475942082085469e+00
1.524736450200613103e+00
1.533179025254196581e+00
1.537804610480227652e+00
1.537237552016005315e+00
1.530781158732006153e+00
1.518360023969607342e+00
1.500395246772900926e+00
1.477653981532655481e+00
1.451103336793869492e+00
1.421786234800749060e+00
1.390726600999488083e+00
1.358864245841244989e+00
1.327015826859113456e+00
1.295856593241561106e+00
1.265917399226809126e+00
1.237592054105580708e+00
1.211150989240575626e+00
1.186758185174036084e+00
1.164489169638125654e+00
1.144348612545645683e+00
1.126286598807396011e+00
1.110213070205939179e+00
1.096010218572166739e+00
1.083542809986833833e+00
1.072666546623704198e+00
1.063234648058249077e+00
1.055102872243525836e+00
1.048133209255373011e+00
1.042196476840731467e+00
1.037174032043093774e+00
1.032958792287625771e+00
1.029455735531332072e+00
1.026582024664967063e+00
1.024266877774759665e+00
1.022451284038180086e+00
1.021087645409904709e+00
1.020139407002605747e+00
1.019580724099677926e+00
1.019396200807209052e+00
1.019580724099492075e+00
1.020139407002226273e+00
1.021087645409317846e+00
1.022451284037368069e+00
1.024266877773693185e+00
1.026582024663610149e+00
1.029455735529643645e+00
1.032958792285553207e+00
1.037174032040583782e+00
1.042196476837711439e+00
1.048133209251772113e+00
1.055102872239268574e+00
1.063234648053243081e+00
1.072666546617855099e+00
1.083542809980030386e+00
1.096010218564292149e+00
1.110213070196852447e+00
1.126286598796930605e+00
1.144348612533576448e+00
1.164489169624163489e+00
1.186758185157757328e+00
1.211150989221363439e+00
1.237592054082527593e+00
1.265917399198551729e+00
1.295856593206067275e+00
1.327015826813352728e+00
1.358864245780783353e+00
1.390726600917884470e+00
1.421786234688787287e+00
1.451103336638552399e+00
1.477653981315977694e+00
1.500395246470357824e+00
1.518360023548528392e+00
1.530781158149798538e+00
1.537237551218485709e+00
1.537804609400336142e+00
1.533179023811250596e+00
1.524736448300330061e+00
1.514475939617162314e+00
1.504814447541298561e+00
1.498224527547880047e+00
1.496759100113786989e+00
1.501567601616161651e+00
1.512554395881708258e+00
1.528331660380592982e+00
1.546550823880433079e+00
1.564560186780122431e+00
1.580172258988758127e+00
1.592211036396937951e+00
1.600536069570096531e+00
1.605453391440701205e+00
1.606768373950376860e+00
1.603036585693371485e+00
1.591586392840815378e+00
1.569440116534251084e+00
1.534377720066232964e+00
1.484524245519671215e+00
1.415151351507868416e+00
1.314476388586181654e+00
1.166270076173015369e+00
9.710305663788076913e-01
7.871887288503595093e-01
7.552852428529630568e-01
1.000000000000000000e+00
