1.000000000000000000e+00
1.008513598215542428e+00
1.016904615725958916e+00
1.025005488243998730e+00
1.032607312948236267e+00
1.039478638093050300e+00
1.045392989870504552e+00
1.050158051642051449e+00
1.053640102844171755e+00
1.055779243845588855e+00
1.056593526834061159e+00
1.056172652378069010e+00
1.054663770543029955e+00
1.052252845003924575e+00
1.049145029599221512e+00
1.045546831105218066e+00
1.041651836212798887e+00
1.037630772428417725e+00
1.033625854093961349e+00
1.029748822295171617e+00
1.026081817224736126e+00
1.022680167613812197e+00
1.019576270319932920e+00
1.016783895326578424e+00
1.014302434832994315e+00
1.012120786126114114e+00
1.010220699127025057e+00
1.008579525303199720e+00
1.007172376772624611e+00
1.005973748351083108e+00
1.004958677684647972e+00
1.004103525873748515e+00
1.003386458538220838e+00
1.002787699260921483e+00
1.002289616756957713e+00
1.001876695918128446e+00
1.001535432272065096e+00
1.001254180006706962e+00
1.001022975798759207e+00
1.000833354268243935e+00
1.000678165843865486e+00
1.000551403984398569e+00
1.000448045857734947e+00
1.000363908535989665e+00
1.000295521346509897e+00
1.000240014074940342e+00
1.000195020125122847e+00
1.000158593403531304e+00
1.000129137537672408e+00
1.000105346000804918e+00
1.000086151756996777e+00
1.000070685130082238e+00
1.000058238715787251e+00
1.000048238283077540e+00
1.000040218738886599e+00
1.000033804353406719e+00
1.000028692557624055e+00
1.000024640728722991e+00
1.000021455472036358e+00
1.000018983990367483e+00
1.000017107203684752e+00
1.000015734345255591e+00
1.000014798815547001e+00
1.000014255123831797e+00
1.000014076790702422e+00
1.000014255123831797e+00
1.000014798815547001e+00
1.000015734345255591e+00
1.000017107203684752e+00
1.000018983990367483e+00
1.000021455472036358e+00
1.000024640728722991e+00
1.000028692557624055e+00
1.000033804353406719e+00
1.000040218738886599e+00
1.000048238283077540e+00
1.000058238715787251e+00
1.000070685130082238e+00
1.000086151756996777e+00
1.000105346000804918e+00
1.000129137537672408e+00
1.000158593403531304e+00
1.000195020125122847e+00
1.000240014074940342e+00
1.000295521346509897e+00
1.000363908535989665e+00
1.000448045857734947e+00
1.000551403984398569e+00
1.000678165843865486e+00
1.000833354268243935e+00
1.001022975798759207e+00
1.001254180006706962e+00
1.001535432272065096e+00
1.001876695918128446e+00
1.002289616756957491e+00
1.002787699260921483e+00
1.003386458538220838e+00
1.004103525873748515e+00
1.004958677684647972e+00
1.005973748351082886e+00
1.007172376772624611e+00
1.008579525303199498e+00
1.010220699127025057e+00
1.012120786126113892e+00
1.014302434832994315e+00
1.016783895326577980e+00
1.019576270319932476e+00
1.022680167613811975e+00
1.026081817224735682e+00
1.029748822295170951e+00
1.033625854093960905e+00
1.037630772428417059e+00
1.041651836212798221e+00
1.045546831105216956e+00
1.049145029599220180e+00
1.052252845003923465e+00
1.054663770543028622e+00
1.056172652378067900e+00
1.056593526834060270e+00
1.055779243845587523e+00
1.053640102844170423e+00
1.050158051642049228e+00
1.045392989870503220e+00
1.039478638093049634e+00
1.032607312948235379e+00
1.025005488243998064e+00
1.016904615725958694e+00
1.008513598215541984e+00
1.000000000000000000e+00
