1.000000000000000000e+00
7.498188652790360731e-01
7.865324221540219707e-01
9.747699922581024579e-01
1.170015952738050036e+00
1.316257363594274921e+00
1.415818298109257523e+00
1.485579664487602924e+00
1.536480555358785249e+00
1.572274877976796992e+00
1.594402524693468104e+00
1.605182302729673438e+00
1.607981655608344829e+00
1.605921162806944302e+00
1.600774949738321906e+00
1.592827830537589806e+00
1.581594154688040543e+00
1.566843486494769344e+00
1.549344023408664617e+00
1.530997119851028598e+00
1.514386433865545500e+00
1.502016679003078892e+00
1.495586214692726790e+00
1.495549797202703202e+00
1.501066310543938132e+00
1.510275997151989902e+00
1.520763983900234928e+00
1.530052029948449466e+00
1.535998659127371324e+00
1.537047907161890992e+00
1.532322026691405936e+00
1.521589290782898507e+00
1.505152380910148580e+00
1.483701073481264343e+00
1.458162599398718839e+00
1.429570463167861849e+00
1.398961499416305987e+00
1.367303057840741243e+00
1.335447490733791209e+00
1.304108909455049536e+00
1.273856646601353226e+00
1.245120286482564342e+00
1.218201986797265324e+00
1.193292783383007594e+00
1.170490471737829941e+00
1.149817417271064901e+00
1.131237242832542567e+00
1.114669788594251587e+00
1.100004059527066591e+00
1.087109095652457613e+00
1.075842843875343791e+00
1.066059197529236169e+00
1.057613416680964979e+00
1.050366160971192953e+00
1.044186366509248121e+00
1.038953185911068777e+00
1.034557190937184901e+00
1.030901013911336372e+00
1.027899579658927642e+00
1.025480055755841668e+00
1.023581626457292559e+00
1.022155175348255174e+00
1.021162943737555784e+00
1.020578216066905908e+00
1.020385069902182362e+00
1.020578216067342003e+00
1.021162943738451068e+00
1.022155175349663825e+00
1.023581626459300953e+00
1.025480055758566600e+00
1.027899579662531204e+00
1.030901013916034614e+00
1.034557190943254268e+00
1.038953185918876532e+00
1.044186366519253006e+00
1.050366160983995822e+00
1.057613416697332553e+00
1.066059197550138338e+00
1.075842843902022228e+00
1.087109095686484173e+00
1.100004059570448112e+00
1.114669788649525595e+00
1.131237242902937812e+00
1.149817417360660121e+00
1.170490471851803438e+00
1.193292783527905465e+00
1.218201986981381157e+00
1.245120286716407509e+00
1.273856646898236633e+00
1.304108909831852570e+00
1.335447491211921633e+00
1.367303058447409514e+00
1.398961500186127527e+00
1.429570464144935826e+00
1.458162600639321793e+00
1.483701075057336061e+00
1.505152382913767184e+00
1.521589293332038295e+00
1.532322029937254859e+00
1.537047911298012881e+00
1.535998664401012626e+00
1.530052036673981597e+00
1.520763992474602810e+00
1.510276008071425036e+00
1.501066324420683884e+00
1.495549814779749465e+00
1.495586236854099527e+00
1.502016706776987176e+00
1.514386468417927789e+00
1.530997162467411465e+00
1.549344075462093739e+00
1.566843549395962487e+00
1.581594229810573182e+00
1.592827919107297374e+00
1.600775052675944554e+00
1.605921280521211969e+00
1.607981787755222047e+00
1.605182447977525406e+00
1.594402680551720186e+00
1.572275040745618968e+00
1.536480720238271980e+00
1.485579825855503966e+00
1.415818449944490798e+00
1.316257499984714752e+00
1.170016068367782491e+00
9.747700827581413652e-01
7.865324842631411517e-01
7.498188968600770776e-01
1.000000000000000000e+00
