1.000000000000000000e+00
1.057315701305257649e+00
1.113985809864205256e+00
1.168902987154689210e+00
1.220546430451935116e+00
1.267159009910852063e+00
1.307001090648387764e+00
1.338615525629520686e+00
1.361041086182854798e+00
1.373931202653688510e+00
1.377564208557033876e+00
1.372759516298978522e+00
1.360732506874031689e+00
1.342926144088994800e+00
1.320851674356436467e+00
1.295959391666978044e+00
1.269548414827826655e+00
1.242714992298732390e+00
1.216333155999450133e+00
1.191059232482223118e+00
1.167351764121074886e+00
1.145499719080849799e+00
1.125653652807771410e+00
1.107856219406259557e+00
1.092069875110548649e+00
1.078200697951025910e+00
1.066117991439540891e+00
1.055669808613350913e+00
1.046694796543220507e+00
1.039030883222185064e+00
1.032521358477167528e+00
1.027018874957168482e+00
1.022387839970452017e+00
1.018505600937333666e+00
1.015262757131885962e+00
1.012562864409648267e+00
1.010321740976528160e+00
1.008466532228573742e+00
1.006934651372611178e+00
1.005672679327977104e+00
1.004635281368479571e+00
1.003784178021368767e+00
1.003087192832146091e+00
1.002517388747037108e+00
1.002052297194252262e+00
1.001673238726682680e+00
1.001364730718245832e+00
1.001113975596677141e+00
1.000910422064322347e+00
1.000745391409628704e+00
1.000611761121713350e+00
1.000503698422437360e+00
1.000416436904541628e+00
1.000346090124903720e+00
1.000289496690440982e+00
1.000244092051747247e+00
1.000207802862276285e+00
1.000178960355056823e+00
1.000156229728509594e+00
1.000138553016706844e+00
1.000125103349727818e+00
1.000115248890856456e+00
1.000108525075155130e+00
1.000104614074492471e+00
1.000103330684360081e+00
1.000104614074492471e+00
1.000108525075155130e+00
1.000115248890856456e+00
1.000125103349727818e+00
1.000138553016706844e+00
1.000156229728509594e+00
1.000178960355056823e+00
1.000207802862276285e+00
1.000244092051747247e+00
1.000289496690440982e+00
1.000346090124903720e+00
1.000416436904541628e+00
1.000503698422437360e+00
1.000611761121713350e+00
1.000745391409628704e+00
1.000910422064322347e+00
1.001113975596677141e+00
1.001364730718245832e+00
1.001673238726682680e+00
1.002052297194252262e+00
1.002517388747037108e+00
1.003087192832146091e+00
1.003784178021368767e+00
1.004635281368479571e+00
1.005672679327977104e+00
1.006934651372611178e+00
1.008466532228573742e+00
1.010321740976528160e+00
1.012562864409648267e+00
1.015262757131885740e+00
1.018505600937333666e+00
1.022387839970452017e+00
1.027018874957168482e+00
1.032521358477167528e+00
1.039030883222185064e+00
1.046694796543220729e+00
1.055669808613350691e+00
1.066117991439541335e+00
1.078200697951025688e+00
1.092069875110548649e+00
1.107856219406259335e+00
1.125653652807771410e+00
1.145499719080850465e+00
1.167351764121074442e+00
1.191059232482222674e+00
1.216333155999450133e+00
1.242714992298732390e+00
1.269548414827825988e+00
1.295959391666977156e+00
1.320851674356435801e+00
1.342926144088994578e+00
1.360732506874030578e+00
1.372759516298977411e+00
1.377564208557033876e+00
1.373931202653688288e+00
1.361041086182853466e+00
1.338615525629519132e+00
1.307001090648387320e+00
1.267159009910852507e+00
1.220546430451934672e+00
1.168902987154688766e+00
1.113985809864205700e+00
1.057315701305257427e+00
1.000000000000000000e+00
