1.000000000000000000e+00
1.043438082477591289e+00
1.093978202166073777e+00
1.154243581588487499e+00
1.223518286716000159e+00
1.298753189083631021e+00
1.375521699669912445e+00
1.448935019377036060e+00
1.514445714095877804e+00
1.568445131284061711e+00
1.608595520236886900e+00
1.633899468839341340e+00
1.644562554885099503e+00
1.641730933916682567e+00
1.627183492266862652e+00
1.603038650883046312e+00
1.571511086462026974e+00
1.534731969148539710e+00
1.494631379303870133e+00
1.452873424211263531e+00
1.410831611310720879e+00
1.369592290686683533e+00
1.329975836485631335e+00
1.292567606124083168e+00
1.257752985244660060e+00
1.225752721961511860e+00
1.196656207078881984e+00
1.170451402856095058e+00
1.147050837226581965e+00
1.126313544515237242e+00
1.108063118754127663e+00
1.092102207563945049e+00
1.078223854367691859e+00
1.066220123387154439e+00
1.055888435244575874e+00
1.047036014363003087e+00
1.039482811600085821e+00
1.033063222554315264e+00
1.027626877652164206e+00
1.023038737013231447e+00
1.019178682820969462e+00
1.015940765459503403e+00
1.013232227495940663e+00
1.010972401830366518e+00
1.009091556895483688e+00
1.007529742389959404e+00
1.006235673297269040e+00
1.005165677441768102e+00
1.004282722117081805e+00
1.003555527949480997e+00
1.002957772720344920e+00
1.002467383997302619e+00
1.002065916789336208e+00
1.001738010769916976e+00
1.001470920673518172e+00
1.001254113075453755e+00
1.001078922762102197e+00
1.000938262169345006e+00
1.000826377820942525e+00
1.000738648267285535e+00
1.000671418659332623e+00
1.000621867757969241e+00
1.000587903852977689e+00
1.000568086734051620e+00
1.000561573512484204e+00
1.000568086734051620e+00
1.000587903852977689e+00
1.000621867757969241e+00
1.000671418659332623e+00
1.000738648267285535e+00
1.000826377820942525e+00
1.000938262169345006e+00
1.001078922762102197e+00
1.001254113075453755e+00
1.001470920673518172e+00
1.001738010769916976e+00
1.002065916789336208e+00
1.002467383997302619e+00
1.002957772720344920e+00
1.003555527949480997e+00
1.004282722117081805e+00
1.005165677441768102e+00
1.006235673297269040e+00
1.007529742389959404e+00
1.009091556895483688e+00
1.010972401830366518e+00
1.013232227495940663e+00
1.015940765459503181e+00
1.019178682820969462e+00
1.023038737013231669e+00
1.027626877652164206e+00
1.033063222554315264e+00
1.039482811600085599e+00
1.047036014363002865e+00
1.055888435244575652e+00
1.066220123387154439e+00
1.078223854367691192e+00
1.092102207563945049e+00
1.108063118754127219e+00
1.126313544515237242e+00
1.147050837226582631e+00
1.170451402856094392e+00
1.196656207078882428e+00
1.225752721961512082e+00
1.257752985244660726e+00
1.292567606124082946e+00
1.329975836485631335e+00
1.369592290686684199e+00
1.410831611310721323e+00
1.452873424211262865e+00
1.494631379303870578e+00
1.534731969148539710e+00
1.571511086462027196e+00
1.603038650883045868e+00
1.627183492266861542e+00
1.641730933916684121e+00
1.644562554885101280e+00
1.633899468839340008e+00
1.608595520236885790e+00
1.568445131284061489e+00
1.514445714095878026e+00
1.448935019377034727e+00
1.375521699669911779e+00
1.298753189083632131e+00
1.223518286716001491e+00
1.154243581588486611e+00
1.093978202166072666e+00
1.043438082477590179e+00
1.000000000000000000e+00
