1.000000000000000000e+00
1.012369343889987450e+00
1.024561712301674365e+00
1.036333006360353748e+00
1.047377514491906636e+00
1.057355881097561845e+00
1.065936057538274584e+00
1.072836661936174663e+00
1.077863167392158816e+00
1.080930225080230844e+00
1.082067362914433950e+00
1.081409150252151452e+00
1.079173742408935377e+00
1.075635057929620775e+00
1.071093760053455579e+00
1.065851133296865427e+00
1.060188410488723809e+00
1.054352585973001188e+00
1.048548545236229979e+00
1.042936566101388740e+00
1.037633881852372930e+00
1.032718948206168719e+00
1.028237208779162026e+00
1.024207404743249450e+00
1.020627748003928081e+00
1.017481526694284710e+00
1.014741914283098456e+00
1.012375903114486775e+00
1.010347383671889920e+00
1.008619450986661503e+00
1.007156049380568463e+00
1.005923075444771220e+00
1.004889054514079616e+00
1.004025493746675268e+00
1.003306999400241484e+00
1.002711229716860331e+00
1.002218739615079901e+00
1.001812759986089096e+00
1.001478943129710197e+00
1.001205096749658185e+00
1.000980921778473087e+00
1.000797763856816180e+00
1.000648384259783530e+00
1.000526753165818628e+00
1.000427866152230783e+00
1.000347583462967149e+00
1.000282490755481479e+00
1.000229779555551923e+00
1.000187145424742408e+00
1.000152701793257437e+00
1.000124907470977709e+00
1.000102505977678691e+00
1.000084474998957917e+00
1.000069984455763672e+00
1.000058361858757294e+00
1.000049063794834714e+00
1.000041652557151606e+00
1.000035777078976285e+00
1.000031157465081977e+00
1.000027572532309117e+00
1.000024849874496580e+00
1.000022858057605379e+00
1.000021500630266180e+00
1.000020711704894927e+00
1.000020452926783987e+00
1.000020711704894927e+00
1.000021500630266180e+00
1.000022858057605379e+00
1.000024849874496580e+00
1.000027572532309117e+00
1.000031157465081977e+00
1.000035777078976285e+00
1.000041652557151606e+00
1.000049063794834714e+00
1.000058361858757294e+00
1.000069984455763672e+00
1.000084474998957917e+00
1.000102505977678691e+00
1.000124907470977709e+00
1.000152701793257437e+00
1.000187145424742408e+00
1.000229779555551923e+00
1.000282490755481479e+00
1.000347583462967149e+00
1.000427866152230783e+00
1.000526753165818628e+00
1.000648384259783530e+00
1.000797763856816180e+00
1.000980921778473087e+00
1.001205096749658185e+00
1.001478943129710197e+00
1.001812759986089096e+00
1.002218739615079901e+00
1.002711229716860331e+00
1.003306999400241262e+00
1.004025493746675268e+00
1.004889054514079616e+00
1.005923075444771220e+00
1.007156049380568463e+00
1.008619450986661281e+00
1.010347383671889920e+00
1.012375903114486553e+00
1.014741914283098456e+00
1.017481526694284266e+00
1.020627748003928081e+00
1.024207404743249006e+00
1.028237208779161582e+00
1.032718948206168497e+00
1.037633881852372486e+00
1.042936566101388296e+00
1.048548545236229534e+00
1.054352585973000744e+00
1.060188410488723143e+00
1.065851133296864317e+00
1.071093760053454247e+00
1.075635057929619887e+00
1.079173742408934045e+00
1.081409150252150342e+00
1.082067362914433062e+00
1.080930225080229512e+00
1.077863167392157706e+00
1.072836661936172442e+00
1.065936057538273252e+00
1.057355881097561179e+00
1.047377514491905748e+00
1.036333006360353082e+00
1.024561712301674143e+00
1.012369343889987006e+00
1.000000000000000000e+00
