1.000000000000000000e+00
7.606510536013857404e-01
7.894337516516366504e-01
9.701769116582231733e-01
1.165807700439373651e+00
1.316093419530124375e+00
1.418154079270276036e+00
1.487528002304240982e+00
1.536625682343066401e+00
1.571020973151741940e+00
1.593017296208303346e+00
1.604784981406831568e+00
1.608974740372189904e+00
1.607884410139911679e+00
1.602715147246520644e+00
1.593645814017784934e+00
1.580580551450175619e+00
1.564002627855380689e+00
1.545423119049296412e+00
1.527232079739809567e+00
1.512089670385456053e+00
1.502173014562135034e+00
1.498588835270809216e+00
1.501132749974900760e+00
1.508414183237351880e+00
1.518242992750087783e+00
1.528121941482736057e+00
1.535702547979645116e+00
1.539113542857753369e+00
1.537130785259697374e+00
1.529203879313651093e+00
1.515379739151510252e+00
1.496169035910766443e+00
1.472394707675519498e+00
1.445049716633132419e+00
1.415179141547963981e+00
1.383792142517332513e+00
1.351803047969568849e+00
1.319997417523057548e+00
1.289017639842613416e+00
1.259362634599977993e+00
1.231396914301177592e+00
1.205365203289610276e+00
1.181409761101563038e+00
1.159588393735776046e+00
1.139891815451473445e+00
1.122259544499951467e+00
1.106593897792399250e+00
1.092771917598590825e+00
1.080655243343480398e+00
1.070098055518914126e+00
1.060953284622364601e+00
1.053077309897272329e+00
1.046333381143593089e+00
1.040593989956239307e+00
1.035742400290307508e+00
1.031673526484605752e+00
1.028294322801618144e+00
1.025523824223695479e+00
1.023292955025934425e+00
1.021544200329908003e+00
1.020231216827456544e+00
1.019318442251247570e+00
1.018780748844405393e+00
1.018603173781052584e+00
1.018780748845087958e+00
1.019318442252650003e+00
1.020231216829657450e+00
1.021544200333031283e+00
1.023292955030154605e+00
1.025523824229246594e+00
1.028294322808812611e+00
1.031673526493842585e+00
1.035742400302107402e+00
1.040593989971253963e+00
1.046333381162662501e+00
1.053077309921463867e+00
1.060953284653022743e+00
1.070098055557744399e+00
1.080655243392632192e+00
1.092771917660790848e+00
1.106593897871085641e+00
1.122259544599469638e+00
1.139891815577302348e+00
1.159588393894849911e+00
1.181409761302633976e+00
1.205365203543744768e+00
1.231396914622384431e+00
1.259362635006001652e+00
1.289017640355958783e+00
1.319997418172286885e+00
1.351803048791030193e+00
1.383792143557322385e+00
1.415179142865562678e+00
1.445049718303849318e+00
1.472394709796013279e+00
1.496169038604884927e+00
1.515379742578029543e+00
1.529203883676056641e+00
1.537130790818383552e+00
1.539113549944989057e+00
1.535702557017313730e+00
1.528121953002717026e+00
1.518243007416376411e+00
1.508414201868375937e+00
1.501132773563582656e+00
1.498588864999147896e+00
1.502173051806639625e+00
1.512089716709739795e+00
1.527232136870876555e+00
1.545423188833778383e+00
1.564002712190365019e+00
1.580580652179858214e+00
1.593645932783425367e+00
1.602715285277087620e+00
1.607884567979993351e+00
1.608974917565336948e+00
1.604785176182568218e+00
1.593017505246569376e+00
1.571021191504270664e+00
1.536625903570833618e+00
1.487528218849789807e+00
1.418154283033283614e+00
1.316093602556591469e+00
1.165807855580815566e+00
9.701770330492344163e-01
7.894338349326512905e-01
7.606510959356054258e-01
1.000000000000000000e+00
