1.000000000000000000e+00
7.439225024472543302e-01
7.845904734785169587e-01
9.761096144400385199e-01
1.170487655496770474e+00
1.314307280231192365e+00
1.412543685428093720e+00
1.482533177655202650e+00
1.534346252322030590e+00
1.570857858547499042e+00
1.593145790748963897e+00
1.603600773927501111e+00
1.605877997671601776e+00
1.603443929218418829e+00
1.598356794420152438e+00
1.591014349100088765e+00
1.580812393941372740e+00
1.567205561130902813e+00
1.550574352834696690e+00
1.532511644082184210e+00
1.515481970994493333e+00
1.502088831714424089e+00
1.494297340505971405e+00
1.492901884733804918e+00
1.497375067028190454e+00
1.506073935478281278e+00
1.516673630051096344e+00
1.526666893401657621e+00
1.533796204061283586e+00
1.536343226764226522e+00
1.533258743454007922e+00
1.524157536589262341e+00
1.509222068288035068e+00
1.489060297580939718e+00
1.464554050330133528e+00
1.436721837284367753e+00
1.406608375530636890e+00
1.375204349999590514e+00
1.343394490037320699e+00
1.311929282304281630e+00
1.281414769920949048e+00
1.252315134122030660e+00
1.224963545270939314e+00
1.199577734095920833e+00
1.176277663243868066e+00
1.155103476949852492e+00
1.136032543378001636e+00
1.118994886266507560e+00
1.103886651783730910e+00
1.090581499096636708e+00
1.078939963789320666e+00
1.068816942998054298e+00
1.060067506846983809e+00
1.052551265556812332e+00
1.046135525350792683e+00
1.040697456352675854e+00
1.036125477443416765e+00
1.032320040389787419e+00
1.029193971195384583e+00
1.026672502389321950e+00
1.024693107027345285e+00
1.023205224195078866e+00
1.022169947056838168e+00
1.021559727990176691e+00
1.021358140891035493e+00
1.021559727989968636e+00
1.022169947056411843e+00
1.023205224194420726e+00
1.024693107026433792e+00
1.026672502388124686e+00
1.029193971193861357e+00
1.032320040387893822e+00
1.036125477441091736e+00
1.040697456349859440e+00
1.046135525347404505e+00
1.052551265552774451e+00
1.060067506842211849e+00
1.068816942992447228e+00
1.078939963782775013e+00
1.090581499089035233e+00
1.103886651774952377e+00
1.118994886256410082e+00
1.136032543366428227e+00
1.155103476936597540e+00
1.176277663228673553e+00
1.199577734078417057e+00
1.224963545250598251e+00
1.252315134098076266e+00
1.281414769892210481e+00
1.311929282269008290e+00
1.343394489992884688e+00
1.375204349942125814e+00
1.406608375454508231e+00
1.436721837181483830e+00
1.464554050189067036e+00
1.489060297385856213e+00
1.509222068017416207e+00
1.524157536214503450e+00
1.533258742937983365e+00
1.536343226059985634e+00
1.533796203111126522e+00
1.526666892136696596e+00
1.516673628391431050e+00
1.506073933333474724e+00
1.497375064297432390e+00
1.492901881304639966e+00
1.494297336250453467e+00
1.502088826482112616e+00
1.515481964603293763e+00
1.532511636310368797e+00
1.550574343419563128e+00
1.567205549779833618e+00
1.580812380358085356e+00
1.591014333022970684e+00
1.598356775663865470e+00
1.603443907709192429e+00
1.605877973473260001e+00
1.603600747264779747e+00
1.593145762036759283e+00
1.570857828422328240e+00
1.534346221653868136e+00
1.482533147513866334e+00
1.412543656999633690e+00
1.314307254705382899e+00
1.170487633948206874e+00
9.761095977158400494e-01
7.845904621255042066e-01
7.439224967294151281e-01
1.000000000000000000e+00
