1.000000000000000000e+00
8.710710797943399530e-01
8.599674150427636388e-01
9.576151333960531975e-01
1.111142076045591676e+00
1.269692445205685916e+00
1.402115568687185565e+00
1.497501059329156448e+00
1.558133832836618105e+00
1.591683163700661652e+00
1.606057192172119397e+00
1.607425650789772176e+00
1.600299237868312519e+00
1.588281126138922250e+00
1.574594836967858846e+00
1.562120502201526984e+00
1.553090294953665129e+00
1.548732982285503823e+00
1.549097726906444095e+00
1.553145907793688218e+00
1.559069137949396833e+00
1.564718885197033948e+00
1.568024007435859790e+00
1.567307191154060586e+00
1.561461883135305317e+00
1.549995515400965473e+00
1.532971669637832157e+00
1.510892651194232883e+00
1.484559945770327571e+00
1.454939787531515760e+00
1.423049775649197768e+00
1.389873097469140006e+00
1.356300485967274705e+00
1.323096400101040127e+00
1.290884393402906838e+00
1.260146472616178182e+00
1.231231819644261982e+00
1.204371122766192403e+00
1.179693675752156778e+00
1.157245222212936131e+00
1.137005194858977219e+00
1.118902519037750398e+00
1.102829532938407686e+00
1.088653847232044836e+00
1.076228149226218012e+00
1.065398072594062384e+00
1.056008321236118430e+00
1.047907268859849639e+00
1.040950265123255392e+00
1.035001872710248350e+00
1.029937243413522552e+00
1.025642819504876346e+00
1.022016522446979270e+00
1.018967566473251374e+00
1.016416011148758347e+00
1.014292145599571926e+00
1.012535778137661602e+00
1.011095488699702782e+00
1.009927887846607808e+00
1.008996914886118423e+00
1.008273198751364896e+00
1.007733498316620402e+00
1.007360233563145302e+00
1.007141115127723419e+00
1.007068876991385586e+00
1.007141115125860020e+00
1.007360233559323692e+00
1.007733498310652065e+00
1.008273198742945853e+00
1.008996914874830786e+00
1.009927887831888693e+00
1.011095488680824328e+00
1.012535778113691221e+00
1.014292145569338333e+00
1.016416011110786721e+00
1.018967566425701410e+00
1.022016522387563464e+00
1.025642819430745423e+00
1.029937243321143558e+00
1.035001872595236572e+00
1.040950264980177620e+00
1.047907268681972370e+00
1.056008321015094564e+00
1.065398072319547529e+00
1.076228148885385094e+00
1.088653846808981251e+00
1.102829532413363456e+00
1.118902518386184486e+00
1.137005194050374035e+00
1.157245221209289854e+00
1.179693674506072432e+00
1.204371121218481555e+00
1.231231817720876753e+00
1.260146470224326798e+00
1.290884390426109363e+00
1.323096396392864804e+00
1.356300481343361675e+00
1.389873091697177543e+00
1.423049768436286833e+00
1.454939778508480552e+00
1.484559934472408527e+00
1.510892637037733355e+00
1.532971651892535814e+00
1.549995493158549342e+00
1.561461855274810739e+00
1.567307156306617655e+00
1.568023963952557498e+00
1.564718831125900156e+00
1.559069071029752562e+00
1.553145825478307041e+00
1.549097626423262319e+00
1.548732860750687168e+00
1.553090149546017651e+00
1.562120330404775936e+00
1.574594636882156395e+00
1.588280896855804203e+00
1.600298979892156970e+00
1.607425366470173644e+00
1.606056886082664725e+00
1.591682842863945790e+00
1.558133506669221457e+00
1.497500739192624275e+00
1.402115267012013389e+00
1.269692174304656973e+00
1.111141846893455076e+00
9.576149547179351185e-01
8.599672929450621339e-01
8.710710179265875874e-01
1.000000000000000000e+00
