1.000000000000000000e+00
7.645543995238868185e-01
7.907036371052050816e-01
9.686777840398431705e-01
1.164220897272680855e+00
1.315865628606921689e+00
1.418898123053653482e+00
1.488247365216735840e+00
1.536760895125683257e+00
1.570668921435214749e+00
1.592620525318739544e+00
1.604740140680761984e+00
1.609399141570732272e+00
1.608584495347608057e+00
1.603309089794703102e+00
1.593758578528542857e+00
1.580021633852505270e+00
1.562855651261595424e+00
1.544020633631178585e+00
1.526038604094740458e+00
1.511547840836955148e+00
1.502571189864505108e+00
1.499989047037969314e+00
1.503369302526433859e+00
1.511148733762869512e+00
1.521049022909447768e+00
1.530570913412345080e+00
1.537431826121363532e+00
1.539866934268969034e+00
1.536771922889848874e+00
1.527708471870552476e+00
1.512814802551917470e+00
1.492666643078934374e+00
1.468125869709188791e+00
1.440201799129687599e+00
1.409938341799206407e+00
1.378331236398474324e+00
1.346273845950005432e+00
1.314527023431438346e+00
1.283707538348044297e+00
1.254289720750988435e+00
1.226615733766383443e+00
1.200910841567878862e+00
1.177300975540908068e+00
1.155830711835157398e+00
1.136480424260617905e+00
1.119181871385237947e+00
1.103831836672980016e+00
1.090303691540100983e+00
1.078456918248542618e+00
1.068144733995328277e+00
1.059220016644992546e+00
1.051539759680599317e+00
1.044968289265117090e+00
1.039379467367461007e+00
1.034658087261520087e+00
1.030700645353689104e+00
1.027415649057377589e+00
1.024723596236917667e+00
1.022556738830862288e+00
1.020858722365476812e+00
1.019584174528559650e+00
1.018698299856448664e+00
1.018176523756220586e+00
1.018004217264034450e+00
1.018176523757015950e+00
1.018698299858082246e+00
1.019584174531121601e+00
1.020858722369109017e+00
1.022556738835764589e+00
1.024723596243358736e+00
1.027415649065711589e+00
1.030700645364372781e+00
1.034658087275145188e+00
1.039379467384767164e+00
1.044968289287055541e+00
1.051539759708375765e+00
1.059220016680122667e+00
1.068144734039732979e+00
1.078456918304638856e+00
1.090303691610947201e+00
1.103831836762431129e+00
1.119181871498157843e+00
1.136480424403137235e+00
1.155830712015022854e+00
1.177300975767896940e+00
1.200910841854349265e+00
1.226615734127973978e+00
1.254289721207508812e+00
1.283707538924624192e+00
1.314527024159983792e+00
1.346273846871135049e+00
1.378331237563954703e+00
1.409938343275135342e+00
1.440201801000594584e+00
1.468125872083334560e+00
1.492666646095087701e+00
1.512814806388031341e+00
1.527708476754700673e+00
1.536771929113847301e+00
1.539866942205045941e+00
1.537431836241897720e+00
1.530570926312520008e+00
1.521049039331847652e+00
1.511148754622360313e+00
1.503369328932659954e+00
1.499989080311938228e+00
1.502571231545157593e+00
1.511547892673490212e+00
1.526038668020555544e+00
1.544020711714921168e+00
1.562855745629133652e+00
1.580021746570162033e+00
1.593758711434225317e+00
1.603309244263676270e+00
1.608584671989460535e+00
1.609399339877147339e+00
1.604740358676280287e+00
1.592620759295502175e+00
1.570669165860985483e+00
1.536761142793849455e+00
1.488247607662031013e+00
1.418898351198427665e+00
1.315865833535659002e+00
1.164221070972973004e+00
9.686779199409271124e-01
7.907037303306555520e-01
7.645544469085845396e-01
1.000000000000000000e+00
