1.000000000000000000e+00
1.005767563784217167e+00
1.029274262028308629e+00
1.075994872977772410e+00
1.143568104700464216e+00
1.225320491370922138e+00
1.313033932884449584e+00
1.398973936199558787e+00
1.477116077684141660e+00
1.543586984089717173e+00
1.596493326146457781e+00
1.635420175097285433e+00
1.660872692094583325e+00
1.673836442722299145e+00
1.675511321055458192e+00
1.667189124984967963e+00
1.650212799606276315e+00
1.625962690783797848e+00
1.595838568240467437e+00
1.561228189970404578e+00
1.523466415228587723e+00
1.483793408536644653e+00
1.443319514443371698e+00
1.403001218996339006e+00
1.363629404559728142e+00
1.325828806756936817e+00
1.290066355016557864e+00
1.256665703526593569e+00
1.225825423925816393e+00
1.197638763672974616e+00
1.172113388189144567e+00
1.149190013181924375e+00
1.128759246201957334e+00
1.110676279169515501e+00
1.094773310904346264e+00
1.080869743263683569e+00
1.068780301058718019e+00
1.058321288294525209e+00
1.049315223230620653e+00
1.041594101789779847e+00
1.035001530375365020e+00
1.029393950859240681e+00
1.024641156611038495e+00
1.020626272051015082e+00
1.017245341515612633e+00
1.014406647710550002e+00
1.012029856627245872e+00
1.010045065032757483e+00
1.008391808722732153e+00
1.007018074643839078e+00
1.005879347592344208e+00
1.004937712235159708e+00
1.004161023388169482e+00
1.003522151517425964e+00
1.002998306003317408e+00
1.002570435547296857e+00
1.002222702956783618e+00
1.001942030200006606e+00
1.001717708896818770e+00
1.001541071153053464e+00
1.001405215733847998e+00
1.001304784909641032e+00
1.001235787824049206e+00
1.001195466869377437e+00
1.001182204273308285e+00
1.001195466869377437e+00
1.001235787824049206e+00
1.001304784909641032e+00
1.001405215733847998e+00
1.001541071153053464e+00
1.001717708896818770e+00
1.001942030200006606e+00
1.002222702956783618e+00
1.002570435547296857e+00
1.002998306003317408e+00
1.003522151517425964e+00
1.004161023388169482e+00
1.004937712235159708e+00
1.005879347592344208e+00
1.007018074643839078e+00
1.008391808722732153e+00
1.010045065032757483e+00
1.012029856627246094e+00
1.014406647710549780e+00
1.017245341515612633e+00
1.020626272051015082e+00
1.024641156611038495e+00
1.029393950859240459e+00
1.035001530375365020e+00
1.041594101789780069e+00
1.049315223230620653e+00
1.058321288294525209e+00
1.068780301058718019e+00
1.080869743263683347e+00
1.094773310904346042e+00
1.110676279169515501e+00
1.128759246201956001e+00
1.149190013181923931e+00
1.172113388189144345e+00
1.197638763672974394e+00
1.225825423925816837e+00
1.256665703526592681e+00
1.290066355016558308e+00
1.325828806756935929e+00
1.363629404559727698e+00
1.403001218996338562e+00
1.443319514443371698e+00
1.483793408536646208e+00
1.523466415228588611e+00
1.561228189970403246e+00
1.595838568240468991e+00
1.625962690783797848e+00
1.650212799606275871e+00
1.667189124984967297e+00
1.675511321055456415e+00
1.673836442722300921e+00
1.660872692094585101e+00
1.635420175097285878e+00
1.596493326146458003e+00
1.543586984089716951e+00
1.477116077684142548e+00
1.398973936199558343e+00
1.313033932884449584e+00
1.225320491370923026e+00
1.143568104700465327e+00
1.075994872977771966e+00
1.029274262028307518e+00
1.005767563784215390e+00
1.000000000000000000e+00
