1.000000000000000000e+00
8.366533935402390432e-01
8.313984878192158812e-01
9.544187438390716594e-01
1.127499443123146206e+00
1.289543622910061638e+00
1.412889116837024561e+00
1.495538635662385873e+00
1.547250252450909302e+00
1.578944389609718835e+00
1.597933035882471708e+00
1.607576663173741816e+00
1.608960478447500453e+00
1.602761827634831882e+00
1.590418126179674818e+00
1.574409969994510661e+00
1.557860527547606067e+00
1.543803446129367929e+00
1.534467393168108318e+00
1.530823080783875190e+00
1.532492509424828286e+00
1.537983808374540073e+00
1.545127657333337012e+00
1.551566481540355591e+00
1.555174226756601552e+00
1.554337458897444790e+00
1.548082484326644526e+00
1.536071905710929997e+00
1.518512582355080465e+00
1.496018673229006390e+00
1.469465080015201819e+00
1.439854627203468240e+00
1.408211050700626910e+00
1.375501358634100280e+00
1.342585760814187568e+00
1.310190636044506141e+00
1.278899128011557584e+00
1.249154186295657443e+00
1.221269636015308802e+00
1.195445801537007080e+00
1.171787120053179088e+00
1.150319963225651776e+00
1.131009509847468175e+00
1.113774985391454031e+00
1.098502926752959574e+00
1.085058368091831538e+00
1.073294000728594266e+00
1.063057457242954751e+00
1.054196923869366476e+00
1.046565308846132192e+00
1.040023197282784917e+00
1.034440812606785887e+00
1.029699186046877823e+00
1.025690712738415611e+00
1.022319248600737529e+00
1.019499877984604730e+00
1.017158459417730976e+00
1.015231036300417111e+00
1.013663181476485819e+00
1.012409329323537444e+00
1.011432136290743466e+00
1.010701900462272373e+00
1.010196062469524758e+00
1.009898803603894279e+00
1.009800751966907439e+00
1.009898803603294315e+00
1.010196062468294187e+00
1.010701900460353686e+00
1.011432136288037187e+00
1.012409329319913009e+00
1.013663181471763819e+00
1.015231036294368172e+00
1.017158459410059335e+00
1.019499877974946234e+00
1.022319248588620999e+00
1.025690712723265952e+00
1.029699186027980495e+00
1.034440812583244274e+00
1.040023197253489018e+00
1.046565308809699113e+00
1.054196923824079590e+00
1.063057457186670662e+00
1.073294000658644665e+00
1.085058368004875540e+00
1.098502926644809863e+00
1.113774985256850814e+00
1.131009509679788305e+00
1.150319963016526614e+00
1.171787119792009113e+00
1.195445801210319736e+00
1.221269635605925830e+00
1.249154185781627069e+00
1.278899127364747645e+00
1.310190635228792866e+00
1.342585759783113675e+00
1.375501357327888696e+00
1.408211049042376484e+00
1.439854625094408647e+00
1.469465077328830915e+00
1.496018669804042966e+00
1.518512577987215506e+00
1.536071900143471280e+00
1.548082477240406707e+00
1.554337449900391910e+00
1.555174215373979374e+00
1.551566467206168420e+00
1.545127639383979679e+00
1.537983786045372669e+00
1.532492481850473487e+00
1.530823047003678772e+00
1.534467352139643470e+00
1.543803396755440316e+00
1.557860468724994618e+00
1.574409900694421882e+00
1.590418045568384953e+00
1.602761735236889473e+00
1.608960374342720101e+00
1.607576548204844746e+00
1.597932911835745040e+00
1.578944259320680610e+00
1.547250119785067213e+00
1.495538505330933132e+00
1.412888994032776013e+00
1.289543512794376179e+00
1.127499350261700339e+00
9.544186717494301808e-01
8.313984387940068777e-01
8.366533687931603236e-01
1.000000000000000000e+00
