1.000000000000000000e+00
1.080041876084642860e+00
1.160647841388943613e+00
1.240970526982227096e+00
1.318971555149573982e+00
1.391816671339626499e+00
1.456391489054704058e+00
1.509844104152404443e+00
1.550043755333518680e+00
1.575866945454534207e+00
1.587274680957848849e+00
1.585202271191958001e+00
1.571323382873059282e+00
1.547762630260023586e+00
1.516819892148511872e+00
1.480746350999994743e+00
1.441588313429602808e+00
1.401096986554663637e+00
1.360692399111255169e+00
1.321466273601234809e+00
1.284209467418039763e+00
1.249452394083036655e+00
1.217510099464493178e+00
1.188526593190543323e+00
1.162515315286381634e+00
1.139394231469670116e+00
1.119015104086584778e+00
1.101187119559083438e+00
1.085695396128723011e+00
1.072315049014274546e+00
1.060821526902854917e+00
1.050997903494091057e+00
1.042639742673197478e+00
1.035558075754051011e+00
1.029580946041533274e+00
1.024553896505881578e+00
1.020339704207539722e+00
1.016817601838127638e+00
1.013882172729123843e+00
1.011442060592790071e+00
1.009418598374287379e+00
1.007744430987516315e+00
1.006362183389977183e+00
1.005223207445835820e+00
1.004286427415845395e+00
1.003517293870552995e+00
1.002886848626630023e+00
1.002370898335968263e+00
1.001949291097098182e+00
1.001605288484778145e+00
1.001325024365483429e+00
1.001097041514826591e+00
1.000911897169092901e+00
1.000761829067779551e+00
1.000640474159117721e+00
1.000542632859356074e+00
1.000464072518348901e+00
1.000401364506616542e+00
1.000351750075944457e+00
1.000313030840519701e+00
1.000283480370694589e+00
1.000261773984518543e+00
1.000246934365259133e+00
1.000238291130418178e+00
1.000235452936419911e+00
1.000238291130418178e+00
1.000246934365259133e+00
1.000261773984518543e+00
1.000283480370694589e+00
1.000313030840519701e+00
1.000351750075944457e+00
1.000401364506616542e+00
1.000464072518348901e+00
1.000542632859356074e+00
1.000640474159117721e+00
1.000761829067779551e+00
1.000911897169092901e+00
1.001097041514826591e+00
1.001325024365483429e+00
1.001605288484778145e+00
1.001949291097098182e+00
1.002370898335968263e+00
1.002886848626630023e+00
1.003517293870552995e+00
1.004286427415845395e+00
1.005223207445835820e+00
1.006362183389977183e+00
1.007744430987516315e+00
1.009418598374287379e+00
1.011442060592790071e+00
1.013882172729123843e+00
1.016817601838127638e+00
1.020339704207539500e+00
1.024553896505881578e+00
1.029580946041533052e+00
1.035558075754050789e+00
1.042639742673197034e+00
1.050997903494091057e+00
1.060821526902854695e+00
1.072315049014274324e+00
1.085695396128723234e+00
1.101187119559083216e+00
1.119015104086585222e+00
1.139394231469669894e+00
1.162515315286381634e+00
1.188526593190542879e+00
1.217510099464493623e+00
1.249452394083036877e+00
1.284209467418039985e+00
1.321466273601234365e+00
1.360692399111255835e+00
1.401096986554663859e+00
1.441588313429602364e+00
1.480746350999994077e+00
1.516819892148510318e+00
1.547762630260024697e+00
1.571323382873059282e+00
1.585202271191956447e+00
1.587274680957848405e+00
1.575866945454534651e+00
1.550043755333518236e+00
1.509844104152402888e+00
1.456391489054703836e+00
1.391816671339627387e+00
1.318971555149574648e+00
1.240970526982226207e+00
1.160647841388943169e+00
1.080041876084642638e+00
1.000000000000000000e+00
