1.000000000000000000e+00
1.008285995725759498e+00
1.033164104522392934e+00
1.079961100650861372e+00
1.146707820554895729e+00
1.227308095465356130e+00
1.314053599121422833e+00
1.399505784738233727e+00
1.477682427127332998e+00
1.544547013979879146e+00
1.597936990961661863e+00
1.637167843903002407e+00
1.662552378511743978e+00
1.674995462427643966e+00
1.675722954665572528e+00
1.666129454042610814e+00
1.647699326339571391e+00
1.621958697077883205e+00
1.590433463932880098e+00
1.554605239415119300e+00
1.515867259582225346e+00
1.475485665426458093e+00
1.434570728913128201e+00
1.394060162721518559e+00
1.354714289756023149e+00
1.317121259800844602e+00
1.281709765580268057e+00
1.248766626194286689e+00
1.218456910330194098e+00
1.190844747827539241e+00
1.165913482521190758e+00
1.143584273453368549e+00
1.123732622961179706e+00
1.106202593498578191e+00
1.090818678725561819e+00
1.077395432030410660e+00
1.065745041548638250e+00
1.055683087773517936e+00
1.047032738738765456e+00
1.039627637040684283e+00
1.033313719280607668e+00
1.027950186876566585e+00
1.023409821352386118e+00
1.019578809870182567e+00
1.016356219821843210e+00
1.013653235990889412e+00
1.011392250901431700e+00
1.009505878874985552e+00
1.007935947136900712e+00
1.006632502979523780e+00
1.005552864301231031e+00
1.004660731529010365e+00
1.003925371692823143e+00
1.003320879941270505e+00
1.002825519772905905e+00
1.002421140432480096e+00
1.002092668045594159e+00
1.001827665930921984e+00
1.001615958962984720e+00
1.001449316718076465e+00
1.001321190307896236e+00
1.001226498200679327e+00
1.001161456880707679e+00
1.001123452852771711e+00
1.001110953222783762e+00
1.001123452852771711e+00
1.001161456880707679e+00
1.001226498200679327e+00
1.001321190307896236e+00
1.001449316718076465e+00
1.001615958962984720e+00
1.001827665930921984e+00
1.002092668045594159e+00
1.002421140432480096e+00
1.002825519772905905e+00
1.003320879941270505e+00
1.003925371692823143e+00
1.004660731529010365e+00
1.005552864301231031e+00
1.006632502979523780e+00
1.007935947136900712e+00
1.009505878874985552e+00
1.011392250901431922e+00
1.013653235990889412e+00
1.016356219821843210e+00
1.019578809870182567e+00
1.023409821352386118e+00
1.027950186876566363e+00
1.033313719280607668e+00
1.039627637040684505e+00
1.047032738738765456e+00
1.055683087773517936e+00
1.065745041548638250e+00
1.077395432030410438e+00
1.090818678725561597e+00
1.106202593498578413e+00
1.123732622961178595e+00
1.143584273453368105e+00
1.165913482521190536e+00
1.190844747827539241e+00
1.218456910330194543e+00
1.248766626194285800e+00
1.281709765580268501e+00
1.317121259800843935e+00
1.354714289756023149e+00
1.394060162721518559e+00
1.434570728913128645e+00
1.475485665426460091e+00
1.515867259582226456e+00
1.554605239415118634e+00
1.590433463932882097e+00
1.621958697077883871e+00
1.647699326339571613e+00
1.666129454042611258e+00
1.675722954665571862e+00
1.674995462427647075e+00
1.662552378511747087e+00
1.637167843903004405e+00
1.597936990961663417e+00
1.544547013979880479e+00
1.477682427127335663e+00
1.399505784738234837e+00
1.314053599121423943e+00
1.227308095465358795e+00
1.146707820554897950e+00
1.079961100650861816e+00
1.033164104522392490e+00
1.008285995725758166e+00
1.000000000000000000e+00
