1.000000000000000000e+00
7.423739790388855786e-01
7.843056825738716764e-01
9.768310712234122839e-01
1.171015139181831755e+00
1.314221152486864552e+00
1.412161208345020347e+00
1.482265648681481807e+00
1.534347050612850927e+00
1.571045120015388097e+00
1.593352646834139241e+00
1.603686184304707663e+00
1.605776600754064143e+00
1.603181714525327761e+00
1.598041602656928850e+00
1.590796480498692045e+00
1.580822581783533520e+00
1.567495655070296978e+00
1.551088638317610346e+00
1.533101347905541756e+00
1.515954469108700797e+00
1.502269420226788110e+00
1.494080249446833708e+00
1.492275700267873928e+00
1.496419605251316343e+00
1.504935303549999492e+00
1.515528890041283550e+00
1.525689423782578658e+00
1.533129341762868858e+00
1.536085327948560897e+00
1.533459125873117390e+00
1.524820619169876990e+00
1.510316360372903288e+00
1.490529243239989698e+00
1.466326562895155394e+00
1.438721256045843333e+00
1.408759314374856464e+00
1.377437411560090030e+00
1.345649104361946513e+00
1.314155050048657847e+00
1.283571705631803672e+00
1.254373163558276216e+00
1.226901545354508238e+00
1.201382335131887746e+00
1.177941970886970502e+00
1.156625820148958983e+00
1.137415314779567810e+00
1.120243512151612331e+00
1.105008707760548825e+00
1.091585973621499450e+00
1.079836662500083255e+00
1.069616021459441679e+00
1.060779116564472879e+00
1.053185297200143644e+00
1.046701433430915040e+00
1.041204150666858119e+00
1.036581268114930010e+00
1.032732625046678621e+00
1.029570454593483397e+00
1.027019440476914403e+00
1.025016569001195421e+00
1.023510867466764562e+00
1.022463101211755099e+00
1.021845484769700274e+00
1.021641447959971805e+00
1.021845484769487555e+00
1.022463101211317671e+00
1.023510867466089547e+00
1.025016569000260169e+00
1.027019440475686274e+00
1.029570454591920425e+00
1.032732625044733510e+00
1.036581268112540810e+00
1.041204150663962658e+00
1.046701433427429828e+00
1.053185297195985859e+00
1.060779116559554591e+00
1.069616021453656973e+00
1.079836662493321775e+00
1.091585973613636185e+00
1.105008707751454988e+00
1.120243512141134934e+00
1.137415314767537433e+00
1.156625820135156468e+00
1.177941970871119404e+00
1.201382335113599487e+00
1.226901545333231036e+00
1.254373163533208491e+00
1.283571705601743052e+00
1.314155050011818426e+00
1.345649104315661093e+00
1.377437411500446629e+00
1.408759314296173404e+00
1.438721255939978461e+00
1.466326562750631890e+00
1.490529243040926710e+00
1.510316360097747834e+00
1.524820618790006188e+00
1.533459125351413599e+00
1.536085327238111864e+00
1.533129340806040464e+00
1.525689422510555282e+00
1.515528888374198413e+00
1.504935301397324121e+00
1.496419602511909197e+00
1.492275696828566867e+00
1.494080245178472488e+00
1.502269414977206674e+00
1.515954462693691607e+00
1.533101340101194143e+00
1.551088628859417007e+00
1.567495643664628346e+00
1.580822568134049755e+00
1.590796464344431449e+00
1.598041583813337052e+00
1.603181692919008361e+00
1.605776576448767701e+00
1.603686157525288092e+00
1.593352617996772524e+00
1.571045089759639080e+00
1.534347019813274926e+00
1.482265618413032504e+00
1.412161179798270050e+00
1.314221126854874688e+00
1.171015117541663875e+00
9.768310544249695360e-01
7.843056711677459658e-01
7.423739732931343704e-01
1.000000000000000000e+00
