1.000000000000000000e+00
1.054887150576186094e+00
1.109137030974040483e+00
1.161682845253680041e+00
1.211072364078219499e+00
1.255634196825094140e+00
1.293716584508694645e+00
1.323936854720266121e+00
1.345382561439251612e+00
1.357723781727232293e+00
1.361223441176042659e+00
1.356658928237812312e+00
1.345185515902688866e+00
1.328177194891965174e+00
1.307075444958939903e+00
1.283265946171024519e+00
1.257991974307407057e+00
1.232304301044115924e+00
1.207041950866633462e+00
1.182835871417203588e+00
1.160127524365659912e+00
1.139195600253567697e+00
1.120185723712860959e+00
1.103139657381902561e+00
1.088021892839053706e+00
1.074742559810936138e+00
1.063176307578425073e+00
1.053177271518780378e+00
1.044590498782181021e+00
1.037260329814278181e+00
1.031036264727735574e+00
1.025776821072901690e+00
1.021351837419846031e+00
1.017643612052505864e+00
1.014547198533116035e+00
1.011970116110923135e+00
1.009831676160171332e+00
1.008062077353121921e+00
1.006601382229202368e+00
1.005398455650116318e+00
1.004409920424042868e+00
1.003599166100077378e+00
1.002935432539867167e+00
1.002392979408396556e+00
1.001950345347503601e+00
1.001589695589353957e+00
1.001296253545271853e+00
1.001057809995219872e+00
1.000864302533718941e+00
1.000707457612975526e+00
1.000580487647241501e+00
1.000477836043893065e+00
1.000394963590710784e+00
1.000328170273231398e+00
1.000274447264975608e+00
1.000231354489857560e+00
1.000196919777480487e+00
1.000169556205498855e+00
1.000147994743217694e+00
1.000131229776214159e+00
1.000118475505431093e+00
1.000109131580150246e+00
1.000102756648305391e+00
1.000099048795642709e+00
1.000097832104077433e+00
1.000099048795642709e+00
1.000102756648305391e+00
1.000109131580150246e+00
1.000118475505431093e+00
1.000131229776214159e+00
1.000147994743217694e+00
1.000169556205498855e+00
1.000196919777480487e+00
1.000231354489857560e+00
1.000274447264975608e+00
1.000328170273231398e+00
1.000394963590710784e+00
1.000477836043893065e+00
1.000580487647241501e+00
1.000707457612975526e+00
1.000864302533718941e+00
1.001057809995219872e+00
1.001296253545271853e+00
1.001589695589353957e+00
1.001950345347503601e+00
1.002392979408396556e+00
1.002935432539867167e+00
1.003599166100077378e+00
1.004409920424042868e+00
1.005398455650116318e+00
1.006601382229202368e+00
1.008062077353121921e+00
1.009831676160171332e+00
1.011970116110923135e+00
1.014547198533115813e+00
1.017643612052505864e+00
1.021351837419846031e+00
1.025776821072901690e+00
1.031036264727735574e+00
1.037260329814278181e+00
1.044590498782181243e+00
1.053177271518780156e+00
1.063176307578425295e+00
1.074742559810935916e+00
1.088021892839053706e+00
1.103139657381902339e+00
1.120185723712860959e+00
1.139195600253568141e+00
1.160127524365659468e+00
1.182835871417203144e+00
1.207041950866633462e+00
1.232304301044115924e+00
1.257991974307406391e+00
1.283265946171023630e+00
1.307075444958939237e+00
1.328177194891964952e+00
1.345185515902687756e+00
1.356658928237811201e+00
1.361223441176042659e+00
1.357723781727231849e+00
1.345382561439250280e+00
1.323936854720264789e+00
1.293716584508693979e+00
1.255634196825094584e+00
1.211072364078219055e+00
1.161682845253679375e+00
1.109137030974040927e+00
1.054887150576185872e+00
1.000000000000000000e+00
