1.000000000000000000e+00
7.417374949755611846e-01
7.841932719014975683e-01
9.771290689095294413e-01
1.171228220399148201e+00
1.314181518546297944e+00
1.412002623355935071e+00
1.482156215820983114e+00
1.534347388983792637e+00
1.571120833361747460e+00
1.593436358856215707e+00
1.603721335211551802e+00
1.605736362446791299e+00
1.603075313891923370e+00
1.597911534044481607e+00
1.590703643273967849e+00
1.580821417627580106e+00
1.567609432360911770e+00
1.551296704189609077e+00
1.533344095423569531e+00
1.516152991539147621e+00
1.502350902406899502e+00
1.493999383320403718e+00
1.492025764492488804e+00
1.496031740781083474e+00
1.504468599763803427e+00
1.515055938746330932e+00
1.525281956651390214e+00
1.532847163323425299e+00
1.535969925025032490e+00
1.533531794217052768e+00
1.525084030690735393e+00
1.510758194644901797e+00
1.491126636932190497e+00
1.467050467209910058e+00
1.439540162863132355e+00
1.409642119932150939e+00
1.378355398725282122e+00
1.346577146052392315e+00
1.315072188933282149e+00
1.284461273297306860e+00
1.255222585988790662e+00
1.227701954926198713e+00
1.202128080890825679e+00
1.178630093098855580e+00
1.157255533780199741e+00
1.137987529980957868e+00
1.120760407517464641e+00
1.105473363396852760e+00
1.092002065113066855e+00
1.080208213036340625e+00
1.069947207098092656e+00
1.061074118437998370e+00
1.053448194062547083e+00
1.046936128046690895e+00
1.041414323972761569e+00
1.036770355700749269e+00
1.032903811205745148e+00
1.029726679918357535e+00
1.027163419673919664e+00
1.025150816239077889e+00
1.023637727141419429e+00
1.022584782490948863e+00
1.021964098674804644e+00
1.021759046045263242e+00
1.021964098674589927e+00
1.022584782490506550e+00
1.023637727140736864e+00
1.025150816238132423e+00
1.027163419672677769e+00
1.029726679916776577e+00
1.032903811203777833e+00
1.036770355698331203e+00
1.041414323969830802e+00
1.046936128043162162e+00
1.053448194058335119e+00
1.061074118433014135e+00
1.069947207092227348e+00
1.080208213029481001e+00
1.092002065105084130e+00
1.105473363387614372e+00
1.120760407506812495e+00
1.137987529968715661e+00
1.157255533766141653e+00
1.178630093082697172e+00
1.202128080872167493e+00
1.227701954904476978e+00
1.255222585963189585e+00
1.284461273266607639e+00
1.315072188895678007e+00
1.346577146005192738e+00
1.378355398664548037e+00
1.409642119852169140e+00
1.439540162755724495e+00
1.467050467063560237e+00
1.491126636730972566e+00
1.510758194367216589e+00
1.525084030307910288e+00
1.533531793691919498e+00
1.535969924310625734e+00
1.532847162362050319e+00
1.525281955374151011e+00
1.515055937073237047e+00
1.504468597604119218e+00
1.496031738033325897e+00
1.492025761042952814e+00
1.493999379039154585e+00
1.502350897140735553e+00
1.516152985102626749e+00
1.533344087591480998e+00
1.551296694696267409e+00
1.567609420911810991e+00
1.580821403925888102e+00
1.590703627058548175e+00
1.597911515130738591e+00
1.603075292206410873e+00
1.605736338053281420e+00
1.603721308335345874e+00
1.593436329914827754e+00
1.571120802997239885e+00
1.534347358074248158e+00
1.482156185445417940e+00
1.412002594708893888e+00
1.314181492824281872e+00
1.171228198682098265e+00
9.771290520499816834e-01
7.841932604526387074e-01
7.417374892077456261e-01
1.000000000000000000e+00
