1.000000000000000000e+00
7.765111401045095008e-01
7.952801795083402903e-01
9.645578608995634129e-01
1.159035783516097151e+00
1.314386069769845511e+00
1.420540902759898527e+00
1.490239578880635740e+00
1.537317163841776413e+00
1.569898090264270962e+00
1.591720970324533191e+00
1.604800905408859446e+00
1.610659227586013653e+00
1.610369190023064778e+00
1.604473058849460454e+00
1.593313878498236136e+00
1.577637344850438383e+00
1.559033707142840841e+00
1.539920617629997546e+00
1.523068520607705922e+00
1.510904218727950221e+00
1.504892365950724065e+00
1.505210741481963099e+00
1.510785365587264728e+00
1.519616630263579182e+00
1.529254059472550775e+00
1.537271754256224421e+00
1.541638136930006286e+00
1.540932143403080046e+00
1.534409028324493551e+00
1.521950304697799350e+00
1.503943295607723885e+00
1.481132114196156202e+00
1.454470951294400738e+00
1.424998184271173640e+00
1.393739396858823198e+00
1.361640146628126047e+00
1.329525122331079112e+00
1.298078488068316272e+00
1.267839897313014275e+00
1.239211191296510028e+00
1.212469690757144170e+00
1.187784952898844004e+00
1.165236742143313853e+00
1.144832690511948581e+00
1.126524690099339754e+00
1.110223480804335194e+00
1.095811195857081755e+00
1.083151831611229632e+00
1.072099739782673478e+00
1.062506319015978917e+00
1.054225123495400096e+00
1.047115620888563692e+00
1.041045828923341743e+00
1.035894045788172235e+00
1.031549868997921671e+00
1.027914673728446804e+00
1.024901697220532704e+00
1.022435852239943044e+00
1.020453370720253883e+00
1.018901359136065832e+00
1.017737330058477774e+00
1.016928759701818175e+00
1.016452708884919565e+00
1.016295534395859290e+00
1.016452708886042666e+00
1.016928759704124552e+00
1.017737330062090439e+00
1.018901359141179519e+00
1.020453370727143705e+00
1.022435852248973376e+00
1.024901697232186937e+00
1.027914673743343110e+00
1.031549869016858745e+00
1.035894045812145725e+00
1.041045828953624630e+00
1.047115620926763357e+00
1.054225123543531373e+00
1.062506319076584438e+00
1.072099739858943135e+00
1.083151831707187096e+00
1.095811195977780983e+00
1.110223480956142650e+00
1.126524690290259034e+00
1.144832690752076498e+00
1.165236742445373785e+00
1.187784953278906874e+00
1.212469691235529501e+00
1.239211191898950126e+00
1.267839898072152360e+00
1.298078489025622284e+00
1.329525123539373466e+00
1.361640148154785512e+00
1.393739398789961559e+00
1.424998186717031601e+00
1.454470954396302584e+00
1.481132118135408016e+00
1.503943300616970680e+00
1.521950311075309425e+00
1.534409036451922059e+00
1.540932153767120338e+00
1.541638150148026298e+00
1.537271771105664708e+00
1.529254080922937131e+00
1.519616657509123892e+00
1.510785400076736451e+00
1.505210784941326763e+00
1.504892420393086683e+00
1.510904286444847422e+00
1.523068604135501936e+00
1.539920719684615413e+00
1.559033830514235275e+00
1.577637492244882367e+00
1.593314052313115958e+00
1.604473260866227546e+00
1.610369421015704683e+00
1.610659486869334689e+00
1.604801190390126253e+00
1.591721276159214549e+00
1.569898409731631972e+00
1.537317487534381133e+00
1.490239895743882714e+00
1.420541200935665271e+00
1.314386337606916477e+00
1.159036010536913519e+00
9.645580385088458053e-01
7.952803013333097359e-01
7.765112020198401410e-01
1.000000000000000000e+00
