1.000000000000000000e+00
7.500852206161625624e-01
7.865929947896701524e-01
9.746503467921214803e-01
1.169916619226596621e+00
1.316261133308703313e+00
1.415879317242398017e+00
1.485626035703413894e+00
1.536480675407776442e+00
1.572240804145602855e+00
1.594365123428056474e+00
1.605168435845444996e+00
1.608002204704690685e+00
1.605968238580978813e+00
1.600826156641956155e+00
1.592855963556070176e+00
1.581579035408482659e+00
1.566781109646075532e+00
1.549249139186300361e+00
1.530898492096629315e+00
1.514317234877638807e+00
1.502004076424016565e+00
1.495643785376464585e+00
1.495674675144924137e+00
1.501240999266797660e+00
1.510473364143881891e+00
1.520953431463590855e+00
1.530205090700787585e+00
1.536092945910185081e+00
1.537069088146054030e+00
1.532264052592689385e+00
1.521453388053040534e+00
1.504945377824591146e+00
1.483433533433935025e+00
1.457847085136990239e+00
1.429220107977644094e+00
1.398588946550141099e+00
1.366919755042964368e+00
1.335063287216895489e+00
1.303731888239802794e+00
1.273493126051747026e+00
1.244774933626240143e+00
1.217877996626491877e+00
1.192992089891252938e+00
1.170213966556294061e+00
1.149565159940397763e+00
1.131008652990298291e+00
1.114463814921354157e+00
1.099819323492593037e+00
1.086944010233953151e+00
1.075695708778633186e+00
1.065928273203582188e+00
1.057496979790856217e+00
1.050262544072861459e+00
1.044093984583569057e+00
1.038870552194894881e+00
1.034482924223168343e+00
1.030833839188043388e+00
1.027838323663517572e+00
1.025423638727508191e+00
1.023529051121580880e+00
1.022105513936361731e+00
1.021115323653797979e+00
1.020531804662655029e+00
1.020339058695450163e+00
1.020531804663096453e+00
1.021115323654704143e+00
1.022105513937787036e+00
1.023529051123612810e+00
1.025423638730264653e+00
1.027838323667161990e+00
1.030833839192794033e+00
1.034482924229304102e+00
1.038870552202786346e+00
1.044093984593679192e+00
1.050262544085795557e+00
1.057496979807387882e+00
1.065928273224688638e+00
1.075695708805566086e+00
1.086944010268296568e+00
1.099819323536368687e+00
1.114463814977118217e+00
1.131008653061303049e+00
1.149565160030751043e+00
1.170213966671211470e+00
1.192992090037326092e+00
1.217877996812072761e+00
1.244774933861910959e+00
1.273493126350913274e+00
1.303731888619461765e+00
1.335063287698604384e+00
1.366919755654124380e+00
1.398588947325612120e+00
1.429220108961838598e+00
1.457847086386586444e+00
1.483433535021389416e+00
1.504945379842645758e+00
1.521453390620522761e+00
1.532264055861880747e+00
1.537069092311916574e+00
1.536092951221744274e+00
1.530205097474667486e+00
1.520953440099565901e+00
1.510473375141707209e+00
1.501241013243051370e+00
1.495674692847857701e+00
1.495643807696382055e+00
1.502004104396466699e+00
1.514317269676936695e+00
1.530898535017588546e+00
1.549249191611909326e+00
1.566781172997237181e+00
1.581579111068601273e+00
1.592856052759632934e+00
1.600826260316096317e+00
1.605968357137199432e+00
1.608002337796514691e+00
1.605168582131937915e+00
1.594365280401148777e+00
1.572240968079217760e+00
1.536480841467649849e+00
1.485626198226841277e+00
1.415879470164920662e+00
1.316261270675636919e+00
1.169916735683798503e+00
9.746504379392911810e-01
7.865930573424702033e-01
7.500852524226095941e-01
1.000000000000000000e+00
