1.000000000000000000e+00
8.686527068529121820e-01
8.577490911954009922e-01
9.570559906497345670e-01
1.112050072774770859e+00
1.271059167336446416e+00
1.403028007973604163e+00
1.497603768422152148e+00
1.557620136139692413e+00
1.591027666968593213e+00
1.605716623482951189e+00
1.607642824435558282e+00
1.601045000754685921e+00
1.589306938131298530e+00
1.575545282715066664e+00
1.562656019998375889e+00
1.552983237862781696e+00
1.547917431429650437e+00
1.547670557766945620e+00
1.551329811156066940e+00
1.557155253990860633e+00
1.563007084175950245e+00
1.566774324863081436e+00
1.566709267526117610e+00
1.561623065747725247e+00
1.550944110621460759e+00
1.534670037714893853e+00
1.513254916704367403e+00
1.487470240809448230e+00
1.458268418629715013e+00
1.426666035943707778e+00
1.393654423502655115e+00
1.360138258720076099e+00
1.326898981914895082e+00
1.294578073344945235e+00
1.263674950531853858e+00
1.234554758756958970e+00
1.207462183762450403e+00
1.182538334786036094e+00
1.159838581491652754e+00
1.139349920225160906e+00
1.121006983115416800e+00
1.104706202182021313e+00
1.090317923446002313e+00
1.077696457869087299e+00
1.066688178975233381e+00
1.057137849581496036e+00
1.048893396649113186e+00
1.041809364938861782e+00
1.035749275237639822e+00
1.030587097570621502e+00
1.026208028508764025e+00
1.022508737630989373e+00
1.019397223633571103e+00
1.016792396986925473e+00
1.014623484353701421e+00
1.012829330720072640e+00
1.011357658570685825e+00
1.010164329462288402e+00
1.009212641884392525e+00
1.008472690112325099e+00
1.007920801584251125e+00
1.007539064874485524e+00
1.007314956292882480e+00
1.007241070227610003e+00
1.007314956291212482e+00
1.007539064871060708e+00
1.007920801578902958e+00
1.008472690104780911e+00
1.009212641874278615e+00
1.010164329449100284e+00
1.011357658553772243e+00
1.012829330698599373e+00
1.014623484326620639e+00
1.016792396952917787e+00
1.019397223590989832e+00
1.022508737577789706e+00
1.026208028442397779e+00
1.030587097487930981e+00
1.035749275134705050e+00
1.041809364810827088e+00
1.048893396489960939e+00
1.057137849383767980e+00
1.066688178729686909e+00
1.077696457564261578e+00
1.090317923067680272e+00
1.104706201712557290e+00
1.121006982532884333e+00
1.139349919502293362e+00
1.159838580594489299e+00
1.182538333672220832e+00
1.207462182379084092e+00
1.234554757037855222e+00
1.263674948394064357e+00
1.294578070684338167e+00
1.326898978600556500e+00
1.360138254587183848e+00
1.393654418343530432e+00
1.426666029496544752e+00
1.458268410564606876e+00
1.487470230711221086e+00
1.513254904051845484e+00
1.534670021856477717e+00
1.550944090747221393e+00
1.561623040858988176e+00
1.566709236404490335e+00
1.566774286042336151e+00
1.563007035921977650e+00
1.557155194296867995e+00
1.551329737762068728e+00
1.547670468213765860e+00
1.547917323157806502e+00
1.552983108365216580e+00
1.562655867033292623e+00
1.575545104580847067e+00
1.589306733999484411e+00
1.601044771047033244e+00
1.607642571214200400e+00
1.605716350795986402e+00
1.591027381060226897e+00
1.557619845409257353e+00
1.497603483026262339e+00
1.403027739038314570e+00
1.271058925882440294e+00
1.112049868607656755e+00
9.570558315318232756e-01
8.577489825188673311e-01
8.686526518068324876e-01
1.000000000000000000e+00
