1.000000000000000000e+00
9.187533920822059663e-01
9.124329668480132272e-01
9.854512206400725116e-01
1.110074428382161082e+00
1.251400522030736484e+00
1.381060256666540864e+00
1.482437950169070762e+00
1.550290131395887672e+00
1.587529968481905529e+00
1.601405164741081411e+00
1.600380482634297330e+00
1.592138762803173568e+00
1.582564764957028247e+00
1.575407279066562305e+00
1.572362138697508627e+00
1.573410967300556740e+00
1.577306085173366679e+00
1.582108824820987358e+00
1.585694799027673074e+00
1.586156794486625721e+00
1.582066751875561117e+00
1.572593125752813847e+00
1.557497522798802603e+00
1.537048895026012163e+00
1.511895094521775063e+00
1.482924540619267484e+00
1.451140144758428452e+00
1.417557304827336440e+00
1.383129740796115392e+00
1.348701727865325495e+00
1.314982543942026627e+00
1.282537996870540820e+00
1.251794042764341253e+00
1.223048208120470992e+00
1.196485423182536367e+00
1.172195753120826023e+00
1.150192276288467541e+00
1.130427971570785450e+00
1.112810942622163513e+00
1.097217645035061029e+00
1.083504017633518224e+00
1.071514574676685871e+00
1.061089612039486596e+00
1.052070733751870213e+00
1.044304928334627292e+00
1.037647426818446572e+00
1.031963563375653870e+00
1.027129840429169993e+00
1.023034376763262587e+00
1.019576892257003653e+00
1.016668358250327087e+00
1.014230419442190279e+00
1.012194672331118817e+00
1.010501866904014223e+00
1.009101082665561533e+00
1.007948917109372067e+00
1.007008714180522402e+00
1.006249851920212102e+00
1.005647102038514040e+00
1.005180069347490601e+00
1.004832715531151388e+00
1.004592969378705680e+00
1.004452424135212851e+00
1.004406121828245402e+00
1.004452424131693000e+00
1.004592969371488786e+00
1.004832715519871966e+00
1.005180069331576886e+00
1.005647102017165562e+00
1.006249851892358604e+00
1.007008714144771444e+00
1.007948917063945737e+00
1.009101082608214517e+00
1.010501866831922779e+00
1.012194672240753324e+00
1.014230419329149813e+00
1.016668358109132697e+00
1.019576892080842789e+00
1.023034376543673352e+00
1.027129840155646567e+00
1.031963563035155795e+00
1.037647426394790351e+00
1.044304927807724326e+00
1.052070733096779342e+00
1.061089611225227491e+00
1.071514573664750891e+00
1.083504016376005463e+00
1.097217643472320425e+00
1.112810940679824112e+00
1.130427969155998857e+00
1.150192273285130851e+00
1.172195749383520447e+00
1.196485418528802969e+00
1.223048202320982769e+00
1.251794035530384486e+00
1.282537987838103133e+00
1.314982532651665759e+00
1.348701713736777830e+00
1.383129723096632180e+00
1.417557282632577964e+00
1.451140116904995336e+00
1.482924505648401059e+00
1.511895050614615821e+00
1.537048839932498412e+00
1.557497453764702611e+00
1.572593039452959918e+00
1.582066644365833552e+00
1.586156661192366757e+00
1.585694634791100732e+00
1.582108624033480515e+00
1.577305842018648541e+00
1.573410676130339025e+00
1.572361794551122349e+00
1.575406878330312566e+00
1.582564306137198118e+00
1.592138247357786529e+00
1.600379915771460881e+00
1.601404556046788219e+00
1.587529332197515464e+00
1.550289486150440377e+00
1.482437318022842065e+00
1.381059661471895739e+00
1.251399987347057818e+00
1.110073975396512536e+00
9.854508665976833282e-01
9.124327243053866887e-01
9.187532689449594558e-01
1.000000000000000000e+00
