1.000000000000000000e+00
8.005539656202408372e-01
8.076181915778823939e-01
9.589584604019807390e-01
1.147884152109415190e+00
1.308251510540607176e+00
1.421057754828306541e+00
1.493690406912773883e+00
1.540167260067349941e+00
1.571262452438950019e+00
1.592629627050664354e+00
1.606325049125470139e+00
1.612682737019007106e+00
1.611603464864483914e+00
1.603352555378273037e+00
1.589042705530620880e+00
1.570786990436201291e+00
1.551461098809978623e+00
1.534137019339989916e+00
1.521391993165718048e+00
1.514739418016979089e+00
1.514357632891035088e+00
1.519163293108891422e+00
1.527156816576098919e+00
1.535901877350845046e+00
1.542997478475459427e+00
1.546441584888716303e+00
1.544841703540049904e+00
1.537476922254380485e+00
1.524246063442983301e+00
1.505546994526281823e+00
1.482128334070815345e+00
1.454943931458590578e+00
1.425028279637161166e+00
1.393400739930064525e+00
1.360999314419031325e+00
1.328640579099797714e+00
1.297000587063778188e+00
1.266611256661153595e+00
1.237867297128025346e+00
1.211039617168532478e+00
1.186292119800141265e+00
1.163699657354048567e+00
1.143265641800362831e+00
1.124938366999446604e+00
1.108625515958890695e+00
1.094206622263579121e+00
1.081543456307349826e+00
1.070488436858774817e+00
1.060891245898529345e+00
1.052603864592943639e+00
1.045484262214534832e+00
1.039398966414549763e+00
1.034224728871708576e+00
1.029849479630525533e+00
1.026172739720992766e+00
1.023105637230065978e+00
1.020570648418871684e+00
1.018501163714448987e+00
1.016840958985256282e+00
1.015543635654114984e+00
1.014572078901254670e+00
1.013897971298467260e+00
1.013501389422295063e+00
1.013370502985245558e+00
1.013501389424330545e+00
1.013897971302644585e+00
1.014572078907792774e+00
1.015543635663350264e+00
1.016840958997671684e+00
1.018501163730685111e+00
1.020570648439766526e+00
1.023105637256692235e+00
1.026172739754720897e+00
1.029849479673072610e+00
1.034224728925246861e+00
1.039398966481807518e+00
1.045484262298925326e+00
1.052603864698746339e+00
1.060891246031100854e+00
1.070488437024830430e+00
1.081543456515301704e+00
1.094206622523983929e+00
1.108625516284987178e+00
1.124938367407879447e+00
1.143265642312071062e+00
1.163699657995427295e+00
1.186292120604515166e+00
1.211039618178063382e+00
1.237867298396165605e+00
1.266611258255810224e+00
1.297000589071435561e+00
1.328640581630829987e+00
1.360999317614580928e+00
1.393400743970942379e+00
1.425028284755307073e+00
1.454943937951727717e+00
1.482128342321101577e+00
1.505547005023707197e+00
1.524246076814369966e+00
1.537476939298586087e+00
1.544841725269595623e+00
1.546441612577402314e+00
1.542997513710351098e+00
1.535901922085542326e+00
1.527156873180295582e+00
1.519163364407224881e+00
1.514357722182388288e+00
1.514739529063888535e+00
1.521392130142327437e+00
1.534137186725438085e+00
1.551461301211485289e+00
1.570787232322393923e+00
1.589042990852930437e+00
1.603352887062156507e+00
1.611603844170743205e+00
1.612683162814655846e+00
1.606325517160854810e+00
1.592630129397698768e+00
1.571262977275643236e+00
1.540167791969228261e+00
1.493690927722244099e+00
1.421058245033168133e+00
1.308251950936927921e+00
1.147884525406572154e+00
9.589587524199066904e-01
8.076183918366782732e-01
8.005540673775689564e-01
1.000000000000000000e+00
