1.000000000000000000e+00
1.016554409187821584e+00
1.032873874166531758e+00
1.048630913565716360e+00
1.063413224362290466e+00
1.076762118597121232e+00
1.088228756844553891e+00
1.097433613098080851e+00
1.104115914617715521e+00
1.108163812716528529e+00
1.109621555520978742e+00
1.108675325059776950e+00
1.105623314750255659e+00
1.100837414446229401e+00
1.094723654171421368e+00
1.087686962833341653e+00
1.080103613210104507e+00
1.072302613884245526e+00
1.064555675920950462e+00
1.057074366927104103e+00
1.050012619048059648e+00
1.043472736227592845e+00
1.037513284671348623e+00
1.032157607586419168e+00
1.027402080712850330e+00
1.023223559690485063e+00
1.019585737086103228e+00
1.016444320829277048e+00
1.013751074084720205e+00
1.011456831879884444e+00
1.009513645829186679e+00
1.007876217451323608e+00
1.006502772927410971e+00
1.005355515235287323e+00
1.004400768683244349e+00
1.003608909369599234e+00
1.002954155033378036e+00
1.002414270171138044e+00
1.001970227556078674e+00
1.001605855384909649e+00
1.001307489947082408e+00
1.001063646606740187e+00
1.000864716628548923e+00
1.000702693599246462e+00
1.000570930571812456e+00
1.000463927312087886e+00
1.000377145932126011e+00
1.000306852570148175e+00
1.000249982484143318e+00
1.000204025858590695e+00
1.000166931702901385e+00
1.000137027388709798e+00
1.000112951590759858e+00
1.000093598634696379e+00
1.000078072496337178e+00
1.000065648928962991e+00
1.000055744411270320e+00
1.000047890805151107e+00
1.000041714788476588e+00
1.000036921283799396e+00
1.000033280240768541e+00
1.000030616249891757e+00
1.000028800570377241e+00
1.000027745247364486e+00
1.000027399076360624e+00
1.000027745247364486e+00
1.000028800570377241e+00
1.000030616249891757e+00
1.000033280240768541e+00
1.000036921283799396e+00
1.000041714788476588e+00
1.000047890805151107e+00
1.000055744411270320e+00
1.000065648928962991e+00
1.000078072496337178e+00
1.000093598634696379e+00
1.000112951590759858e+00
1.000137027388709798e+00
1.000166931702901385e+00
1.000204025858590695e+00
1.000249982484143318e+00
1.000306852570148175e+00
1.000377145932126011e+00
1.000463927312087886e+00
1.000570930571812456e+00
1.000702693599246462e+00
1.000864716628548923e+00
1.001063646606740187e+00
1.001307489947082408e+00
1.001605855384909649e+00
1.001970227556078674e+00
1.002414270171138044e+00
1.002954155033378036e+00
1.003608909369599234e+00
1.004400768683244127e+00
1.005355515235287323e+00
1.006502772927410971e+00
1.007876217451323608e+00
1.009513645829186679e+00
1.011456831879884222e+00
1.013751074084720205e+00
1.016444320829276826e+00
1.019585737086103450e+00
1.023223559690484619e+00
1.027402080712850330e+00
1.032157607586418724e+00
1.037513284671348179e+00
1.043472736227592623e+00
1.050012619048059204e+00
1.057074366927103659e+00
1.064555675920950017e+00
1.072302613884245304e+00
1.080103613210103841e+00
1.087686962833340543e+00
1.094723654171420035e+00
1.100837414446228735e+00
1.105623314750254549e+00
1.108675325059775840e+00
1.109621555520977854e+00
1.108163812716527197e+00
1.104115914617714411e+00
1.097433613098078631e+00
1.088228756844552558e+00
1.076762118597120566e+00
1.063413224362289577e+00
1.048630913565715694e+00
1.032873874166531536e+00
1.016554409187821140e+00
1.000000000000000000e+00
