1.000000000000000000e+00
7.474880900854529164e-01
7.860229298057650471e-01
9.758253758880846007e-01
1.170869916311898296e+00
1.316203337062158862e+00
1.415273563573198334e+00
1.485172694152589346e+00
1.536479487639895281e+00
1.572570407644023671e+00
1.594727460323203339e+00
1.605305218045599558e+00
1.607806196869711046e+00
1.605510515185018861e+00
1.600319032914876205e+00
1.592563222598331274e+00
1.581702155168007939e+00
1.567367955427095172e+00
1.550164636423189801e+00
1.531867106226096009e+00
1.515014896971139891e+00
1.502160319091258689e+00
1.495117913495958684e+00
1.494486237595680889e+00
1.499554263495102902e+00
1.508549733569045648e+00
1.519091333738027627e+00
1.528684717123171000e+00
1.535136691593675273e+00
1.536821261679624184e+00
1.532787863080042001e+00
1.522740276925589331e+00
1.506931143504276260e+00
1.486016549024341549e+00
1.460905367275512567e+00
1.432625448589430306e+00
1.402217459648572362e+00
1.370658937695211188e+00
1.338816095224168556e+00
1.307418478529735584e+00
1.277050914702548834e+00
1.248157535556341013e+00
1.221053500304553951e+00
1.195941007097152564e+00
1.172927097600497737e+00
1.152041533949439200e+00
1.133253640945318885e+00
1.116487467796188460e+00
1.101634956006476651e+00
1.088567029384280627e+00
1.077142672819544345e+00
1.067216158948670612e+00
1.058642632375490722e+00
1.051282282346369223e+00
1.045003336167815489e+00
1.039684094247718793e+00
1.035214208578038697e+00
1.031495383446001446e+00
1.028441652740624823e+00
1.025979364143735140e+00
1.024046977849478290e+00
1.022594766848320402e+00
1.021584487484460624e+00
1.020989072927650732e+00
1.020792388180733257e+00
1.020989072928041530e+00
1.021584487485262649e+00
1.022594766849583836e+00
1.024046977851281071e+00
1.025979364146184292e+00
1.028441652743868895e+00
1.031495383450239611e+00
1.035214208583524753e+00
1.039684094254790470e+00
1.045003336176897113e+00
1.051282282358016573e+00
1.058642632390415450e+00
1.067216158967773776e+00
1.077142672843982352e+00
1.088567029415517640e+00
1.101634956046386504e+00
1.116487467847143034e+00
1.133253641010339763e+00
1.152041534032345771e+00
1.172927097706143895e+00
1.195941007231674957e+00
1.221053500475731690e+00
1.248157535774034210e+00
1.277050914979246832e+00
1.307418478881272161e+00
1.338816095670620987e+00
1.370658938262088622e+00
1.402217460368313073e+00
1.432625449503341697e+00
1.460905368436284713e+00
1.486016550499300370e+00
1.506931145379570847e+00
1.522740279311572076e+00
1.532787866118129116e+00
1.536821265550888604e+00
1.535136696529462830e+00
1.528684723417731650e+00
1.519091341763035841e+00
1.508549743789287856e+00
1.499554276484141857e+00
1.494486254049584240e+00
1.495117934242784496e+00
1.502160345093787486e+00
1.515014929320638970e+00
1.531867146125274859e+00
1.550164685156378175e+00
1.567368014314046043e+00
1.581702225494427294e+00
1.592563305512618710e+00
1.600319129280463271e+00
1.605510625385666135e+00
1.607806320583040183e+00
1.605305354022942499e+00
1.594727606230156747e+00
1.572570560015056351e+00
1.536479641981768562e+00
1.485172845204122183e+00
1.415273705700515583e+00
1.316203464733175954e+00
1.170870024552242983e+00
9.758254606087138905e-01
7.860229879521953844e-01
7.474881196532204841e-01
1.000000000000000000e+00
