1.000000000000000000e+00
1.014277670834274225e+00
1.028351780502004376e+00
1.041940241714997883e+00
1.054688932465760454e+00
1.066204371152429164e+00
1.076101542455927484e+00
1.084054507101847697e+00
1.089838567231484756e+00
1.093356149291200730e+00
1.094643204748712906e+00
1.093857465915202276e+00
1.091253206185896385e+00
1.087148699967872334e+00
1.081892442256065179e+00
1.075832882674151669e+00
1.069294605313231061e+00
1.062562101113519564e+00
1.055870879964464715e+00
1.049404783368146798e+00
1.043297953837571512e+00
1.037639878424671647e+00
1.032482113624958897e+00
1.027845597143260070e+00
1.023727771610335902e+00
1.020109033633246121e+00
1.016958253683130531e+00
1.014237282487085112e+00
1.011904473120986303e+00
1.009917315346446909e+00
1.008234311573763753e+00
1.006816232886319495e+00
1.005626887624142318e+00
1.004633520735349173e+00
1.003806944129438827e+00
1.003121479650401771e+00
1.002554778843788075e+00
1.002087568359025571e+00
1.001703356961284097e+00
1.001388129719581688e+00
1.001130046780107197e+00
1.000919157921159153e+00
1.000747139486715565e+00
1.000607056990785004e+00
1.000493154389714645e+00
1.000400669492526040e+00
1.000325674022036093e+00
1.000264936294029017e+00
1.000215804225931038e+00
1.000176106327366643e+00
1.000144068393834740e+00
1.000118243771573878e+00
1.000097455251227396e+00
1.000080746855634528e+00
1.000067343997084190e+00
1.000056620681168074e+00
1.000048072622337525e+00
1.000041295307116274e+00
1.000035966193867587e+00
1.000031830373324215e+00
1.000028689132930637e+00
1.000026390972087009e+00
1.000024824706566173e+00
1.000023914380680390e+00
1.000023615777316799e+00
1.000023914380680390e+00
1.000024824706566173e+00
1.000026390972087009e+00
1.000028689132930637e+00
1.000031830373324215e+00
1.000035966193867587e+00
1.000041295307116274e+00
1.000048072622337525e+00
1.000056620681168074e+00
1.000067343997084190e+00
1.000080746855634528e+00
1.000097455251227396e+00
1.000118243771573878e+00
1.000144068393834740e+00
1.000176106327366643e+00
1.000215804225931038e+00
1.000264936294029017e+00
1.000325674022036093e+00
1.000400669492526040e+00
1.000493154389714645e+00
1.000607056990785004e+00
1.000747139486715565e+00
1.000919157921159153e+00
1.001130046780107197e+00
1.001388129719581688e+00
1.001703356961284097e+00
1.002087568359025571e+00
1.002554778843788075e+00
1.003121479650401771e+00
1.003806944129438605e+00
1.004633520735349173e+00
1.005626887624142318e+00
1.006816232886319495e+00
1.008234311573763753e+00
1.009917315346446687e+00
1.011904473120986303e+00
1.014237282487084890e+00
1.016958253683130753e+00
1.020109033633245676e+00
1.023727771610335902e+00
1.027845597143259626e+00
1.032482113624958453e+00
1.037639878424671425e+00
1.043297953837571068e+00
1.049404783368146354e+00
1.055870879964464271e+00
1.062562101113519120e+00
1.069294605313230395e+00
1.075832882674150559e+00
1.081892442256063847e+00
1.087148699967871668e+00
1.091253206185895275e+00
1.093857465915201166e+00
1.094643204748712018e+00
1.093356149291199397e+00
1.089838567231483646e+00
1.084054507101845255e+00
1.076101542455926152e+00
1.066204371152428498e+00
1.054688932465759565e+00
1.041940241714997217e+00
1.028351780502004154e+00
1.014277670834273781e+00
1.000000000000000000e+00
