1.000000000000000000e+00
8.602366138115178362e-01
8.503040798789175403e-01
9.555751020272387208e-01
1.115583005099660907e+00
1.275894075671355932e+00
1.405968265950948259e+00
1.497516867503117632e+00
1.555305611565223067e+00
1.588231665484337141e+00
1.604093319166434162e+00
1.608094318572185433e+00
1.603526155451671542e+00
1.592992650512749631e+00
1.579198471421965122e+00
1.565041958059333105e+00
1.553210981173039906e+00
1.545636981758892858e+00
1.543106395351350191e+00
1.545176855696564377e+00
1.550391886352028292e+00
1.556686943272641788e+00
1.561847241040863254e+00
1.563900344734931336e+00
1.561376904400337162e+00
1.553424944917902728e+00
1.539800428344659577e+00
1.520774524007997064e+00
1.496999460882667332e+00
1.469366628700265354e+00
1.438878993285948482e+00
1.406549061002782874e+00
1.373325501551317718e+00
1.340046454158487332e+00
1.307414995510217892e+00
1.275991466245922190e+00
1.246197617003328650e+00
1.218328304580624133e+00
1.192567394737232389e+00
1.169005415283568272e+00
1.147657261543300500e+00
1.128478859596554473e+00
1.111382147937507892e+00
1.096248066753953365e+00
1.082937471158375020e+00
1.071300034050067129e+00
1.061181295950816006e+00
1.052428069216340578e+00
1.044892424921661123e+00
1.038434491855704467e+00
1.032924285434482448e+00
1.028242765080449317e+00
1.024282295414299160e+00
1.020946662066639865e+00
1.018150768812799978e+00
1.015820120207320709e+00
1.013890173618950286e+00
1.012305626870120712e+00
1.011019692649095303e+00
1.009993398400472975e+00
1.009194940314088074e+00
1.008599112061668190e+00
1.008186822781389047e+00
1.007944714177684720e+00
1.007864883187828298e+00
1.007944714176440826e+00
1.008186822778839087e+00
1.008599112057686931e+00
1.009194940308471455e+00
1.009993398392944774e+00
1.011019692639279599e+00
1.012305626857534779e+00
1.013890173602974620e+00
1.015820120187177933e+00
1.018150768787508875e+00
1.020946662034979635e+00
1.024282295374754126e+00
1.028242765031127659e+00
1.032924285373042927e+00
1.038434491779236746e+00
1.044892424826562749e+00
1.052428069098140018e+00
1.061181295803970581e+00
1.071300033867700341e+00
1.082937470931948365e+00
1.096248066472858884e+00
1.111382147588557245e+00
1.128478859163326797e+00
1.147657261005328388e+00
1.169005414615294391e+00
1.192567393906691420e+00
1.218328303547774105e+00
1.246197615717910878e+00
1.275991464644746332e+00
1.307414993513691392e+00
1.340046451666225380e+00
1.373325498436557934e+00
1.406549057105373368e+00
1.438878988403550441e+00
1.469366622577509274e+00
1.496999453197935148e+00
1.520774514357621898e+00
1.539800416224567536e+00
1.553424929702980961e+00
1.561376885322390162e+00
1.563900320860759141e+00
1.561847211252930689e+00
1.556686906255934311e+00
1.550391840591826886e+00
1.545176799493094277e+00
1.543106326858158184e+00
1.545636899052466484e+00
1.553210882361116596e+00
1.565041841434644976e+00
1.579198335665906283e+00
1.592992494949025728e+00
1.603525980341094170e+00
1.608094125424429643e+00
1.604093111021576590e+00
1.588231447090126869e+00
1.555305389357107604e+00
1.497516649302029768e+00
1.405968060349047866e+00
1.275893891180942541e+00
1.115582849262408471e+00
9.555749807453862710e-01
8.503039971648577167e-01
8.602365719625247875e-01
1.000000000000000000e+00
