1.000000000000000000e+00
1.079383935225670665e+00
1.159566473813107734e+00
1.239828194099666714e+00
1.318176329199026720e+00
1.391757001052682741e+00
1.457386227259299449e+00
1.512109339814268205e+00
1.553678035485283937e+00
1.580854134203445671e+00
1.593500829155568121e+00
1.592480999568378408e+00
1.579424032314192594e+00
1.556436541254392347e+00
1.525821932877156728e+00
1.489850536261841496e+00
1.450597640773372055e+00
1.409848357433812316e+00
1.369057778987504692e+00
1.329351232237545144e+00
1.291550074707684237e+00
1.256211230160050762e+00
1.223671928792848584e+00
1.194094076481887035e+00
1.167504996608696999e+00
1.143832937444045017e+00
1.122936820930046542e+00
1.104630365003397507e+00
1.088701071059899883e+00
1.074924733489684980e+00
1.063076173640812749e+00
1.052936876527073240e+00
1.044300147793266964e+00
1.036974331297277674e+00
1.030784546423036296e+00
1.025573325936941282e+00
1.021200463599501118e+00
1.017542317578105093e+00
1.014490761482203851e+00
1.011951929333494204e+00
1.009844863351669453e+00
1.008100143225930223e+00
1.006658551613817121e+00
1.005469812019096132e+00
1.004491421056165290e+00
1.003687586594993242e+00
1.003028275679908266e+00
1.002488370807853357e+00
1.002046929616425830e+00
1.001686540839128003e+00
1.001392768186655235e+00
1.001153673332060068e+00
1.000959409198508343e+00
1.000801875105205241e+00
1.000674425896061814e+00
1.000571627865133539e+00
1.000489055038077835e+00
1.000423120124348753e+00
1.000370935191456478e+00
1.000330197812027366e+00
1.000299099087230248e+00
1.000276250553032487e+00
1.000260627529971025e+00
1.000251526986275508e+00
1.000248538455101421e+00
1.000251526986275508e+00
1.000260627529971025e+00
1.000276250553032487e+00
1.000299099087230248e+00
1.000330197812027366e+00
1.000370935191456478e+00
1.000423120124348753e+00
1.000489055038077835e+00
1.000571627865133539e+00
1.000674425896061814e+00
1.000801875105205241e+00
1.000959409198508343e+00
1.001153673332060068e+00
1.001392768186655235e+00
1.001686540839128003e+00
1.002046929616425830e+00
1.002488370807853357e+00
1.003028275679908266e+00
1.003687586594993242e+00
1.004491421056165290e+00
1.005469812019096132e+00
1.006658551613817121e+00
1.008100143225930001e+00
1.009844863351669453e+00
1.011951929333494204e+00
1.014490761482203851e+00
1.017542317578105093e+00
1.021200463599500896e+00
1.025573325936941282e+00
1.030784546423036074e+00
1.036974331297277452e+00
1.044300147793266520e+00
1.052936876527073240e+00
1.063076173640812527e+00
1.074924733489684758e+00
1.088701071059900105e+00
1.104630365003397285e+00
1.122936820930046986e+00
1.143832937444044795e+00
1.167504996608696999e+00
1.194094076481886590e+00
1.223671928792849029e+00
1.256211230160050984e+00
1.291550074707684459e+00
1.329351232237544922e+00
1.369057778987505580e+00
1.409848357433812538e+00
1.450597640773372055e+00
1.489850536261840830e+00
1.525821932877155174e+00
1.556436541254393680e+00
1.579424032314192594e+00
1.592480999568376854e+00
1.593500829155567455e+00
1.580854134203445893e+00
1.553678035485283271e+00
1.512109339814266651e+00
1.457386227259299449e+00
1.391757001052683629e+00
1.318176329199027386e+00
1.239828194099665826e+00
1.159566473813107290e+00
1.079383935225670443e+00
1.000000000000000000e+00
