1.000000000000000000e+00
7.388587015654848322e-01
7.844542439144917001e-01
9.798439295942009686e-01
1.173783305620192730e+00
1.315699312079724015e+00
1.413134000262041834e+00
1.483680351296258415e+00
1.536474993114497645e+00
1.573595102146413183e+00
1.595860623168027903e+00
1.605771190699897488e+00
1.607242974359684329e+00
1.604055683261043086e+00
1.598562403107319341e+00
1.591334866870627973e+00
1.581731336891920803e+00
1.568952097914859678e+00
1.553005100397317761e+00
1.535144601103979767e+00
1.517659907433912325e+00
1.503196405663950408e+00
1.493947638790150911e+00
1.491035850354313963e+00
1.494259314744840195e+00
1.502218207616909496e+00
1.512707550719826433e+00
1.523215990115241336e+00
1.531385430151916305e+00
1.535340484979448084e+00
1.533857487105149575e+00
1.526389402406910900e+00
1.512987725810302608e+00
1.494167704936392616e+00
1.470756160083335429e+00
1.443748991870735576e+00
1.414193312537648239e+00
1.383099597334987996e+00
1.351383004756135486e+00
1.319829659159686974e+00
1.289082426761485989e+00
1.259640746523314148e+00
1.231869775348485074e+00
1.206015053413857174e+00
1.182219846488962167e+00
1.160543157767193634e+00
1.140977079345509182e+00
1.123462672711112997e+00
1.107903947772681530e+00
1.094179776890860101e+00
1.082153759411385030e+00
1.071682165452981561e+00
1.062620153080575891e+00
1.054826484487833449e+00
1.048166975052173822e+00
1.042516902042949001e+00
1.037762583187675336e+00
1.033802313442728327e+00
1.030546824146516993e+00
1.027919404283939020e+00
1.025855800170905496e+00
1.024303988242277974e+00
1.023223896152469559e+00
1.022587130128903565e+00
1.022376751289917118e+00
1.022587130129132271e+00
1.023223896152937851e+00
1.024303988243020269e+00
1.025855800171973531e+00
1.027919404285405180e+00
1.030546824148478535e+00
1.033802313445321364e+00
1.037762583191073507e+00
1.042516902047389227e+00
1.048166975057952088e+00
1.054826484495345218e+00
1.062620153090334529e+00
1.071682165465641212e+00
1.082153759427790574e+00
1.094179776912091784e+00
1.107903947800133126e+00
1.123462672746558200e+00
1.140977079391215954e+00
1.160543157826044558e+00
1.182219846564628973e+00
1.206015053510992363e+00
1.231869775472995032e+00
1.259640746682689993e+00
1.289082426965209693e+00
1.319829659419769374e+00
1.351383005087775979e+00
1.383099597757455834e+00
1.414193313075386316e+00
1.443748992554784616e+00
1.470756160953184954e+00
1.494167706042376143e+00
1.512987727216716261e+00
1.526389404196025978e+00
1.533857489382375094e+00
1.535340487879849336e+00
1.531385433848321487e+00
1.523215994827922692e+00
1.512707556727660885e+00
1.502218215269365276e+00
1.494259324473817596e+00
1.491035862684261248e+00
1.493947654344632836e+00
1.503196425166865691e+00
1.517659931703942755e+00
1.535144631041369667e+00
1.553005136961960186e+00
1.568952142093107405e+00
1.581731389646307218e+00
1.591334929063342951e+00
1.598562475388224824e+00
1.604055765918332321e+00
1.607243067146664872e+00
1.605771292669511574e+00
1.595860732557504047e+00
1.573595216349996440e+00
1.536475108765631870e+00
1.483680464461379689e+00
1.413134106731940953e+00
1.315699407721172332e+00
1.173783386715904875e+00
9.798439930848499291e-01
7.844542875051493391e-01
7.388587237384154349e-01
1.000000000000000000e+00
