1.000000000000000000e+00
7.371711170075516684e-01
7.834656170598833791e-01
9.792887057196906220e-01
1.172691559821845031e+00
1.313828336352467430e+00
1.410847907012524605e+00
1.481384876059384625e+00
1.534350018286835038e+00
1.571638573648497905e+00
1.594009575174518023e+00
1.603971733639134145e+00
1.605474101125967001e+00
1.602341454829259826e+00
1.596977304181383062e+00
1.589987678614466882e+00
1.580723758233533838e+00
1.568329620632281651e+00
1.552726122309777468e+00
1.535083912138393902e+00
1.517644322549141611e+00
1.503056066917365596e+00
1.493562714923898138e+00
1.490363902235964044e+00
1.493338395012697051e+00
1.501149690835601236e+00
1.511627733324318879e+00
1.522266152527009808e+00
1.530687582720617446e+00
1.534982326946480624e+00
1.533886784083493771e+00
1.526815861228514759e+00
1.513789615030454616e+00
1.495300598337499176e+00
1.472161811825781763e+00
1.445363108770172822e+00
1.415951646057841407e+00
1.384942246362039553e+00
1.353257099220998683e+00
1.321690724463271183e+00
1.290894759510893941e+00
1.261377106292259187e+00
1.233510645885782298e+00
1.207547669172580829e+00
1.183637126886738722e+00
1.161842646692368364e+00
1.142159952136335921e+00
1.124532846450190027e+00
1.108867311842295589e+00
1.095043547774067427e+00
1.082925955279168129e+00
1.072371190963480325e+00
1.063234482090727129e+00
1.055374427317160357e+00
1.048656516998372812e+00
1.042955600625952162e+00
1.038157512798247195e+00
1.034160047481567979e+00
1.030873446211075573e+00
1.028220541390746146e+00
1.026136672324248655e+00
1.024569469834363256e+00
1.023478585682770614e+00
1.022835425550549848e+00
1.022622928925724040e+00
1.022835425550314703e+00
1.023478585682288777e+00
1.024569469833618962e+00
1.026136672323216370e+00
1.028220541389389897e+00
1.030873446209346067e+00
1.034160047479411260e+00
1.038157512795592652e+00
1.042955600622725632e+00
1.048656516994478149e+00
1.055374427312498087e+00
1.063234482085188004e+00
1.072371190956934228e+00
1.082925955271475837e+00
1.095043547765066627e+00
1.108867311831814861e+00
1.124532846438025757e+00
1.142159952122252298e+00
1.161842646676071622e+00
1.183637126867860268e+00
1.207547669150619285e+00
1.233510645860051991e+00
1.261377106261794223e+00
1.290894759474294551e+00
1.321690724418511431e+00
1.353257099165122268e+00
1.384942246290784995e+00
1.415951645965105588e+00
1.445363108647312655e+00
1.472161811660722464e+00
1.495300598113646240e+00
1.513789614725419730e+00
1.526815860812688497e+00
1.533886783518595864e+00
1.534982326184206824e+00
1.530687581701620337e+00
1.522266151180278859e+00
1.511627731567060762e+00
1.501149688573246710e+00
1.493338392138459758e+00
1.490363898628904282e+00
1.493562710444541253e+00
1.503056061400595222e+00
1.517644315795641186e+00
1.535083903908100789e+00
1.552726112322575958e+00
1.568329608581045642e+00
1.580723743811434767e+00
1.589987661552956011e+00
1.596977284290504784e+00
1.602341432032366120e+00
1.605474075487696828e+00
1.603971705393561153e+00
1.594009544760045305e+00
1.571638541742364614e+00
1.534349985815157913e+00
1.481384844157295655e+00
1.410847876932326050e+00
1.313828309344282186e+00
1.172691537012096941e+00
9.792886880002622529e-01
7.834656050167133623e-01
7.371711109357547143e-01
1.000000000000000000e+00
