1.000000000000000000e+00
9.823945833018581375e-01
9.972354428139351690e-01
1.050884388056845253e+00
1.134842811395018414e+00
1.234301106322169383e+00
1.334259753659138070e+00
1.423329934795352303e+00
1.495305511208547822e+00
1.548866832645086289e+00
1.586105414810172087e+00
1.610682205102804687e+00
1.626274154834433938e+00
1.635640745728957457e+00
1.640327806700061508e+00
1.640831159110790916e+00
1.636984983608470445e+00
1.628377773553377761e+00
1.614676663404099433e+00
1.595816610506800348e+00
1.572063471213394070e+00
1.543985897704055033e+00
1.512376227959463471e+00
1.478153958394005318e+00
1.442274480537133474e+00
1.405655258168565291e+00
1.369123657122025328e+00
1.333385611701261908e+00
1.299011736304068299e+00
1.266436615937571064e+00
1.235967139352007971e+00
1.207796356774683000e+00
1.182020120439306599e+00
1.158654517337877055e+00
1.137652746160983996e+00
1.118920599399032989e+00
1.102330092752527024e+00
1.087731056040381228e+00
1.074960684698862856e+00
1.063851169351561543e+00
1.054235590251647814e+00
1.045952297605367676e+00
1.038848008664970513e+00
1.032779846180917005e+00
1.027616526381382789e+00
1.023238882522125692e+00
1.019539885383740518e+00
1.016424297080112726e+00
1.013808070640165315e+00
1.011617585936513297e+00
1.009788793148468589e+00
1.008266318253780547e+00
1.007002571027096449e+00
1.005956884529393136e+00
1.005094705867112248e+00
1.004386850805691234e+00
1.003808829352172527e+00
1.003340245395826891e+00
1.002964270655836820e+00
1.002667191300426364e+00
1.002438024472920297e+00
1.002268201418448523e+00
1.002151313811267652e+00
1.002082920123016807e+00
1.002060409356374304e+00
1.002082920123016807e+00
1.002151313811267652e+00
1.002268201418448523e+00
1.002438024472920297e+00
1.002667191300426364e+00
1.002964270655836820e+00
1.003340245395826891e+00
1.003808829352172527e+00
1.004386850805691234e+00
1.005094705867112248e+00
1.005956884529393136e+00
1.007002571027096449e+00
1.008266318253780547e+00
1.009788793148468589e+00
1.011617585936513297e+00
1.013808070640165315e+00
1.016424297080112726e+00
1.019539885383740740e+00
1.023238882522125026e+00
1.027616526381382789e+00
1.032779846180917005e+00
1.038848008664970513e+00
1.045952297605367676e+00
1.054235590251648036e+00
1.063851169351561543e+00
1.074960684698862634e+00
1.087731056040381228e+00
1.102330092752527468e+00
1.118920599399032545e+00
1.137652746160983552e+00
1.158654517337876833e+00
1.182020120439304600e+00
1.207796356774683444e+00
1.235967139352007971e+00
1.266436615937571286e+00
1.299011736304069409e+00
1.333385611701261242e+00
1.369123657122026438e+00
1.405655258168564847e+00
1.442274480537134362e+00
1.478153958394005985e+00
1.512376227959463471e+00
1.543985897704056809e+00
1.572063471213395847e+00
1.595816610506801458e+00
1.614676663404101431e+00
1.628377773553379093e+00
1.636984983608471778e+00
1.640831159110792026e+00
1.640327806700062840e+00
1.635640745728961676e+00
1.626274154834437935e+00
1.610682205102807352e+00
1.586105414810175418e+00
1.548866832645088509e+00
1.495305511208552485e+00
1.423329934795355411e+00
1.334259753659141623e+00
1.234301106322173158e+00
1.134842811395021966e+00
1.050884388056846364e+00
9.972354428139356131e-01
9.823945833018573603e-01
1.000000000000000000e+00
