1.000000000000000000e+00
1.048892979788030644e+00
1.097183886485682658e+00
1.143912236232989210e+00
1.187794416713042978e+00
1.227365053078208534e+00
1.261180999116696233e+00
1.288034798795582470e+00
1.307127408801727952e+00
1.318165666809623104e+00
1.321372955991921838e+00
1.317423665575196967e+00
1.307326766391180728e+00
1.292288529302701328e+00
1.273580602744615042e+00
1.252431091972436406e+00
1.229946825238463326e+00
1.207067280018162991e+00
1.184545737267211019e+00
1.162951011160094694e+00
1.142682853204995519e+00
1.123995029849994109e+00
1.107021450270713192e+00
1.091802136452982630e+00
1.078307049637311499e+00
1.066456731137068292e+00
1.056139382862781861e+00
1.047224445530673176e+00
1.039572984794626898e+00
1.033045319169255460e+00
1.027506361579562766e+00
1.022829131465879504e+00
1.018896850085640571e+00
1.015603973925579773e+00
1.012856460182481211e+00
1.010571500180370119e+00
1.008676904620256387e+00
1.007110280087424981e+00
1.005818099482308048e+00
1.004754739524506668e+00
1.003881535385628077e+00
1.003165884878893799e+00
1.002580421511293007e+00
1.002102266197248959e+00
1.001712360758854725e+00
1.001394881834295703e+00
1.001136730939552466e+00
1.000927094742996237e+00
1.000757068776991776e+00
1.000619337563145139e+00
1.000507904271351389e+00
1.000417863422067732e+00
1.000345210671786056e+00
1.000286684319796837e+00
1.000239633790293903e+00
1.000201910944920725e+00
1.000171780647275632e+00
1.000147847521742461e+00
1.000128996319819441e+00
1.000114343727474875e+00
1.000103199819654343e+00
1.000095037696828504e+00
1.000089470129047475e+00
1.000086232290701149e+00
1.000085169900371662e+00
1.000086232290701149e+00
1.000089470129047475e+00
1.000095037696828504e+00
1.000103199819654343e+00
1.000114343727474875e+00
1.000128996319819441e+00
1.000147847521742461e+00
1.000171780647275632e+00
1.000201910944920725e+00
1.000239633790293903e+00
1.000286684319796837e+00
1.000345210671786056e+00
1.000417863422067732e+00
1.000507904271351389e+00
1.000619337563145139e+00
1.000757068776991776e+00
1.000927094742996237e+00
1.001136730939552466e+00
1.001394881834295703e+00
1.001712360758854725e+00
1.002102266197248959e+00
1.002580421511293007e+00
1.003165884878893799e+00
1.003881535385628077e+00
1.004754739524506668e+00
1.005818099482308048e+00
1.007110280087424981e+00
1.008676904620256387e+00
1.010571500180370119e+00
1.012856460182480989e+00
1.015603973925579773e+00
1.018896850085640571e+00
1.022829131465879504e+00
1.027506361579562766e+00
1.033045319169255460e+00
1.039572984794627120e+00
1.047224445530672954e+00
1.056139382862782083e+00
1.066456731137068070e+00
1.078307049637311499e+00
1.091802136452982408e+00
1.107021450270713192e+00
1.123995029849994554e+00
1.142682853204995075e+00
1.162951011160094472e+00
1.184545737267210797e+00
1.207067280018162991e+00
1.229946825238462660e+00
1.252431091972435517e+00
1.273580602744614376e+00
1.292288529302700884e+00
1.307326766391179840e+00
1.317423665575195857e+00
1.321372955991921394e+00
1.318165666809622438e+00
1.307127408801726842e+00
1.288034798795581581e+00
1.261180999116695345e+00
1.227365053078208978e+00
1.187794416713042311e+00
1.143912236232988544e+00
1.097183886485683102e+00
1.048892979788030422e+00
1.000000000000000000e+00
