1.000000000000000000e+00
1.038023253286332714e+00
1.084206391770674571e+00
1.141626967474522081e+00
1.209639159231628236e+00
1.285039377705982977e+00
1.363136528525372260e+00
1.438745925610124932e+00
1.507039993288890267e+00
1.564166354289942662e+00
1.607582669888433902e+00
1.636120873396863518e+00
1.649844547504371706e+00
1.649784646509565578e+00
1.637632754802504031e+00
1.615449675326030787e+00
1.585422472837764607e+00
1.549682584831609367e+00
1.510183847040349026e+00
1.468631821068855814e+00
1.426452999027631785e+00
1.384792524805700920e+00
1.344530608930091464e+00
1.306309881025526698e+00
1.270567973345750667e+00
1.237571396168625881e+00
1.207448164003687596e+00
1.180217670808853869e+00
1.155817046762379841e+00
1.134123724653618215e+00
1.114974262502689717e+00
1.098179661684415054e+00
1.083537525755187803e+00
1.070841452909105707e+00
1.059888064679141095e+00
1.050482059111518707e+00
1.042439647754951126e+00
1.035590698974204082e+00
1.029779869800112602e+00
1.024866967810883933e+00
1.020726745435349914e+00
1.017248292876880678e+00
1.014334163335302685e+00
1.011899335710013226e+00
1.009870095563040637e+00
1.008182894658507189e+00
1.006783232589031130e+00
1.005624590478341185e+00
1.004667436102053113e+00
1.003878311576261284e+00
1.003229008623078844e+00
1.002695831961750494e+00
1.002258948261851579e+00
1.001901816043043070e+00
1.001610690670672765e+00
1.001374197976101277e+00
1.001182969861888150e+00
1.001029335404967968e+00
1.000907061345247318e+00
1.000811136366149601e+00
1.000737594181348777e+00
1.000683371098059604e+00
1.000646194404777534e+00
1.000624498612484148e+00
1.000617367254057255e+00
1.000624498612484148e+00
1.000646194404777534e+00
1.000683371098059604e+00
1.000737594181348777e+00
1.000811136366149601e+00
1.000907061345247318e+00
1.001029335404967968e+00
1.001182969861888150e+00
1.001374197976101277e+00
1.001610690670672765e+00
1.001901816043043070e+00
1.002258948261851579e+00
1.002695831961750494e+00
1.003229008623078844e+00
1.003878311576261284e+00
1.004667436102053113e+00
1.005624590478341185e+00
1.006783232589031130e+00
1.008182894658507189e+00
1.009870095563040637e+00
1.011899335710013226e+00
1.014334163335302685e+00
1.017248292876880456e+00
1.020726745435349914e+00
1.024866967810884155e+00
1.029779869800112602e+00
1.035590698974204082e+00
1.042439647754950904e+00
1.050482059111518485e+00
1.059888064679140873e+00
1.070841452909105707e+00
1.083537525755187136e+00
1.098179661684414832e+00
1.114974262502689273e+00
1.134123724653618215e+00
1.155817046762380285e+00
1.180217670808852981e+00
1.207448164003688040e+00
1.237571396168626103e+00
1.270567973345751112e+00
1.306309881025526698e+00
1.344530608930091464e+00
1.384792524805701808e+00
1.426452999027631785e+00
1.468631821068855148e+00
1.510183847040349692e+00
1.549682584831609589e+00
1.585422472837764163e+00
1.615449675326030121e+00
1.637632754802502921e+00
1.649784646509566910e+00
1.649844547504373260e+00
1.636120873396862629e+00
1.607582669888432569e+00
1.564166354289941774e+00
1.507039993288890489e+00
1.438745925610123377e+00
1.363136528525371372e+00
1.285039377705983865e+00
1.209639159231629568e+00
1.141626967474520971e+00
1.084206391770673683e+00
1.038023253286331382e+00
1.000000000000000000e+00
