1.000000000000000000e+00
1.078339030874947202e+00
1.157749089871774162e+00
1.237663071677607363e+00
1.316148671379972823e+00
1.390339467905911119e+00
1.456981803944025211e+00
1.513011554182723373e+00
1.556050673261260231e+00
1.584730374619256921e+00
1.598798567324712039e+00
1.599028796983955836e+00
1.586991487696124858e+00
1.564763773055601881e+00
1.534644623304008082e+00
1.498918856498019370e+00
1.459688864408510423e+00
1.418773898551939139e+00
1.377665814332197369e+00
1.337526133778897286e+00
1.299209746057135018e+00
1.263303225960604070e+00
1.230169012938761686e+00
1.199989678545646088e+00
1.172808868343399036e+00
1.148567192286989336e+00
1.127132453369668497e+00
1.108324286543679760e+00
1.091933658975061894e+00
1.077737862457333939e+00
1.065511684732250997e+00
1.055035429974743755e+00
1.046100403254698108e+00
1.038512400345869890e+00
1.032093665469074217e+00
1.026683702764591644e+00
1.022139256475255165e+00
1.018333711907016603e+00
1.015156114876602622e+00
1.012509961455804408e+00
1.010311871840283926e+00
1.008490231331083953e+00
1.006983856838211455e+00
1.005740728096297554e+00
1.004716808056480559e+00
1.003874965887147974e+00
1.003184007967939273e+00
1.002617816577192622e+00
1.002154592128640775e+00
1.001776192372331398e+00
1.001467560581827732e+00
1.001216234120119619e+00
1.001011924686871835e+00
1.000846161826656866e+00
1.000711991791533251e+00
1.000603724504626202e+00
1.000516722095084354e+00
1.000447223219639081e+00
1.000392198120016340e+00
1.000349230067926865e+00
1.000316419509189370e+00
1.000292307831050609e+00
1.000275818242251091e+00
1.000266211776789760e+00
1.000263056916065763e+00
1.000266211776789760e+00
1.000275818242251091e+00
1.000292307831050609e+00
1.000316419509189370e+00
1.000349230067926865e+00
1.000392198120016340e+00
1.000447223219639081e+00
1.000516722095084354e+00
1.000603724504626202e+00
1.000711991791533251e+00
1.000846161826656866e+00
1.001011924686871835e+00
1.001216234120119619e+00
1.001467560581827732e+00
1.001776192372331398e+00
1.002154592128640775e+00
1.002617816577192622e+00
1.003184007967939273e+00
1.003874965887147974e+00
1.004716808056480559e+00
1.005740728096297554e+00
1.006983856838211455e+00
1.008490231331083731e+00
1.010311871840283926e+00
1.012509961455804630e+00
1.015156114876602622e+00
1.018333711907016603e+00
1.022139256475254943e+00
1.026683702764591644e+00
1.032093665469073995e+00
1.038512400345869668e+00
1.046100403254697664e+00
1.055035429974743755e+00
1.065511684732250774e+00
1.077737862457333717e+00
1.091933658975062116e+00
1.108324286543679316e+00
1.127132453369668941e+00
1.148567192286989114e+00
1.172808868343399036e+00
1.199989678545645644e+00
1.230169012938761908e+00
1.263303225960604514e+00
1.299209746057135018e+00
1.337526133778896842e+00
1.377665814332198035e+00
1.418773898551938917e+00
1.459688864408510423e+00
1.498918856498018926e+00
1.534644623304006528e+00
1.564763773055603213e+00
1.586991487696124858e+00
1.599028796983954281e+00
1.598798567324711373e+00
1.584730374619257143e+00
1.556050673261259787e+00
1.513011554182721818e+00
1.456981803944024767e+00
1.390339467905911786e+00
1.316148671379973711e+00
1.237663071677606474e+00
1.157749089871773718e+00
1.078339030874946980e+00
1.000000000000000000e+00
