1.000000000000000000e+00
7.785216426038864546e-01
7.954842206828637297e-01
9.625587424450122720e-01
1.156325020119355340e+00
1.312050968543338136e+00
1.418649471884357194e+00
1.488371971721945242e+00
1.535188048217783763e+00
1.567569080119934455e+00
1.589461254758018471e+00
1.602849225326844262e+00
1.609074369071920252e+00
1.609024301613656061e+00
1.603155370603267071e+00
1.591854751856203176e+00
1.576005053352420582e+00
1.557354018889427483e+00
1.538428343259881759e+00
1.522020230629844706e+00
1.510490560939651727e+00
1.505179941811443989e+00
1.506126454436372386e+00
1.512139358621770624e+00
1.521149237604946469e+00
1.530689318565496171e+00
1.538363324525670928e+00
1.542199749165487299e+00
1.540850934104017522e+00
1.533644474649871636e+00
1.520523494633778006e+00
1.501921392097602670e+00
1.478611897659409369e+00
1.451563978536799304e+00
1.421818856350255844e+00
1.390396298731756852e+00
1.358230440929351301e+00
1.326131488507647838e+00
1.294768007607534077e+00
1.264664314085698793e+00
1.236208061894860988e+00
1.209664043629230745e+00
1.185191174953867943e+00
1.162860497091492196e+00
1.142672741447375184e+00
1.124574550458862676e+00
1.108472855214754027e+00
1.094247198331053772e+00
1.081759985724161544e+00
1.070864776114882178e+00
1.061412791085120988e+00
1.053257866032556223e+00
1.046260074684640440e+00
1.040288255376660365e+00
1.035221652295264638e+00
1.030950863863264511e+00
1.027378266618789393e+00
1.024418058557074351e+00
1.021996042439066610e+00
1.020049247941630544e+00
1.018525472219312888e+00
1.017382801643786694e+00
1.016589163136581320e+00
1.016121941407777785e+00
1.015967688247499723e+00
1.016121941407538865e+00
1.016589163136093266e+00
1.017382801643027745e+00
1.018525472218251293e+00
1.020049247940223669e+00
1.021996042437253616e+00
1.024418058554783073e+00
1.027378266615927238e+00
1.030950863859726896e+00
1.035221652290907013e+00
1.040288255371321968e+00
1.046260074678128094e+00
1.053257866024625677e+00
1.061412791075482476e+00
1.070864776103170213e+00
1.081759985709933369e+00
1.094247198313746727e+00
1.108472855193660900e+00
1.124574550433059095e+00
1.142672741415669657e+00
1.162860497052298880e+00
1.185191174905074307e+00
1.209664043567988845e+00
1.236208061817302806e+00
1.264664313986545885e+00
1.294768007479542460e+00
1.326131488340903664e+00
1.358230440710273212e+00
1.390396298441802347e+00
1.421818855964235961e+00
1.451563978020743884e+00
1.478611896967902295e+00
1.501921391170616182e+00
1.520523493393014292e+00
1.533644472994803554e+00
1.540850931907896015e+00
1.542199746271625482e+00
1.538363320744461138e+00
1.530689313672290108e+00
1.521149231338654761e+00
1.512139350683337380e+00
1.506126444485747840e+00
1.505179929461595068e+00
1.510490545747328994e+00
1.522020212085528179e+00
1.538428320783260528e+00
1.557353991840201290e+00
1.576005021066615441e+00
1.591854713713407810e+00
1.603155326120854207e+00
1.609024250554450308e+00
1.609074311547940450e+00
1.602849161886065854e+00
1.589461186447327146e+00
1.567569008515925733e+00
1.535187975407430461e+00
1.488371900211436838e+00
1.418649404429041416e+00
1.312050907913733688e+00
1.156324968832983746e+00
9.625587025150073028e-01
7.954841934709805384e-01
7.785216288519904992e-01
1.000000000000000000e+00
