1.000000000000000000e+00
8.506180333806143690e-01
8.422815042306833755e-01
9.546684044805536784e-01
1.120214581153666344e+00
1.281536912276494578e+00
1.409020524568114219e+00
1.496898406820537097e+00
1.552101217226349528e+00
1.584496061316479354e+00
1.601724037957392044e+00
1.608163986224538489e+00
1.606089792472719768e+00
1.597238740200593199e+00
1.583797714263787126e+00
1.568566395045946082e+00
1.554515036021717034e+00
1.544117600434933291e+00
1.538799434992091264e+00
1.538694413120466287e+00
1.542745082115017041e+00
1.549058493487876831e+00
1.555375297062516093e+00
1.559516021564001154e+00
1.559713197883953129e+00
1.554793527924327678e+00
1.544219892566012664e+00
1.528029320908439015e+00
1.506710702714980199e+00
1.481060926454842441e+00
1.452047108601563163e+00
1.420690856624152731e+00
1.387980945738862548e+00
1.354814319262933386e+00
1.321961709889025949e+00
1.290052702667622953e+00
1.259574941791719915e+00
1.230882789952769896e+00
1.204211646511200051e+00
1.179695059678006919e+00
1.157382596752724702e+00
1.137257114879089759e+00
1.119250597977118566e+00
1.103258110476396103e+00
1.089149689888098793e+00
1.076780183080996656e+00
1.065997147348986873e+00
1.056647004956841718e+00
1.048579672919629946e+00
1.041651899057072228e+00
1.035729528913318598e+00
1.030688911880482728e+00
1.026417633122705064e+00
1.022814733736997050e+00
1.019790557134613529e+00
1.017266336292013573e+00
1.015173615175434030e+00
1.013453578759587081e+00
1.012056349822049839e+00
1.010940297079867323e+00
1.010071388087981248e+00
1.009422611398988145e+00
1.008973485502471235e+00
1.008709666709413089e+00
1.008622664110659706e+00
1.008709666708499375e+00
1.008973485500598288e+00
1.009422611396064706e+00
1.010071388083856325e+00
1.010940297074340188e+00
1.012056349814844269e+00
1.013453578750348916e+00
1.015173615163710297e+00
1.017266336277236505e+00
1.019790557116062812e+00
1.022814733713779622e+00
1.026417633093714032e+00
1.030688911844332756e+00
1.035729528868293947e+00
1.041651899001040382e+00
1.048579672849947464e+00
1.056647004870221451e+00
1.065997147241348530e+00
1.076780182947263187e+00
1.089149689721948588e+00
1.103258110269947911e+00
1.119250597720533591e+00
1.137257114560064730e+00
1.157382596355844839e+00
1.179695059183916817e+00
1.204211645895542082e+00
1.230882789184838844e+00
1.259574940832711709e+00
1.290052701468412000e+00
1.321961708387302981e+00
1.354814317379580801e+00
1.387980943373329890e+00
1.420690853648674423e+00
1.452047104853927184e+00
1.481060921729560942e+00
1.506710696752672662e+00
1.528029313383352683e+00
1.544219883071881849e+00
1.554793515958936556e+00
1.559713182833242673e+00
1.559516002686945901e+00
1.555375273478490916e+00
1.549058464168783011e+00
1.542745045884942989e+00
1.538694368666445822e+00
1.538799380890473856e+00
1.544117535199286406e+00
1.554514958179503026e+00
1.568566303252041161e+00
1.583797607457696932e+00
1.597238617809750627e+00
1.606089654654687227e+00
1.608163834125822644e+00
1.601723873946804488e+00
1.584495889131051882e+00
1.552101041956585492e+00
1.496898234670553274e+00
1.409020362367271240e+00
1.281536766796001148e+00
1.120214458378344213e+00
9.546683090512747549e-01
8.422814392380068016e-01
8.506180005334827987e-01
1.000000000000000000e+00
