1.000000000000000000e+00
1.064077444823050334e+00
1.127512780113742341e+00
1.189097891235124438e+00
1.247121325340255105e+00
1.299578741776438839e+00
1.344472142301843309e+00
1.380121852307461428e+00
1.405417368728152816e+00
1.419956079425511497e+00
1.424053933756100010e+00
1.418645985759454442e+00
1.405116411238451324e+00
1.385103229950615855e+00
1.360315545081589139e+00
1.332387126992401694e+00
1.302775818813411313e+00
1.272707322899469196e+00
1.243155602933739390e+00
1.214849804511749953e+00
1.188297939039871354e+00
1.163819291248923582e+00
1.141579647904486849e+00
1.121625448432543859e+00
1.103914580364955045e+00
1.088342730589616503e+00
1.074765002746797871e+00
1.063013003458226358e+00
1.052907869545838926e+00
1.044269826674582902e+00
1.036924892063368464e+00
1.030709299658013833e+00
1.025472162447020663e+00
1.021076810963124970e+00
1.017401170252292708e+00
1.014337465896173462e+00
1.011791486179594024e+00
1.009681573386885356e+00
1.007937472486735597e+00
1.006499129445131535e+00
1.005315503072799377e+00
1.004343432528164604e+00
1.003546586230834592e+00
1.002894505951277049e+00
1.002361751311012572e+00
1.001927144071230957e+00
1.001573107758893189e+00
1.001285095853577056e+00
1.001051100520750747e+00
1.000861233405546447e+00
1.000707370049776390e+00
1.000582849880484737e+00
1.000482224306687540e+00
1.000401046156002227e+00
1.000335694418317933e+00
1.000283228994780504e+00
1.000241270849219877e+00
1.000207903609110272e+00
1.000181593256436852e+00
1.000161123083124215e+00
1.000145541562805107e+00
1.000134121214768523e+00
1.000126326913064023e+00
1.000121792430248568e+00
1.000120304308734331e+00
1.000121792430248568e+00
1.000126326913064023e+00
1.000134121214768523e+00
1.000145541562805107e+00
1.000161123083124215e+00
1.000181593256436852e+00
1.000207903609110272e+00
1.000241270849219877e+00
1.000283228994780504e+00
1.000335694418317933e+00
1.000401046156002227e+00
1.000482224306687540e+00
1.000582849880484737e+00
1.000707370049776390e+00
1.000861233405546447e+00
1.001051100520750747e+00
1.001285095853577056e+00
1.001573107758893189e+00
1.001927144071230957e+00
1.002361751311012572e+00
1.002894505951277049e+00
1.003546586230834592e+00
1.004343432528164604e+00
1.005315503072799377e+00
1.006499129445131535e+00
1.007937472486735597e+00
1.009681573386885356e+00
1.011791486179594024e+00
1.014337465896173462e+00
1.017401170252292486e+00
1.021076810963124970e+00
1.025472162447020663e+00
1.030709299658013833e+00
1.036924892063368464e+00
1.044269826674582902e+00
1.052907869545839148e+00
1.063013003458226136e+00
1.074765002746798315e+00
1.088342730589616281e+00
1.103914580364955045e+00
1.121625448432543637e+00
1.141579647904486849e+00
1.163819291248924248e+00
1.188297939039870910e+00
1.214849804511749509e+00
1.243155602933739390e+00
1.272707322899469418e+00
1.302775818813410869e+00
1.332387126992400805e+00
1.360315545081588251e+00
1.385103229950616077e+00
1.405116411238450880e+00
1.418645985759453332e+00
1.424053933756099788e+00
1.419956079425511719e+00
1.405417368728151928e+00
1.380121852307460539e+00
1.344472142301842865e+00
1.299578741776439506e+00
1.247121325340254883e+00
1.189097891235123994e+00
1.127512780113742563e+00
1.064077444823050111e+00
1.000000000000000000e+00
