1.000000000000000000e+00
9.621397365584605232e-01
9.699441240051653867e-01
1.030082224415460601e+00
1.128460586024357060e+00
1.243475045085162822e+00
1.354815605874225781e+00
1.448345305959227280e+00
1.517611261543977630e+00
1.562850133879361669e+00
1.588627557429234782e+00
1.601224966675707018e+00
1.606554352142635311e+00
1.608936097024597389e+00
1.610710471941472877e+00
1.612452304049258656e+00
1.613505626985120456e+00
1.612595700242095420e+00
1.608356378166351464e+00
1.599694452534639488e+00
1.585978797920690297e+00
1.567083315244345298e+00
1.543330165056184589e+00
1.515379962137896719e+00
1.484106159172880135e+00
1.450478254547575618e+00
1.415466867725558853e+00
1.379975029152569421e+00
1.344794533993218799e+00
1.310583376224146335e+00
1.277859308906058811e+00
1.247004719972845788e+00
1.218278706962106828e+00
1.191833112711439879e+00
1.167730140719230869e+00
1.145959906890027247e+00
1.126456873386036506e+00
1.109114555076929909e+00
1.093798209811613686e+00
1.080355444874431248e+00
1.068624816728878324e+00
1.058442589240109477e+00
1.049647862840716872e+00
1.042086305819408532e+00
1.035612718339513849e+00
1.030092646828961733e+00
1.025403246079213515e+00
1.021433562384435279e+00
1.018084385900674738e+00
1.015267795840022913e+00
1.012906499245780134e+00
1.010933043565043654e+00
1.009288965348582812e+00
1.007923922225630431e+00
1.006794842722970929e+00
1.005865118319118068e+00
1.005103854085730886e+00
1.004485188085806335e+00
1.003987685088748805e+00
1.003593806858319670e+00
1.003289459028039898e+00
1.003063613186033320e+00
1.002908002064055504e+00
1.002816885508047706e+00
1.002786885071323075e+00
1.002816885508047706e+00
1.002908002064055504e+00
1.003063613186033320e+00
1.003289459028039898e+00
1.003593806858319670e+00
1.003987685088748805e+00
1.004485188085806335e+00
1.005103854085730886e+00
1.005865118319118068e+00
1.006794842722970929e+00
1.007923922225630431e+00
1.009288965348582812e+00
1.010933043565043876e+00
1.012906499245780134e+00
1.015267795840022913e+00
1.018084385900674738e+00
1.021433562384435279e+00
1.025403246079213515e+00
1.030092646828961289e+00
1.035612718339513627e+00
1.042086305819408754e+00
1.049647862840717316e+00
1.058442589240109477e+00
1.068624816728878324e+00
1.080355444874430582e+00
1.093798209811613020e+00
1.109114555076929465e+00
1.126456873386037394e+00
1.145959906890025914e+00
1.167730140719229759e+00
1.191833112711439213e+00
1.218278706962104607e+00
1.247004719972845566e+00
1.277859308906058144e+00
1.310583376224145224e+00
1.344794533993219243e+00
1.379975029152568089e+00
1.415466867725558853e+00
1.450478254547573398e+00
1.484106159172878359e+00
1.515379962137894720e+00
1.543330165056181702e+00
1.567083315244342856e+00
1.585978797920687633e+00
1.599694452534634825e+00
1.608356378166347023e+00
1.612595700242088759e+00
1.613505626985113128e+00
1.612452304049249330e+00
1.610710471941462218e+00
1.608936097024588285e+00
1.606554352142623987e+00
1.601224966675693029e+00
1.588627557429220127e+00
1.562850133879344350e+00
1.517611261543963197e+00
1.448345305959212181e+00
1.354815605874210904e+00
1.243475045085150166e+00
1.128460586024346624e+00
1.030082224415451053e+00
9.699441240051588364e-01
9.621397365584560823e-01
1.000000000000000000e+00
