1.000000000000000000e+00
7.658908274849931530e-01
7.911656717018437091e-01
9.681847644531190733e-01
1.163669557862205828e+00
1.315764598085111592e+00
1.419136508639208483e+00
1.488492547726627757e+00
1.536817432663321714e+00
1.570563337629460987e+00
1.592499925227051305e+00
1.604736957029975875e+00
1.609549333480711164e+00
1.608817870512706305e+00
1.603494378982491142e+00
1.593772148884136541e+00
1.579807213711232450e+00
1.562451416058298070e+00
1.543546633076497754e+00
1.525654376397087120e+00
1.511399788448925641e+00
1.502749258742438920e+00
1.500504914146244539e+00
1.504158464820677610e+00
1.512090923823585786e+00
1.521997491575657779e+00
1.531381332483269464e+00
1.537984430959534299e+00
1.540079204512651456e+00
1.536602174361443307e+00
1.527152554234417314e+00
1.511898682435874219e+00
1.491437379939036134e+00
1.466642809308735140e+00
1.438529061930763353e+00
1.408139063781166156e+00
1.376463594000227220e+00
1.344388653892530039e+00
1.312666589823306085e+00
1.281905446493803780e+00
1.252571240850867573e+00
1.224998621949904498e+00
1.199406341331983095e+00
1.175914888792009672e+00
1.154564449798865855e+00
1.135331981978115579e+00
1.118146694296431543e+00
1.102903565382049145e+00
1.089474782816010290e+00
1.077719148010984229e+00
1.067489592612333338e+00
1.058639009216689741e+00
1.051024624788103434e+00
1.044511149436813335e+00
1.038972923635505197e+00
1.034295268924644517e+00
1.030375224625432073e+00
1.027121828799222758e+00
1.024456077546388011e+00
1.022310673934784031e+00
1.020629657093371501e+00
1.019367983628028496e+00
1.018491117567262627e+00
1.017974671381098872e+00
1.017804128956319110e+00
1.017974671381935758e+00
1.018491117568980808e+00
1.019367983630723007e+00
1.020629657097191112e+00
1.022310673939937686e+00
1.024456077553156819e+00
1.027121828807976645e+00
1.030375224636648879e+00
1.034295268938942192e+00
1.038972923653656011e+00
1.044511149459809385e+00
1.051024624817201492e+00
1.058639009253469432e+00
1.067489592658795061e+00
1.077719148069643751e+00
1.089474782890048843e+00
1.102903565475476189e+00
1.118146694414303921e+00
1.135331982126804418e+00
1.154564449986420716e+00
1.175914889028587318e+00
1.199406341630422146e+00
1.224998622326449293e+00
1.252571241326095208e+00
1.281905447093820705e+00
1.312666590581262005e+00
1.344388654850634746e+00
1.376463595212285007e+00
1.408139065315890504e+00
1.438529063876047509e+00
1.466642811777168376e+00
1.491437383074958545e+00
1.511898686424401062e+00
1.527152559312809021e+00
1.536602180833261944e+00
1.540079212765065986e+00
1.537984441483807974e+00
1.531381345898262580e+00
1.521997508653347708e+00
1.512090945514904528e+00
1.504158492278916626e+00
1.500504948744389111e+00
1.502749302080172100e+00
1.511399842344867128e+00
1.525654442861873905e+00
1.543546714261919472e+00
1.562451514175949630e+00
1.579807330910700358e+00
1.593772287077020566e+00
1.603494539598788959e+00
1.608818054186152535e+00
1.609549539683269526e+00
1.604737183709170179e+00
1.592500168529787485e+00
1.570563591805204551e+00
1.536817690218821086e+00
1.488492799857724647e+00
1.419136745903295305e+00
1.315764811207281948e+00
1.163669738506669882e+00
9.681849057845962614e-01
7.911657686496695874e-01
7.658908767604011292e-01
1.000000000000000000e+00
