1.000000000000000000e+00
7.565181166251763178e-01
7.875288540571576679e-01
9.705134285917400572e-01
1.165786538780063664e+00
1.314450183343786938e+00
1.415413927843295561e+00
1.484747303969534693e+00
1.534396755733591355e+00
1.569299271260055306e+00
1.591430706684747287e+00
1.602994518604804908e+00
1.606884977093282041e+00
1.605678353401706504e+00
1.600754046246971596e+00
1.592296708035141339e+00
1.580047267002267386e+00
1.564228949427996618e+00
1.546102042881535077e+00
1.527907847299752486e+00
1.512304334980591358e+00
1.501600730996668132e+00
1.497116474121537921e+00
1.498872290573046273e+00
1.505657207447778978e+00
1.515382127366926568e+00
1.525566517446710790e+00
1.533809252847168514e+00
1.538142617648784238e+00
1.537228865635863695e+00
1.530408370056145051e+00
1.517637049429368945e+00
1.499359215684057611e+00
1.476356737766184812e+00
1.449603834192076057e+00
1.420144464270948426e+00
1.388999214399572635e+00
1.357101750369144044e+00
1.325261080268793634e+00
1.294144288273835874e+00
1.264274243080405702e+00
1.236037394483982643e+00
1.209697692621332088e+00
1.185413624449591197e+00
1.163256222163493447e+00
1.143226604480903408e+00
1.125272157922419414e+00
1.109300868284759378e+00
1.095193597678982833e+00
1.082814295504042734e+00
1.072018255302233491e+00
1.062658602257648299e+00
1.054591232798274270e+00
1.047678439524178495e+00
1.041791449877779163e+00
1.036812091767572497e+00
1.032633778231832888e+00
1.029161979367466451e+00
1.026314325348788081e+00
1.024020460867853810e+00
1.022221749621085252e+00
1.020870907998567612e+00
1.019931630040605830e+00
1.019378250920097484e+00
1.019195483438009919e+00
1.019378250919915407e+00
1.019931630040233905e+00
1.020870907997992072e+00
1.022221749620289222e+00
1.024020460866808424e+00
1.026314325347457812e+00
1.029161979365811996e+00
1.032633778229802290e+00
1.036812091765113797e+00
1.041791449874821973e+00
1.047678439520653315e+00
1.054591232794108047e+00
1.062658602252751106e+00
1.072018255296513844e+00
1.082814295497392054e+00
1.095193597671288765e+00
1.109300868275883589e+00
1.125272157912199589e+00
1.143226604469118612e+00
1.163256222149857688e+00
1.185413624433684365e+00
1.209697692602539343e+00
1.236037394461397376e+00
1.264274243052662339e+00
1.294144288238897156e+00
1.325261080223616661e+00
1.357101750309274157e+00
1.388999214318535902e+00
1.420144464159474706e+00
1.449603834037088923e+00
1.476356737549559428e+00
1.499359215381115940e+00
1.517637049007190431e+00
1.530408369471784491e+00
1.537228864834654374e+00
1.538142616563019427e+00
1.533809251395331641e+00
1.525566515533489653e+00
1.515382124883809301e+00
1.505657204273668004e+00
1.498872286573715185e+00
1.497116469146501316e+00
1.501600724872406367e+00
1.512304327500581191e+00
1.527907838214387581e+00
1.546102031893853868e+00
1.564228936202451514e+00
1.580047251191609714e+00
1.592296689324339987e+00
1.600754024405530274e+00
1.605678328332165838e+00
1.606884948868217533e+00
1.602994487495083664e+00
1.591430673187479661e+00
1.569299236125935471e+00
1.534396719975213541e+00
1.484747268825177047e+00
1.415413894688180019e+00
1.314450153564989732e+00
1.165786513635734600e+00
9.705134090742104647e-01
7.875288408062721679e-01
7.565181099506228524e-01
1.000000000000000000e+00
