1.000000000000000000e+00
1.061409175278884121e+00
1.122169268246780760e+00
1.181109336241054075e+00
1.236592998876951288e+00
1.286715129303504401e+00
1.329582461677629945e+00
1.363606288053176296e+00
1.387737890054661527e+00
1.401598939764058915e+00
1.405491834880057134e+00
1.400306472700733496e+00
1.387360279198867952e+00
1.368213775611257121e+00
1.344497274755607430e+00
1.317771381744386794e+00
1.289430569191198250e+00
1.260648779935998220e+00
1.232359936887646779e+00
1.205263910648314951e+00
1.179848714111188634e+00
1.156421250217483099e+00
1.135140933998149082e+00
1.116052406304479883e+00
1.099115108189724355e+00
1.084228631336636495e+00
1.071253537734405681e+00
1.060027825112635602e+00
1.050379482105717521e+00
1.042135696916317578e+00
1.035129308447333640e+00
1.029203057998932636e+00
1.024212139165847857e+00
1.020025470856543270e+00
1.016526044142223251e+00
1.013610624133995719e+00
1.011189026452292028e+00
1.009183135317684110e+00
1.007525786888356700e+00
1.006159606547143204e+00
1.005035861410317866e+00
1.004113368276407625e+00
1.003357481450783961e+00
1.002739173349459056e+00
1.002234212604639518e+00
1.001822438800479720e+00
1.001487129329264647e+00
1.001214451665833227e+00
1.000992993209177673e+00
1.000813360422932785e+00
1.000667839084028454e+00
1.000550107844536685e+00
1.000454997897339826e+00
1.000378292219702869e+00
1.000316558587232230e+00
1.000267011261654293e+00
1.000227396933171642e+00
1.000195901126419651e+00
1.000171071851273741e+00
1.000151757794062179e+00
1.000137058803272305e+00
1.000126286830722577e+00
1.000118935850540014e+00
1.000114659600320755e+00
1.000113256278911678e+00
1.000114659600320755e+00
1.000118935850540014e+00
1.000126286830722577e+00
1.000137058803272305e+00
1.000151757794062179e+00
1.000171071851273741e+00
1.000195901126419651e+00
1.000227396933171642e+00
1.000267011261654293e+00
1.000316558587232230e+00
1.000378292219702869e+00
1.000454997897339826e+00
1.000550107844536685e+00
1.000667839084028454e+00
1.000813360422932785e+00
1.000992993209177673e+00
1.001214451665833227e+00
1.001487129329264647e+00
1.001822438800479720e+00
1.002234212604639518e+00
1.002739173349459056e+00
1.003357481450783961e+00
1.004113368276407625e+00
1.005035861410317866e+00
1.006159606547143204e+00
1.007525786888356700e+00
1.009183135317684110e+00
1.011189026452292028e+00
1.013610624133995719e+00
1.016526044142223029e+00
1.020025470856543270e+00
1.024212139165847857e+00
1.029203057998932636e+00
1.035129308447333640e+00
1.042135696916317578e+00
1.050379482105717743e+00
1.060027825112635380e+00
1.071253537734406125e+00
1.084228631336636273e+00
1.099115108189724355e+00
1.116052406304479661e+00
1.135140933998149082e+00
1.156421250217483765e+00
1.179848714111188190e+00
1.205263910648314507e+00
1.232359936887646779e+00
1.260648779935998443e+00
1.289430569191197584e+00
1.317771381744385906e+00
1.344497274755606542e+00
1.368213775611257343e+00
1.387360279198867508e+00
1.400306472700732385e+00
1.405491834880056912e+00
1.401598939764059137e+00
1.387737890054660417e+00
1.363606288053175186e+00
1.329582461677629501e+00
1.286715129303505067e+00
1.236592998876951066e+00
1.181109336241053631e+00
1.122169268246781204e+00
1.061409175278883898e+00
1.000000000000000000e+00
