1.000000000000000000e+00
1.061071916583979258e+00
1.121494447819098461e+00
1.180101620395932027e+00
1.235266564864771821e+00
1.285096529530105336e+00
1.327711204426017533e+00
1.361533055215560895e+00
1.385520872452378205e+00
1.399299166337078404e+00
1.403168478398899355e+00
1.398012938843490316e+00
1.385141542785651936e+00
1.366105064812238812e+00
1.342523930445420399e+00
1.315949576636771923e+00
1.287768545270894238e+00
1.259148311094314243e+00
1.231017803460788151e+00
1.204073253087725837e+00
1.178800198467696569e+00
1.155504023985721496e+00
1.134343379017559439e+00
1.115362710186249329e+00
1.098521681618808143e+00
1.083720399199481932e+00
1.070820129871136395e+00
1.059659689170380448e+00
1.050067937376090832e+00
1.041872944630191755e+00
1.034908410968356618e+00
1.029017896757945527e+00
1.024057358998256673e+00
1.019896416603094380e+00
1.016418693902252812e+00
1.013521522371959360e+00
1.011115219210360960e+00
1.009122109041447279e+00
1.007475411795801135e+00
1.006118085033822052e+00
1.005001681660400159e+00
1.004085263017929996e+00
1.003334391634853828e+00
1.002720216431209010e+00
1.002218655044911699e+00
1.001809672380427729e+00
1.001476650866341744e+00
1.001205845731882205e+00
1.000985917474050080e+00
1.000807533276030892e+00
1.000663029218292532e+00
1.000546125520445528e+00
1.000451687636890297e+00
1.000375526711072549e+00
1.000314233609255643e+00
1.000265041463025861e+00
1.000225712324295468e+00
1.000194444162053387e+00
1.000169794999672845e+00
1.000150621503371307e+00
1.000136029788616154e+00
1.000125336616003668e+00
1.000118039507543743e+00
1.000113794634520215e+00
1.000112401616490843e+00
1.000113794634520215e+00
1.000118039507543743e+00
1.000125336616003668e+00
1.000136029788616154e+00
1.000150621503371307e+00
1.000169794999672845e+00
1.000194444162053387e+00
1.000225712324295468e+00
1.000265041463025861e+00
1.000314233609255643e+00
1.000375526711072549e+00
1.000451687636890297e+00
1.000546125520445528e+00
1.000663029218292532e+00
1.000807533276030892e+00
1.000985917474050080e+00
1.001205845731882205e+00
1.001476650866341744e+00
1.001809672380427729e+00
1.002218655044911699e+00
1.002720216431209010e+00
1.003334391634853828e+00
1.004085263017929996e+00
1.005001681660400159e+00
1.006118085033822052e+00
1.007475411795801135e+00
1.009122109041447279e+00
1.011115219210360960e+00
1.013521522371959360e+00
1.016418693902252590e+00
1.019896416603094380e+00
1.024057358998256673e+00
1.029017896757945527e+00
1.034908410968356618e+00
1.041872944630191755e+00
1.050067937376091054e+00
1.059659689170380226e+00
1.070820129871136839e+00
1.083720399199481710e+00
1.098521681618808143e+00
1.115362710186249107e+00
1.134343379017559439e+00
1.155504023985722162e+00
1.178800198467696125e+00
1.204073253087725393e+00
1.231017803460788151e+00
1.259148311094314465e+00
1.287768545270893572e+00
1.315949576636771035e+00
1.342523930445419511e+00
1.366105064812239034e+00
1.385141542785651492e+00
1.398012938843489206e+00
1.403168478398899133e+00
1.399299166337078626e+00
1.385520872452377095e+00
1.361533055215559784e+00
1.327711204426017089e+00
1.285096529530106002e+00
1.235266564864771599e+00
1.180101620395931583e+00
1.121494447819098905e+00
1.061071916583979036e+00
1.000000000000000000e+00
