1.000000000000000000e+00
8.424268528309406534e-01
8.362825144404368860e-01
9.555575183846927168e-01
1.126149227527648122e+00
1.288280481768666608e+00
1.413441203340130681e+00
1.498174884735864021e+00
1.551211337337540019e+00
1.583131329369568130e+00
1.601399727069504175e+00
1.609751494179473941e+00
1.609693662141538972e+00
1.602287769682556151e+00
1.589264399266800742e+00
1.573258574714291314e+00
1.557379390095074312e+00
1.544486472146305633e+00
1.536525320805733674e+00
1.534150901453493976e+00
1.536713020067407731e+00
1.542544439874050211e+00
1.549417356054031414e+00
1.555021922699544534e+00
1.557355481339823822e+00
1.554966263072998567e+00
1.547046724196615264e+00
1.533405752332827277e+00
1.514363135043713893e+00
1.490608455851987424e+00
1.463056925232601113e+00
1.432722599553086784e+00
1.400618754427935597e+00
1.367687444410002673e+00
1.334755610941759318e+00
1.302512886156807825e+00
1.271505682899116030e+00
1.242142555194791775e+00
1.214706644490690879e+00
1.189371971765789571e+00
1.166221218379197788e+00
1.145263382182822420e+00
1.126450281063238412e+00
1.109691314518763017e+00
1.094866208174007927e+00
1.081835681868467791e+00
1.070450122615201893e+00
1.060556428979098298e+00
1.052003238904323901e+00
1.044644770756289809e+00
1.038343506397855887e+00
1.032971932213767374e+00
1.028413534044751110e+00
1.024563218521138408e+00
1.021327308769651943e+00
1.018623238577942347e+00
1.016379046907531780e+00
1.014532754762311306e+00
1.013031689132275703e+00
1.011831804089423192e+00
1.010897037003150256e+00
1.010198728048658179e+00
1.009715123425350525e+00
1.009430976670845581e+00
1.009337257828099688e+00
1.009430976673937108e+00
1.009715123431692563e+00
1.010198728058578910e+00
1.010897037017153721e+00
1.011831804108227928e+00
1.013031689156837167e+00
1.014532754793876723e+00
1.016379046947694986e+00
1.018623238628728833e+00
1.021327308833601899e+00
1.024563218601449499e+00
1.028413534145428576e+00
1.032971932339810550e+00
1.038343506555513773e+00
1.044644770953363277e+00
1.052003239150562708e+00
1.060556429286681590e+00
1.070450122999362597e+00
1.081835682348273986e+00
1.094866208773351834e+00
1.109691315267631762e+00
1.126450281999332059e+00
1.145263383353626985e+00
1.166221219844651991e+00
1.189371973601720311e+00
1.214706646793244804e+00
1.242142558086193338e+00
1.271505686535098656e+00
1.302512890736251538e+00
1.334755616719142779e+00
1.367687451711474766e+00
1.400618763671902967e+00
1.432722611276456393e+00
1.463056940123825367e+00
1.490608474792152194e+00
1.514363159156673078e+00
1.533405783044865078e+00
1.547046763305241601e+00
1.554966312822834595e+00
1.557355544501384692e+00
1.555022002643793533e+00
1.549417456812277827e+00
1.542544566169455678e+00
1.536713177301387345e+00
1.534151095628068839e+00
1.536525558360955390e+00
1.544486759689914557e+00
1.557379733999361582e+00
1.573258980555339859e+00
1.589264871089740572e+00
1.602288309102583908e+00
1.609694267341184704e+00
1.609752158934888433e+00
1.601400440011168547e+00
1.583132073719530686e+00
1.551212091331245713e+00
1.498175622819115871e+00
1.413441898051504220e+00
1.288281106018557498e+00
1.126149756829959880e+00
9.555579325691300197e-01
8.362827985453140656e-01
8.424269972120629335e-01
1.000000000000000000e+00
