1.000000000000000000e+00
1.072297027584305340e+00
1.146806287170649696e+00
1.223613739801749478e+00
1.301075935520660920e+00
1.376328188739958547e+00
1.445889667011290625e+00
1.506300706733123551e+00
1.554688791953898308e+00
1.589164338795073794e+00
1.608992789032333226e+00
1.614550484829030852e+00
1.607120666457324987e+00
1.588607268005111761e+00
1.561238556926346721e+00
1.527310866875470019e+00
1.488997168744632837e+00
1.448224474981388177e+00
1.406611250184547579e+00
1.365450483977461937e+00
1.325723598409408677e+00
1.288132547331769295e+00
1.253140573287556014e+00
1.221015101905463807e+00
1.191868724000839874e+00
1.165696037838596322e+00
1.142405365445718246e+00
1.121845144212126444e+00
1.103825256672460675e+00
1.088133803706706759e+00
1.074549928666749921e+00
1.062853317224631722e+00
1.052830966534604729e+00
1.044281760888244648e+00
1.037019323822687467e+00
1.030873547263599255e+00
1.025691131747304530e+00
1.021335410791316178e+00
1.017685678372375779e+00
1.014636191647181551e+00
1.012094981392400062e+00
1.009982569698405497e+00
1.008230667592534768e+00
1.006780903770553515e+00
1.005583618735435891e+00
1.004596745656656243e+00
1.003784789499160501e+00
1.003117908822312998e+00
1.002571099585425562e+00
1.002123476863860940e+00
1.001757648198061235e+00
1.001459171055227415e+00
1.001216086328634125e+00
1.001018519733602563e+00
1.000858343228235192e+00
1.000728889073420724e+00
1.000624709763669795e+00
1.000541377744337268e+00
1.000475319537992513e+00
1.000423679603161142e+00
1.000384209924076506e+00
1.000355181970271401e+00
1.000335318266158069e+00
1.000323741373122521e+00
1.000319938614577797e+00
1.000323741373122521e+00
1.000335318266158069e+00
1.000355181970271401e+00
1.000384209924076506e+00
1.000423679603161142e+00
1.000475319537992513e+00
1.000541377744337268e+00
1.000624709763669795e+00
1.000728889073420724e+00
1.000858343228235192e+00
1.001018519733602563e+00
1.001216086328634125e+00
1.001459171055227415e+00
1.001757648198061235e+00
1.002123476863860940e+00
1.002571099585425562e+00
1.003117908822312998e+00
1.003784789499160501e+00
1.004596745656656243e+00
1.005583618735435891e+00
1.006780903770553515e+00
1.008230667592534768e+00
1.009982569698405275e+00
1.012094981392400062e+00
1.014636191647181773e+00
1.017685678372375779e+00
1.021335410791316178e+00
1.025691131747304308e+00
1.030873547263599033e+00
1.037019323822687245e+00
1.044281760888244426e+00
1.052830966534604062e+00
1.062853317224631722e+00
1.074549928666749699e+00
1.088133803706706537e+00
1.103825256672460897e+00
1.121845144212126000e+00
1.142405365445718690e+00
1.165696037838596322e+00
1.191868724000839874e+00
1.221015101905463585e+00
1.253140573287555792e+00
1.288132547331769961e+00
1.325723598409408677e+00
1.365450483977461715e+00
1.406611250184547801e+00
1.448224474981387733e+00
1.488997168744632837e+00
1.527310866875469575e+00
1.561238556926344945e+00
1.588607268005112649e+00
1.607120666457324987e+00
1.614550484829029076e+00
1.608992789032332116e+00
1.589164338795072906e+00
1.554688791953897642e+00
1.506300706733121775e+00
1.445889667011289514e+00
1.376328188739958769e+00
1.301075935520660920e+00
1.223613739801748812e+00
1.146806287170649252e+00
1.072297027584304674e+00
1.000000000000000000e+00
