1.000000000000000000e+00
1.055081716350694476e+00
1.115194819284857086e+00
1.181967483060386126e+00
1.254399636457231182e+00
1.329613765147873439e+00
1.403629573821494558e+00
1.472146731032211164e+00
1.531252790675041942e+00
1.577955859637684366e+00
1.610476503242333157e+00
1.628294036277286638e+00
1.631996811598094732e+00
1.623014733306456181e+00
1.603312506972021767e+00
1.575103419610724087e+00
1.540618156568171360e+00
1.501940659763758568e+00
1.460907617641480805e+00
1.419060132731764678e+00
1.377633661260618814e+00
1.337573230047981676e+00
1.299563376205731702e+00
1.264065035889305300e+00
1.231354107379331486e+00
1.201558395103687005e+00
1.174691085954895131e+00
1.150679896220617060e+00
1.129391663114720057e+00
1.110652539123105687e+00
1.094264160620169291e+00
1.080016263908209151e+00
1.067696253466013045e+00
1.057096216599278327e+00
1.048017844037398172e+00
1.040275668966860856e+00
1.033698984900232043e+00
1.028132750255191352e+00
1.023437737378954493e+00
1.019490137649988082e+00
1.016180793095612822e+00
1.013414189028235546e+00
1.011107311514246376e+00
1.009188447797447319e+00
1.007595986700699386e+00
1.006277259034448202e+00
1.005187444622805737e+00
1.004288562187863221e+00
1.003548550508626347e+00
1.002940443530757619e+00
1.002441638036764004e+00
1.002033249738060183e+00
1.001699551919764897e+00
1.001427489806687054e+00
1.001206263422802056e+00
1.001026971725216930e+00
1.000882311081943143e+00
1.000766321634463774e+00
1.000674175669933330e+00
1.000602002771902255e+00
1.000546747186706886e+00
1.000506053511245108e+00
1.000478177462494456e+00
1.000461919122094701e+00
1.000456576659107366e+00
1.000461919122094701e+00
1.000478177462494456e+00
1.000506053511245108e+00
1.000546747186706886e+00
1.000602002771902255e+00
1.000674175669933330e+00
1.000766321634463774e+00
1.000882311081943143e+00
1.001026971725216930e+00
1.001206263422802056e+00
1.001427489806687054e+00
1.001699551919764897e+00
1.002033249738060183e+00
1.002441638036764004e+00
1.002940443530757619e+00
1.003548550508626347e+00
1.004288562187863221e+00
1.005187444622805737e+00
1.006277259034448202e+00
1.007595986700699386e+00
1.009188447797447319e+00
1.011107311514246376e+00
1.013414189028235324e+00
1.016180793095612822e+00
1.019490137649988304e+00
1.023437737378954493e+00
1.028132750255191352e+00
1.033698984900231821e+00
1.040275668966860634e+00
1.048017844037397950e+00
1.057096216599278105e+00
1.067696253466012379e+00
1.080016263908209151e+00
1.094264160620169068e+00
1.110652539123105687e+00
1.129391663114720945e+00
1.150679896220616394e+00
1.174691085954895575e+00
1.201558395103687227e+00
1.231354107379331486e+00
1.264065035889305300e+00
1.299563376205731702e+00
1.337573230047982786e+00
1.377633661260619480e+00
1.419060132731764456e+00
1.460907617641481249e+00
1.501940659763758790e+00
1.540618156568171582e+00
1.575103419610723865e+00
1.603312506972020435e+00
1.623014733306457735e+00
1.631996811598096286e+00
1.628294036277285306e+00
1.610476503242332047e+00
1.577955859637683700e+00
1.531252790675041719e+00
1.472146731032209832e+00
1.403629573821493892e+00
1.329613765147873883e+00
1.254399636457231626e+00
1.181967483060385460e+00
1.115194819284856198e+00
1.055081716350693810e+00
1.000000000000000000e+00
