1.000000000000000000e+00
7.511634744235802241e-01
7.868433767453237859e-01
9.741685587780141153e-01
1.169511433632592690e+00
1.316271811111465739e+00
1.416124138863949611e+00
1.485813966504754280e+00
1.536481862492868000e+00
1.572103089175827195e+00
1.594213997567927477e+00
1.605113354421093597e+00
1.608086872652517929e+00
1.606159350102429162e+00
1.601031712517112071e+00
1.592965608505959585e+00
1.581512303172269096e+00
1.566523908201623794e+00
1.548863215928536263e+00
1.530501371552163148e+00
1.514042961808849785e+00
1.501961237409391137e+00
1.495885339230414779e+00
1.496187040204991936e+00
1.501951888321038764e+00
1.511272250991489985e+00
1.521716529603464707e+00
1.530817827712834589e+00
1.536465700277269253e+00
1.537144939931114340e+00
1.532019516979367779e+00
1.520894228621807232e+00
1.504099787546488098e+00
1.482344584997189241e+00
1.456565740703847700e+00
1.427799483880344056e+00
1.397080069342695241e+00
1.365368749017849437e+00
1.333509777421406417e+00
1.302208347037654868e+00
1.272024896342188294e+00
1.243380697856271810e+00
1.216570507795489142e+00
1.191779027384047618e+00
1.169098820306376352e+00
1.148548079229042562e+00
1.130087221223966099e+00
1.113633729997479893e+00
1.099074976143316729e+00
1.086278961272675536e+00
1.075103071539273980e+00
1.065401010525671044e+00
1.057028126340814111e+00
1.049845365115565698e+00
1.043722081910739341e+00
1.038537927058760024e+00
1.034184006018639357e+00
1.030563487418663104e+00
1.027591809515773891e+00
1.025196611431358651e+00
1.023317493234210174e+00
1.021905688775427867e+00
1.020923717337484993e+00
1.020345064590296502e+00
1.020153929823208516e+00
1.020345064590758799e+00
1.020923717338434455e+00
1.021905688776920895e+00
1.023317493236337139e+00
1.025196611434242788e+00
1.027591809519584176e+00
1.030563487423626912e+00
1.034184006025045122e+00
1.038537927066992106e+00
1.043722081921276912e+00
1.049845365129034036e+00
1.057028126358012576e+00
1.065401010547608829e+00
1.075103071567241830e+00
1.086278961308307034e+00
1.099074976188693986e+00
1.113633730055236359e+00
1.130087221297448430e+00
1.148548079322477156e+00
1.169098820425128249e+00
1.191779027534895397e+00
1.216570507987019933e+00
1.243380698099364023e+00
1.272024896650622461e+00
1.302208347428905677e+00
1.333509777917635475e+00
1.365368749647232205e+00
1.397080070141079045e+00
1.427799484893409243e+00
1.456565741989898521e+00
1.482344586630771177e+00
1.504099789623028594e+00
1.520894231263582252e+00
1.532019520343079311e+00
1.537144944217376130e+00
1.536465705742299903e+00
1.530817834682363321e+00
1.521716538488707027e+00
1.511272262306443182e+00
1.501951902699811381e+00
1.496187058417111970e+00
1.495885362191575307e+00
1.501961266184827615e+00
1.514042997606755536e+00
1.530501415704912826e+00
1.548863269859326319e+00
1.566523973372544676e+00
1.581512381006465517e+00
1.592965700272899188e+00
1.601031819169780990e+00
1.606159472063560356e+00
1.608087009565797976e+00
1.605113504908036060e+00
1.594214159049772483e+00
1.572103257820379962e+00
1.536482033326894481e+00
1.485814133701869988e+00
1.416124296184168463e+00
1.316271952427886971e+00
1.169511553436417994e+00
9.741686525423183252e-01
7.868434410923790256e-01
7.511635071415430076e-01
1.000000000000000000e+00
