1.000000000000000000e+00
1.025180996991990057e+00
1.050012273211804903e+00
1.073994064253604552e+00
1.096489531097263992e+00
1.116786562375801983e+00
1.134187989302773536e+00
1.148106721061335600e+00
1.158144223111616800e+00
1.164137356449725491e+00
1.166167813547528631e+00
1.164537370487583878e+00
1.159718552366806543e+00
1.152293001053180665e+00
1.142889133321702833e+00
1.132127760868448796e+00
1.120580610064386029e+00
1.108743241685602010e+00
1.097021345136764525e+00
1.085727922593310302e+00
1.075088339225340306e+00
1.065250319687240266e+00
1.056296436317005094e+00
1.048257237759149918e+00
1.041123761395952085e+00
1.034858680420265076e+00
1.029405727276728966e+00
1.024697310556545338e+00
1.020660418732092900e+00
1.017221003322333894e+00
1.014307077840024718e+00
1.011850775728962315e+00
1.009789594953325320e+00
1.008067029512122792e+00
1.006632756120678485e+00
1.005442512196444982e+00
1.004457771742629291e+00
1.003645300034178289e+00
1.002976646595284516e+00
1.002427618702804724e+00
1.001977764153201056e+00
1.001609881759666587e+00
1.001309570440636731e+00
1.001064822291045875e+00
1.000865661223697689e+00
1.000703826232133276e+00
1.000572496732724304e+00
1.000466056533051651e+00
1.000379892544563054e+00
1.000310224256799385e+00
1.000253960104275253e+00
1.000208577102275065e+00
1.000172020445669219e+00
1.000142620114305103e+00
1.000119021882646564e+00
1.000100130472605153e+00
1.000085062906947764e+00
1.000073110410864219e+00
1.000063707469601049e+00
1.000056406880803550e+00
1.000050859843333306e+00
1.000046800302498484e+00
1.000044032928053550e+00
1.000042424239408145e+00
1.000041896515615480e+00
1.000042424239408145e+00
1.000044032928053550e+00
1.000046800302498484e+00
1.000050859843333306e+00
1.000056406880803550e+00
1.000063707469601049e+00
1.000073110410864219e+00
1.000085062906947764e+00
1.000100130472605153e+00
1.000119021882646564e+00
1.000142620114305103e+00
1.000172020445669219e+00
1.000208577102275065e+00
1.000253960104275253e+00
1.000310224256799385e+00
1.000379892544563054e+00
1.000466056533051651e+00
1.000572496732724304e+00
1.000703826232133276e+00
1.000865661223697689e+00
1.001064822291045875e+00
1.001309570440636731e+00
1.001609881759666587e+00
1.001977764153201056e+00
1.002427618702804724e+00
1.002976646595284516e+00
1.003645300034178289e+00
1.004457771742629291e+00
1.005442512196444982e+00
1.006632756120678263e+00
1.008067029512122792e+00
1.009789594953325320e+00
1.011850775728962315e+00
1.014307077840024718e+00
1.017221003322333672e+00
1.020660418732092900e+00
1.024697310556545116e+00
1.029405727276729188e+00
1.034858680420264632e+00
1.041123761395952085e+00
1.048257237759149474e+00
1.056296436317004650e+00
1.065250319687240488e+00
1.075088339225339862e+00
1.085727922593309858e+00
1.097021345136764303e+00
1.108743241685601788e+00
1.120580610064385585e+00
1.132127760868447908e+00
1.142889133321701722e+00
1.152293001053180665e+00
1.159718552366805433e+00
1.164537370487582990e+00
1.166167813547528187e+00
1.164137356449724381e+00
1.158144223111615689e+00
1.148106721061334046e+00
1.134187989302772870e+00
1.116786562375801761e+00
1.096489531097263104e+00
1.073994064253603886e+00
1.050012273211805125e+00
1.025180996991989835e+00
1.000000000000000000e+00
