1.000000000000000000e+00
7.993727910204667664e-01
8.069295381215806362e-01
9.591643854872328179e-01
1.148463311579225987e+00
1.308662062493484601e+00
1.421134394489882657e+00
1.493550971372195058e+00
1.539978263700105821e+00
1.571106035419369773e+00
1.592508711662417475e+00
1.606228895395688694e+00
1.612632791316226832e+00
1.611649778229216512e+00
1.603536697176945358e+00
1.589360008354878229e+00
1.571172659775665226e+00
1.551805951298095954e+00
1.534322725165951029e+00
1.521329103285288253e+00
1.514393846075042793e+00
1.513758642588793668e+00
1.518393908819483995e+00
1.526332865229169444e+00
1.535147556503991817e+00
1.542424063448968319e+00
1.546133088681228340e+00
1.544848416645702160e+00
1.537815682592467148e+00
1.524905105547388340e+00
1.506493121344716801e+00
1.483314582217101441e+00
1.456316520157159511e+00
1.426532217126124991e+00
1.394983901936516002e+00
1.362615087529020608e+00
1.330249303373798098e+00
1.298570078058868926e+00
1.268116675626887790e+00
1.239290598663687959e+00
1.212368755010377441e+00
1.187520144344893058e+00
1.164823798028524537e+00
1.144286435011722558e+00
1.125858865862775282e+00
1.109450600204678006e+00
1.094942414357809035e+00
1.082196841618306982e+00
1.071066680608802724e+00
1.061401696787659610e+00
1.053053733709921946e+00
1.045880465656570335e+00
1.039748020546028995e+00
1.034532688089826236e+00
1.030121907674224291e+00
1.026414706818731259e+00
1.023321736635691703e+00
1.020765027070348330e+00
1.018677562829096495e+00
1.017002761357248097e+00
1.015693917237646904e+00
1.014713662946956196e+00
1.014033483867348151e+00
1.013633315539496094e+00
1.013501243024451437e+00
1.013633315541494051e+00
1.014033483871448427e+00
1.014713662953373730e+00
1.015693917246712319e+00
1.017002761369435904e+00
1.018677562845035744e+00
1.020765027090862365e+00
1.023321736661834569e+00
1.026414706851850100e+00
1.030121907716006868e+00
1.034532688142407286e+00
1.039748020612091040e+00
1.045880465739469134e+00
1.053053733813865689e+00
1.061401696917916304e+00
1.071066680771977531e+00
1.082196841822674616e+00
1.094942414613755188e+00
1.109450600525227815e+00
1.125858866264306757e+00
1.144286435514840772e+00
1.164823798659204712e+00
1.187520145135933403e+00
1.212368756003274761e+00
1.239290599911053725e+00
1.268116677195563424e+00
1.298570080033983443e+00
1.330249305863997700e+00
1.362615090673238161e+00
1.394983905912732691e+00
1.426532222162649299e+00
1.456316526547050128e+00
1.483314590336524130e+00
1.506493131675971764e+00
1.524905118707448493e+00
1.537815699367623523e+00
1.544848438032523807e+00
1.546133115933409519e+00
1.542424098128462040e+00
1.535147600533387502e+00
1.526332920940391524e+00
1.518393978991929183e+00
1.513758730468221181e+00
1.514393955363079192e+00
1.521329238088229951e+00
1.534322889890028740e+00
1.551806150475758983e+00
1.571172897803699176e+00
1.589360289122392134e+00
1.603537023565029918e+00
1.611650151482290294e+00
1.612633210323773714e+00
1.606229355979701623e+00
1.592509206023317248e+00
1.571106551923083350e+00
1.539978787164679730e+00
1.493551483924006495e+00
1.421134876921700041e+00
1.308662495902756850e+00
1.148463678948973721e+00
9.591646728642759800e-01
8.069297351954842767e-01
7.993728911587408836e-01
1.000000000000000000e+00
