1.000000000000000000e+00
1.063415648779662437e+00
1.126186642234923152e+00
1.187113700231096969e+00
1.244503953643305127e+00
1.296377896447463263e+00
1.340763899903355760e+00
1.376005307632627961e+00
1.401007367532780323e+00
1.415373823645609042e+00
1.419417475317460653e+00
1.414062269666961580e+00
1.400675825929480256e+00
1.380876878247693451e+00
1.356354888800564762e+00
1.328725367926252954e+00
1.299430326924159829e+00
1.269682521991710056e+00
1.240445886225059358e+00
1.212442215001287016e+00
1.186174480769668360e+00
1.161958828865872206e+00
1.139959407570718897e+00
1.120222162088100104e+00
1.102705326729620072e+00
1.087305527353177759e+00
1.073879200145946955e+00
1.062259522974918546e+00
1.052269324520690219e+00
1.043730555071416877e+00
1.036470925802858600e+00
1.030328289949072218e+00
1.025153276349882958e+00
1.020810610936323526e+00
1.017179485574617903e+00
1.014153262526680699e+00
1.011638739745273297e+00
1.009555148499788224e+00
1.007833010429475706e+00
1.006412945372151091e+00
1.005244493207320788e+00
1.004284991349702949e+00
1.003498533309287399e+00
1.002855021859764495e+00
1.002329321914434024e+00
1.001900512418957279e+00
1.001551232790224288e+00
1.001267117139134744e+00
1.001036308300591982e+00
1.000849043236746949e+00
1.000697301436050957e+00
1.000574508319295841e+00
1.000475286251885976e+00
1.000395246454053755e+00
1.000330815832151554e+00
1.000279093480405779e+00
1.000237732296113791e+00
1.000204841795883315e+00
1.000178908808591061e+00
1.000158733250047671e+00
1.000143376656851935e+00
1.000132121576676969e+00
1.000124440285425687e+00
1.000119971634561677e+00
1.000118505132025604e+00
1.000119971634561677e+00
1.000124440285425687e+00
1.000132121576676969e+00
1.000143376656851935e+00
1.000158733250047671e+00
1.000178908808591061e+00
1.000204841795883315e+00
1.000237732296113791e+00
1.000279093480405779e+00
1.000330815832151554e+00
1.000395246454053755e+00
1.000475286251885976e+00
1.000574508319295841e+00
1.000697301436050957e+00
1.000849043236746949e+00
1.001036308300591982e+00
1.001267117139134744e+00
1.001551232790224288e+00
1.001900512418957279e+00
1.002329321914434024e+00
1.002855021859764495e+00
1.003498533309287399e+00
1.004284991349702949e+00
1.005244493207320788e+00
1.006412945372151091e+00
1.007833010429475706e+00
1.009555148499788224e+00
1.011638739745273297e+00
1.014153262526680699e+00
1.017179485574617681e+00
1.020810610936323526e+00
1.025153276349882958e+00
1.030328289949072218e+00
1.036470925802858600e+00
1.043730555071416877e+00
1.052269324520690441e+00
1.062259522974918324e+00
1.073879200145947399e+00
1.087305527353177537e+00
1.102705326729620072e+00
1.120222162088099882e+00
1.139959407570718897e+00
1.161958828865872873e+00
1.186174480769667916e+00
1.212442215001286572e+00
1.240445886225059358e+00
1.269682521991710278e+00
1.299430326924159385e+00
1.328725367926252066e+00
1.356354888800563874e+00
1.380876878247693673e+00
1.400675825929479812e+00
1.414062269666960470e+00
1.419417475317460431e+00
1.415373823645609264e+00
1.401007367532779435e+00
1.376005307632627073e+00
1.340763899903355316e+00
1.296377896447463929e+00
1.244503953643304905e+00
1.187113700231096525e+00
1.126186642234923374e+00
1.063415648779662215e+00
1.000000000000000000e+00
