1.000000000000000000e+00
7.849552063178002470e-01
7.991915179105542055e-01
9.622582527223411120e-01
1.155315384010457080e+00
1.312825129027976656e+00
1.421279777440751069e+00
1.491656717015217737e+00
1.538140584224835905e+00
1.569998768788774202e+00
1.591707455369854474e+00
1.605246692389645347e+00
1.611609480661795324e+00
1.611327304373119551e+00
1.604735747656964806e+00
1.592394180411184967e+00
1.575547344584301346e+00
1.556318513063113862e+00
1.537466675774719294e+00
1.521796207429564785e+00
1.511475010533943841e+00
1.507526425586726226e+00
1.509651036924252621e+00
1.516388929917574124e+00
1.525520475438389090e+00
1.534556631575354935e+00
1.541184017581195054e+00
1.543580263713849376e+00
1.540572459912115111e+00
1.531655732587692054e+00
1.516912417357122456e+00
1.496877110130329980e+00
1.472385819643119875e+00
1.444435493651927471e+00
1.414068303924109538e+00
1.382285767258355724e+00
1.349991701867147453e+00
1.317959773143395186e+00
1.286820182769789600e+00
1.257060115170439474e+00
1.229033261959725287e+00
1.202974688651865964e+00
1.179018250645126553e+00
1.157214591175703466e+00
1.137548421879837068e+00
1.119954297435227897e+00
1.104330469123386171e+00
1.090550663796721276e+00
1.078473809836937303e+00
1.067951842070434587e+00
1.058835780947329663e+00
1.050980311371849218e+00
1.044247093859756337e+00
1.038507033003190694e+00
1.033641711289197573e+00
1.029544174301862736e+00
1.026119229185442627e+00
1.023283393980994438e+00
1.020964612396338511e+00
1.019101827525499493e+00
1.017644489404665897e+00
1.016552055194863913e+00
1.015793527131445328e+00
1.015347061949382290e+00
1.015199675961267811e+00
1.015347061950878427e+00
1.015793527134517538e+00
1.016552055199674287e+00
1.017644489411466013e+00
1.019101827534648619e+00
1.020964612408315375e+00
1.023283393996426982e+00
1.026119229205134209e+00
1.029544174326844974e+00
1.033641711320760326e+00
1.038507033042973537e+00
1.044247093909822288e+00
1.050980311434782433e+00
1.058835781026379097e+00
1.067951842169672094e+00
1.078473809961480789e+00
1.090550663952989163e+00
1.104330469319447783e+00
1.119954297681212907e+00
1.137548422188500608e+00
1.157214591563105133e+00
1.179018251131525030e+00
1.202974689262858554e+00
1.229033262727706965e+00
1.257060116136491157e+00
1.286820183986097543e+00
1.317959774676417117e+00
1.349991703801672660e+00
1.382285769702764622e+00
1.414068307017177339e+00
1.444435497571582738e+00
1.472385824617641115e+00
1.496877116452604461e+00
1.516912425402540343e+00
1.531655742836342871e+00
1.540572472975751284e+00
1.543580280367754742e+00
1.541184038800623712e+00
1.534556658575196186e+00
1.525520509713605755e+00
1.516388973280440089e+00
1.509651091532973721e+00
1.507526493958743607e+00
1.511475095536417568e+00
1.521796312238921312e+00
1.537466803796190273e+00
1.556318667798952893e+00
1.575547529435617156e+00
1.592394398394845867e+00
1.604736001020754532e+00
1.611327594106452210e+00
1.611609805931187633e+00
1.605247049975199181e+00
1.591707839225848131e+00
1.569999169874099376e+00
1.538140990727419721e+00
1.491657115024019209e+00
1.421280152011900499e+00
1.312825465470787156e+00
1.155315669124241662e+00
9.622584757076171336e-01
7.991916708029382921e-01
7.849552839994752285e-01
1.000000000000000000e+00
