1.000000000000000000e+00
1.051375834016729183e+00
1.102132815236055441e+00
1.151265515261481465e+00
1.197420629396208636e+00
1.239048356398033013e+00
1.274620437563171116e+00
1.302858151759244132e+00
1.322916509082187275e+00
1.334487701920670455e+00
1.337811622875352935e+00
1.333605112004615956e+00
1.322937340619017021e+00
1.307083609315034201e+00
1.287385526992712581e+00
1.265136183338568365e+00
1.241498742740457795e+00
1.217458680636408941e+00
1.193804743006061431e+00
1.171131452661045014e+00
1.149855814022668232e+00
1.130241886706349730e+00
1.112428391669788130e+00
1.096456022098870831e+00
1.082292418727266003e+00
1.069853754765176523e+00
1.059022566482726857e+00
1.049661909606393051e+00
1.041626177992485358e+00
1.034769044544389338e+00
1.028949020090029975e+00
1.024033107951011656e+00
1.019898984389369545e+00
1.016436074296025671e+00
1.013545827754097406e+00
1.011141442613941122e+00
1.009147224207756599e+00
1.007497727166527079e+00
1.006136786157064700e+00
1.005016511723625383e+00
1.004096303438830384e+00
1.003341914250072131e+00
1.002724586256492856e+00
1.002220268248341428e+00
1.001808918376718260e+00
1.001473890612647910e+00
1.001201400637861338e+00
1.000980065034096977e+00
1.000800506749449648e+00
1.000655019547237901e+00
1.000537284280019978e+00
1.000442130227353399e+00
1.000365335281643731e+00
1.000303459384718652e+00
1.000253706256439168e+00
1.000213809081263339e+00
1.000181936408233385e+00
1.000156615062793408e+00
1.000136667360176590e+00
1.000121160349276783e+00
1.000109365205573031e+00
1.000100725235815391e+00
1.000094831261581829e+00
1.000091403419046232e+00
1.000090278654857556e+00
1.000091403419046232e+00
1.000094831261581829e+00
1.000100725235815391e+00
1.000109365205573031e+00
1.000121160349276783e+00
1.000136667360176590e+00
1.000156615062793408e+00
1.000181936408233385e+00
1.000213809081263339e+00
1.000253706256439168e+00
1.000303459384718652e+00
1.000365335281643731e+00
1.000442130227353399e+00
1.000537284280019978e+00
1.000655019547237901e+00
1.000800506749449648e+00
1.000980065034096977e+00
1.001201400637861338e+00
1.001473890612647910e+00
1.001808918376718260e+00
1.002220268248341428e+00
1.002724586256492856e+00
1.003341914250072131e+00
1.004096303438830384e+00
1.005016511723625383e+00
1.006136786157064700e+00
1.007497727166527079e+00
1.009147224207756599e+00
1.011141442613941122e+00
1.013545827754097184e+00
1.016436074296025671e+00
1.019898984389369545e+00
1.024033107951011656e+00
1.028949020090029975e+00
1.034769044544389338e+00
1.041626177992485580e+00
1.049661909606392829e+00
1.059022566482727079e+00
1.069853754765176301e+00
1.082292418727266003e+00
1.096456022098870609e+00
1.112428391669788130e+00
1.130241886706350174e+00
1.149855814022667788e+00
1.171131452661044570e+00
1.193804743006061209e+00
1.217458680636408941e+00
1.241498742740457129e+00
1.265136183338567699e+00
1.287385526992711915e+00
1.307083609315033979e+00
1.322937340619015911e+00
1.333605112004614845e+00
1.337811622875352491e+00
1.334487701920670011e+00
1.322916509082185943e+00
1.302858151759243022e+00
1.274620437563170228e+00
1.239048356398033457e+00
1.197420629396207969e+00
1.151265515261480799e+00
1.102132815236055885e+00
1.051375834016728961e+00
1.000000000000000000e+00
