1.000000000000000000e+00
7.815444276865799456e-01
7.967905892311133442e-01
9.615504006628834421e-01
1.154763582979577707e+00
1.311247527854012551e+00
1.418656117615625822e+00
1.488601478051411187e+00
1.535186608604313996e+00
1.567303433935722135e+00
1.589167109350135165e+00
1.602746559710047425e+00
1.609185992015532474e+00
1.609170639182589513e+00
1.603077431769711625e+00
1.591369993949586892e+00
1.575112426587401249e+00
1.556247999515829150e+00
1.537429893485374288e+00
1.521464663192855449e+00
1.510620054291022418e+00
1.506076059896750641e+00
1.507696223055349227e+00
1.514148059208699992e+00
1.523280827007002181e+00
1.532612828123064430e+00
1.539788342920334729e+00
1.542912083753483321e+00
1.540727132765168372e+00
1.532649002684901340e+00
1.518694573504674405e+00
1.499351459662995323e+00
1.475427346046965571e+00
1.447907141662335917e+00
1.417833705020998591e+00
1.386218193833676393e+00
1.353979618091282866e+00
1.321909618967968436e+00
1.290657088674100450e+00
1.260727189108535429e+00
1.232489981020821856e+00
1.206194806375285866e+00
1.181987518295799067e+00
1.159928496857293156e+00
1.140010077233239105e+00
1.122172546296831275e+00
1.106318252892835030e+00
1.092323651107611537e+00
1.080049280446757187e+00
1.069347804195071028e+00
1.060070295584678357e+00
1.052070994971272322e+00
1.045210770858314708e+00
1.039359511420913762e+00
1.034397657137483773e+00
1.030217063568905189e+00
1.026721359309918480e+00
1.023825939799655860e+00
1.021457714416943885e+00
1.019554702953419545e+00
1.018065558598943765e+00
1.016949078134485429e+00
1.016173746039839232e+00
1.015717347469573761e+00
1.015566675214757408e+00
1.015717347469188070e+00
1.016173746039050529e+00
1.016949078133256856e+00
1.018065558597217146e+00
1.019554702951116276e+00
1.021457714413957163e+00
1.023825939795852236e+00
1.026721359305124759e+00
1.030217063562914870e+00
1.034397657130025072e+00
1.039359511411663162e+00
1.045210770846873194e+00
1.052070994957138073e+00
1.060070295567235421e+00
1.069347804173544025e+00
1.080049280420185331e+00
1.092323651074778468e+00
1.106318252852206196e+00
1.122172546246434921e+00
1.140010077170551694e+00
1.159928496779037532e+00
1.181987518197703979e+00
1.206194806251745133e+00
1.232489980864431622e+00
1.260727188909473551e+00
1.290657088419272513e+00
1.321909618639903083e+00
1.353979617666621671e+00
1.386218193281200328e+00
1.417833704299068298e+00
1.447907140715624319e+00
1.475427344802342944e+00
1.499351458024533068e+00
1.518694571347706024e+00
1.532648999849289373e+00
1.540727129048013788e+00
1.542912078901631512e+00
1.539788336623221232e+00
1.532612820006245435e+00
1.523280816626515488e+00
1.514148046045806328e+00
1.507696206510727555e+00
1.506076039283223977e+00
1.510620028825200523e+00
1.521464631989077665e+00
1.537429855559820036e+00
1.556247953812804896e+00
1.575112372040808006e+00
1.591369929587634013e+00
1.603077356860050928e+00
1.609170553402112569e+00
1.609185895620594886e+00
1.602746453682643457e+00
1.589166995499290413e+00
1.567303314932882552e+00
1.535186487926685661e+00
1.488601359811068781e+00
1.418656006275183845e+00
1.311247427859262737e+00
1.154763498360245499e+00
9.615503346771115956e-01
7.967905441613887252e-01
7.815444048644155650e-01
1.000000000000000000e+00
