1.000000000000000000e+00
8.167724803692100188e-01
8.172763359507199121e-01
9.555727223567881401e-01
1.137988047154231408e+00
1.299705324378513049e+00
1.417101210890754581e+00
1.493431098385817890e+00
1.541414913262503461e+00
1.572469585602062514e+00
1.593173684840301974e+00
1.605936123001971971e+00
1.610986549072772389e+00
1.608171211427296132e+00
1.598083005682005897e+00
1.582496108149393788e+00
1.564207225617987751e+00
1.546460868750326512e+00
1.532204759381904813e+00
1.523435438512534601e+00
1.520826677696530460e+00
1.523711693214071072e+00
1.530368424582446929e+00
1.538479651337572029e+00
1.545622284722426132e+00
1.549671285857076253e+00
1.549057807646799789e+00
1.542873601721054477e+00
1.530849586704405185e+00
1.513252166107922125e+00
1.490740549631798029e+00
1.464218940782011646e+00
1.434705250866722626e+00
1.403226979838415822e+00
1.370746816880624719e+00
1.338115556363193015e+00
1.306047514586212266e+00
1.275112962878364842e+00
1.245742435772132506e+00
1.218238592988924784e+00
1.192792269468287980e+00
1.169500250677591335e+00
1.148383076516182211e+00
1.129401783506283063e+00
1.112472950880843747e+00
1.097481744362052813e+00
1.084292877758350704e+00
1.072759561015385277e+00
1.062730594277458307e+00
1.054055816991464889e+00
1.046590141562776521e+00
1.040196401942450777e+00
1.034747235760680839e+00
1.030126199323395886e+00
1.026228291628823008e+00
1.022960039117471354e+00
1.020239268893290419e+00
1.017994675769238855e+00
1.016165268352073658e+00
1.014699761797507316e+00
1.013555969899716080e+00
1.012700236716295166e+00
1.012106937745900659e+00
1.011758072472614733e+00
1.011642963531340422e+00
1.011758072472350500e+00
1.012106937745359092e+00
1.012700236715454283e+00
1.013555969898531472e+00
1.014699761795927913e+00
1.016165268350023521e+00
1.017994675766625612e+00
1.020239268889992612e+00
1.022960039113347097e+00
1.026228291623681788e+00
1.030126199317010771e+00
1.034747235752776273e+00
1.040196401932676373e+00
1.046590141550702846e+00
1.054055816976555926e+00
1.062730594259045702e+00
1.072759560992630146e+00
1.084292877730199667e+00
1.097481744327163167e+00
1.112472950837500862e+00
1.129401783452283148e+00
1.148383076448674656e+00
1.169500250592863333e+00
1.192792269361482971e+00
1.218238592853652547e+00
1.245742435599941800e+00
1.275112962658067284e+00
1.306047514302953516e+00
1.338115555997239747e+00
1.370746816405784774e+00
1.403226979220020931e+00
1.434705250059060022e+00
1.464218939725191460e+00
1.490740548247974306e+00
1.513252164296975621e+00
1.530849584339222691e+00
1.542873598642681587e+00
1.549057803659919852e+00
1.549671280726279354e+00
1.545622278169659580e+00
1.538479643040831402e+00
1.530368414175220737e+00
1.523711680284532743e+00
1.520826661785409373e+00
1.523435419109641531e+00
1.532204735923763383e+00
1.546460840624970023e+00
1.564207192186156892e+00
1.582496068791900079e+00
1.598082959879071341e+00
1.608171158867328865e+00
1.610986489777997077e+00
1.605936057450686461e+00
1.593173614062747268e+00
1.572469511228120398e+00
1.541414837502590007e+00
1.493431023929947976e+00
1.417101140716409358e+00
1.299705261469977335e+00
1.137987994167505512e+00
9.555726813199589831e-01
8.172763081284050157e-01
8.167724663621257486e-01
1.000000000000000000e+00
