1.000000000000000000e+00
7.403659690667472315e-01
7.846925462605857104e-01
9.791314264970669701e-01
1.173303629253718894e+00
1.315819570358769397e+00
1.413517385685903127e+00
1.483936301943541869e+00
1.536475861458020287e+00
1.573426650730447296e+00
1.595673815294623266e+00
1.605690050412205805e+00
1.607330098193605616e+00
1.604298297746139967e+00
1.598872001370215123e+00
1.591573792293458967e+00
1.581767214829512769e+00
1.568718038401481163e+00
1.552535743498780096e+00
1.534570733670748366e+00
1.517165821850858132e+00
1.502960086671732753e+00
1.494087455214433868e+00
1.491580418195126656e+00
1.495145620515388352e+00
1.503312829433321562e+00
1.513840230186235702e+00
1.524214321534467675e+00
1.532102477695982179e+00
1.535671479994060951e+00
1.533745579324828912e+00
1.525822828512731322e+00
1.511991643673161745e+00
1.492793735222497142e+00
1.469071914160770431e+00
1.441828977729203487e+00
1.412111851488975001e+00
1.380925849434761599e+00
1.349177886508589941e+00
1.317644294093536228e+00
1.286957739525230071e+00
1.257607844581853707e+00
1.229950823865978871e+00
1.204224416672350362e+00
1.180565331608717461e+00
1.159027248644338481e+00
1.139598089569027639e+00
1.122215776680495658e+00
1.106782071000870671e+00
1.093174341368322811e+00
1.081255289580619339e+00
1.070880766175347665e+00
1.061905874059029919e+00
1.054189586776351550e+00
1.047598115164186883e+00
1.042007248232376559e+00
1.037303877056851453e+00
1.033386888375618318e+00
1.030167590344617468e+00
1.027569808513111083e+00
1.025529766786589914e+00
1.023995846694883527e+00
1.022928299010077202e+00
1.022298964702545110e+00
1.022091047210482273e+00
1.022298964702800461e+00
1.022928299010601005e+00
1.023995846695712197e+00
1.025529766787779851e+00
1.027569808514740224e+00
1.030167590346792172e+00
1.033386888378485136e+00
1.037303877060596013e+00
1.042007248237253991e+00
1.047598115170513600e+00
1.054189586784549437e+00
1.061905874069646094e+00
1.070880766189077793e+00
1.081255289598358704e+00
1.093174341391216275e+00
1.106782071030391945e+00
1.122215776718518132e+00
1.139598089617944288e+00
1.159027248707187541e+00
1.180565331689368058e+00
1.204224416775702577e+00
1.229950823998251064e+00
1.257607844750932680e+00
1.286957739741099616e+00
1.317644294368846003e+00
1.349177886859352915e+00
1.380925849881290857e+00
1.412111852057049255e+00
1.441828978451580312e+00
1.469071915079145585e+00
1.492793736390046089e+00
1.511991645157833020e+00
1.525822830401489139e+00
1.533745581729099028e+00
1.535671483056591624e+00
1.532102481599371124e+00
1.524214326511331041e+00
1.513840236530925809e+00
1.503312837514527711e+00
1.495145630788613733e+00
1.491580431213394675e+00
1.494087471635344500e+00
1.502960107258924483e+00
1.517165847468344930e+00
1.534570765269074322e+00
1.552535782091803540e+00
1.568718085031059362e+00
1.581767270512071333e+00
1.591573857939054149e+00
1.598872077664614366e+00
1.604298384993876114e+00
1.607330196135791089e+00
1.605690158051825911e+00
1.595673930773754412e+00
1.573426771299936799e+00
1.536475983563217129e+00
1.483936421429113084e+00
1.413517498104581938e+00
1.315819671343594566e+00
1.173303714877488968e+00
9.791314935287198651e-01
7.846925922787458818e-01
7.403659924728223096e-01
1.000000000000000000e+00
