1.000000000000000000e+00
7.706337758937990001e-01
7.929140140706477657e-01
9.665147238797321405e-01
1.161673010924850535e+00
1.315297219030531428e+00
1.419896401789245033e+00
1.489341890012429337e+00
1.537051531646290270e+00
1.570247365169368248e+00
1.592131630832339662e+00
1.604766783092248517e+00
1.610086224078314476e+00
1.609600011688827825e+00
1.604059538210220515e+00
1.593706196306751144e+00
1.578949174268864164e+00
1.560974446411161010e+00
1.541898372510219550e+00
1.524398733408550477e+00
1.511031958400425035e+00
1.503551024690895854e+00
1.502478931247801297e+00
1.507045624092029801e+00
1.515448407562894229e+00
1.525303497531616426e+00
1.534134797016021290e+00
1.539778931316046373e+00
1.540643140451839255e+00
1.535807660641260730e+00
1.525001261748635262e+00
1.508494441445329626e+00
1.486954121996239886e+00
1.461293929600409935e+00
1.432541678683556530e+00
1.401734549565578192e+00
1.369844342703044004e+00
1.337730264584875206e+00
1.306114331804598461e+00
1.275573847015317508e+00
1.246545770603212588e+00
1.219338649238707495e+00
1.194148728040726581e+00
1.171077781451973276e+00
1.150150966582137446e+00
1.131333610228443476e+00
1.114546297021922872e+00
1.099677954310519734e+00
1.086596855572482312e+00
1.075159612481551674e+00
1.065218316506242102e+00
1.056626040281034351e+00
1.049240929392912136e+00
1.042929116072048412e+00
1.037566674527850008e+00
1.033040818422077178e+00
1.029250517875753168e+00
1.026106689026862417e+00
1.023532085219652332e+00
1.021460996509506503e+00
1.019838843932075800e+00
1.018621737180838593e+00
1.017776048977230063e+00
1.017278046333125463e+00
1.017113607803886932e+00
1.017278046334114672e+00
1.017776048979261772e+00
1.018621737184022713e+00
1.019838843936585304e+00
1.021460996515586306e+00
1.023532085227627730e+00
1.026106689037164621e+00
1.029250517888935734e+00
1.033040818438855091e+00
1.037566674549115664e+00
1.042929116098946007e+00
1.049240929426886515e+00
1.056626040323902505e+00
1.065218316560297307e+00
1.075159612549676069e+00
1.086596855658314764e+00
1.099677954418639025e+00
1.114546297158100607e+00
1.131333610399944067e+00
1.150150966798132890e+00
1.171077781724030098e+00
1.194148728383463753e+00
1.219338649670618668e+00
1.246545771147727910e+00
1.275573847702168306e+00
1.306114332671559408e+00
1.337730265680068475e+00
1.369844344087852273e+00
1.401734551318448929e+00
1.432541680904905634e+00
1.461293932418950670e+00
1.486954125577078178e+00
1.508494446000294920e+00
1.525001267549280781e+00
1.535807668035028772e+00
1.540643149881760765e+00
1.539778943344051187e+00
1.534134812349641885e+00
1.525303517052997604e+00
1.515448432358245112e+00
1.507045655478466584e+00
1.502478970793518220e+00
1.503551074223821171e+00
1.511032020000145915e+00
1.524398809376151576e+00
1.541898465310125976e+00
1.560974558577178595e+00
1.578949308263121853e+00
1.593706354316678508e+00
1.604059721869384614e+00
1.609600221718582747e+00
1.610086459872892117e+00
1.604767042306696423e+00
1.592131909066731854e+00
1.570247655855077529e+00
1.537051826218959638e+00
1.489342178403519901e+00
1.419896673194924963e+00
1.315297462834163156e+00
1.161673217580674766e+00
9.665148855593909127e-01
7.929141249710696115e-01
7.706338322577842570e-01
1.000000000000000000e+00
