1.000000000000000000e+00
1.060733897870513642e+00
1.120818223781546275e+00
1.179092039279814097e+00
1.233938010654224593e+00
1.283475754515372769e+00
1.325837887852497010e+00
1.359458009139487666e+00
1.383302374554320036e+00
1.396998293427469395e+00
1.400844419889177406e+00
1.395719094053124998e+00
1.382922864101859828e+00
1.363996747003627386e+00
1.340551273609845939e+00
1.314128708002973100e+00
1.286107658858544944e+00
1.257649132388029223e+00
1.229677065835188987e+00
1.202884053134891662e+00
1.177753162805802001e+00
1.154588266023868659e+00
1.133547252354162538e+00
1.114674380140675991e+00
1.097929542310239537e+00
1.083213364205618534e+00
1.070387822350069351e+00
1.059292553999234388e+00
1.049757294252998685e+00
1.041610997660785909e+00
1.034688227211111977e+00
1.028833363590090144e+00
1.023903127973077032e+00
1.019767839659751152e+00
1.016311756312240799e+00
1.013432775614587555e+00
1.011041716019810188e+00
1.009061342121661875e+00
1.007425257122913642e+00
1.006076750229411010e+00
1.004967659596817553e+00
1.004057290586846563e+00
1.003311413452861345e+00
1.002701353155557085e+00
1.002203175914691435e+00
1.001796971572624040e+00
1.001466227253213326e+00
1.001197285638985690e+00
1.000978880061415000e+00
1.000801738194334822e+00
1.000658246224288783e+00
1.000542165769143343e+00
1.000448396400529294e+00
1.000372777305765570e+00
1.000311922338656068e+00
1.000263083414197229e+00
1.000224037873974625e+00
1.000192996071729290e+00
1.000168525995454916e+00
1.000149492251646066e+00
1.000135007191180536e+00
1.000124392358906267e+00
1.000117148806436207e+00
1.000112935126106439e+00
1.000111552350770650e+00
1.000112935126106439e+00
1.000117148806436207e+00
1.000124392358906267e+00
1.000135007191180536e+00
1.000149492251646066e+00
1.000168525995454916e+00
1.000192996071729290e+00
1.000224037873974625e+00
1.000263083414197229e+00
1.000311922338656068e+00
1.000372777305765570e+00
1.000448396400529294e+00
1.000542165769143343e+00
1.000658246224288783e+00
1.000801738194334822e+00
1.000978880061415000e+00
1.001197285638985690e+00
1.001466227253213326e+00
1.001796971572624040e+00
1.002203175914691435e+00
1.002701353155557085e+00
1.003311413452861345e+00
1.004057290586846563e+00
1.004967659596817553e+00
1.006076750229411010e+00
1.007425257122913642e+00
1.009061342121661875e+00
1.011041716019810188e+00
1.013432775614587555e+00
1.016311756312240577e+00
1.019767839659751152e+00
1.023903127973077032e+00
1.028833363590090144e+00
1.034688227211111977e+00
1.041610997660785909e+00
1.049757294252998907e+00
1.059292553999234165e+00
1.070387822350069795e+00
1.083213364205618312e+00
1.097929542310239537e+00
1.114674380140675769e+00
1.133547252354162538e+00
1.154588266023869325e+00
1.177753162805801557e+00
1.202884053134891218e+00
1.229677065835188987e+00
1.257649132388029445e+00
1.286107658858544278e+00
1.314128708002972212e+00
1.340551273609845051e+00
1.363996747003627608e+00
1.382922864101859384e+00
1.395719094053123888e+00
1.400844419889177184e+00
1.396998293427469395e+00
1.383302374554318925e+00
1.359458009139486556e+00
1.325837887852496566e+00
1.283475754515373435e+00
1.233938010654224371e+00
1.179092039279813653e+00
1.120818223781546719e+00
1.060733897870513420e+00
1.000000000000000000e+00
