1.000000000000000000e+00
8.380672458620488374e-01
8.329564816858405774e-01
9.555712502860346236e-01
1.128458614922880576e+00
1.290747099395930686e+00
1.414596741623808551e+00
1.497730506499521219e+00
1.549719211042494882e+00
1.581430460000109006e+00
1.600215580455826903e+00
1.609513816060031743e+00
1.610496815322110198e+00
1.603921751527528805e+00
1.591290025609870762e+00
1.575120925585389964e+00
1.558544107833572445e+00
1.544567710469219923e+00
1.535371542961500246e+00
1.531868340211432367e+00
1.533627805883938544e+00
1.539122334105428536e+00
1.546168132106449988e+00
1.552413168784310349e+00
1.555751681234781802e+00
1.554598435913515875e+00
1.548009480974470664e+00
1.535673992957458545e+00
1.517819533383975239e+00
1.495074159122568247e+00
1.468320198063318482e+00
1.438562488172652643e+00
1.406822711355689037e+00
1.374063088025917034e+00
1.341137462866536900e+00
1.308765183654744257e+00
1.277522359324843926e+00
1.247845342765389942e+00
1.220042064187203179e+00
1.194307784162663921e+00
1.170742741048189428e+00
1.149369942810876566e+00
1.130151970742717893e+00
1.113006128974238562e+00
1.097817610813736522e+00
1.084450586384809512e+00
1.072757269965209703e+00
1.062585120346433598e+00
1.053782379862799434e+00
1.046202180185410224e+00
1.039705445145001406e+00
1.034162809880982747e+00
1.029455756748180795e+00
1.025477145421820335e+00
1.022131290186399255e+00
1.019333713288552268e+00
1.017010680651676324e+00
1.015098605884575456e+00
1.013543390709534586e+00
1.012299754774365512e+00
1.011330595211785033e+00
1.010606406064829432e+00
1.010104779536822317e+00
1.009810004636809033e+00
1.009712773850360401e+00
1.009810004639818626e+00
1.010104779542995379e+00
1.010606406074486818e+00
1.011330595225417905e+00
1.012299754792673312e+00
1.013543390733448790e+00
1.015098605915311758e+00
1.017010680690786817e+00
1.019333713338013370e+00
1.022131290248686541e+00
1.025477145500052423e+00
1.029455756846264780e+00
1.034162810003794286e+00
1.039705445298637843e+00
1.046202180377485247e+00
1.053782380102828986e+00
1.062585120646307280e+00
1.072757270339804281e+00
1.084450586852746312e+00
1.097817611398356208e+00
1.113006129704842140e+00
1.130151971656151000e+00
1.149369943953557627e+00
1.170742742478724896e+00
1.194307785955208923e+00
1.220042066435806261e+00
1.247845345589631227e+00
1.277522362877117956e+00
1.308765188129699553e+00
1.341137468513278419e+00
1.374063095163745363e+00
1.406822720394266701e+00
1.438562499637697334e+00
1.468320212628946742e+00
1.495074177651491087e+00
1.517819556976514495e+00
1.535674023009833800e+00
1.548009519245943322e+00
1.554598484600378416e+00
1.555751743047063540e+00
1.552413247018263220e+00
1.546168230702668067e+00
1.539122457679316103e+00
1.533627959712373423e+00
1.531868530157334485e+00
1.535371775316040743e+00
1.544567991689297148e+00
1.558544444149734032e+00
1.575121322455255157e+00
1.591290487000222464e+00
1.603922279033914933e+00
1.610497407184932062e+00
1.609514466207559114e+00
1.600216277776380647e+00
1.581431188082023764e+00
1.549719948586948837e+00
1.497731228495279510e+00
1.414597421194730531e+00
1.290747710035578422e+00
1.128459132678892640e+00
9.555716554320867751e-01
8.329567595904464605e-01
8.380673870925570146e-01
1.000000000000000000e+00
