1.000000000000000000e+00
1.064165444456337983e+00
1.131869628486809720e+00
1.203946050096467379e+00
1.279082725916820040e+00
1.354431668427685809e+00
1.426284875706874455e+00
1.490776817020187384e+00
1.544519825992300976e+00
1.585071184829305979e+00
1.611169904911582851e+00
1.622742085375016075e+00
1.620726362509479657e+00
1.606797170846722578e+00
1.583061748015899717e+00
1.551786848702747079e+00
1.515185566507933457e+00
1.475272676047010290e+00
1.433782461168228162e+00
1.392136014170691105e+00
1.351443449787116835e+00
1.312528034954347333e+00
1.275962055497499970e+00
1.242107189882184271e+00
1.211154686715967932e+00
1.183162572876232943e+00
1.158088478692850032e+00
1.135817561663240882e+00
1.116185561407147420e+00
1.098997331530797261e+00
1.084041350177809226e+00
1.071100768459289254e+00
1.059961554114257742e+00
1.050418252405387998e+00
1.042277833750677951e+00
1.035362038075017921e+00
1.029508565497208705e+00
1.024571405380152456e+00
1.020420542996172575e+00
1.016941236104356383e+00
1.014033012953949875e+00
1.011608508542914953e+00
1.009592227030481126e+00
1.007919294520814191e+00
1.006534247411058125e+00
1.005389886508676112e+00
1.004446215558949085e+00
1.003669474105969739e+00
1.003031268215959004e+00
1.002507798056924138e+00
1.002079178254627667e+00
1.001728844995604772e+00
1.001443042746314349e+00
1.001210382978670710e+00
1.001021467258280451e+00
1.000868567323580427e+00
1.000745355256179803e+00
1.000646677435799159e+00
1.000568366630355754e+00
1.000507087252691552e+00
1.000460209493484465e+00
1.000425708698595484e+00
1.000402086989833350e+00
1.000388314727411077e+00
1.000383789981957650e+00
1.000388314727411077e+00
1.000402086989833350e+00
1.000425708698595484e+00
1.000460209493484465e+00
1.000507087252691552e+00
1.000568366630355754e+00
1.000646677435799159e+00
1.000745355256179803e+00
1.000868567323580427e+00
1.001021467258280451e+00
1.001210382978670710e+00
1.001443042746314349e+00
1.001728844995604772e+00
1.002079178254627667e+00
1.002507798056924138e+00
1.003031268215959004e+00
1.003669474105969739e+00
1.004446215558949085e+00
1.005389886508676112e+00
1.006534247411058125e+00
1.007919294520814191e+00
1.009592227030481126e+00
1.011608508542914731e+00
1.014033012953949875e+00
1.016941236104356605e+00
1.020420542996172575e+00
1.024571405380152456e+00
1.029508565497208483e+00
1.035362038075017699e+00
1.042277833750677729e+00
1.050418252405387776e+00
1.059961554114257076e+00
1.071100768459289254e+00
1.084041350177809004e+00
1.098997331530797039e+00
1.116185561407147864e+00
1.135817561663240438e+00
1.158088478692850476e+00
1.183162572876232943e+00
1.211154686715967932e+00
1.242107189882184271e+00
1.275962055497499525e+00
1.312528034954348222e+00
1.351443449787116613e+00
1.392136014170690883e+00
1.433782461168228606e+00
1.475272676047009845e+00
1.515185566507933679e+00
1.551786848702746857e+00
1.583061748015898385e+00
1.606797170846723688e+00
1.620726362509480323e+00
1.622742085375014520e+00
1.611169904911581741e+00
1.585071184829305091e+00
1.544519825992300310e+00
1.490776817020185607e+00
1.426284875706873567e+00
1.354431668427686253e+00
1.279082725916820262e+00
1.203946050096466269e+00
1.131869628486809054e+00
1.064165444456337317e+00
1.000000000000000000e+00
