1.000000000000000000e+00
1.007343558354925950e+00
1.014581200427860042e+00
1.021568517275041499e+00
1.028125714699414273e+00
1.034053702342076830e+00
1.039157667626208426e+00
1.043272073186368720e+00
1.046281615611215798e+00
1.048134321186405593e+00
1.048845162481679250e+00
1.048490741838094431e+00
1.047197192033870072e+00
1.045124236585138755e+00
1.042448356119848318e+00
1.039347441853413212e+00
1.035988474170955076e+00
1.032518904686464678e+00
1.029061717351315020e+00
1.025713674241522932e+00
1.022546013722569924e+00
1.019606816776648106e+00
1.016924329166760677e+00
1.014510664110703786e+00
1.012365466973553119e+00
1.010479270753104730e+00
1.008836393370422968e+00
1.007417319783065368e+00
1.006200574946381598e+00
1.005164132215644157e+00
1.004286421608441282e+00
1.003547008957897724e+00
1.002927015071802597e+00
1.002409337200508288e+00
1.001978726009428167e+00
1.001621761579221781e+00
1.001326762769241485e+00
1.001083656137969013e+00
1.000883823746798296e+00
1.000719943600900663e+00
1.000585832104472050e+00
1.000476294571212010e+00
1.000386987359624058e+00
1.000314293426941115e+00
1.000255211862590254e+00
1.000207261141964787e+00
1.000168395327274196e+00
1.000136932149241265e+00
1.000111491765758087e+00
1.000090944961210981e+00
1.000074369586177792e+00
1.000061014114757674e+00
1.000050267297036166e+00
1.000041632994077556e+00
1.000034709393819332e+00
1.000029171912846016e+00
1.000024759188215429e+00
1.000021261653533777e+00
1.000018512274075455e+00
1.000016379086865914e+00
1.000014759254143515e+00
1.000013574393198601e+00
1.000012766993416458e+00
1.000012297773418490e+00
1.000012143868625580e+00
1.000012297773418490e+00
1.000012766993416458e+00
1.000013574393198601e+00
1.000014759254143515e+00
1.000016379086865914e+00
1.000018512274075455e+00
1.000021261653533777e+00
1.000024759188215429e+00
1.000029171912846016e+00
1.000034709393819332e+00
1.000041632994077556e+00
1.000050267297036166e+00
1.000061014114757674e+00
1.000074369586177792e+00
1.000090944961210981e+00
1.000111491765758087e+00
1.000136932149241265e+00
1.000168395327274196e+00
1.000207261141964787e+00
1.000255211862590254e+00
1.000314293426941115e+00
1.000386987359624058e+00
1.000476294571212010e+00
1.000585832104472050e+00
1.000719943600900663e+00
1.000883823746798296e+00
1.001083656137969013e+00
1.001326762769241485e+00
1.001621761579221781e+00
1.001978726009427945e+00
1.002409337200508288e+00
1.002927015071802597e+00
1.003547008957897724e+00
1.004286421608441282e+00
1.005164132215643935e+00
1.006200574946381598e+00
1.007417319783065146e+00
1.008836393370422968e+00
1.010479270753104508e+00
1.012365466973552897e+00
1.014510664110703342e+00
1.016924329166760232e+00
1.019606816776647884e+00
1.022546013722569480e+00
1.025713674241522266e+00
1.029061717351314575e+00
1.032518904686464012e+00
1.035988474170954410e+00
1.039347441853412102e+00
1.042448356119846986e+00
1.045124236585137645e+00
1.047197192033868740e+00
1.048490741838093321e+00
1.048845162481678361e+00
1.048134321186404261e+00
1.046281615611214244e+00
1.043272073186366500e+00
1.039157667626207093e+00
1.034053702342075942e+00
1.028125714699413384e+00
1.021568517275040833e+00
1.014581200427859820e+00
1.007343558354925506e+00
1.000000000000000000e+00
