1.000000000000000000e+00
8.432984642164954581e-01
8.369569230604326782e-01
9.555661541662729963e-01
1.125690515770686684e+00
1.287781173681379565e+00
1.413202396053667265e+00
1.498261717865240650e+00
1.551514455540723203e+00
1.583477846364915953e+00
1.601637896223170099e+00
1.609791956612394603e+00
1.609519397624617154e+00
1.601946657250336026e+00
1.588851099567909708e+00
1.572888803402656910e+00
1.557160966745247066e+00
1.544493734078140390e+00
1.536783246179027396e+00
1.534632220704856165e+00
1.537347405820066903e+00
1.543235558741003155e+00
1.550062272550552622e+00
1.555528045582847962e+00
1.557652137660568759e+00
1.555010092006220423e+00
1.546821690394279303e+00
1.532919412832424166e+00
1.513640935745404148e+00
1.489687535816945685e+00
1.461980432110996597e+00
1.431535054114287497e+00
1.399362640857198192e+00
1.366400969163358736e+00
1.333471449959758859e+00
1.301257696855625756e+00
1.270300162680787048e+00
1.241001858213848230e+00
1.213641007106816661e+00
1.188387435287403981e+00
1.165320370914519676e+00
1.144446068164878483e+00
1.125714247406429447e+00
1.109032777227251465e+00
1.094280333609143119e+00
1.081316983812192989e+00
1.069992780615484085e+00
1.060154535939597631e+00
1.051650987033623919e+00
1.044336585238837101e+00
1.038074135799927022e+00
1.032736503921584115e+00
1.028207582113454421e+00
1.024382690309909361e+00
1.021168555730495919e+00
1.018482995606699859e+00
1.016254403787996807e+00
1.014421122455253732e+00
1.012930762987065192e+00
1.011739525485804814e+00
1.010811554458679762e+00
1.010118358444843434e+00
1.009638313702992507e+00
1.009356266112809042e+00
1.009263240877021461e+00
1.009356266115916334e+00
1.009638313709366741e+00
1.010118358454814347e+00
1.010811554472754059e+00
1.011739525504704584e+00
1.012930763011750335e+00
1.014421122486977467e+00
1.016254403828360742e+00
1.018482995657739254e+00
1.021168555794763400e+00
1.024382690390617467e+00
1.028207582214627269e+00
1.032736504048244575e+00
1.038074135958352961e+00
1.044336585436865361e+00
1.051650987281049332e+00
1.060154536248654189e+00
1.069992781001473547e+00
1.081316984294268035e+00
1.094280334211301886e+00
1.109032777979612527e+00
1.125714248346856294e+00
1.144446069341061412e+00
1.165320372386652314e+00
1.188387437131632529e+00
1.213641009419689221e+00
1.241001861118095295e+00
1.270300166332779312e+00
1.301257701455052374e+00
1.333471455762125002e+00
1.366400976496120689e+00
1.399362650140432152e+00
1.431535065887037161e+00
1.461980447064450628e+00
1.489687554835698924e+00
1.513640959957805343e+00
1.532919443670502480e+00
1.546821729662858802e+00
1.555010141959171088e+00
1.557652201079991139e+00
1.555528125854030330e+00
1.550062373722212339e+00
1.543235685556995973e+00
1.537347563705736553e+00
1.534632415688951923e+00
1.536783484730195548e+00
1.544494022833062585e+00
1.557161312103360951e+00
1.572889210962668871e+00
1.588851573389835181e+00
1.601947198952991647e+00
1.609520005379329266e+00
1.609792624166127561e+00
1.601638612157054498e+00
1.583478593830937919e+00
1.551515212685215639e+00
1.498262459030030191e+00
1.413203093665147181e+00
1.287781800538109200e+00
1.125691047284241186e+00
9.555665700813558150e-01
8.369572083522984762e-01
8.432986092006871104e-01
1.000000000000000000e+00
