1.000000000000000000e+00
9.911143419279226929e-01
1.008775576539689522e+00
1.059089706210054604e+00
1.136085385161128336e+00
1.228207556164279124e+00
1.323123132164577109e+00
1.410867773793003099e+00
1.485321630832682871e+00
1.544211706488914260e+00
1.588124877298072057e+00
1.619154205747331154e+00
1.639708125260007421e+00
1.651767260036620888e+00
1.656619764522037741e+00
1.654943533217675178e+00
1.647054406039057062e+00
1.633170587012145569e+00
1.613606891882567895e+00
1.588871889773357360e+00
1.559679818342204705e+00
1.526906006956348039e+00
1.491515726511442264e+00
1.454489576917812110e+00
1.416759588118824409e+00
1.379162427617744102e+00
1.342410677071265379e+00
1.307080031816422405e+00
1.273608938415946135e+00
1.242306978478493695e+00
1.213368707295489513e+00
1.186890303589759332e+00
1.162887068945656743e+00
1.141310425186951250e+00
1.122063554343593728e+00
1.105015204739781431e+00
1.090011461158304940e+00
1.076885465938341779e+00
1.065465200361322751e+00
1.055579508564608027e+00
1.047062583234542599e+00
1.039757144252626997e+00
1.033516536542556929e+00
1.028205957768449030e+00
1.023703004810865291e+00
1.019897703370631126e+00
1.016692159912529370e+00
1.013999950996717025e+00
1.011745342818111348e+00
1.009862414017119958e+00
1.008294137761069242e+00
1.006991464728540731e+00
1.005912436817451905e+00
1.005021351912000815e+00
1.004287992608935420e+00
1.003686926129391255e+00
1.003196878445685725e+00
1.002800182669098206e+00
1.002482299739381189e+00
1.002231408224951270e+00
1.002038059411760162e+00
1.001894893686021915e+00
1.001796414386125322e+00
1.001738815719810161e+00
1.001719861942996559e+00
1.001738815719810161e+00
1.001796414386125322e+00
1.001894893686021915e+00
1.002038059411760162e+00
1.002231408224951270e+00
1.002482299739381189e+00
1.002800182669098206e+00
1.003196878445685725e+00
1.003686926129391255e+00
1.004287992608935420e+00
1.005021351912000815e+00
1.005912436817451905e+00
1.006991464728540731e+00
1.008294137761069242e+00
1.009862414017119958e+00
1.011745342818111348e+00
1.013999950996717025e+00
1.016692159912529592e+00
1.019897703370630682e+00
1.023703004810865291e+00
1.028205957768449030e+00
1.033516536542556929e+00
1.039757144252626997e+00
1.047062583234543043e+00
1.055579508564608249e+00
1.065465200361322751e+00
1.076885465938341557e+00
1.090011461158305384e+00
1.105015204739781209e+00
1.122063554343593506e+00
1.141310425186951250e+00
1.162887068945654967e+00
1.186890303589759776e+00
1.213368707295489735e+00
1.242306978478493473e+00
1.273608938415947467e+00
1.307080031816421073e+00
1.342410677071266711e+00
1.379162427617743880e+00
1.416759588118825297e+00
1.454489576917812332e+00
1.491515726511442264e+00
1.526906006956349815e+00
1.559679818342206481e+00
1.588871889773358026e+00
1.613606891882569894e+00
1.633170587012146679e+00
1.647054406039058172e+00
1.654943533217676066e+00
1.656619764522038851e+00
1.651767260036624663e+00
1.639708125260011196e+00
1.619154205747333597e+00
1.588124877298074944e+00
1.544211706488916258e+00
1.485321630832687090e+00
1.410867773793005542e+00
1.323123132164579774e+00
1.228207556164282011e+00
1.136085385161130556e+00
1.059089706210055271e+00
1.008775576539689522e+00
9.911143419279214717e-01
1.000000000000000000e+00
