1.000000000000000000e+00
1.047108597856144296e+00
1.093628806490659411e+00
1.138633083800013379e+00
1.180887735531801042e+00
1.218987323915073251e+00
1.251548857631273659e+00
1.277415107601448163e+00
1.295819318844420476e+00
1.306478494729597317e+00
1.309604156808212405e+00
1.305840451082256326e+00
1.296153474359032609e+00
1.281700281586687140e+00
1.263702560632353977e+00
1.243341924930652986e+00
1.221684824000875302e+00
1.199637709767150451e+00
1.177928362214510472e+00
1.157107088683656526e+00
1.137561212726311943e+00
1.119537087384418816e+00
1.103165164174910728e+00
1.088484998396989312e+00
1.075468246109035908e+00
1.064038621725095224e+00
1.054088434993500689e+00
1.045491750010654641e+00
1.038114457894155018e+00
1.031821678209629001e+00
1.026482943670549819e+00
1.021975609879586910e+00
1.018186889930577044e+00
1.015014858210680604e+00
1.012368708819331609e+00
1.010168497699594825e+00
1.008344547106437838e+00
1.006836647812864305e+00
1.005593158715057278e+00
1.004570074800291923e+00
1.003730111994834751e+00
1.003041840284194075e+00
1.002478883759052142e+00
1.002019197019120567e+00
1.001644420900919874e+00
1.001339316138269986e+00
1.001091270786484078e+00
1.000889875618475200e+00
1.000726560901458617e+00
1.000594287732065490e+00
1.000487287254274937e+00
1.000400841467692148e+00
1.000331099852352468e+00
1.000274926618996307e+00
1.000229773992772131e+00
1.000193577521992561e+00
1.000164669953014673e+00
1.000141710717048049e+00
1.000123628530618314e+00
1.000109575018134134e+00
1.000098887625313182e+00
1.000091060409928900e+00
1.000085721576986719e+00
1.000082616874236052e+00
1.000081598186985277e+00
1.000082616874236052e+00
1.000085721576986719e+00
1.000091060409928900e+00
1.000098887625313182e+00
1.000109575018134134e+00
1.000123628530618314e+00
1.000141710717048049e+00
1.000164669953014673e+00
1.000193577521992561e+00
1.000229773992772131e+00
1.000274926618996307e+00
1.000331099852352468e+00
1.000400841467692148e+00
1.000487287254274937e+00
1.000594287732065490e+00
1.000726560901458617e+00
1.000889875618475200e+00
1.001091270786484078e+00
1.001339316138269986e+00
1.001644420900919874e+00
1.002019197019120567e+00
1.002478883759052142e+00
1.003041840284194075e+00
1.003730111994834751e+00
1.004570074800291923e+00
1.005593158715057278e+00
1.006836647812864305e+00
1.008344547106437838e+00
1.010168497699594825e+00
1.012368708819331387e+00
1.015014858210680604e+00
1.018186889930577044e+00
1.021975609879586910e+00
1.026482943670549819e+00
1.031821678209629001e+00
1.038114457894155018e+00
1.045491750010654419e+00
1.054088434993500911e+00
1.064038621725095002e+00
1.075468246109035908e+00
1.088484998396989090e+00
1.103165164174910728e+00
1.119537087384419261e+00
1.137561212726311499e+00
1.157107088683656304e+00
1.177928362214510249e+00
1.199637709767150451e+00
1.221684824000874636e+00
1.243341924930652320e+00
1.263702560632353311e+00
1.281700281586686918e+00
1.296153474359031721e+00
1.305840451082255216e+00
1.309604156808211961e+00
1.306478494729596207e+00
1.295819318844419143e+00
1.277415107601447275e+00
1.251548857631272993e+00
1.218987323915073695e+00
1.180887735531800153e+00
1.138633083800012713e+00
1.093628806490659633e+00
1.047108597856144074e+00
1.000000000000000000e+00
