1.000000000000000000e+00
1.076059199737481986e+00
1.151711335894101129e+00
1.225681161599837754e+00
1.295936417835547028e+00
1.359979307208409871e+00
1.415250282987872588e+00
1.459549334589175462e+00
1.491377649339065137e+00
1.510130388400367840e+00
1.516118294191119542e+00
1.510442393352632973e+00
1.494775789650617970e+00
1.471113620231899954e+00
1.441541202787031128e+00
1.408050764721830550e+00
1.372417716653675068e+00
1.336133255881930770e+00
1.300382377830072267e+00
1.266053976564459838e+00
1.233770660083843840e+00
1.203928407636900344e+00
1.176739037987003966e+00
1.152270986086094684e+00
1.130485852754878673e+00
1.111269582681140067e+00
1.094458030845862906e+00
1.079857215801380610e+00
1.067258840810216158e+00
1.056451779084607301e+00
1.047230231825799551e+00
1.039399221868012146e+00
1.032778010614770370e+00
1.027201939903075623e+00
1.022523114374555009e+00
1.018610259972997589e+00
1.015348023335619354e+00
1.012635916190249841e+00
1.010387058349584644e+00
1.008526831790204525e+00
1.006991525573405433e+00
1.005727025836095745e+00
1.004687585584794540e+00
1.003834694471078315e+00
1.003136058135933428e+00
1.002564689237197770e+00
1.002098107207373356e+00
1.001717640541604615e+00
1.001407823515138462e+00
1.001155878301910995e+00
1.000951273220148652e+00
1.000785348045402534e+00
1.000650997840475176e+00
1.000542407433577363e+00
1.000454829444268778e+00
1.000384399550880987e+00
1.000327983473580096e+00
1.000283050888673309e+00
1.000247572178273758e+00
1.000219934548649547e+00
1.000198874619520950e+00
1.000183425098059464e+00
1.000172873610774005e+00
1.000166732180111095e+00
1.000164716208668647e+00
1.000166732180111095e+00
1.000172873610774005e+00
1.000183425098059464e+00
1.000198874619520950e+00
1.000219934548649547e+00
1.000247572178273758e+00
1.000283050888673309e+00
1.000327983473580096e+00
1.000384399550880987e+00
1.000454829444268778e+00
1.000542407433577363e+00
1.000650997840475176e+00
1.000785348045402534e+00
1.000951273220148652e+00
1.001155878301910995e+00
1.001407823515138462e+00
1.001717640541604615e+00
1.002098107207373356e+00
1.002564689237197770e+00
1.003136058135933428e+00
1.003834694471078315e+00
1.004687585584794540e+00
1.005727025836095745e+00
1.006991525573405433e+00
1.008526831790204525e+00
1.010387058349584644e+00
1.012635916190249841e+00
1.015348023335619132e+00
1.018610259972997589e+00
1.022523114374554787e+00
1.027201939903075623e+00
1.032778010614769926e+00
1.039399221868012146e+00
1.047230231825799551e+00
1.056451779084607079e+00
1.067258840810216380e+00
1.079857215801380388e+00
1.094458030845863350e+00
1.111269582681139845e+00
1.130485852754878673e+00
1.152270986086094462e+00
1.176739037987003966e+00
1.203928407636900788e+00
1.233770660083843840e+00
1.266053976564459393e+00
1.300382377830073377e+00
1.336133255881931214e+00
1.372417716653674624e+00
1.408050764721830106e+00
1.441541202787029796e+00
1.471113620231900843e+00
1.494775789650617748e+00
1.510442393352631640e+00
1.516118294191119320e+00
1.510130388400368506e+00
1.491377649339064027e+00
1.459549334589174796e+00
1.415250282987872366e+00
1.359979307208410759e+00
1.295936417835547472e+00
1.225681161599837088e+00
1.151711335894101129e+00
1.076059199737481986e+00
1.000000000000000000e+00
