1.000000000000000000e+00
7.874008120855066073e-01
8.004202601719916377e-01
9.616725701375280488e-01
1.154207809098333648e+00
1.312261430018711872e+00
1.421391146006380612e+00
1.492036868107114334e+00
1.538425791126581288e+00
1.570115461938944801e+00
1.591784158102836466e+00
1.605410629945813961e+00
1.611854433093586225e+00
1.611514314039848239e+00
1.604688498220498749e+00
1.592012442717306575e+00
1.574874633886273800e+00
1.555538122846520599e+00
1.536838291489208252e+00
1.521567342255147670e+00
1.511803628100014230e+00
1.508438769320681550e+00
1.511041093881726916e+00
1.518051162587560787e+00
1.527199746717015971e+00
1.535998922068297246e+00
1.542176194951749624e+00
1.543973565861612274e+00
1.540289900670060552e+00
1.530687053474211856e+00
1.515301422739186332e+00
1.494705858495483319e+00
1.469758988462433136e+00
1.441466917964249417e+00
1.410870573273077744e+00
1.378962986339567154e+00
1.346635067280886000e+00
1.314645417290547957e+00
1.283608699190155633e+00
1.253997234209124789e+00
1.226151239835026052e+00
1.200294075076236533e+00
1.176549793416495682e+00
1.154961113686845398e+00
1.135506569995801573e+00
1.118116097169899126e+00
1.102684668596106699e+00
1.089083854813979180e+00
1.077171338592471717e+00
1.066798526935619496e+00
1.057816459747069171e+00
1.050080242146053999e+00
1.043452232825168080e+00
1.037804211941202759e+00
1.033018734392646687e+00
1.028989851975767422e+00
1.025623363663911380e+00
1.022836729064144023e+00
1.020558757235240810e+00
1.018729162253155351e+00
1.017298058557772666e+00
1.016225453303466919e+00
1.015480779566035219e+00
1.015042503094161441e+00
1.014897826011565085e+00
1.015042503095769710e+00
1.015480779569337022e+00
1.016225453308636340e+00
1.017298058565078822e+00
1.018729162262983490e+00
1.020558757248103632e+00
1.022836729080713658e+00
1.025623363685047362e+00
1.028989852002572869e+00
1.033018734426501384e+00
1.037804211983857972e+00
1.043452232878827157e+00
1.050080242213476511e+00
1.057816459831722344e+00
1.066798527041847189e+00
1.077171338725731564e+00
1.089083854981114374e+00
1.102684668805716806e+00
1.118116097432779288e+00
1.135506570325542031e+00
1.154961114100554465e+00
1.176549793935755428e+00
1.200294075728316923e+00
1.226151240654440588e+00
1.253997235239646235e+00
1.283608700487401943e+00
1.314645418925360465e+00
1.346635069343669278e+00
1.378962988945912516e+00
1.410870576571032542e+00
1.441466922143681550e+00
1.469758993766997035e+00
1.494705865237855980e+00
1.515301431320180248e+00
1.530687064406469178e+00
1.540289914606822519e+00
1.543973583630706026e+00
1.542176217594433574e+00
1.535998950881555025e+00
1.527199783296709912e+00
1.518051208868265167e+00
1.511041152167516222e+00
1.508438842299766103e+00
1.511803718835174504e+00
1.521567454141156128e+00
1.536838428167294879e+00
1.555538288063527563e+00
1.574874831282283338e+00
1.592012675522121778e+00
1.604688768841535884e+00
1.611514623539146651e+00
1.611854780585283642e+00
1.605411011994967163e+00
1.591784568256050747e+00
1.570115890541889714e+00
1.538426225561429161e+00
1.492037293508205797e+00
1.421391546397765104e+00
1.312261789687779068e+00
1.154208113919006795e+00
9.616728085484782529e-01
8.004204236459432353e-01
7.874008951443385307e-01
1.000000000000000000e+00
