1.000000000000000000e+00
1.074762959783089222e+00
1.149061386355968661e+00
1.221611292225096346e+00
1.290411932040693266e+00
1.353025668320047226e+00
1.406967449686728378e+00
1.450110972371919882e+00
1.481017254516662884e+00
1.499118877917261505e+00
1.504738713432064667e+00
1.498966804674764841e+00
1.483447650182913025e+00
1.460136897699517489e+00
1.431075816038574811e+00
1.398212981507521269e+00
1.363283852451228739e+00
1.327745172182096534e+00
1.292753635805755419e+00
1.259175888532961585e+00
1.227617805281907781e+00
1.198463411974268755e+00
1.171916566173886398e+00
1.148040978962554748e+00
1.126796084018599320e+00
1.108067624570860499e+00
1.091692719476763385e+00
1.077479701063244866e+00
1.065223297134853642e+00
1.054715844062202645e+00
1.045755230557062987e+00
1.038150226455258895e+00
1.031723776434335438e+00
1.026314753280218595e+00
1.021778579990067159e+00
1.017987050754388667e+00
1.014827610709923666e+00
1.012202294379144663e+00
1.010026472839874012e+00
1.008227519171702502e+00
1.006743469549420622e+00
1.005521732319231365e+00
1.004517878328698322e+00
1.003694531592720818e+00
1.003020369090941832e+00
1.002469231265411764e+00
1.002019339915776186e+00
1.001652617092645636e+00
1.001354096802478111e+00
1.001111420491821447e+00
1.000914407090115255e+00
1.000754688642281343e+00
1.000625403093700738e+00
1.000520936483109580e+00
1.000436707569941408e+00
1.000368988713821627e+00
1.000314757597492443e+00
1.000271575116590927e+00
1.000237485437512230e+00
1.000210934842462596e+00
1.000190706538316432e+00
1.000175869106133097e+00
1.000165736716783771e+00
1.000159839641423298e+00
1.000157903951713445e+00
1.000159839641423298e+00
1.000165736716783771e+00
1.000175869106133097e+00
1.000190706538316432e+00
1.000210934842462596e+00
1.000237485437512230e+00
1.000271575116590927e+00
1.000314757597492443e+00
1.000368988713821627e+00
1.000436707569941408e+00
1.000520936483109580e+00
1.000625403093700738e+00
1.000754688642281343e+00
1.000914407090115255e+00
1.001111420491821447e+00
1.001354096802478111e+00
1.001652617092645636e+00
1.002019339915776186e+00
1.002469231265411764e+00
1.003020369090941832e+00
1.003694531592720818e+00
1.004517878328698322e+00
1.005521732319231365e+00
1.006743469549420622e+00
1.008227519171702502e+00
1.010026472839874012e+00
1.012202294379144663e+00
1.014827610709923666e+00
1.017987050754388667e+00
1.021778579990066937e+00
1.026314753280218595e+00
1.031723776434334994e+00
1.038150226455258895e+00
1.045755230557062987e+00
1.054715844062202423e+00
1.065223297134853864e+00
1.077479701063244644e+00
1.091692719476763829e+00
1.108067624570860277e+00
1.126796084018599320e+00
1.148040978962554748e+00
1.171916566173886398e+00
1.198463411974269199e+00
1.227617805281907781e+00
1.259175888532961141e+00
1.292753635805756529e+00
1.327745172182096756e+00
1.363283852451228295e+00
1.398212981507520603e+00
1.431075816038573478e+00
1.460136897699518377e+00
1.483447650182912581e+00
1.498966804674763509e+00
1.504738713432064223e+00
1.499118877917262171e+00
1.481017254516661996e+00
1.450110972371918994e+00
1.406967449686728155e+00
1.353025668320048336e+00
1.290411932040693710e+00
1.221611292225095680e+00
1.149061386355968661e+00
1.074762959783089222e+00
1.000000000000000000e+00
