1.000000000000000000e+00
8.082851548140641551e-01
8.123121749515666012e-01
9.577773770260521458e-01
1.144036923393318972e+00
1.305327352075439817e+00
1.420339096735228734e+00
1.494568776978546287e+00
1.541571497810147129e+00
1.572548326646810546e+00
1.593629214137570971e+00
1.606998230253267712e+00
1.612860813854140707e+00
1.611014072709038514e+00
1.601831979348733004e+00
1.586738006770718190e+00
1.568205669081124798e+00
1.549344103442393372e+00
1.533226255000278870e+00
1.522197971572102126e+00
1.517393742065714646e+00
1.518585915394684127e+00
1.524365403902635752e+00
1.532551054993397166e+00
1.540682523315568764e+00
1.546465842808397495e+00
1.548089453655473013e+00
1.544384121814674549e+00
1.534843497485312236e+00
1.519545277215722523e+00
1.499017888688768396e+00
1.474090782535200317e+00
1.445754633371572506e+00
1.415045945818084849e+00
1.382961266808728995e+00
1.350400106199277861e+00
1.318132390772876583e+00
1.286785048141845245e+00
1.256842356256299142e+00
1.228655387731789395e+00
1.202456814524726525e+00
1.178378277777170746e+00
1.156468352099154107e+00
1.136709801406169618e+00
1.119035334664847614e+00
1.103341443823658174e+00
1.089500168388771950e+00
1.077368806669217305e+00
1.066797704459324425e+00
1.057636315538735383e+00
1.049737758640644669e+00
1.042962102946549230e+00
1.037178606535085201e+00
1.032267115299243754e+00
1.028118807820806113e+00
1.024636447511485082e+00
1.021734279034677950e+00
1.019337682948814328e+00
1.017382681476806328e+00
1.015815369729312190e+00
1.014591330733143559e+00
1.013675079179236604e+00
1.013039567711218725e+00
1.012665780540075611e+00
1.012542431855604219e+00
1.012665780542348903e+00
1.013039567715882772e+00
1.013675079186536543e+00
1.014591330743452424e+00
1.015815369743166441e+00
1.017382681494917618e+00
1.019337682972113690e+00
1.021734279064355100e+00
1.024636447549059692e+00
1.028118807868182438e+00
1.032267115358825427e+00
1.037178606609891141e+00
1.042962103040353528e+00
1.049737758758175321e+00
1.057636315685907435e+00
1.066797704643546618e+00
1.077368806899763776e+00
1.089500168677273839e+00
1.103341444184694931e+00
1.119035335116735697e+00
1.136709801971942824e+00
1.156468352807829891e+00
1.178378278665370926e+00
1.202456815638766940e+00
1.228655389130368425e+00
1.256842358013968930e+00
1.286785050353533189e+00
1.318132393559708904e+00
1.350400109716131336e+00
1.382961271253992708e+00
1.415045951446240569e+00
1.445754640509280931e+00
1.474090791601782469e+00
1.499017900221903510e+00
1.519545291903315665e+00
1.534843516204195790e+00
1.544384145676412690e+00
1.548089484058809528e+00
1.546465881496622341e+00
1.540682572435438491e+00
1.532551117150153575e+00
1.524365482203398958e+00
1.518586013470365259e+00
1.517393864059797703e+00
1.522198122083162630e+00
1.533226438963389171e+00
1.549344325931889532e+00
1.568205935013621488e+00
1.586738320485032272e+00
1.601832344044300527e+00
1.611014489744857503e+00
1.612861281952446157e+00
1.606998744713415084e+00
1.593629766227823596e+00
1.572548903374286988e+00
1.541572082242690600e+00
1.494569349195154606e+00
1.420339635329969763e+00
1.305327835971354711e+00
1.144037333596820583e+00
9.577776979429962756e-01
8.123123950445424457e-01
8.082852666547015730e-01
1.000000000000000000e+00
