1.000000000000000000e+00
9.026671113493789367e-01
8.929474088021507328e-01
9.725000574145515886e-01
1.106711738233761455e+00
1.255496601680302859e+00
1.388649223065490323e+00
1.490281619613622821e+00
1.556828997594054131e+00
1.592530572229298835e+00
1.605092090375737301e+00
1.602741481974324422e+00
1.592710128060756292e+00
1.580643210898115436e+00
1.570450138258026263e+00
1.564332901656284136e+00
1.562926557494357160e+00
1.565562603936906161e+00
1.570649503845755079e+00
1.576118684867699793e+00
1.579856869307443734e+00
1.580051960553377821e+00
1.575410570109421204e+00
1.565242273597114986e+00
1.549434121849416535e+00
1.528352745128076950e+00
1.502711967014138006e+00
1.473436220608523417e+00
1.441539478168748278e+00
1.408029527952892490e+00
1.373840017192030860e+00
1.339788053722531513e+00
1.306552870127849708e+00
1.274670394876061819e+00
1.244538878995014697e+00
1.216431492001947001e+00
1.190512702225728026e+00
1.166856113072870738e+00
1.145462155524014980e+00
1.126274614913623351e+00
1.109195404708177124e+00
1.094097312742907890e+00
1.080834660683273052e+00
1.069251958205476472e+00
1.059190718871521275e+00
1.050494650368446470e+00
1.043013449641015944e+00
1.036605432509586366e+00
1.031139214355807576e+00
1.026494638308063534e+00
1.022563123617534098e+00
1.019247582081481696e+00
1.016462026137043839e+00
1.014130969701586560e+00
1.012188702606763524e+00
1.010578501860692979e+00
1.009251828039156029e+00
1.008167542753957147e+00
1.007291173175519194e+00
1.006594241740258910e+00
1.006053673170171026e+00
1.005651286487865947e+00
1.005373376553226228e+00
1.005210387524764215e+00
1.005156679331381531e+00
1.005210387520970805e+00
1.005373376545448449e+00
1.005651286475710560e+00
1.006053673153022743e+00
1.006594241717257088e+00
1.007291173145512309e+00
1.008167542715449061e+00
1.009251827990233608e+00
1.010578501798943263e+00
1.012188702529152273e+00
1.014130969604321031e+00
1.016462026015398479e+00
1.019247581929571433e+00
1.022563123428044563e+00
1.026494638071911325e+00
1.031139214061715714e+00
1.036605432143557826e+00
1.043013449185682173e+00
1.050494649802244052e+00
1.059190718167675849e+00
1.069251957330724423e+00
1.080834659596253911e+00
1.094097311392152383e+00
1.109195403029561655e+00
1.126274612827149690e+00
1.145462152929737076e+00
1.166856109845711975e+00
1.190512698208884057e+00
1.216431486998481359e+00
1.244538872757138703e+00
1.274670387091481061e+00
1.306552860402380611e+00
1.339788041558108489e+00
1.373840001958958501e+00
1.408029508855262124e+00
1.441539454201758774e+00
1.473436190506759225e+00
1.502711929190363449e+00
1.528352697603090782e+00
1.549434062175365501e+00
1.565242198779308147e+00
1.575410476535506810e+00
1.580051843943458989e+00
1.579856724703990078e+00
1.576118506689005105e+00
1.570649286029838221e+00
1.565562340202753644e+00
1.562926241742918165e+00
1.564332528523985966e+00
1.570449703820397280e+00
1.580642713499463614e+00
1.592709569215537968e+00
1.602740867244125678e+00
1.605091430073284364e+00
1.592529881749319642e+00
1.556828297149429607e+00
1.490280933208404601e+00
1.388648576701247306e+00
1.255496021052286526e+00
1.106711246422077632e+00
9.724996731447110854e-01
8.929471456376696370e-01
9.026669777756858304e-01
1.000000000000000000e+00
