1.000000000000000000e+00
8.732971181386894877e-01
8.624616108739726617e-01
9.592474071280283621e-01
1.111990615146781547e+00
1.270439183310902553e+00
1.403373360488256560e+00
1.499467946505532501e+00
1.560598341147514390e+00
1.594226771450874214e+00
1.608283403485311069e+00
1.609111262710045454e+00
1.601439067874582456e+00
1.589046562014590602e+00
1.575245892969771022e+00
1.562910581657357190e+00
1.554192378544468012e+00
1.550201899559048302e+00
1.550869686004932912e+00
1.555066463467560167e+00
1.560935868512443703e+00
1.566325189838114529e+00
1.569194139566387980e+00
1.567917746660885125e+00
1.561449547926971659e+00
1.549353863156258004e+00
1.531741008027323936e+00
1.509146760241377949e+00
1.482392654918391672e+00
1.452453234963542172e+00
1.420345219928290881e+00
1.387044448661030049e+00
1.353430300235881178e+00
1.320253882519991651e+00
1.288124905471098813e+00
1.257512079220844736e+00
1.228752488031523038e+00
1.202066273907300697e+00
1.177573870304570169e+00
1.155313832075850256e+00
1.135259965440520880e+00
1.117336967832833761e+00
1.101434159018549686e+00
1.087417146149166847e+00
1.075137440806911870e+00
1.064440156966941275e+00
1.055169982634222237e+00
1.047175648380178181e+00
1.040313123539576390e+00
1.034447763240688545e+00
1.029455612492132577e+00
1.025224051420374760e+00
1.021651941419646326e+00
1.018649407496528880e+00
1.016137368824342913e+00
1.014046908301165839e+00
1.012318553176507097e+00
1.010901522740587977e+00
1.009752985627856425e+00
1.008837358313750654e+00
1.008125667643889001e+00
1.007594993448704512e+00
1.007228002170077241e+00
1.007012578666410141e+00
1.006941560689027959e+00
1.007012578669378655e+00
1.007228002176166370e+00
1.007594993458229560e+00
1.008125667657332025e+00
1.008837358331800438e+00
1.009752985651428681e+00
1.010901522770877081e+00
1.012318553215037831e+00
1.014046908349875764e+00
1.016137368885666303e+00
1.018649407573521293e+00
1.021651941516134476e+00
1.025224051541135273e+00
1.029455612643132900e+00
1.034447763429375611e+00
1.040313123775250315e+00
1.047175648674454118e+00
1.055169983001615908e+00
1.064440157425613487e+00
1.075137441379609093e+00
1.087417146864419148e+00
1.101434159912205502e+00
1.117336968950016329e+00
1.135259966838156664e+00
1.155313833825903913e+00
1.177573872498241414e+00
1.202066276660452404e+00
1.228752491491699628e+00
1.257512083576371342e+00
1.288124910962846537e+00
1.320253889456568963e+00
1.353430309013114119e+00
1.387044459786850092e+00
1.420345234054122052e+00
1.452453252923462168e+00
1.482392677777062406e+00
1.509146789351351714e+00
1.531741045095442066e+00
1.549353910317309513e+00
1.561449607820622365e+00
1.567917822504870218e+00
1.569194235215505939e+00
1.566325309814946998e+00
1.560936017992574421e+00
1.555066648199941337e+00
1.550869912146942919e+00
1.550202173405516026e+00
1.554192706130077317e+00
1.562910968213978125e+00
1.575246342228746155e+00
1.589047075366734063e+00
1.601439643444379612e+00
1.609111894463749692e+00
1.608284080557675688e+00
1.594227477909980095e+00
1.560599056389412542e+00
1.499468646367356550e+00
1.403374019006638385e+00
1.270439774867252236e+00
1.111991116586449557e+00
9.592477993979560136e-01
8.624618798757495153e-01
8.732972548176419769e-01
1.000000000000000000e+00
