1.000000000000000000e+00
1.079916311990515299e+00
1.159824864174907599e+00
1.238591797281696882e+00
1.314117004604204109e+00
1.383679584197009316e+00
1.444403944505695092e+00
1.493747945983997072e+00
1.529905863500116148e+00
1.552045944427480340e+00
1.560353911883765710e+00
1.555907180965078629e+00
1.540439791973032380e+00
1.516067338706514223e+00
1.485029217477485286e+00
1.449483326811535910e+00
1.411366204488098575e+00
1.372315418320811942e+00
1.333642254404278971e+00
1.296340022460246599e+00
1.261114347492366505e+00
1.228424599622964797e+00
1.198528755892094955e+00
1.171526764413440613e+00
1.147399626655514204e+00
1.126042920796233027e+00
1.107294464734495998e+00
1.090956396392417149e+00
1.076812253978505662e+00
1.064639766138447685e+00
1.054220080694340922e+00
1.045344117978616483e+00
1.037816661054927536e+00
1.031458709308055166e+00
1.026108535223807516e+00
1.021621802958144976e+00
1.017871034678788034e+00
1.014744647892374507e+00
1.012145734131127739e+00
1.009990705885199791e+00
1.008207903601640920e+00
1.006736226847406046e+00
1.005523832245491578e+00
1.004526924483263084e+00
1.003708654597405436e+00
1.003038131011156020e+00
1.002489542710125914e+00
1.002041389882998956e+00
1.001675814823620225e+00
1.001378024489233187e+00
1.001135795518161675e+00
1.000939052482521685e+00
1.000779510500069192e+00
1.000650373913484437e+00
1.000546083463232483e+00
1.000462105158493431e+00
1.000394754839844857e+00
1.000341053194150565e+00
1.000298606706804039e+00
1.000265510708154393e+00
1.000240271285617100e+00
1.000221743391395801e+00
1.000209082981817987e+00
1.000201711483650113e+00
1.000199291303242921e+00
1.000201711483650113e+00
1.000209082981817987e+00
1.000221743391395801e+00
1.000240271285617100e+00
1.000265510708154393e+00
1.000298606706804039e+00
1.000341053194150565e+00
1.000394754839844857e+00
1.000462105158493431e+00
1.000546083463232483e+00
1.000650373913484437e+00
1.000779510500069192e+00
1.000939052482521685e+00
1.001135795518161675e+00
1.001378024489233187e+00
1.001675814823620225e+00
1.002041389882998956e+00
1.002489542710125914e+00
1.003038131011156020e+00
1.003708654597405436e+00
1.004526924483263084e+00
1.005523832245491578e+00
1.006736226847406046e+00
1.008207903601640920e+00
1.009990705885199791e+00
1.012145734131127739e+00
1.014744647892374507e+00
1.017871034678787812e+00
1.021621802958144976e+00
1.026108535223807294e+00
1.031458709308055166e+00
1.037816661054927092e+00
1.045344117978616483e+00
1.054220080694340922e+00
1.064639766138447463e+00
1.076812253978505884e+00
1.090956396392416927e+00
1.107294464734496442e+00
1.126042920796232805e+00
1.147399626655514204e+00
1.171526764413440391e+00
1.198528755892095177e+00
1.228424599622965241e+00
1.261114347492366505e+00
1.296340022460246155e+00
1.333642254404279859e+00
1.372315418320812608e+00
1.411366204488098131e+00
1.449483326811535688e+00
1.485029217477483954e+00
1.516067338706515111e+00
1.540439791973032380e+00
1.555907180965077075e+00
1.560353911883765488e+00
1.552045944427481006e+00
1.529905863500115482e+00
1.493747945983996184e+00
1.444403944505695092e+00
1.383679584197010204e+00
1.314117004604204997e+00
1.238591797281695994e+00
1.159824864174907377e+00
1.079916311990515299e+00
1.000000000000000000e+00
