1.000000000000000000e+00
1.072888288879038976e+00
1.147888420874022986e+00
1.225028803902389996e+00
1.302639862781510560e+00
1.377855238237963409e+00
1.447211876672524156e+00
1.507282400187882399e+00
1.555235484403541646e+00
1.589225719007380633e+00
1.608560294975611926e+00
1.613650795445063180e+00
1.605806857657482878e+00
1.586949345907093356e+00
1.559314705077003316e+00
1.525200225347943528e+00
1.486774473738841307e+00
1.445956524119746511e+00
1.404354943667214251e+00
1.363252101783766435e+00
1.323618968518357697e+00
1.286147801252195633e+00
1.251293244928190163e+00
1.219315386844389559e+00
1.190320769984403837e+00
1.164299180841954051e+00
1.141155258875628187e+00
1.120734753184025045e+00
1.102845706483624344e+00
1.087275083302374545e+00
1.073801457440313190e+00
1.062204388001248390e+00
1.052271079901354378e+00
1.043800866793034965e+00
1.036607986054269626e+00
1.030523045415074446e+00
1.025393513834455872e+00
1.021083508053498790e+00
1.017473092079778985e+00
1.014457260080858791e+00
1.011944733623045822e+00
1.009856671408332796e+00
1.008125362982709605e+00
1.006692956574881226e+00
1.005510254520664892e+00
1.004535596904042372e+00
1.003733844425213517e+00
1.003075464480710055e+00
1.002535719480730947e+00
1.002093953081391264e+00
1.001732967896243442e+00
1.001438487062378924e+00
1.001198691522716899e+00
1.001003824850781321e+00
1.000845857735513267e+00
1.000718204745526752e+00
1.000615486619426786e+00
1.000533332018940680e+00
1.000468213391911609e+00
1.000417312293522265e+00
1.000378410188782707e+00
1.000349801397626415e+00
1.000330225442630283e+00
1.000318816618592122e+00
1.000315069127643008e+00
1.000318816618592122e+00
1.000330225442630283e+00
1.000349801397626415e+00
1.000378410188782707e+00
1.000417312293522265e+00
1.000468213391911609e+00
1.000533332018940680e+00
1.000615486619426786e+00
1.000718204745526752e+00
1.000845857735513267e+00
1.001003824850781321e+00
1.001198691522716899e+00
1.001438487062378924e+00
1.001732967896243442e+00
1.002093953081391264e+00
1.002535719480730947e+00
1.003075464480710055e+00
1.003733844425213517e+00
1.004535596904042372e+00
1.005510254520664892e+00
1.006692956574881226e+00
1.008125362982709605e+00
1.009856671408332573e+00
1.011944733623045822e+00
1.014457260080859013e+00
1.017473092079778985e+00
1.021083508053498790e+00
1.025393513834455650e+00
1.030523045415074224e+00
1.036607986054269404e+00
1.043800866793034743e+00
1.052271079901353712e+00
1.062204388001248390e+00
1.073801457440312968e+00
1.087275083302374323e+00
1.102845706483624566e+00
1.120734753184024601e+00
1.141155258875628631e+00
1.164299180841953829e+00
1.190320769984403837e+00
1.219315386844389337e+00
1.251293244928189941e+00
1.286147801252196077e+00
1.323618968518357697e+00
1.363252101783766213e+00
1.404354943667214473e+00
1.445956524119745845e+00
1.486774473738841085e+00
1.525200225347943084e+00
1.559314705077001317e+00
1.586949345907094244e+00
1.605806857657482656e+00
1.613650795445061181e+00
1.608560294975610594e+00
1.589225719007379523e+00
1.555235484403540758e+00
1.507282400187880400e+00
1.447211876672522823e+00
1.377855238237963409e+00
1.302639862781510560e+00
1.225028803902389107e+00
1.147888420874022541e+00
1.072888288879038310e+00
1.000000000000000000e+00
