1.000000000000000000e+00
9.985479784264188474e-01
1.018789882055627816e+00
1.066556525714959847e+00
1.137942120886708652e+00
1.224128486121966564e+00
1.315063118303176903e+00
1.402000769539922809e+00
1.478855306840955786e+00
1.542450496331518650e+00
1.591980884795804796e+00
1.628122056747388857e+00
1.652185554948493618e+00
1.665546464913071123e+00
1.669386678581060268e+00
1.664674160094026911e+00
1.652258919464770770e+00
1.632986490945017133e+00
1.607773333921656000e+00
1.577628668090641950e+00
1.543632125144955625e+00
1.506886137490145883e+00
1.468461292773680205e+00
1.429347540652454063e+00
1.390418058342830721e+00
1.352407723346857882e+00
1.315905049812739369e+00
1.281354914359128072e+00
1.249068963631696505e+00
1.219240803815753837e+00
1.191963578712238236e+00
1.167248129644785637e+00
1.145040478982425336e+00
1.125237837842013144e+00
1.107702695045779340e+00
1.092274805865874443e+00
1.078781080659035663e+00
1.067043491932653909e+00
1.056885189045597473e+00
1.048135045520208086e+00
1.040630875117862786e+00
1.034221547378279649e+00
1.028768217276699870e+00
1.024144861493737846e+00
1.020238288772693291e+00
1.016947766250050789e+00
1.014184379034897665e+00
1.011870217657401261e+00
1.009937467852218607e+00
1.008327459721064079e+00
1.006989718637950393e+00
1.005881048181109572e+00
1.004964665666139068e+00
1.004209403236040687e+00
1.003588981640934463e+00
1.003081359523491534e+00
1.002668157946628780e+00
1.002334157816039406e+00
1.002066866552633995e+00
1.001856149681567887e+00
1.001693922779379076e+00
1.001573899340672202e+00
1.001491390497954992e+00
1.001443153079693005e+00
1.001427283168317528e+00
1.001443153079693005e+00
1.001491390497954992e+00
1.001573899340672202e+00
1.001693922779379076e+00
1.001856149681567887e+00
1.002066866552633995e+00
1.002334157816039406e+00
1.002668157946628780e+00
1.003081359523491534e+00
1.003588981640934463e+00
1.004209403236040687e+00
1.004964665666139068e+00
1.005881048181109572e+00
1.006989718637950393e+00
1.008327459721064079e+00
1.009937467852218607e+00
1.011870217657401261e+00
1.014184379034897887e+00
1.016947766250050345e+00
1.020238288772693291e+00
1.024144861493737846e+00
1.028768217276699870e+00
1.034221547378279649e+00
1.040630875117863008e+00
1.048135045520208308e+00
1.056885189045597473e+00
1.067043491932653687e+00
1.078781080659035885e+00
1.092274805865874221e+00
1.107702695045779118e+00
1.125237837842012922e+00
1.145040478982423560e+00
1.167248129644785637e+00
1.191963578712238458e+00
1.219240803815753837e+00
1.249068963631697615e+00
1.281354914359127406e+00
1.315905049812740257e+00
1.352407723346857438e+00
1.390418058342831387e+00
1.429347540652453397e+00
1.468461292773680205e+00
1.506886137490147437e+00
1.543632125144957179e+00
1.577628668090641284e+00
1.607773333921657999e+00
1.632986490945017799e+00
1.652258919464771214e+00
1.664674160094027133e+00
1.669386678581059602e+00
1.665546464913073788e+00
1.652185554948496282e+00
1.628122056747390189e+00
1.591980884795806350e+00
1.542450496331519538e+00
1.478855306840957784e+00
1.402000769539923697e+00
1.315063118303178680e+00
1.224128486121968784e+00
1.137942120886709985e+00
1.066556525714960069e+00
1.018789882055627372e+00
9.985479784264172931e-01
1.000000000000000000e+00
