1.000000000000000000e+00
7.579312053328376431e-01
7.886194264094544826e-01
9.712726844776679025e-01
1.166892757188541685e+00
1.316196662189365707e+00
1.417599769120387876e+00
1.487028584156890432e+00
1.536558373707797465e+00
1.571302063468129839e+00
1.593330410992852775e+00
1.604848214198902445e+00
1.608696460230789160e+00
1.607387776475729835e+00
1.602261811277135628e+00
1.593506658082896266e+00
1.580910179818640016e+00
1.564767997858743875e+00
1.546410394929847776e+00
1.528121153730592541e+00
1.512560640134816392e+00
1.502003137910485675e+00
1.497710059223972712e+00
1.499639591456350951e+00
1.506529779926897517e+00
1.516261553465613865e+00
1.526347420993890758e+00
1.534398537884702485e+00
1.538471894937238016e+00
1.537259630099492291e+00
1.530131234622618353e+00
1.517067089881603215e+00
1.498529460335607633e+00
1.475311389017289088e+00
1.448392234724813932e+00
1.418816305499668529e+00
1.387601108486291590e+00
1.355675057169185349e+00
1.323840768913238319e+00
1.292758581916090277e+00
1.262944810878516622e+00
1.234779892404324508e+00
1.208522498419331015e+00
1.184326653568660959e+00
1.162259746414512129e+00
1.142320023171346843e+00
1.124452692016009614e+00
1.108564163228318744e+00
1.094534230918472462e+00
1.082226191527486003e+00
1.071495015221317404e+00
1.062193757212365641e+00
1.054178431410563332e+00
1.047311579667335124e+00
1.041464764487670669e+00
1.036520197532852627e+00
1.032371694931557560e+00
1.028925126494220077e+00
1.026098501544760788e+00
1.023821810663291698e+00
1.022036721031660322e+00
1.020696203728105322e+00
1.019764154355749630e+00
1.019215053714829455e+00
1.019033702585800505e+00
1.019215053715441410e+00
1.019764154357006847e+00
1.020696203730079299e+00
1.022036721034464746e+00
1.023821810667084664e+00
1.026098501549754793e+00
1.028925126500701115e+00
1.032371694939888673e+00
1.036520197543510546e+00
1.041464764501252249e+00
1.047311579684610638e+00
1.054178431432515106e+00
1.062193757240229575e+00
1.071495015256666017e+00
1.082226191572302820e+00
1.094534230975277689e+00
1.108564163300290950e+00
1.124452692107173357e+00
1.142320023286776953e+00
1.162259746560638352e+00
1.184326653753600134e+00
1.208522498653349153e+00
1.234779892700423209e+00
1.262944811253160271e+00
1.292758582390161726e+00
1.323840769513234594e+00
1.355675057928815930e+00
1.387601109448478365e+00
1.418816306719162590e+00
1.448392236271564659e+00
1.475311390980805992e+00
1.498529462830550107e+00
1.517067093054943028e+00
1.530131238662711501e+00
1.537259635247402834e+00
1.538471901500650052e+00
1.534398546254432061e+00
1.526347431662857135e+00
1.516261567049419501e+00
1.506529797184558150e+00
1.499639613308839659e+00
1.497710086767567450e+00
1.502003172421522592e+00
1.512560683062494027e+00
1.528121206674770027e+00
1.546410459600548126e+00
1.564768076012478470e+00
1.580910273163291357e+00
1.593506768139148377e+00
1.602261939184267181e+00
1.607387922738448882e+00
1.608696624424483357e+00
1.604848394679133650e+00
1.593330604678316886e+00
1.571302265770385009e+00
1.536558578660903285e+00
1.487028784762734812e+00
1.417599957880386841e+00
1.316196831740917395e+00
1.166892900913920839e+00
9.712727969443519793e-01
7.886195035748116977e-01
7.579312445612819138e-01
1.000000000000000000e+00
