1.000000000000000000e+00
7.683700160071791352e-01
7.920588974016654626e-01
9.672970130817100110e-01
1.162634709167307712e+00
1.315543026144484706e+00
1.419552392766866955e+00
1.488942325854480719e+00
1.536934554821431709e+00
1.570387602335460375e+00
1.592296660099801420e+00
1.604745797614135716e+00
1.609830931379243379e+00
1.609237582042331471e+00
1.603809462107275152e+00
1.593760995294578597e+00
1.579378029861753019e+00
1.561687514869685600e+00
1.542678085504574970e+00
1.524976693842412301e+00
1.511176776595758220e+00
1.503135572982552626e+00
1.501509443338467920e+00
1.505651518651229370e+00
1.513844000773045373e+00
1.523737909798071444e+00
1.532844936055326679e+00
1.538955134242055989e+00
1.540410923284530220e+00
1.536224207397266506e+00
1.526062640423309524e+00
1.510148876785032623e+00
1.489117295221134674e+00
1.463863478549757735e+00
1.435409305163640070e+00
1.404795124768195125e+00
1.373002055839571911e+00
1.340902218252086886e+00
1.309232128809837414e+00
1.278583718581229656e+00
1.249407729588243532e+00
1.222025057971424244e+00
1.196642574354742639e+00
1.173370871422474426e+00
1.152242173093359190e+00
1.133227263129690243e+00
1.116250761417088455e+00
1.101204415903244360e+00
1.087958313387392240e+00
1.076370067453122470e+00
1.066292137537258933e+00
1.057577485989116495e+00
1.050083802795214849e+00
1.043676530089820087e+00
1.038230907823644023e+00
1.033633243277410241e+00
1.029781584265500038e+00
1.026585951533179220e+00
1.023968261808694047e+00
1.021862050377707609e+00
1.020212081563261153e+00
1.018973917416263753e+00
1.018113499281533052e+00
1.017606783545212501e+00
1.017439461503668596e+00
1.017606783546128879e+00
1.018113499283414658e+00
1.018973917419213615e+00
1.020212081567440920e+00
1.021862050383343989e+00
1.023968261816091907e+00
1.026585951542740460e+00
1.029781584277741358e+00
1.033633243293000881e+00
1.038230907843418427e+00
1.043676530114849843e+00
1.050083802826854873e+00
1.057577486029069647e+00
1.066292137587678157e+00
1.076370067516714712e+00
1.087958313467576765e+00
1.101204416004327280e+00
1.116250761544498760e+00
1.133227263290264020e+00
1.152242173295730643e+00
1.173370871677534844e+00
1.196642574676257009e+00
1.222025058376808415e+00
1.249407730099559632e+00
1.278583719226471072e+00
1.309232129624562591e+00
1.340902219281582042e+00
1.373002057141586851e+00
1.404795126416508610e+00
1.435409307252662581e+00
1.463863481200467165e+00
1.489117298588673366e+00
1.510148881068407611e+00
1.526062645877609647e+00
1.536224214348858030e+00
1.540410932149602674e+00
1.538955145548568604e+00
1.532844950468165157e+00
1.523737928146370546e+00
1.513844024077892536e+00
1.505651548150839902e+00
1.501509480506984184e+00
1.503135619537901313e+00
1.511176834491728904e+00
1.524976765240076082e+00
1.542678172717672602e+00
1.561687620276795085e+00
1.579378155774573189e+00
1.593761143768001931e+00
1.603809634677398899e+00
1.609237779389131040e+00
1.609831152935332854e+00
1.604746041176257965e+00
1.592296921531798359e+00
1.570387875462393890e+00
1.536934831593627093e+00
1.488942596810429064e+00
1.419552647756068042e+00
1.315543255194463024e+00
1.162634903313723767e+00
9.672971649741026745e-01
7.920590015901076697e-01
7.683700689608231604e-01
1.000000000000000000e+00
