1.000000000000000000e+00
7.423940843213332474e-01
7.850369075306319333e-01
9.781790457629895297e-01
1.172638309643644794e+00
1.315960656267222584e+00
1.414028285085608960e+00
1.484284923465233330e+00
1.536476967670514338e+00
1.573192027424386685e+00
1.595413884588445796e+00
1.605580124925100272e+00
1.607455280875638381e+00
1.604633807310934746e+00
1.599288501449888100e+00
1.591880410905816445e+00
1.581788580320840021e+00
1.568373948929134398e+00
1.551884787420982459e+00
1.533797682038144261e+00
1.516520936527081309e+00
1.502678325548800098e+00
1.494318885657344165e+00
1.492352925588349866e+00
1.496365403954766027e+00
1.504794866298613698e+00
1.515354003157370233e+00
1.525529940962550457e+00
1.533026666628239498e+00
1.536068729949679135e+00
1.533544782411792706e+00
1.525012724654973617e+00
1.510609464743868147e+00
1.490911064024238009e+00
1.466780720645156411e+00
1.439229608667678573e+00
1.409303753019855332e+00
1.378001109364126675e+00
1.346217282703126017e+00
1.314715358511746590e+00
1.284114316371278042e+00
1.254890670507403883e+00
1.227388742276612765e+00
1.201835929027356586e+00
1.178360271443232188e+00
1.157008432833837919e+00
1.137762854999972317e+00
1.120557350349443482e+00
1.105290749947198004e+00
1.091838478193737139e+00
1.080062091815909175e+00
1.069816925237936145e+00
1.060958043437432385e+00
1.053344730477650648e+00
1.046843747192209628e+00
1.041331582536851874e+00
1.036695905451537669e+00
1.032836401684786187e+00
1.029665155725659975e+00
1.027106713670341120e+00
1.025097939736164809e+00
1.023587757923244190e+00
1.022536851320845486e+00
1.021917374783718913e+00
1.021712721977877214e+00
1.021917374784011789e+00
1.022536851321445672e+00
1.023587757924192765e+00
1.025097939737523944e+00
1.027106713672196747e+00
1.029665155728130221e+00
1.032836401688032035e+00
1.036695905455763622e+00
1.041331582542336376e+00
1.046843747199298624e+00
1.053344730486801994e+00
1.060958043449240495e+00
1.069816925253152196e+00
1.080062091835501503e+00
1.091838478218938979e+00
1.105290749979594089e+00
1.120557350391044205e+00
1.137762855053346289e+00
1.157008432902240314e+00
1.178360271530804138e+00
1.201835929139342563e+00
1.227388742419663892e+00
1.254890670689956522e+00
1.284114316604010764e+00
1.314715358808195900e+00
1.346217283080436200e+00
1.378001109844055661e+00
1.409303753630037015e+00
1.439229609443251068e+00
1.466780721630877471e+00
1.490911065277225500e+00
1.510609466337138773e+00
1.525012726682006381e+00
1.533544784992363796e+00
1.536068733237205386e+00
1.533026670818883552e+00
1.525529946306072526e+00
1.515354009969621218e+00
1.504794874974986429e+00
1.496365414983557240e+00
1.492352939562297642e+00
1.494318903281353528e+00
1.502678347641759338e+00
1.516520964016039974e+00
1.533797715943594042e+00
1.551884828831833874e+00
1.568373998964413651e+00
1.581788640071852159e+00
1.591880481349038146e+00
1.599288583320792156e+00
1.604633900936502044e+00
1.607455385979772444e+00
1.605580240441180528e+00
1.595414008526277350e+00
1.573192156835657052e+00
1.536477098739445601e+00
1.484285051728695404e+00
1.414028405765973773e+00
1.315960764673150152e+00
1.172638401556504117e+00
9.781791177131355930e-01
7.850369569208496268e-01
7.423941094404619134e-01
1.000000000000000000e+00
