1.000000000000000000e+00
9.936869156267352787e-01
1.012192242228146188e+00
1.061534479600487302e+00
1.136485132523432195e+00
1.226463623240586998e+00
1.319944374438991153e+00
1.407393807090472793e+00
1.482706144963864547e+00
1.543294337535648486e+00
1.589258822060165999e+00
1.622193918795831857e+00
1.644116504506118792e+00
1.656783115532878936e+00
1.661430426508710312e+00
1.658824475165791457e+00
1.649458055291655567e+00
1.633763500669445534e+00
1.612265240877549299e+00
1.585649621650915497e+00
1.554763523456323737e+00
1.520567489147990337e+00
1.484069407128570717e+00
1.446258337015294826e+00
1.408050029835470340e+00
1.370248896777077618e+00
1.333526568551987257e+00
1.298414648746221145e+00
1.265308263995463589e+00
1.234476970442481614e+00
1.206080026391705973e+00
1.180183675615677608e+00
1.156778725757260373e+00
1.135797265309782755e+00
1.117127810867918569e+00
1.100628514208823239e+00
1.086138300450122163e+00
1.073485972429226498e+00
1.062497420455818631e+00
1.053001136169557928e+00
1.044832256929600023e+00
1.037835372767548892e+00
1.031866318914847813e+00
1.026793158847823628e+00
1.022496539768016799e+00
1.018869577379515556e+00
1.015817401768203787e+00
1.013256472467491953e+00
1.011113749226575598e+00
1.009325786006592729e+00
1.007837799462253825e+00
1.006602749573089151e+00
1.005580458994596471e+00
1.004736788855985719e+00
1.004042881854564806e+00
1.003474478295351080e+00
1.003011306918925261e+00
1.002636549693880941e+00
1.002336377995560301e+00
1.002099556554597815e+00
1.001917111073453048e+00
1.001782055342326894e+00
1.001689173930096599e+00
1.001634856995581302e+00
1.001616984394425591e+00
1.001634856995581302e+00
1.001689173930096599e+00
1.001782055342326894e+00
1.001917111073453048e+00
1.002099556554597815e+00
1.002336377995560301e+00
1.002636549693880941e+00
1.003011306918925261e+00
1.003474478295351080e+00
1.004042881854564806e+00
1.004736788855985719e+00
1.005580458994596471e+00
1.006602749573089151e+00
1.007837799462253825e+00
1.009325786006592729e+00
1.011113749226575598e+00
1.013256472467491953e+00
1.015817401768204009e+00
1.018869577379515112e+00
1.022496539768016799e+00
1.026793158847823628e+00
1.031866318914847813e+00
1.037835372767548892e+00
1.044832256929600467e+00
1.053001136169558150e+00
1.062497420455818631e+00
1.073485972429226276e+00
1.086138300450122607e+00
1.100628514208822795e+00
1.117127810867918347e+00
1.135797265309782755e+00
1.156778725757258597e+00
1.180183675615677830e+00
1.206080026391705973e+00
1.234476970442481392e+00
1.265308263995464699e+00
1.298414648746219813e+00
1.333526568551988145e+00
1.370248896777076952e+00
1.408050029835470784e+00
1.446258337015294382e+00
1.484069407128570273e+00
1.520567489147991447e+00
1.554763523456324847e+00
1.585649621650914831e+00
1.612265240877549966e+00
1.633763500669444646e+00
1.649458055291654457e+00
1.658824475165790124e+00
1.661430426508708535e+00
1.656783115532879602e+00
1.644116504506119236e+00
1.622193918795830525e+00
1.589258822060164889e+00
1.543294337535646710e+00
1.482706144963864325e+00
1.407393807090470794e+00
1.319944374438990042e+00
1.226463623240586776e+00
1.136485132523431751e+00
1.061534479600485747e+00
1.012192242228144856e+00
9.936869156267331693e-01
1.000000000000000000e+00
