1.000000000000000000e+00
9.056724662277676474e-01
8.967383495043078634e-01
9.754054530985381000e-01
1.108287889935076986e+00
1.256164296568273997e+00
1.389069399702392182e+00
1.490909384139529337e+00
1.557779684158822286e+00
1.593683402605839738e+00
1.606276910444841111e+00
1.603880217682819520e+00
1.593858715068715126e+00
1.581946853536704278e+00
1.572058368158977038e+00
1.566321723287187329e+00
1.565256847720195577e+00
1.568081614044902761e+00
1.573125500351266082e+00
1.578291139223474637e+00
1.581485243780737848e+00
1.580951720458281473e+00
1.575471938597832189e+00
1.564432834013923523e+00
1.547789560079771531e+00
1.525960927021217550e+00
1.499694909478485272e+00
1.469933178410662178e+00
1.437692961039221284e+00
1.403974925207093660e+00
1.369698746372875364e+00
1.335663733289742083e+00
1.302529854605964932e+00
1.270814009478401507e+00
1.240896773407196951e+00
1.213035647880968071e+00
1.187381745442451786e+00
1.163997684539635591e+00
1.142875178025529515e+00
1.123951357482288138e+00
1.107123293054420587e+00
1.092260467211294772e+00
1.079215165277307875e+00
1.067830878130487937e+00
1.057948892001942420e+00
1.049413281785071428e+00
1.042074539224437046e+00
1.035792064505103305e+00
1.030435735570669253e+00
1.025886748692759198e+00
1.022037899795317895e+00
1.018793451184450083e+00
1.016068704254628141e+00
1.013789376453544611e+00
1.011890860873685405e+00
1.010317429561204516e+00
1.009021427030260210e+00
1.007962488428985282e+00
1.007106807113082647e+00
1.006426468782798622e+00
1.005898863546555333e+00
1.005506183006692256e+00
1.005235006450839741e+00
1.005075978227381261e+00
1.005023577161612724e+00
1.005075978227929934e+00
1.005235006451967061e+00
1.005506183008456400e+00
1.005898863549045341e+00
1.006426468786144612e+00
1.007106807117456482e+00
1.007962488434610560e+00
1.009021427037421148e+00
1.010317429570267489e+00
1.011890860885106713e+00
1.013789376467899572e+00
1.016068704272639955e+00
1.018793451207021139e+00
1.022037899823576845e+00
1.025886748728118469e+00
1.030435735614894321e+00
1.035792064560401959e+00
1.042074539293574853e+00
1.049413281871510062e+00
1.057948892110025296e+00
1.067830878265670025e+00
1.079215165446448355e+00
1.092260467423038506e+00
1.107123293319683066e+00
1.123951357814876983e+00
1.142875178442954720e+00
1.163997685064152465e+00
1.187381746102410762e+00
1.213035648712564640e+00
1.240896774456737850e+00
1.270814010805233485e+00
1.302529856286226639e+00
1.335663735421190212e+00
1.369698749080953570e+00
1.403974928652580667e+00
1.437692965427614933e+00
1.469933184003474613e+00
1.499694916606453488e+00
1.525960936099069354e+00
1.547789571621798643e+00
1.564432848648898977e+00
1.575471957081019614e+00
1.580951743677366350e+00
1.581485272751709026e+00
1.578291175072011887e+00
1.573125544275185250e+00
1.568081667253906408e+00
1.565256911350391356e+00
1.566321798289572520e+00
1.572058455163551249e+00
1.581946952697756537e+00
1.593858825903072596e+00
1.603880338921716442e+00
1.606277039929376871e+00
1.593683537261398442e+00
1.557779820079834510e+00
1.490909516799145740e+00
1.389069524273685463e+00
1.256164408310118441e+00
1.108287984568824935e+00
9.754055270967402214e-01
8.967384002427697398e-01
9.056724920083064623e-01
1.000000000000000000e+00
