1.000000000000000000e+00
7.713893756795039414e-01
7.925608449613614770e-01
9.649426370887316251e-01
1.159661825909626076e+00
1.313371945659691287e+00
1.418075522861077520e+00
1.487435268953170908e+00
1.534963366642843496e+00
1.568060075279787302e+00
1.590023140851849481e+00
1.602890012130510300e+00
1.608495351142809282e+00
1.608245400174460160e+00
1.602833859159183527e+00
1.592508957173431439e+00
1.577738103974341222e+00
1.559784445019888555e+00
1.540825663780204025e+00
1.523562029661524209e+00
1.510528737170183433e+00
1.503424877760300093e+00
1.502706515392272291e+00
1.507543321001366898e+00
1.516092705841030952e+00
1.525956725361399924e+00
1.534668751147933330e+00
1.540091742004979336e+00
1.540667835393183305e+00
1.535513284057758998e+00
1.524388675279953365e+00
1.507589204527451043e+00
1.485798483949015036e+00
1.459939336348791361e+00
1.431042568053283892e+00
1.400143714848909315e+00
1.368209820098890805e+00
1.336093525825982065e+00
1.304509497525904171e+00
1.274027637817317427e+00
1.245077948876196050e+00
1.217962753894178851e+00
1.192872953663391078e+00
1.169905896793529854e+00
1.149083202534912695e+00
1.130367474416770879e+00
1.113677291931494118e+00
1.098900189776643721e+00
1.085903555784248242e+00
1.074543523575138604e+00
1.064672024247038662e+00
1.056142208996126985e+00
1.048812473764155984e+00
1.042549317046848723e+00
1.037229249752801286e+00
1.032739956473237131e+00
1.028980884304733889e+00
1.025863410972335688e+00
1.023310720121379136e+00
1.021257489351904413e+00
1.019649476462333393e+00
1.018443071704564717e+00
1.017604868635271886e+00
1.017111293203557754e+00
1.016948319747489116e+00
1.017111293203443845e+00
1.017604868635040294e+00
1.018443071704207670e+00
1.019649476461841564e+00
1.021257489351264924e+00
1.023310720120572004e+00
1.025863410971342926e+00
1.028980884303532184e+00
1.032739956471810272e+00
1.037229249751117521e+00
1.042549317044890289e+00
1.048812473761908004e+00
1.056142208993575249e+00
1.064672024244178283e+00
1.074543523571966697e+00
1.085903555780778129e+00
1.098900189772892944e+00
1.113677291927484658e+00
1.130367474412507400e+00
1.149083202530378767e+00
1.169905896788636435e+00
1.192872953657932555e+00
1.217962753887742666e+00
1.245077948868032580e+00
1.274027637806148361e+00
1.304509497509630744e+00
1.336093525801327786e+00
1.368209820060846349e+00
1.400143714790028859e+00
1.431042567962758971e+00
1.459939336211301120e+00
1.485798483743322684e+00
1.507589204224831336e+00
1.524388674842522384e+00
1.535513283436934717e+00
1.540667834528556490e+00
1.540091740823857247e+00
1.534668749565907264e+00
1.525956723283840688e+00
1.516092703165093480e+00
1.507543317617327183e+00
1.502706511182511750e+00
1.503424872594276707e+00
1.510528730894884708e+00
1.523562022089443690e+00
1.540825654680199275e+00
1.559784434118656860e+00
1.577738090975442820e+00
1.592508941795432120e+00
1.602833841186122488e+00
1.608245379505577777e+00
1.608495327829919219e+00
1.602889986401103695e+00
1.590023113125409226e+00
1.568060046182540912e+00
1.534963337012345219e+00
1.487435239814246968e+00
1.418075495362397964e+00
1.313371920974239826e+00
1.159661805106823040e+00
9.649426209976892377e-01
7.925608340838643517e-01
7.713893702204793756e-01
1.000000000000000000e+00
