1.000000000000000000e+00
7.485082666535280982e-01
7.862413997695354428e-01
9.753616166869299997e-01
1.170499527712633547e+00
1.316231581311939625e+00
1.415514281855470902e+00
1.485351021234220914e+00
1.536479959395346429e+00
1.572441694047106875e+00
1.594585820043699309e+00
1.605251093999483958e+00
1.607881989611573026e+00
1.605689873816618540e+00
1.600520207179735754e+00
1.592683035615836795e+00
1.581660238206436642e+00
1.567143167244143598e+00
1.549807687975152559e+00
1.531484884436943972e+00
1.514734830062649085e+00
1.502090107492571880e+00
1.495315028259492474e+00
1.494945241049955076e+00
1.500212331416740597e+00
1.509305042760991755e+00
1.519826653956942497e+00
1.529289301562258618e+00
1.535522093926653842e+00
1.536929581733441186e+00
1.532593144178836297e+00
1.522244971074027342e+00
1.506159831270177829e+00
1.485008780069950740e+00
1.459708917690634822e+00
1.431290716751435932e+00
1.400793268575557082e+00
1.369189712793079439e+00
1.337340224279290224e+00
1.305967598450501255e+00
1.275649869136165515e+00
1.246824779379469117e+00
1.219801771114197519e+00
1.194778128500924907e+00
1.171856818516795684e+00
1.151064340167519795e+00
1.132367499791875787e+00
1.115688484792661583e+00
1.100917935083729260e+00
1.087925936742464295e+00
1.076571009922335564e+00
1.066707253270034128e+00
1.058189856035506970e+00
1.050879209183680718e+00
1.044643847475889009e+00
1.039362442627021155e+00
1.034925048327196562e+00
1.031233774775023093e+00
1.028203045937730487e+00
1.025759568730891580e+00
1.023842120762757713e+00
1.022401242802529975e+00
1.021398903939578107e+00
1.020808191471923143e+00
1.020613063681341526e+00
1.020808191472333704e+00
1.021398903940420988e+00
1.022401242803856913e+00
1.023842120764650643e+00
1.025759568733461080e+00
1.028203045941132210e+00
1.031233774779462653e+00
1.034925048332938191e+00
1.039362442634415240e+00
1.044643847485375199e+00
1.050879209195834774e+00
1.058189856051064526e+00
1.066707253289926216e+00
1.076571009947756119e+00
1.087925936774924995e+00
1.100917935125162117e+00
1.115688484845511308e+00
1.132367499859255222e+00
1.151064340253362239e+00
1.171856818626097807e+00
1.194778128640003434e+00
1.219801771291057602e+00
1.246824779604257083e+00
1.275649869421733307e+00
1.305967598813143171e+00
1.337340224739670180e+00
1.369189713377456430e+00
1.400793269317329059e+00
1.431290717693141978e+00
1.459708918886547746e+00
1.485008781589432170e+00
1.506159833201993870e+00
1.522244973531894807e+00
1.532593147308484838e+00
1.536929585721458436e+00
1.535522099011404462e+00
1.529289308046872797e+00
1.519826662224247116e+00
1.509305053289645704e+00
1.500212344797369202e+00
1.494945257999318322e+00
1.495315049630326243e+00
1.502090134276504507e+00
1.514734863383870644e+00
1.531484925534683850e+00
1.549807738172872762e+00
1.567143227901738545e+00
1.581660310648407286e+00
1.592683121024792703e+00
1.600520306444448870e+00
1.605689987331920365e+00
1.607882117045571047e+00
1.605251234066926269e+00
1.594585970341285464e+00
1.572441851005931257e+00
1.536480118386864380e+00
1.485351176837937270e+00
1.415514428266647862e+00
1.316231712830765455e+00
1.170499639213972154e+00
9.753617039581375936e-01
7.862414596648279463e-01
7.485082971098312443e-01
1.000000000000000000e+00
