1.000000000000000000e+00
7.668404532810408902e-01
7.915023195032223624e-01
9.678406642364048018e-01
1.163275126935082948e+00
1.315685158121876697e+00
1.419300095216253554e+00
1.488665821302198378e+00
1.536860546759296842e+00
1.570492998187202671e+00
1.592418993399510319e+00
1.604738212738749947e+00
1.609656952241395933e+00
1.608980918542740612e+00
1.603619691017457827e+00
1.593773595748391836e+00
1.579647681078979238e+00
1.562160917234697299e+00
1.543212207683567483e+00
1.525389334218106407e+00
1.511306407980400612e+00
1.502888666323443090e+00
1.500882468770912581e+00
1.504726009894735261e+00
1.512761738030830694e+00
1.522667174803047585e+00
1.531948138531590509e+00
1.538364650763320407e+00
1.540215809712940809e+00
1.536467072890287167e+00
1.526744053701832859e+00
1.511236134079589011e+00
1.490554760971009030e+00
1.465582510435412988e+00
1.437336618947510747e+00
1.406859139073869835e+00
1.375137218857229282e+00
1.343051576041275341e+00
1.311348500602315115e+00
1.280629853804769569e+00
1.251355779122045764e+00
1.223855629171214821e+00
1.198343574006022649e+00
1.174936282327314840e+00
1.153670862065848013e+00
1.134521881142869892e+00
1.117416769338555937e+00
1.102249249953860977e+00
1.088890691405941968e+00
1.077199428703793815e+00
1.067028203890412863e+00
1.058229929846438155e+00
1.050662006361178014e+00
1.044189420946151969e+00
1.038686856824569071e+00
1.034040012247493978e+00
1.030146312632355565e+00
1.026915172713398272e+00
1.024267941785937941e+00
1.022137642402658697e+00
1.020468592228811033e+00
1.019215980499783569e+00
1.018345454694012275e+00
1.017832759487216521e+00
1.017663458507249041e+00
1.017832759488083605e+00
1.018345454695792407e+00
1.019215980502574670e+00
1.020468592232766980e+00
1.022137642407995317e+00
1.024267941792945225e+00
1.026915172722457914e+00
1.030146312643960282e+00
1.034040012262281483e+00
1.038686856843334727e+00
1.044189420969918514e+00
1.050662006391239078e+00
1.058229929884419995e+00
1.067028203938373165e+00
1.077199428764321176e+00
1.088890691482307771e+00
1.102249250050186813e+00
1.117416769460039427e+00
1.134521881296058021e+00
1.153670862259011498e+00
1.174936282570888002e+00
1.198343574313194715e+00
1.223855629558673108e+00
1.251355779610928920e+00
1.280629854421896585e+00
1.311348501381747189e+00
1.343051577026384669e+00
1.375137220103311186e+00
1.406859140651552265e+00
1.437336620947148758e+00
1.465582512972764873e+00
1.490554764194494952e+00
1.511236138179570254e+00
1.526744058922300695e+00
1.536467079543411662e+00
1.540215818196843278e+00
1.538364661583110138e+00
1.531948152323490131e+00
1.522667192360592336e+00
1.512761760331408301e+00
1.504726038123656906e+00
1.500882504339298373e+00
1.502888710875546874e+00
1.511306463385787335e+00
1.525389402544107043e+00
1.543212291143004844e+00
1.562161018102101950e+00
1.579647801565056131e+00
1.593773737818800385e+00
1.603619856142284972e+00
1.608981107373297359e+00
1.609657164234987503e+00
1.604738445786213941e+00
1.592419243541107976e+00
1.570493259512320661e+00
1.536860811564656037e+00
1.488666080535423708e+00
1.419300339167419045e+00
1.315685377252725718e+00
1.163275312672669370e+00
9.678408095512378573e-01
7.915024191818259558e-01
7.668405039436024806e-01
1.000000000000000000e+00
