1.000000000000000000e+00
1.042793751865249030e+00
1.085036938900291181e+00
1.125883438865352915e+00
1.164219572960948357e+00
1.198782444344803633e+00
1.228331368340420449e+00
1.251827603566957992e+00
1.268580417026896168e+00
1.278330583826074340e+00
1.281261299775607432e+00
1.277944735473616866e+00
1.269244796857171398e+00
1.256200929377605746e+00
1.239915070516116158e+00
1.221457040549631445e+00
1.201795884337406362e+00
1.181758142579218962e+00
1.162009715861129777e+00
1.143055889053739671e+00
1.125253683196664856e+00
1.108831338007089773e+00
1.093910835931919623e+00
1.080530570937080270e+00
1.068666325464847189e+00
1.058249557468439628e+00
1.049182604789216544e+00
1.041350814964161930e+00
1.034631848128859444e+00
1.028902522813806231e+00
1.024043616833603787e+00
1.019943027685144221e+00
1.016497660525185864e+00
1.013614361820279530e+00
1.011210162872929530e+00
1.009212045519102929e+00
1.007556395575918140e+00
1.006188269518176304e+00
1.005060566670813449e+00
1.004133172548931974e+00
1.003372118137969338e+00
1.002748784024082518e+00
1.002239166487035149e+00
1.001823214143981344e+00
1.001484237769213470e+00
1.001208391908631867e+00
1.000984224364004804e+00
1.000802288145540508e+00
1.000654809773265042e+00
1.000535407611862881e+00
1.000438854073067985e+00
1.000360875884112932e+00
1.000297987107335862e+00
1.000247350139160663e+00
1.000206660472658049e+00
1.000174051547995102e+00
1.000148016522323102e+00
1.000127344255660855e+00
1.000111067228627970e+00
1.000098419481340928e+00
1.000088802993116532e+00
1.000081761213543086e+00
1.000076958712069031e+00
1.000074166140528353e+00
1.000073249906505035e+00
1.000074166140528353e+00
1.000076958712069031e+00
1.000081761213543086e+00
1.000088802993116532e+00
1.000098419481340928e+00
1.000111067228627970e+00
1.000127344255660855e+00
1.000148016522323102e+00
1.000174051547995102e+00
1.000206660472658049e+00
1.000247350139160663e+00
1.000297987107335862e+00
1.000360875884112932e+00
1.000438854073067985e+00
1.000535407611862881e+00
1.000654809773265042e+00
1.000802288145540508e+00
1.000984224364004804e+00
1.001208391908631867e+00
1.001484237769213470e+00
1.001823214143981344e+00
1.002239166487035149e+00
1.002748784024082518e+00
1.003372118137969338e+00
1.004133172548931974e+00
1.005060566670813449e+00
1.006188269518176304e+00
1.007556395575918140e+00
1.009212045519102929e+00
1.011210162872929308e+00
1.013614361820279530e+00
1.016497660525185864e+00
1.019943027685144221e+00
1.024043616833603787e+00
1.028902522813806009e+00
1.034631848128859444e+00
1.041350814964161708e+00
1.049182604789216766e+00
1.058249557468439406e+00
1.068666325464847189e+00
1.080530570937080048e+00
1.093910835931919401e+00
1.108831338007090217e+00
1.125253683196664634e+00
1.143055889053739449e+00
1.162009715861129777e+00
1.181758142579219184e+00
1.201795884337405695e+00
1.221457040549630557e+00
1.239915070516115270e+00
1.256200929377605524e+00
1.269244796857170510e+00
1.277944735473615756e+00
1.281261299775606988e+00
1.278330583826073230e+00
1.268580417026894835e+00
1.251827603566957103e+00
1.228331368340419782e+00
1.198782444344803855e+00
1.164219572960947247e+00
1.125883438865352248e+00
1.085036938900291403e+00
1.042793751865248808e+00
1.000000000000000000e+00
