1.000000000000000000e+00
1.040258134488976083e+00
1.079990584936890929e+00
1.118399996080884584e+00
1.154442700154648005e+00
1.186938068850460493e+00
1.214727147095590487e+00
1.236839105156607443e+00
1.252626780073135659e+00
1.261844610586218218e+00
1.264659566573146599e+00
1.261602415406509747e+00
1.253478065419716403e+00
1.241257799553775465e+00
1.225973868527870936e+00
1.208630764953882997e+00
1.190140378132110932e+00
1.171282169192936928e+00
1.152685441696336577e+00
1.134828753787805233e+00
1.118051069969300704e+00
1.102569788285454822e+00
1.088501780912401795e+00
1.075884688082672680e+00
1.064696698100943362e+00
1.054873839372958866e+00
1.046324388151501639e+00
1.038940381649320344e+00
1.032606459208202709e+00
1.027206374870550665e+00
1.022627568443480239e+00
1.018764177085155653e+00
1.015518836335705943e+00
1.012803572800345053e+00
1.010540039832792836e+00
1.008659298336708865e+00
1.007101300376210817e+00
1.005814195093899910e+00
1.004753544798451914e+00
1.003881513671746717e+00
1.003166071681669935e+00
1.002580241154507501e+00
1.002101402228296134e+00
1.001710665300654224e+00
1.001392312919057170e+00
1.001133309761119472e+00
1.000922876944460027e+00
1.000752125512497592e+00
1.000613743269462841e+00
1.000501728959840797e+00
1.000411167935908452e+00
1.000338043808204125e+00
1.000279081039565865e+00
1.000231613961630517e+00
1.000193478222116905e+00
1.000162921184752030e+00
1.000138528285390516e+00
1.000119162788978500e+00
1.000103916789425007e+00
1.000092071648056358e+00
1.000083066378891106e+00
1.000076472764045654e+00
1.000071976224989001e+00
1.000069361689967407e+00
1.000068503889945948e+00
1.000069361689967407e+00
1.000071976224989001e+00
1.000076472764045654e+00
1.000083066378891106e+00
1.000092071648056358e+00
1.000103916789425007e+00
1.000119162788978500e+00
1.000138528285390516e+00
1.000162921184752030e+00
1.000193478222116905e+00
1.000231613961630517e+00
1.000279081039565865e+00
1.000338043808204125e+00
1.000411167935908452e+00
1.000501728959840797e+00
1.000613743269462841e+00
1.000752125512497592e+00
1.000922876944460027e+00
1.001133309761119472e+00
1.001392312919057170e+00
1.001710665300654224e+00
1.002101402228296134e+00
1.002580241154507501e+00
1.003166071681669935e+00
1.003881513671746717e+00
1.004753544798451914e+00
1.005814195093899910e+00
1.007101300376210817e+00
1.008659298336708865e+00
1.010540039832792614e+00
1.012803572800345053e+00
1.015518836335705943e+00
1.018764177085155653e+00
1.022627568443480239e+00
1.027206374870550443e+00
1.032606459208202709e+00
1.038940381649320122e+00
1.046324388151501861e+00
1.054873839372958644e+00
1.064696698100943362e+00
1.075884688082672458e+00
1.088501780912401573e+00
1.102569788285455266e+00
1.118051069969300260e+00
1.134828753787805011e+00
1.152685441696336577e+00
1.171282169192937150e+00
1.190140378132110266e+00
1.208630764953882109e+00
1.225973868527870048e+00
1.241257799553775243e+00
1.253478065419715515e+00
1.261602415406508637e+00
1.264659566573146154e+00
1.261844610586217108e+00
1.252626780073134549e+00
1.236839105156606333e+00
1.214727147095590043e+00
1.186938068850460715e+00
1.154442700154646895e+00
1.118399996080883918e+00
1.079990584936891151e+00
1.040258134488975861e+00
1.000000000000000000e+00
