1.000000000000000000e+00
8.983197584078709275e-01
8.882886735301284142e-01
9.704385345512460681e-01
1.107825917421801698e+00
1.258772571058241363e+00
1.392674214483208273e+00
1.494074667051352501e+00
1.560074892453821027e+00
1.595370477372704654e+00
1.607765426767441275e+00
1.605318152634653606e+00
1.595011883848146406e+00
1.582328807655738467e+00
1.571177349508770416e+00
1.563908841086605994e+00
1.561390733715180668e+00
1.563188201246193731e+00
1.567880017230808054e+00
1.573472222224053585e+00
1.577830331921978191e+00
1.579047599538288882e+00
1.575694691399110559e+00
1.566935099413768073e+00
1.552523339934166913e+00
1.532721109550703398e+00
1.508170188286422908e+00
1.479754745750999634e+00
1.448475390552391717e+00
1.415346992904267021e+00
1.381324213267860923e+00
1.347253392365354241e+00
1.313846672906342716e+00
1.281673243256909567e+00
1.251162722662551241e+00
1.222616400134892478e+00
1.196222929621221454e+00
1.172075961500485874e+00
1.150191952882358093e+00
1.130527012408222953e+00
1.112992101808538470e+00
1.097466255584005124e+00
1.083807716153292189e+00
1.071863038143166857e+00
1.061474312415714438e+00
1.052484714280443212e+00
1.044742603849146523e+00
1.038104409320881105e+00
1.032436513348871543e+00
1.027616343848288594e+00
1.023532847494290188e+00
1.020086499451312356e+00
1.017188978429337309e+00
1.014762613192568441e+00
1.012739685876778317e+00
1.011061659269789192e+00
1.009678379685896799e+00
1.008547294152863261e+00
1.007632710149618083e+00
1.006905117836863539e+00
1.006340588333252573e+00
1.005920256820519887e+00
1.005629895835019161e+00
1.005459581760383969e+00
1.005403456039949850e+00
1.005459581761657173e+00
1.005629895837631516e+00
1.005920256824606174e+00
1.006340588339019737e+00
1.006905117844608011e+00
1.007632710159734213e+00
1.008547294165864416e+00
1.009678379702436679e+00
1.011061659290701353e+00
1.012739685903109477e+00
1.014762613225631105e+00
1.017188978470777938e+00
1.020086499503182420e+00
1.023532847559153636e+00
1.027616343929344644e+00
1.032436513450112114e+00
1.038104409447287546e+00
1.044742604006942299e+00
1.052484714477402550e+00
1.061474312661563557e+00
1.071863038450088679e+00
1.083807716536563381e+00
1.097466256062819445e+00
1.112992102407054151e+00
1.130527013156903848e+00
1.150191953819706736e+00
1.172075962675273031e+00
1.196222931095365816e+00
1.222616401987176804e+00
1.251162724993423403e+00
1.281673246194672711e+00
1.313846676615078701e+00
1.347253397055071078e+00
1.381324219207284987e+00
1.415347000436892655e+00
1.448475400116200129e+00
1.479754757902211448e+00
1.508170203727295933e+00
1.532721129160738993e+00
1.552523364803224171e+00
1.566935130874204329e+00
1.575694731052427633e+00
1.579047649269898157e+00
1.577830393895947925e+00
1.573472298848528128e+00
1.567880111084435146e+00
1.563188314956744707e+00
1.561390869783412461e+00
1.563909001651452524e+00
1.571177536054846335e+00
1.582329020672612607e+00
1.595012122465127469e+00
1.605318414275399119e+00
1.607765706891448598e+00
1.595370769386024623e+00
1.560075187866606816e+00
1.494074955925370540e+00
1.392674486148088864e+00
1.258772814992752398e+00
1.107826124125161238e+00
9.704386962122310001e-01
8.882887843716411602e-01
8.983198147205534445e-01
1.000000000000000000e+00
