1.000000000000000000e+00
8.653337258370596974e-01
8.547618533568379640e-01
9.563853912609037167e-01
1.113372680564326478e+00
1.272946638743918779e+00
1.404221489484850816e+00
1.497637221696808574e+00
1.556787445608968978e+00
1.590003263779298903e+00
1.605143997249314003e+00
1.607868921316456534e+00
1.602041548906216528e+00
1.590739645478493891e+00
1.576924086414570381e+00
1.563501666092583786e+00
1.552961187932060838e+00
1.546911435527199563e+00
1.545790268223612207e+00
1.548864907367465849e+00
1.554499026661315897e+00
1.560574118528835763e+00
1.564931576520762313e+00
1.565731017352843146e+00
1.561671610912446218e+00
1.552071959690618952e+00
1.536836524317446218e+00
1.516349977511398661e+00
1.491339534378912646e+00
1.462735958364272282e+00
1.431552375900717600e+00
1.398789840951013108e+00
1.365371261799388281e+00
1.332100918081716490e+00
1.299644755586057077e+00
1.268526176968705066e+00
1.239132470647571482e+00
1.211727847793310442e+00
1.186469982193060435e+00
1.163427804917133157e+00
1.142599024163517996e+00
1.123926404285040537e+00
1.107312258562887841e+00
1.092630910723660698e+00
1.079739085541859378e+00
1.068484321941026272e+00
1.058711581840253046e+00
1.050268269684005329e+00
1.043007892746789622e+00
1.036792589657399732e+00
1.031494740617805217e+00
1.026997852229458275e+00
1.023196886078833856e+00
1.019998175646628091e+00
1.017319052289787695e+00
1.015087279014697863e+00
1.013240371090960323e+00
1.011724865506861804e+00
1.010495586874309293e+00
1.009514945533960706e+00
1.008752294075940137e+00
1.008183361007835677e+00
1.007789774575007291e+00
1.007558685467669912e+00
1.007482494042913457e+00
1.007558685466192205e+00
1.007789774571977270e+00
1.008183361003104572e+00
1.008752294069265698e+00
1.009514945525014085e+00
1.010495586862643513e+00
1.011724865491901992e+00
1.013240371071968848e+00
1.015087278990750130e+00
1.017319052259716639e+00
1.019998175608979762e+00
1.023196886031802810e+00
1.026997852170794090e+00
1.031494740544719235e+00
1.036792589566429834e+00
1.043007892633649014e+00
1.050268269543377819e+00
1.058711581665550572e+00
1.068484321724082919e+00
1.079739085272545251e+00
1.092630910389404963e+00
1.107312258148081208e+00
1.123926403770276528e+00
1.142599023524648150e+00
1.163427804124059994e+00
1.186469981208216229e+00
1.211727846569737865e+00
1.239132469126466463e+00
1.268526175076305940e+00
1.299644753229678873e+00
1.332100915144735387e+00
1.365371258134856491e+00
1.398789836373644624e+00
1.431552370176808697e+00
1.462735951199231277e+00
1.491339525401979449e+00
1.516349966257253490e+00
1.536836510204645734e+00
1.552071941997086535e+00
1.561671588748932304e+00
1.565730989636099579e+00
1.564931541949414529e+00
1.560574075566438346e+00
1.554498973532661976e+00
1.548864842075815540e+00
1.545790188597512715e+00
1.546911339305905075e+00
1.552961072897691475e+00
1.563501530255329008e+00
1.576923928253907370e+00
1.590739464238285716e+00
1.602041344932319644e+00
1.607868696409510578e+00
1.605143754980423498e+00
1.590003009685756918e+00
1.556787187164487607e+00
1.497636967959304899e+00
1.404221250389521058e+00
1.272946424131953913e+00
1.113372499174890118e+00
9.563852499780890470e-01
8.547617569201108045e-01
8.653336770131543343e-01
1.000000000000000000e+00
