1.000000000000000000e+00
8.885728332718574318e-01
8.775770523177329752e-01
9.647632591828442239e-01
1.108000863061419095e+00
1.262327471983405891e+00
1.396602876241799462e+00
1.496611848502198416e+00
1.561067783903779871e+00
1.595670362305508183e+00
1.608335582337842240e+00
1.606591004489970942e+00
1.596701708419862475e+00
1.583633015337345240e+00
1.571167895893124333e+00
1.561912168318457805e+00
1.557224627059522915e+00
1.557212750100295251e+00
1.560891387803294172e+00
1.566506286926371283e+00
1.571948580718050437e+00
1.575160342175974115e+00
1.574449825085582511e+00
1.568675985469416112e+00
1.557302874418162730e+00
1.540352061768200720e+00
1.518292191750478137e+00
1.491902701970327039e+00
1.462139638516882778e+00
1.430020606854620180e+00
1.396536442949026124e+00
1.362590478459662080e+00
1.328962330380787149e+00
1.296291378659089277e+00
1.265074770477474075e+00
1.235675271924032259e+00
1.208335122102040859e+00
1.183192950270220312e+00
1.160301644396707799e+00
1.139645747518844399e+00
1.121157494746656935e+00
1.104731001929049494e+00
1.090234399946570898e+00
1.077519900756582993e+00
1.066431904718034174e+00
1.056813331622169283e+00
1.048510394683231928e+00
1.041376048570201718e+00
1.035272337714311819e+00
1.030071855775219758e+00
1.025658505790263408e+00
1.021927726386348434e+00
1.018786324746872252e+00
1.016152033297250901e+00
1.013952885243927016e+00
1.012126484697378981e+00
1.010619230352330700e+00
1.009385537597307092e+00
1.008387092348817182e+00
1.007592160631868072e+00
1.006974970690544868e+00
1.006515178922731346e+00
1.006197426906127124e+00
1.006010993944310483e+00
1.005949547658262055e+00
1.006010993945121168e+00
1.006197426907791126e+00
1.006515178925336818e+00
1.006974970694223481e+00
1.007592160636811895e+00
1.008387092355280901e+00
1.009385537605623995e+00
1.010619230362922893e+00
1.012126484710789809e+00
1.013952885260837711e+00
1.016152033318517667e+00
1.018786324773576224e+00
1.021927726419836535e+00
1.025658505832228728e+00
1.030071855827780825e+00
1.035272337780127616e+00
1.041376048652606912e+00
1.048510394786413391e+00
1.056813331751392138e+00
1.066431904879930892e+00
1.077519900959521326e+00
1.090234400201131493e+00
1.104731002248640515e+00
1.121157495148314309e+00
1.139645748024261662e+00
1.160301645033587015e+00
1.183192951074031107e+00
1.208335123118312371e+00
1.235675273211341185e+00
1.265074772111335122e+00
1.296291380737015553e+00
1.328962333028789633e+00
1.362590481840618484e+00
1.396536447273235337e+00
1.430020612393035240e+00
1.462139645617305472e+00
1.491902711076757093e+00
1.518292203425475106e+00
1.540352076717515395e+00
1.557302893516144371e+00
1.568676009782594027e+00
1.574449855890631245e+00
1.575160380967109974e+00
1.571948629198000269e+00
1.566506346974804176e+00
1.560891461416720860e+00
1.557212839298024232e+00
1.557224733750627976e+00
1.561912294125254563e+00
1.571168041928783676e+00
1.583633181941905166e+00
1.596701894872842864e+00
1.606591208738580745e+00
1.608335800800514415e+00
1.595670589819198293e+00
1.561068013869541637e+00
1.496612073246154528e+00
1.396603087559157519e+00
1.262327661785013655e+00
1.108001024007050583e+00
9.647633851776649117e-01
8.775771387897578490e-01
8.885728772363442607e-01
1.000000000000000000e+00
