1.000000000000000000e+00
1.065617345050525966e+00
1.134539245391181339e+00
1.207469550504084443e+00
1.283040621484673238e+00
1.358403468159174787e+00
1.429890300085934207e+00
1.493705285096513347e+00
1.546548148205585838e+00
1.586069573107606434e+00
1.611097552915566000e+00
1.621634768388607206e+00
1.618679195438583518e+00
1.603945666318733920e+00
1.579563755845396988e+00
1.547807103238072246e+00
1.510883692521605148e+00
1.470794791745920538e+00
1.429256043312350233e+00
1.387667444993889942e+00
1.347117594096362225e+00
1.308409234244110264e+00
1.272096019723878646e+00
1.238523378853338741e+00
1.207868879714800059e+00
1.180179416649082880e+00
1.155403877173297289e+00
1.133420826555155303e+00
1.114061283526239121e+00
1.097126961518365418e+00
1.082404496573943664e+00
1.069676233447479419e+00
1.058728134360857887e+00
1.049355335749376561e+00
1.041365823159369208e+00
1.034582633121844175e+00
1.028844929290638976e+00
1.024008241872806702e+00
1.019944106298454445e+00
1.016539290083551261e+00
1.013694756201305225e+00
1.011324476855507415e+00
1.009354182948058565e+00
1.007720111207964564e+00
1.006367792281714024e+00
1.005250908433895862e+00
1.004330238249186769e+00
1.003572697278601433e+00
1.002950477408615981e+00
1.002440283388982056e+00
1.002022662037539202e+00
1.001681417815870612e+00
1.001403107465264286e+00
1.001176605987585955e+00
1.000992736276531625e+00
1.000843955015827236e+00
1.000724087959939723e+00
1.000628108323239340e+00
1.000551952670644340e+00
1.000492369388158220e+00
1.000446795490147700e+00
1.000413258176388043e+00
1.000390298178079673e+00
1.000376912525361872e+00
1.000372514931557433e+00
1.000376912525361872e+00
1.000390298178079673e+00
1.000413258176388043e+00
1.000446795490147700e+00
1.000492369388158220e+00
1.000551952670644340e+00
1.000628108323239340e+00
1.000724087959939723e+00
1.000843955015827236e+00
1.000992736276531625e+00
1.001176605987585955e+00
1.001403107465264286e+00
1.001681417815870612e+00
1.002022662037539202e+00
1.002440283388982056e+00
1.002950477408615981e+00
1.003572697278601433e+00
1.004330238249186769e+00
1.005250908433895862e+00
1.006367792281714024e+00
1.007720111207964564e+00
1.009354182948058565e+00
1.011324476855507193e+00
1.013694756201305225e+00
1.016539290083551483e+00
1.019944106298454445e+00
1.024008241872806702e+00
1.028844929290638754e+00
1.034582633121843953e+00
1.041365823159368986e+00
1.049355335749376339e+00
1.058728134360857220e+00
1.069676233447479419e+00
1.082404496573943442e+00
1.097126961518365196e+00
1.114061283526239565e+00
1.133420826555154859e+00
1.155403877173297733e+00
1.180179416649082880e+00
1.207868879714800059e+00
1.238523378853338741e+00
1.272096019723878202e+00
1.308409234244111374e+00
1.347117594096362003e+00
1.387667444993889720e+00
1.429256043312350677e+00
1.470794791745920094e+00
1.510883692521605592e+00
1.547807103238072024e+00
1.579563755845395656e+00
1.603945666318735030e+00
1.618679195438584184e+00
1.621634768388606096e+00
1.611097552915565112e+00
1.586069573107605990e+00
1.546548148205585616e+00
1.493705285096511792e+00
1.429890300085933541e+00
1.358403468159175453e+00
1.283040621484673682e+00
1.207469550504083555e+00
1.134539245391180673e+00
1.065617345050525300e+00
1.000000000000000000e+00
