1.000000000000000000e+00
7.956756930650908943e-01
8.048258150893973228e-01
9.598551678679927424e-01
1.150261259379771417e+00
1.309883191062787278e+00
1.421315222680121559e+00
1.493103517498600485e+00
1.539428897027047327e+00
1.570684698106956656e+00
1.592186433787165623e+00
1.605943085667079107e+00
1.612441785439656439e+00
1.611722653049054932e+00
1.604030372258813619e+00
1.590290116787054897e+00
1.572359326629283904e+00
1.552916179903391480e+00
1.534979409620243374e+00
1.521233755201504279e+00
1.513416004538016058e+00
1.511967610051682342e+00
1.516033671032737562e+00
1.523758715143734621e+00
1.532749292470764191e+00
1.540557296672261378e+00
1.545071622583572779e+00
1.544761442552962771e+00
1.538766684093994641e+00
1.526865889226698858e+00
1.509365825549996432e+00
1.486955742732882779e+00
1.460559194579970965e+00
1.431204033373125739e+00
1.399920331213477143e+00
1.367668164432417344e+00
1.335292497727800676e+00
1.303500191524921581e+00
1.272853614081907336e+00
1.243775753458295608e+00
1.216562574930508456e+00
1.191399331205157841e+00
1.168378429492421322e+00
1.147517214176728029e+00
1.128774617893519183e+00
1.112066078574475370e+00
1.097276438952812017e+00
1.084270764098878681e+00
1.072903155595720470e+00
1.063023727891389658e+00
1.054483959009439031e+00
1.047140646337939351e+00
1.040858697821554602e+00
1.035512976348299086e+00
1.030989395419565025e+00
1.027185440883104928e+00
1.024010269090578795e+00
1.021384507998620572e+00
1.019239865536015532e+00
1.017518629619816872e+00
1.016173126792457415e+00
1.015165191596834937e+00
1.014465686364024233e+00
1.014054100799349989e+00
1.013918252285782584e+00
1.014054100801228264e+00
1.014465686367879593e+00
1.015165191602869443e+00
1.016173126800983262e+00
1.017518629631280591e+00
1.019239865551010871e+00
1.021384508017924908e+00
1.024010269115186000e+00
1.027185440914287540e+00
1.030989395458916436e+00
1.035512976397836571e+00
1.040858697883813688e+00
1.047140646416093057e+00
1.054483959107469504e+00
1.063023728014281577e+00
1.072903155749728388e+00
1.084270764291839217e+00
1.097276439194565079e+00
1.112066078877364639e+00
1.128774618273072017e+00
1.147517214652482798e+00
1.168378430089013209e+00
1.191399331953700402e+00
1.216562575870372420e+00
1.243775754639403486e+00
1.272853615567687502e+00
1.303500193396162077e+00
1.335292500087609691e+00
1.367668167412644520e+00
1.399920334983026704e+00
1.431204038148653934e+00
1.460559200639566013e+00
1.486955750433475165e+00
1.509365835349199658e+00
1.526865901709872242e+00
1.538766700007099475e+00
1.544761462841392818e+00
1.545071648436552092e+00
1.540557329571268008e+00
1.532749334239072780e+00
1.523758767992388519e+00
1.516033737596426567e+00
1.511967693406329971e+00
1.513416108190584808e+00
1.521233883041477108e+00
1.534979565820826286e+00
1.552916368757933263e+00
1.572359552304616104e+00
1.590290382972475713e+00
1.604030681692690141e+00
1.611723006922290091e+00
1.612442182712381156e+00
1.605943522389440270e+00
1.592186902570261076e+00
1.570685187918454906e+00
1.539429393462543150e+00
1.493104003595473905e+00
1.421315680209537913e+00
1.309883602088642407e+00
1.150261607761909444e+00
9.598554403796093482e-01
8.048260019621767958e-01
7.956757880177526276e-01
1.000000000000000000e+00
