1.000000000000000000e+00
1.003323226779083699e+00
1.025613369251062723e+00
1.072477314625502220e+00
1.141100439385462684e+00
1.224163681392543390e+00
1.312889040114765926e+00
1.399226772138932207e+00
1.477122882594895881e+00
1.542904027185121540e+00
1.594995026383994707e+00
1.633299090270066589e+00
1.658552537083280098e+00
1.671845749320741925e+00
1.674361442662114730e+00
1.667284536464251454e+00
1.651803688834178052e+00
1.629136134794383128e+00
1.600537364805228568e+00
1.567284843735433197e+00
1.530641718364509574e+00
1.491812402886742772e+00
1.451900930222123076e+00
1.411879046373563318e+00
1.372566902484064322e+00
1.334626114807097697e+00
1.298563177601720575e+00
1.264740502500756758e+00
1.233392354478381359e+00
1.204643329490419301e+00
1.178527537789016977e+00
1.155007179451227550e+00
1.133989655004665753e+00
1.115342719300355334e+00
1.098907460861099361e+00
1.084509083155961839e+00
1.071965593652147053e+00
1.061094585873069374e+00
1.051718341945090840e+00
1.043667498791708059e+00
1.036783518535128845e+00
1.030920189161683487e+00
1.025944359886837853e+00
1.021736090438478906e+00
1.018188367182483178e+00
1.015206513374903530e+00
1.012707396965407902e+00
1.010618517955569340e+00
1.008877038647305602e+00
1.007428804266238709e+00
1.006227388306197179e+00
1.005233186301175419e+00
1.004412573315835777e+00
1.003737133955371563e+00
1.003182968831510591e+00
1.002730077900254368e+00
1.002361818652940162e+00
1.002064435570317880e+00
1.001826656348687949e+00
1.001639350018183716e+00
1.001495242067129920e+00
1.001388681960031501e+00
1.001315458910756684e+00
1.001272662385471746e+00
1.001258584517562333e+00
1.001272662385471746e+00
1.001315458910756684e+00
1.001388681960031501e+00
1.001495242067129920e+00
1.001639350018183716e+00
1.001826656348687949e+00
1.002064435570317880e+00
1.002361818652940162e+00
1.002730077900254368e+00
1.003182968831510591e+00
1.003737133955371563e+00
1.004412573315835777e+00
1.005233186301175419e+00
1.006227388306197179e+00
1.007428804266238709e+00
1.008877038647305602e+00
1.010618517955569340e+00
1.012707396965408124e+00
1.015206513374903086e+00
1.018188367182483178e+00
1.021736090438478906e+00
1.025944359886837853e+00
1.030920189161683265e+00
1.036783518535128845e+00
1.043667498791708281e+00
1.051718341945090840e+00
1.061094585873069374e+00
1.071965593652147053e+00
1.084509083155961617e+00
1.098907460861099139e+00
1.115342719300355334e+00
1.133989655004664421e+00
1.155007179451227106e+00
1.178527537789016755e+00
1.204643329490418857e+00
1.233392354478381803e+00
1.264740502500756092e+00
1.298563177601721019e+00
1.334626114807096808e+00
1.372566902484063878e+00
1.411879046373562652e+00
1.451900930222122632e+00
1.491812402886743660e+00
1.530641718364510018e+00
1.567284843735431199e+00
1.600537364805229457e+00
1.629136134794382462e+00
1.651803688834176720e+00
1.667284536464249678e+00
1.674361442662111621e+00
1.671845749320742369e+00
1.658552537083280320e+00
1.633299090270065257e+00
1.594995026383993153e+00
1.542904027185119542e+00
1.477122882594894770e+00
1.399226772138930208e+00
1.312889040114764594e+00
1.224163681392542946e+00
1.141100439385462240e+00
1.072477314625500666e+00
1.025613369251060947e+00
1.003323226779081256e+00
1.000000000000000000e+00
