1.000000000000000000e+00
1.018065313179004949e+00
1.035875077462451221e+00
1.053071654236281240e+00
1.069203877550378712e+00
1.083769404648152301e+00
1.096276654823534535e+00
1.106310276510325874e+00
1.113585502254567094e+00
1.117981189956272825e+00
1.119547468091654840e+00
1.118489882022608350e+00
1.115136262687750790e+00
1.109894491463841559e+00
1.103209055001165062e+00
1.095522483461088381e+00
1.087245329805514693e+00
1.078736015020545169e+00
1.070290075643138827e+00
1.062137251792703241e+00
1.054444384147644742e+00
1.047322082317565961e+00
1.040833400663272013e+00
1.035003155320151969e+00
1.029826929215844178e+00
1.025279176988647123e+00
1.021320131074942017e+00
1.017901419402139851e+00
1.014970442702338493e+00
1.012473639634865696e+00
1.010358805765037005e+00
1.008576641494922210e+00
1.007081695163932533e+00
1.005832848846025307e+00
1.004793471506783886e+00
1.003931340792400873e+00
1.003218412950686922e+00
1.002630501323849899e+00
1.002146907897585759e+00
1.001750039504872403e+00
1.001425030191118948e+00
1.001159383564794725e+00
1.000942643270461563e+00
1.000766095633854436e+00
1.000622505689400699e+00
1.000505885910455417e+00
1.000411295776985954e+00
1.000334669639571628e+00
1.000272670021497445e+00
1.000222563427553224e+00
1.000182115813836869e+00
1.000149505055501375e+00
1.000123247985254649e+00
1.000102139834114778e+00
1.000085204167576736e+00
1.000071651662039152e+00
1.000060846300835582e+00
1.000052277782569332e+00
1.000045539125558935e+00
1.000040308621355178e+00
1.000036335439004054e+00
1.000033428311958295e+00
1.000031446853778316e+00
1.000030295149429760e+00
1.000029917358691067e+00
1.000030295149429760e+00
1.000031446853778316e+00
1.000033428311958295e+00
1.000036335439004054e+00
1.000040308621355178e+00
1.000045539125558935e+00
1.000052277782569332e+00
1.000060846300835582e+00
1.000071651662039152e+00
1.000085204167576736e+00
1.000102139834114778e+00
1.000123247985254649e+00
1.000149505055501375e+00
1.000182115813836869e+00
1.000222563427553224e+00
1.000272670021497445e+00
1.000334669639571628e+00
1.000411295776985954e+00
1.000505885910455417e+00
1.000622505689400699e+00
1.000766095633854436e+00
1.000942643270461563e+00
1.001159383564794725e+00
1.001425030191118948e+00
1.001750039504872403e+00
1.002146907897585759e+00
1.002630501323849899e+00
1.003218412950686922e+00
1.003931340792400873e+00
1.004793471506783664e+00
1.005832848846025307e+00
1.007081695163932533e+00
1.008576641494922210e+00
1.010358805765037005e+00
1.012473639634865474e+00
1.014970442702338493e+00
1.017901419402139629e+00
1.021320131074942239e+00
1.025279176988646679e+00
1.029826929215844178e+00
1.035003155320151524e+00
1.040833400663271568e+00
1.047322082317565961e+00
1.054444384147644298e+00
1.062137251792702797e+00
1.070290075643138383e+00
1.078736015020544947e+00
1.087245329805514027e+00
1.095522483461087271e+00
1.103209055001163952e+00
1.109894491463841115e+00
1.115136262687749680e+00
1.118489882022607240e+00
1.119547468091654174e+00
1.117981189956271715e+00
1.113585502254565984e+00
1.106310276510323654e+00
1.096276654823533425e+00
1.083769404648151413e+00
1.069203877550377824e+00
1.053071654236280574e+00
1.035875077462450999e+00
1.018065313179004505e+00
1.000000000000000000e+00
