1.000000000000000000e+00
1.055583704004515955e+00
1.110527343568776137e+00
1.163752315912685686e+00
1.213786731746237635e+00
1.258934753279630447e+00
1.297519638056157998e+00
1.328137588659450419e+00
1.349862366386716639e+00
1.362359405830943837e+00
1.365896110597229818e+00
1.361261920123824298e+00
1.349629305862846129e+00
1.332391982025615151e+00
1.311011377970429992e+00
1.286891652893623617e+00
1.261292056332278477e+00
1.235276369874651170e+00
1.209693632031611843e+00
1.185182047205667333e+00
1.162187956245095632e+00
1.140992979084359149e+00
1.121744137322154833e+00
1.104483433269683568e+00
1.089174760316657498e+00
1.075727073633155673e+00
1.064013479004237706e+00
1.053886359397424588e+00
1.045188920744158478e+00
1.037763660897866647e+00
1.031458297299153726e+00
1.026129665528785928e+00
1.021646047885899522e+00
1.017888325180539066e+00
1.014750276647953475e+00
1.012138288472175685e+00
1.009970674080088671e+00
1.008176760439973396e+00
1.006695854185051919e+00
1.005476168911438650e+00
1.004473769552872486e+00
1.003651570262871440e+00
1.002978407693531748e+00
1.002428200983186857e+00
1.001979202303507455e+00
1.001613336750067695e+00
1.001315627096596383e+00
1.001073696995121054e+00
1.000877345217527692e+00
1.000718183209771350e+00
1.000589328349697382e+00
1.000485145701351053e+00
1.000401031625788972e+00
1.000333233257573617e+00
1.000278698530802535e+00
1.000234952101150654e+00
1.000199993137976362e+00
1.000172211539991363e+00
1.000150319653624775e+00
1.000133297044038860e+00
1.000120346287192374e+00
1.000110858121632917e+00
1.000104384626685272e+00
1.000100619385313694e+00
1.000099383852031565e+00
1.000100619385313694e+00
1.000104384626685272e+00
1.000110858121632917e+00
1.000120346287192374e+00
1.000133297044038860e+00
1.000150319653624775e+00
1.000172211539991363e+00
1.000199993137976362e+00
1.000234952101150654e+00
1.000278698530802535e+00
1.000333233257573617e+00
1.000401031625788972e+00
1.000485145701351053e+00
1.000589328349697382e+00
1.000718183209771350e+00
1.000877345217527692e+00
1.001073696995121054e+00
1.001315627096596383e+00
1.001613336750067695e+00
1.001979202303507455e+00
1.002428200983186857e+00
1.002978407693531748e+00
1.003651570262871440e+00
1.004473769552872486e+00
1.005476168911438650e+00
1.006695854185051919e+00
1.008176760439973396e+00
1.009970674080088671e+00
1.012138288472175685e+00
1.014750276647953253e+00
1.017888325180539066e+00
1.021646047885899522e+00
1.026129665528785928e+00
1.031458297299153726e+00
1.037763660897866647e+00
1.045188920744158700e+00
1.053886359397424366e+00
1.064013479004237928e+00
1.075727073633155451e+00
1.089174760316657498e+00
1.104483433269683346e+00
1.121744137322154833e+00
1.140992979084359593e+00
1.162187956245095188e+00
1.185182047205666889e+00
1.209693632031611843e+00
1.235276369874651170e+00
1.261292056332277811e+00
1.286891652893622728e+00
1.311011377970429326e+00
1.332391982025614929e+00
1.349629305862845019e+00
1.361261920123823188e+00
1.365896110597229818e+00
1.362359405830943393e+00
1.349862366386715307e+00
1.328137588659449086e+00
1.297519638056157332e+00
1.258934753279630891e+00
1.213786731746237191e+00
1.163752315912685020e+00
1.110527343568776582e+00
1.055583704004515733e+00
1.000000000000000000e+00
