1.000000000000000000e+00
8.969893597026635801e-01
8.867575805797536237e-01
9.695074684067523929e-01
1.107642306120161679e+00
1.259052648859217749e+00
1.393044215549278597e+00
1.494300213014114753e+00
1.560117221258460862e+00
1.595317664065985852e+00
1.607724438233857356e+00
1.605335676865069283e+00
1.595051219279099319e+00
1.582294947392026252e+00
1.570965172448562264e+00
1.563448893038305254e+00
1.560676291529092818e+00
1.562278870970848610e+00
1.566886187045892331e+00
1.572529263070601147e+00
1.577071720289911605e+00
1.578583611619835070e+00
1.575599797664317681e+00
1.567244099017312875e+00
1.553234332634424453e+00
1.533802673602727262e+00
1.509570292807528524e+00
1.481409546001308808e+00
1.450316781954361867e+00
1.417308424355474550e+00
1.383344700781032000e+00
1.349279931817811917e+00
1.315835365882965124e+00
1.283589471203156585e+00
1.252980673384023191e+00
1.224318196663187530e+00
1.197797552841123103e+00
1.173518104336960910e+00
1.151500899284577883e+00
1.131705599599271528e+00
1.114045798432499623e+00
1.098402369988760841e+00
1.084634736518929277e+00
1.072590098081598109e+00
1.062110770849780339e+00
1.053039835930615675e+00
1.045225325800082761e+00
1.038523179372427885e+00
1.032799186779634004e+00
1.027930126544703393e+00
1.023804274916505719e+00
1.020321442473899110e+00
1.017392668612373097e+00
1.014939681445345743e+00
1.012894209737372098e+00
1.011197215123664339e+00
1.009798097183936427e+00
1.008653910871227133e+00
1.007728625173873960e+00
1.006992443467089604e+00
1.006421199512527176e+00
1.005995838203258996e+00
1.005701986649610191e+00
1.005529618796134006e+00
1.005472815212975268e+00
1.005529618796900948e+00
1.005701986651184487e+00
1.005995838205723025e+00
1.006421199516005283e+00
1.006992443471763421e+00
1.007728625179983295e+00
1.008653910879085736e+00
1.009798097193941979e+00
1.011197215136327321e+00
1.012894209753333108e+00
1.014939681465409027e+00
1.017392668637552067e+00
1.020321442505456089e+00
1.023804274956024329e+00
1.027930126594163163e+00
1.032799186841512951e+00
1.038523179449827305e+00
1.045225325896889990e+00
1.053039836051703704e+00
1.062110771001269605e+00
1.072590098271186898e+00
1.084634736756312945e+00
1.098402370286180041e+00
1.114045798805438858e+00
1.131705600067359763e+00
1.151500899872762274e+00
1.173518105077023144e+00
1.197797553773650048e+00
1.224318197840126743e+00
1.252980674872001599e+00
1.283589473087778154e+00
1.315835368274323569e+00
1.349279934857579910e+00
1.383344704651398249e+00
1.417308429290375482e+00
1.450316788253257716e+00
1.481409554045733490e+00
1.509570303080365106e+00
1.533802686709664576e+00
1.553234349326436003e+00
1.567244120212005098e+00
1.575599824462881493e+00
1.578583645315136730e+00
1.577071762360206408e+00
1.572529315152846552e+00
1.566886250882640441e+00
1.562278948325488637e+00
1.560676384065389222e+00
1.563449002161881651e+00
1.570965299110847369e+00
1.582295091862808034e+00
1.595051380904099148e+00
1.605335853839858329e+00
1.607724627440996867e+00
1.595317861030460360e+00
1.560117420268803290e+00
1.494300407429414168e+00
1.393044398270306683e+00
1.259052812894762452e+00
1.107642445142304366e+00
9.695075771812439180e-01
8.867576551988671785e-01
8.969893976286871240e-01
1.000000000000000000e+00
