1.000000000000000000e+00
9.501986171099630063e-01
9.537838628339623259e-01
1.017306849886123743e+00
1.123321133041213837e+00
1.246514046581137514e+00
1.363936511847716693e+00
1.460254610080680360e+00
1.529012669107560951e+00
1.571163126719242964e+00
1.592274889233702417e+00
1.599643659192213851e+00
1.600068779910074346e+00
1.598568734995520879e+00
1.597958384007925225e+00
1.599044203242529605e+00
1.601161897589266303e+00
1.602821562580024395e+00
1.602295160153223375e+00
1.598054458165798497e+00
1.589030658117018602e+00
1.574711892520791912e+00
1.555119302567348427e+00
1.530709134365930479e+00
1.502242903554529052e+00
1.470656426103200465e+00
1.436946339280848806e+00
1.402082546887669867e+00
1.366947897877565987e+00
1.332302235709717175e+00
1.298766068913543625e+00
1.266818730612475630e+00
1.236806352804239451e+00
1.208955808502994778e+00
1.183391680616785457e+00
1.160154146689705623e+00
1.139216359070907236e+00
1.120500438135212606e+00
1.103891595103787315e+00
1.089250184016879786e+00
1.076421674182157950e+00
1.065244657179395427e+00
1.055557074641210846e+00
1.047200889068627294e+00
1.040025431003110734e+00
1.033889650319810061e+00
1.028663483414026913e+00
1.024228526129450589e+00
1.020478177643861617e+00
1.017317395425874293e+00
1.014662177299121337e+00
1.012438864530312621e+00
1.010583340209814773e+00
1.009040180229025419e+00
1.007761799878684528e+00
1.006707627355375667e+00
1.005843326044677521e+00
1.005140080078191556e+00
1.004573952053821051e+00
1.004125317685041985e+00
1.003778379245646502e+00
1.003520757767355054e+00
1.003343162823775225e+00
1.003239138218664062e+00
1.003204881840221718e+00
1.003239138218664062e+00
1.003343162823775225e+00
1.003520757767355054e+00
1.003778379245646502e+00
1.004125317685041985e+00
1.004573952053821051e+00
1.005140080078191556e+00
1.005843326044677521e+00
1.006707627355375889e+00
1.007761799878684528e+00
1.009040180229025419e+00
1.010583340209814773e+00
1.012438864530313065e+00
1.014662177299121337e+00
1.017317395425874071e+00
1.020478177643861617e+00
1.024228526129450367e+00
1.028663483414026913e+00
1.033889650319809395e+00
1.040025431003110290e+00
1.047200889068627072e+00
1.055557074641210846e+00
1.065244657179395427e+00
1.076421674182157506e+00
1.089250184016878453e+00
1.103891595103786871e+00
1.120500438135212384e+00
1.139216359070907902e+00
1.160154146689704291e+00
1.183391680616783459e+00
1.208955808502993001e+00
1.236806352804235676e+00
1.266818730612474520e+00
1.298766068913541405e+00
1.332302235709714067e+00
1.366947897877563545e+00
1.402082546887665204e+00
1.436946339280844365e+00
1.470656426103192915e+00
1.502242903554520836e+00
1.530709134365920043e+00
1.555119302567335327e+00
1.574711892520777479e+00
1.589030658117000838e+00
1.598054458165775182e+00
1.602295160153195619e+00
1.602821562579989312e+00
1.601161897589225447e+00
1.599044203242480311e+00
1.597958384007868160e+00
1.598568734995457818e+00
1.600068779910003292e+00
1.599643659192133471e+00
1.592274889233616264e+00
1.571163126719150815e+00
1.529012669107471245e+00
1.460254610080591320e+00
1.363936511847632316e+00
1.246514046581062685e+00
1.123321133041151665e+00
1.017306849886073561e+00
9.537838628339280200e-01
9.501986171099445766e-01
1.000000000000000000e+00
