1.000000000000000000e+00
7.389678226617825141e-01
7.837354691192595091e-01
9.784347701143865095e-01
1.172129669464938573e+00
1.313981362329240676e+00
1.411305124628366325e+00
1.481684997477993315e+00
1.534348939156410241e+00
1.571440607043767201e+00
1.593790287550296725e+00
1.603873867764902039e+00
1.605571588944315176e+00
1.602623419908276281e+00
1.597344310332534434e+00
1.590279176598383692e+00
1.580780647982598097e+00
1.568066658066699981e+00
1.552177648010195643e+00
1.534400563314350485e+00
1.517044205062498152e+00
1.502753729618208522e+00
1.493704428580324928e+00
1.490989869959431502e+00
1.494378750657877841e+00
1.502448653229707665e+00
1.512983266030678786e+00
1.523471607209963885e+00
1.531565286913894264e+00
1.535404246483763391e+00
1.533782026576718582e+00
1.526167740891500868e+00
1.512626141015522174e+00
1.493682053957137379e+00
1.470168201226978111e+00
1.443083186422241537e+00
1.413474325853899094e+00
1.382350533845240870e+00
1.350624302476573391e+00
1.319078519540327621e+00
1.288352645033374655e+00
1.258942819075737685e+00
1.231211181828477441e+00
1.205400634639572255e+00
1.181652220864972902e+00
1.160023136962221146e+00
1.140504058168751556e+00
1.123034978710117704e+00
1.107519143653472593e+00
1.093834914058062990e+00
1.081845584313695596e+00
1.071407282473524347e+00
1.062375148809785452e+00
1.054608018648170997e+00
1.047971843327146546e+00
1.042342075758965869e+00
1.037605230324061045e+00
1.033659804887478773e+00
1.030416728532711046e+00
1.027799474174862171e+00
1.025743951837601031e+00
1.024198276811830954e+00
1.023122487508011824e+00
1.022488270617334605e+00
1.022278736041847491e+00
1.022488270617108119e+00
1.023122487507546863e+00
1.024198276811112418e+00
1.025743951836604939e+00
1.027799474173553884e+00
1.030416728531043713e+00
1.033659804885401101e+00
1.037605230321504868e+00
1.042342075755862574e+00
1.047971843323404872e+00
1.054608018643697909e+00
1.062375148804479252e+00
1.071407282467265354e+00
1.081845584306354580e+00
1.093834914049492735e+00
1.107519143643518333e+00
1.123034978698596476e+00
1.140504058155452638e+00
1.160023136946880973e+00
1.181652220847260404e+00
1.205400634619032019e+00
1.231211181804477750e+00
1.258942819047380590e+00
1.288352644999343433e+00
1.319078519498696034e+00
1.350624302424507928e+00
1.382350533778631707e+00
1.413474325766826301e+00
1.443083186306284960e+00
1.470168201070334302e+00
1.493682053743540239e+00
1.512626140722979962e+00
1.526167740490883107e+00
1.533782026030324319e+00
1.535404245743996476e+00
1.531565285922289243e+00
1.523471605896632441e+00
1.512983264314292642e+00
1.502448651017654235e+00
1.494378747845996225e+00
1.490989866430268984e+00
1.493704424198905478e+00
1.502753724224950238e+00
1.517044198464489346e+00
1.534400555278412126e+00
1.552177638263014137e+00
1.568066646307309187e+00
1.580780633909323107e+00
1.590279159946758947e+00
1.597344290915671428e+00
1.602623397651323778e+00
1.605571563911428745e+00
1.603873840185639832e+00
1.593790257852699899e+00
1.571440575887971036e+00
1.534348907445346244e+00
1.481684966319628316e+00
1.411305095246757402e+00
1.313981335947944640e+00
1.172129647187212242e+00
9.784347528127748106e-01
7.837354573641658328e-01
7.389678167370433703e-01
1.000000000000000000e+00
