1.000000000000000000e+00
9.890894312879243699e-01
1.006099242954294315e+00
1.057200055067518019e+00
1.135829602062408128e+00
1.229663679958607370e+00
1.325734705313272421e+00
1.413739648591980869e+00
1.487543922100409199e+00
1.545113747042091701e+00
1.587409356968649821e+00
1.616909345184601721e+00
1.636328836216575766e+00
1.647829538160412222e+00
1.652749441396071051e+00
1.651708200786659697e+00
1.644892620519301962e+00
1.632359912318477546e+00
1.614264095492695006e+00
1.590974893668761547e+00
1.563100874802720197e+00
1.531447577379560832e+00
1.496943348574935051e+00
1.460558673909226446e+00
1.423235229626935050e+00
1.385832379871432929e+00
1.349092780525340318e+00
1.313625189560804873e+00
1.279900966776064131e+00
1.248260397906099550e+00
1.218925328921736995e+00
1.192015247560078706e+00
1.167564660361768647e+00
1.145540260605573568e+00
1.125856915560292659e+00
1.108391912102340893e+00
1.092997199759943028e+00
1.079509578837287265e+00
1.067758918413718616e+00
1.057574572490900033e+00
1.048790207033108546e+00
1.041247267663592435e+00
1.034797316192944239e+00
1.029303450609615478e+00
1.024641002560865211e+00
1.020697682239496640e+00
1.017373315465174954e+00
1.014579293299403773e+00
1.012237831839771784e+00
1.010281119521854620e+00
1.008650411599874008e+00
1.007295116526549794e+00
1.006171906595137333e+00
1.005243875228713835e+00
1.004479755436723964e+00
1.003853207917962065e+00
1.003342182787306358e+00
1.002928355672088045e+00
1.002596636721375001e+00
1.002334749686389026e+00
1.002132877483347340e+00
1.001983370392090622e+00
1.001880513153898811e+00
1.001820347612343065e+00
1.001800548116164480e+00
1.001820347612343065e+00
1.001880513153898811e+00
1.001983370392090622e+00
1.002132877483347340e+00
1.002334749686389026e+00
1.002596636721375001e+00
1.002928355672088045e+00
1.003342182787306358e+00
1.003853207917962065e+00
1.004479755436723964e+00
1.005243875228713835e+00
1.006171906595137333e+00
1.007295116526549794e+00
1.008650411599874008e+00
1.010281119521854620e+00
1.012237831839771784e+00
1.014579293299403773e+00
1.017373315465175176e+00
1.020697682239495974e+00
1.024641002560865211e+00
1.029303450609615478e+00
1.034797316192944239e+00
1.041247267663592435e+00
1.048790207033108990e+00
1.057574572490900033e+00
1.067758918413718394e+00
1.079509578837287043e+00
1.092997199759943472e+00
1.108391912102340671e+00
1.125856915560292215e+00
1.145540260605573346e+00
1.167564660361766871e+00
1.192015247560078928e+00
1.218925328921736995e+00
1.248260397906099328e+00
1.279900966776065463e+00
1.313625189560803763e+00
1.349092780525341428e+00
1.385832379871432707e+00
1.423235229626935494e+00
1.460558673909226446e+00
1.496943348574934607e+00
1.531447577379562164e+00
1.563100874802721529e+00
1.590974893668761769e+00
1.614264095492696338e+00
1.632359912318477990e+00
1.644892620519302184e+00
1.651708200786659697e+00
1.652749441396071273e+00
1.647829538160415330e+00
1.636328836216578431e+00
1.616909345184603275e+00
1.587409356968651819e+00
1.545113747042092589e+00
1.487543922100412530e+00
1.413739648591982423e+00
1.325734705313274420e+00
1.229663679958609590e+00
1.135829602062410348e+00
1.057200055067518241e+00
1.006099242954294093e+00
9.890894312879231487e-01
1.000000000000000000e+00
