1.000000000000000000e+00
7.654344232462879649e-01
7.910063322414180309e-01
9.683519773991599022e-01
1.163858326727286840e+00
1.315800489918037108e+00
1.419056135132781060e+00
1.488408959400571607e+00
1.536797564339896560e+00
1.570598524141452401e+00
1.592540225009040800e+00
1.604737376506951696e+00
1.609497844171439374e+00
1.608738646227931612e+00
1.603432240579895973e+00
1.593769009733136288e+00
1.579881763708158138e+00
1.562590080539810078e+00
1.543708084960443871e+00
1.525784133067861426e+00
1.511448169588981427e+00
1.502686059936022556e+00
1.500326692373515902e+00
1.503887681841664659e+00
1.511768890263744280e+00
1.521674350718530855e+00
1.531106226779870294e+00
1.537798004774992178e+00
1.540009341651346286e+00
1.536662826724032094e+00
1.527344905222462801e+00
1.512213696139038666e+00
1.491858884199265711e+00
1.467150494993237242e+00
1.439101035456934685e+00
1.408753800246845378e+00
1.377101282273803351e+00
1.345032006839479877e+00
1.313301227707801555e+00
1.282519966263975908e+00
1.253157072277918616e+00
1.225549753009231413e+00
1.199918975563441181e+00
1.176387079640123456e+00
1.154995742302199480e+00
1.135723080821891884e+00
1.118499168838643643e+00
1.103219596301148187e+00
1.089756950980424577e+00
1.077970263567939790e+00
1.067712560749398465e+00
1.058836728260383442e+00
1.051199912037726003e+00
1.044666690214470561e+00
1.039111239336744319e+00
1.034418700284774228e+00
1.030485926907700023e+00
1.027221776115940344e+00
1.024547074011415537e+00
1.022394369795428304e+00
1.020707568389925601e+00
1.019441514273990101e+00
1.018561583030821893e+00
1.018043323379349108e+00
1.017872180749722189e+00
1.018043323380171561e+00
1.018561583032510764e+00
1.019441514276638872e+00
1.020707568393680598e+00
1.022394369800495362e+00
1.024547074018071324e+00
1.027221776124549457e+00
1.030485926918732753e+00
1.034418700298839644e+00
1.039111239354603589e+00
1.044666690237101792e+00
1.051199912066367981e+00
1.058836728296593810e+00
1.067712560795150090e+00
1.077970263625714686e+00
1.089756951053361123e+00
1.103219596393202773e+00
1.118499168954806278e+00
1.135723080968450649e+00
1.154995742487099353e+00
1.176387079873389974e+00
1.199918975857747316e+00
1.225549753380611673e+00
1.253157072746685197e+00
1.282519966855897531e+00
1.313301228455598046e+00
1.345032007784811245e+00
1.377101283469769344e+00
1.408753801761255087e+00
1.439101037376518288e+00
1.467150497429087208e+00
1.491858887293795677e+00
1.512213700074886757e+00
1.527344910233711772e+00
1.536662833110180593e+00
1.540009349794394966e+00
1.537798015159670628e+00
1.531106240016846920e+00
1.521674367569612496e+00
1.511768911667384030e+00
1.503887708936050727e+00
1.500326726513647513e+00
1.502686102700563575e+00
1.511448222772527217e+00
1.525784198654317469e+00
1.543708165072823268e+00
1.562590177360035470e+00
1.579881879356997088e+00
1.593769146096686740e+00
1.603432399069224745e+00
1.608738827468439103e+00
1.609498047641942930e+00
1.604737600181655344e+00
1.592540465085121815e+00
1.570598774943902765e+00
1.536797818474608057e+00
1.488409208180588861e+00
1.419056369241716853e+00
1.315800700205300489e+00
1.163858504968981133e+00
9.683521168515677457e-01
7.910064279011451704e-01
7.654344718674124248e-01
1.000000000000000000e+00
