1.000000000000000000e+00
8.642556165213090003e-01
8.542476266491584314e-01
9.572902614689224876e-01
1.115488888461887651e+00
1.275563039205252824e+00
1.406703927867597459e+00
1.499707731416983769e+00
1.558508423935683007e+00
1.591610479154189850e+00
1.606868341030732283e+00
1.609822724996976095e+00
1.604184941639894335e+00
1.592909305549475629e+00
1.578896332877220532e+00
1.565063113010484175e+00
1.553966320878071405e+00
1.547314835221227813e+00
1.545650283763048582e+00
1.548323501989599560e+00
1.553747478202135435e+00
1.559815440530959441e+00
1.564348476739590321e+00
1.565464419309595012e+00
1.561810875158497369e+00
1.552655091682560551e+00
1.537857240747104282e+00
1.517768327323324673e+00
1.493093363622159275e+00
1.464751397142900924e+00
1.433752380766605938e+00
1.401100483512877526e+00
1.367725876782215355e+00
1.334442444425919083e+00
1.301926680420764093e+00
1.270712480871774464e+00
1.241196917086109464e+00
1.213652888836052046e+00
1.188245483037730921e+00
1.165049729410373880e+00
1.144068174933921878e+00
1.125247274121029983e+00
1.108492022713105207e+00
1.093678570956889029e+00
1.080664764225698349e+00
1.069298696494219714e+00
1.059425445400906662e+00
1.050892201719625607e+00
1.043552022857710648e+00
1.037266438430443305e+00
1.031907122658684450e+00
1.027356828141381406e+00
1.023509751948819213e+00
1.020271480404143061e+00
1.017558635018320556e+00
1.015298319867140142e+00
1.013427450853103373e+00
1.011892030058642922e+00
1.010646413818036438e+00
1.009652611103750930e+00
1.008879639129278916e+00
1.008302955447031080e+00
1.007903979972115005e+00
1.007669715988702253e+00
1.007592476001087700e+00
1.007669715991979853e+00
1.007903979978838516e+00
1.008302955457547778e+00
1.008879639144121487e+00
1.009652611123680321e+00
1.010646413844062508e+00
1.011892030092084171e+00
1.013427450895644233e+00
1.015298319920919790e+00
1.017558635086025287e+00
1.020271480489146176e+00
1.023509752055346000e+00
1.027356828274703870e+00
1.031907122825390877e+00
1.037266438638753119e+00
1.043552023117890526e+00
1.050892202044494406e+00
1.059425445806486676e+00
1.069298697000555132e+00
1.080664764857890869e+00
1.093678571746422579e+00
1.108492023699537254e+00
1.125247275354149368e+00
1.144068176476533916e+00
1.165049731341872841e+00
1.188245485458720552e+00
1.213652891874333672e+00
1.241196920904415801e+00
1.270712485677798043e+00
1.301926686480116668e+00
1.334442452078866692e+00
1.367725886465133600e+00
1.401100495785637667e+00
1.433752396347110603e+00
1.464751416950138996e+00
1.493093388828873769e+00
1.517768359418921742e+00
1.537857281610497617e+00
1.552655143662919013e+00
1.561810941159545107e+00
1.565464502869868602e+00
1.564348582097337292e+00
1.559815572658516780e+00
1.553747642791187156e+00
1.548323705366311476e+00
1.545650532710522329e+00
1.547315136685834425e+00
1.553966681535656980e+00
1.565063538670310672e+00
1.578896827710883910e+00
1.592909871158091795e+00
1.604185576022608251e+00
1.609823421555230727e+00
1.606869087815356201e+00
1.591611258600271972e+00
1.558509213297916141e+00
1.499708504002202014e+00
1.406704654980722502e+00
1.275563692520399917e+00
1.115489442362314954e+00
9.572906948563109086e-01
8.542479238917356499e-01
8.642557675644836346e-01
1.000000000000000000e+00
