1.000000000000000000e+00
7.572899655731876178e-01
7.884358753382451068e-01
9.715369519445034019e-01
1.167146005095905714e+00
1.316214684251248102e+00
1.417465387041459746e+00
1.486911476937088805e+00
1.536545669890971855e+00
1.571372189037852252e+00
1.593408193876255430e+00
1.604866890236726240e+00
1.608633360276978230e+00
1.607270367330984939e+00
1.602150921458747712e+00
1.593466985837284744e+00
1.580980647025492569e+00
1.564943894749628805e+00
1.546643658674585309e+00
1.528336998605494879e+00
1.512682476365762474e+00
1.501975936638253684e+00
1.497514785971390650e+00
1.499295921431818446e+00
1.506088671330683804e+00
1.515791879854548441e+00
1.525921387074148594e+00
1.534079543510184385e+00
1.538306759721870698e+00
1.537275439211883477e+00
1.530335961310557158e+00
1.517452678550774925e+00
1.499076071879586136e+00
1.475991797841709863e+00
1.449175734480946609e+00
1.419671809362273107e+00
1.388499369528844785e+00
1.356590080542519505e+00
1.324750558223183106e+00
1.293645381623900859e+00
1.263794996269924642e+00
1.235583634471758341e+00
1.209273302882866608e+00
1.185020846717829812e+00
1.162895957944848124e+00
1.142898698374884559e+00
1.124975652288321637e+00
1.109034224207688268e+00
1.094954880915462336e+00
1.082601328530488738e+00
1.071828738081806343e+00
1.062490205148991285e+00
1.054441665358951230e+00
1.047545498967226152e+00
1.041673052736682203e+00
1.036706291997263829e+00
1.032538774581533314e+00
1.029076114448004065e+00
1.026236078411640662e+00
1.023948435934632251e+00
1.022154660262182491e+00
1.020807559764558059e+00
1.019870901302347921e+00
1.019319072673673610e+00
1.019136818477642814e+00
1.019319072674270021e+00
1.019870901303572941e+00
1.020807559766481409e+00
1.022154660264915860e+00
1.023948435938329959e+00
1.026236078416510766e+00
1.029076114454325896e+00
1.032538774589662811e+00
1.036706292007667507e+00
1.041673052749944706e+00
1.047545498984102430e+00
1.054441665380404958e+00
1.062490205176233493e+00
1.071828738116380686e+00
1.082601328574341881e+00
1.094954880971068301e+00
1.109034224278168335e+00
1.124975652377628865e+00
1.142898698488004738e+00
1.162895958088098647e+00
1.185020846899186298e+00
1.209273303112418541e+00
1.235583634762283944e+00
1.263794996637604751e+00
1.293645382089259499e+00
1.324750558812259893e+00
1.356590081288439720e+00
1.388499370473784023e+00
1.419671810560025005e+00
1.449175736000230863e+00
1.475991799770455692e+00
1.499076074330421449e+00
1.517452681668062908e+00
1.530335965279309818e+00
1.537275444268893398e+00
1.538306766169387441e+00
1.534079551732155933e+00
1.525921397554879322e+00
1.515791893198934703e+00
1.506088688284592747e+00
1.499295942900292111e+00
1.497514813031722847e+00
1.501975970544592531e+00
1.512682518541968557e+00
1.528337050623282067e+00
1.546643722213758343e+00
1.564943971535629030e+00
1.580980738736103230e+00
1.593467093966587367e+00
1.602151047126248562e+00
1.607270511032622862e+00
1.608633521595217886e+00
1.604867067555038274e+00
1.593408384166183245e+00
1.571372387790583414e+00
1.536545871245227124e+00
1.486911674018446483e+00
1.417465572484336800e+00
1.316214850823700822e+00
1.167146146297441955e+00
9.715370624382203557e-01
7.884359511515516283e-01
7.572900041149955852e-01
1.000000000000000000e+00
