1.000000000000000000e+00
7.801317442393751467e-01
7.961728082075607560e-01
9.620167100500621737e-01
1.155498177223496681e+00
1.311634833746170958e+00
1.418664288562982767e+00
1.488500004940704224e+00
1.535187334411362237e+00
1.567424654838994069e+00
1.589302135838912777e+00
1.602795408962993662e+00
1.609139515501770923e+00
1.609112561868731195e+00
1.603126836840079505e+00
1.591609023925705690e+00
1.575538258987010165e+00
1.556767448608077586e+00
1.537892429962039564e+00
1.521714902366884115e+00
1.510547459274449666e+00
1.505645624360083534e+00
1.506954139939233883e+00
1.513205821325831479e+00
1.522286778531145135e+00
1.531721241455580085e+00
1.539133795456488096e+00
1.542593161073354313e+00
1.540799970657980245e+00
1.533128839945733013e+00
1.519562497111971444e+00
1.500563573737024425e+00
1.476924216634339260e+00
1.449622156328825406e+00
1.419699687790871412e+00
1.388172125987183314e+00
1.355965625111321238e+00
1.323880532707243374e+00
1.292574933523556791e+00
1.262562917673271112e+00
1.234222732209446338e+00
1.207810898164402680e+00
1.183479330384543005e+00
1.161293350154452231e+00
1.141249178970238809e+00
1.123290040905764453e+00
1.107320398176740550e+00
1.093218125021794274e+00
1.080844614490509503e+00
1.070052933709501719e+00
1.060694214150506465e+00
1.052622498819486552e+00
1.045698279157899035e+00
1.039790949054881120e+00
1.034780387801965240e+00
1.030557862500388167e+00
1.027026416501270578e+00
1.024100886096115381e+00
1.021707664317229369e+00
1.019784309235451714e+00
1.018279075021957691e+00
1.017150427431441351e+00
1.016366591207225056e+00
1.015905164992530585e+00
1.015752829342962293e+00
1.015905164992220833e+00
1.016366591206592451e+00
1.017150427430455695e+00
1.018279075020575020e+00
1.019784309233612296e+00
1.021707664314849273e+00
1.024100886093093576e+00
1.027026416497475392e+00
1.030557862495664834e+00
1.034780387796107481e+00
1.039790949047650015e+00
1.045698279149000820e+00
1.052622498808552409e+00
1.060694214137088087e+00
1.070052933693034003e+00
1.080844614470297449e+00
1.093218124996957474e+00
1.107320398146168783e+00
1.123290040868022421e+00
1.141249178923486651e+00
1.161293350096279209e+00
1.183479330311783206e+00
1.207810898072861239e+00
1.234222732093528618e+00
1.262562917525478001e+00
1.292574933333784148e+00
1.323880532461879200e+00
1.355965624791998003e+00
1.388172125569149040e+00
1.419699687240872699e+00
1.449622155602414697e+00
1.476924215672493990e+00
1.500563572462073392e+00
1.519562495422805748e+00
1.533128837712467440e+00
1.540799967716314667e+00
1.542593157218962618e+00
1.539133790439935145e+00
1.531721234977990065e+00
1.522286770240617093e+00
1.513205810813943231e+00
1.506954126736468780e+00
1.505645607928963514e+00
1.510547439000419434e+00
1.521714877549824596e+00
1.537892399815539379e+00
1.556767412277394014e+00
1.575538215597424019e+00
1.591608972668186350e+00
1.603126777091120836e+00
1.609112493329997617e+00
1.609139438338970773e+00
1.602795323925264359e+00
1.589302044344682363e+00
1.567424559012898344e+00
1.535187237049213005e+00
1.488499909379469299e+00
1.418664198451844882e+00
1.311634752741327015e+00
1.155498108648122413e+00
9.620166565844601170e-01
7.961727717089265299e-01
7.801317257677219397e-01
1.000000000000000000e+00
