1.000000000000000000e+00
7.432478220499302290e-01
7.844644195153618327e-01
9.764233112466184084e-01
1.170719048007973218e+00
1.314271569614160917e+00
1.412377663976913000e+00
1.482416420227609111e+00
1.534346595961183946e+00
1.570939956786540304e+00
1.593236444599252177e+00
1.603637954198176230e+00
1.605833221967406521e+00
1.603329135653030590e+00
1.598219730593892995e+00
1.590920853366972532e+00
1.580819111976649483e+00
1.567334250080308689e+00
1.550799792730406024e+00
1.532768375467870925e+00
1.515685970571308383e+00
1.502164419629919090e+00
1.494199214510240292e+00
1.492625929552837016e+00
1.496956756907746877e+00
1.505577328629206901e+00
1.516175942242523833e+00
1.526243460707757738e+00
1.533509098119488323e+00
1.536234851506752763e+00
1.533350153594912557e+00
1.524450297301588542e+00
1.509702197921664490e+00
1.489702995346491976e+00
1.465328274253256735e+00
1.437594187563911996e+00
1.407546057836465581e+00
1.376177210570196374e+00
1.344376237040554978e+00
1.312898059455777089e+00
1.282353254442132329e+00
1.253210312667483395e+00
1.225806292892702487e+00
1.200362291311102281e+00
1.177001079285950658e+00
1.155765065069281006e+00
1.136633376843990684e+00
1.119537350998941028e+00
1.104374062529432710e+00
1.091017779953649125e+00
1.079329389962252916e+00
1.069163938350085052e+00
1.060376490638567759e+00
1.052826541375389668e+00
1.046381205376001766e+00
1.040917414572999578e+00
1.036323326101194597e+00
1.032499124680758440e+00
1.029357378015570035e+00
1.026823079658224724e+00
1.024833490791234869e+00
1.023337871309072611e+00
1.022297171749771971e+00
1.021683741027914705e+00
1.021481090371457290e+00
1.021683741027704651e+00
1.022297171749340983e+00
1.023337871308407365e+00
1.024833490790313162e+00
1.026823079657014581e+00
1.029357378014029933e+00
1.032499124678842861e+00
1.036323326098842701e+00
1.040917414570150079e+00
1.046381205372572953e+00
1.052826541371301827e+00
1.060376490633734736e+00
1.069163938344403819e+00
1.079329389955617113e+00
1.091017779945938848e+00
1.104374062520523614e+00
1.119537350988686342e+00
1.136633376832228759e+00
1.155765065055800678e+00
1.177001079270486583e+00
1.200362291293277872e+00
1.225806292871980174e+00
1.253210312643077584e+00
1.282353254412860410e+00
1.312898059419875363e+00
1.344376236995381557e+00
1.376177210511869475e+00
1.407546057759334612e+00
1.437594187459870776e+00
1.465328274110864859e+00
1.489702995149905895e+00
1.509702197649365196e+00
1.524450296924982462e+00
1.533350153076900924e+00
1.536234850800432872e+00
1.533509097167227830e+00
1.526243459440749017e+00
1.516175940580942738e+00
1.505577326482651968e+00
1.496956754175354787e+00
1.492625926121950775e+00
1.494199210252514121e+00
1.502164414394306258e+00
1.515685964174957157e+00
1.532768367688282618e+00
1.550799783304286805e+00
1.567334238714806371e+00
1.580819098375665144e+00
1.590920837269375054e+00
1.598219711814846011e+00
1.603329114119016685e+00
1.605833197742194018e+00
1.603637927506374794e+00
1.593236415855953769e+00
1.570939926629034700e+00
1.534346565260709117e+00
1.482416390055351529e+00
1.412377635519951768e+00
1.314271544062772357e+00
1.170719026436995991e+00
9.764232945037194522e-01
7.844644081485365739e-01
7.432478163246579728e-01
1.000000000000000000e+00
