1.000000000000000000e+00
9.862401954916699687e-01
1.002334768531770504e+00
1.054539815531323033e+00
1.135463000574556958e+00
1.231708056648665339e+00
1.329427258631349362e+00
1.417847286842790044e+00
1.490807013740879983e+00
1.546591915469667233e+00
1.586664871503531415e+00
1.614027260343406933e+00
1.631815574265169211e+00
1.642447928024856063e+00
1.647343865182527844e+00
1.647057913562861797e+00
1.641612763206219849e+00
1.630853617616796480e+00
1.614718053994443236e+00
1.593385326011552916e+00
1.567316099830037501e+00
1.537215603216127935e+00
1.503956438406833795e+00
1.468490369225644798e+00
1.431768139327039835e+00
1.394676939398283855e+00
1.357998232519581405e+00
1.322384451113132853e+00
1.288351059027579737e+00
1.256279910300155844e+00
1.226430103271183070e+00
1.198953174194190785e+00
1.173910219262885191e+00
1.151289229257393076e+00
1.131021503013492246e+00
1.112996459790396964e+00
1.097074505925353938e+00
1.083097847150840121e+00
1.070899295600878265e+00
1.060309218931444919e+00
1.051160834023647350e+00
1.043294072029890884e+00
1.036558244752562752e+00
1.030813731808424949e+00
1.025932889129685055e+00
1.021800356006938193e+00
1.018312912873715392e+00
1.015379017274349316e+00
1.012918122188550374e+00
1.010859859848028730e+00
1.009143155743821296e+00
1.007715321795235042e+00
1.006531164559609559e+00
1.005552133717212193e+00
1.004745527613587042e+00
1.004083766098021080e+00
1.003543735974457674e+00
1.003106210806017806e+00
1.002755344336927923e+00
1.002478235196024636e+00
1.002264559635720476e+00
1.002106268681639101e+00
1.001997346092048602e+00
1.001933623848046961e+00
1.001912652433128770e+00
1.001933623848046961e+00
1.001997346092048602e+00
1.002106268681639101e+00
1.002264559635720476e+00
1.002478235196024636e+00
1.002755344336927923e+00
1.003106210806017806e+00
1.003543735974457674e+00
1.004083766098021080e+00
1.004745527613587042e+00
1.005552133717212193e+00
1.006531164559609559e+00
1.007715321795235042e+00
1.009143155743821296e+00
1.010859859848028730e+00
1.012918122188550374e+00
1.015379017274349316e+00
1.018312912873715614e+00
1.021800356006937527e+00
1.025932889129685055e+00
1.030813731808424949e+00
1.036558244752562752e+00
1.043294072029890884e+00
1.051160834023647572e+00
1.060309218931444919e+00
1.070899295600878043e+00
1.083097847150839899e+00
1.097074505925354382e+00
1.112996459790396520e+00
1.131021503013491802e+00
1.151289229257392854e+00
1.173910219262883414e+00
1.198953174194191007e+00
1.226430103271183070e+00
1.256279910300155844e+00
1.288351059027580847e+00
1.322384451113131743e+00
1.357998232519582293e+00
1.394676939398283411e+00
1.431768139327040501e+00
1.468490369225644798e+00
1.503956438406833351e+00
1.537215603216129045e+00
1.567316099830038612e+00
1.593385326011552916e+00
1.614718053994444125e+00
1.630853617616796480e+00
1.641612763206219405e+00
1.647057913562860909e+00
1.647343865182526956e+00
1.642447928024857839e+00
1.631815574265170321e+00
1.614027260343406489e+00
1.586664871503531415e+00
1.546591915469665901e+00
1.490807013740881093e+00
1.417847286842789822e+00
1.329427258631349806e+00
1.231708056648666449e+00
1.135463000574558068e+00
1.054539815531322366e+00
1.002334768531769615e+00
9.862401954916684144e-01
1.000000000000000000e+00
