1.000000000000000000e+00
7.540937730617809365e-01
7.868713025345231982e-01
9.715378917952128823e-01
1.166733717434270234e+00
1.314493750583488829e+00
1.414893615403757243e+00
1.484310217182063019e+00
1.534363462524645616e+00
1.569580662477956245e+00
1.591741404405347948e+00
1.603082112802031167e+00
1.606659666352064919e+00
1.605236717630743382e+00
1.600321214880004339e+00
1.592119710645050423e+00
1.580283239311268018e+00
1.564873407106612158e+00
1.546984046765289333e+00
1.528748500928052811e+00
1.512809850282535340e+00
1.501552712885432461e+00
1.496430169100765761e+00
1.497610615682674284e+00
1.504005303063637333e+00
1.513597832249172104e+00
1.523924798236464762e+00
1.532554987578168992e+00
1.537459574456438549e+00
1.537226329670010161e+00
1.531122472973507787e+00
1.519041875674811193e+00
1.501382702308892814e+00
1.478897421071093232e+00
1.452545887032654193e+00
1.423369738390245498e+00
1.392395942646042384e+00
1.360570146182430218e+00
1.328716360684291331e+00
1.297517733431069242e+00
1.267512873131665163e+00
1.239102755721825710e+00
1.212564138232893329e+00
1.188066373626060157e+00
1.165689394449783922e+00
1.145441357173246466e+00
1.127275002170964102e+00
1.111102201870655115e+00
1.096806466329845575e+00
1.084253377384467809e+00
1.073299052675699139e+00
1.063796818428780044e+00
1.055602309893155510e+00
1.048577232380990987e+00
1.042592012505610510e+00
1.037527554905395055e+00
1.033276299082511285e+00
1.029742747296532590e+00
1.026843610020893083e+00
1.024507691811206600e+00
1.022675618479084614e+00
1.021299486702415216e+00
1.020342499796634828e+00
1.019778638246932045e+00
1.019592400516981634e+00
1.019778638246743530e+00
1.020342499796249136e+00
1.021299486701819470e+00
1.022675618478259940e+00
1.024507691810122800e+00
1.026843610019514186e+00
1.029742747294817518e+00
1.033276299080404748e+00
1.037527554902843763e+00
1.042592012502540744e+00
1.048577232377330803e+00
1.055602309888827417e+00
1.063796818423690116e+00
1.073299052669751452e+00
1.084253377377549565e+00
1.096806466321837537e+00
1.111102201861415173e+00
1.127275002160325057e+00
1.145441357160982943e+00
1.165689394435606596e+00
1.188066373609547366e+00
1.212564138213433340e+00
1.239102755698517910e+00
1.267512873103159965e+00
1.297517733395353368e+00
1.328716360638364069e+00
1.360570146121900859e+00
1.392395942564532918e+00
1.423369738278630114e+00
1.452545886878064740e+00
1.478897420855705080e+00
1.501382702008455361e+00
1.519041875257006291e+00
1.531122472396223344e+00
1.537226328879709225e+00
1.537459573386909639e+00
1.532554986149814891e+00
1.523924796356338707e+00
1.513597829811552664e+00
1.504005299950538888e+00
1.497610611763143140e+00
1.496430164227568804e+00
1.501552706888174660e+00
1.512809842957776096e+00
1.528748492029586847e+00
1.546984036000455198e+00
1.564873394145630314e+00
1.580283223814243243e+00
1.592119692305127288e+00
1.600321193473916548e+00
1.605236693064967968e+00
1.606659638697824910e+00
1.603082082322780266e+00
1.591741371585360998e+00
1.569580628051030713e+00
1.534363427483477205e+00
1.484310182742286210e+00
1.414893582915153436e+00
1.314493721405838977e+00
1.166733692799446498e+00
9.715378726742062154e-01
7.868712895533128693e-01
7.540937665232205767e-01
1.000000000000000000e+00
