1.000000000000000000e+00
8.283624733453582856e-01
8.258257892511371434e-01
9.559034227325818867e-01
1.133624237677677504e+00
1.295993304475651531e+00
1.416914511467455284e+00
1.496713094657621035e+00
1.546617285806009434e+00
1.577931035907863100e+00
1.597701040411295681e+00
1.608811482327649811e+00
1.611858544522032144e+00
1.607059013940733694e+00
1.595447186223902358e+00
1.579230835873259187e+00
1.561472874899536789e+00
1.545392416165252358e+00
1.533605366715376839e+00
1.527566209101670847e+00
1.527352965603171242e+00
1.531801669304631686e+00
1.538891825714561623e+00
1.546237082202654101e+00
1.551545016643700148e+00
1.552956032910699724e+00
1.549227347398434151e+00
1.539773621709551454e+00
1.524601840629010274e+00
1.504185298708109020e+00
1.479316069762719454e+00
1.450964000477467541e+00
1.420158323368528430e+00
1.387898284172774055e+00
1.355092634860876277e+00
1.322524200017430651e+00
1.290834242307019597e+00
1.260521241905782519e+00
1.231949324989307870e+00
1.205362488620449257e+00
1.180901712053253005e+00
1.158622884989616297e+00
1.138514171130478037e+00
1.120511955818547678e+00
1.104514916981084616e+00
1.090396033984364577e+00
1.078012534710133918e+00
1.067213899418485434e+00
1.057848108979277724e+00
1.049766359098362578e+00
1.042826472110037761e+00
1.036895231891387992e+00
1.031849851480160396e+00
1.027578761403583840e+00
1.023981882656967990e+00
1.020970523857798629e+00
1.018467018770415899e+00
1.016404199029846023e+00
1.014724777968776026e+00
1.013380705151686767e+00
1.012332537521251075e+00
1.011548861798737819e+00
1.011005793698424249e+00
1.010686572307749165e+00
1.010581262317179041e+00
1.010686572310552256e+00
1.011005793704174538e+00
1.011548861807736399e+00
1.012332537533953136e+00
1.013380705168747786e+00
1.014724777991066640e+00
1.016404199058501767e+00
1.018467018806888058e+00
1.020970523903935945e+00
1.023981882715087055e+00
1.027578761476603209e+00
1.031849851571740917e+00
1.036895232006098233e+00
1.042826472253594483e+00
1.049766359277908956e+00
1.057848109203744391e+00
1.067213899699037905e+00
1.078012535060750121e+00
1.090396034422551175e+00
1.104514917528796270e+00
1.120511956503361661e+00
1.138514171987091039e+00
1.158622886061764001e+00
1.180901713396184105e+00
1.205362490304106693e+00
1.231949327102443537e+00
1.260521244561295884e+00
1.290834245648855516e+00
1.322524204229519329e+00
1.355092640178688912e+00
1.387898290898223586e+00
1.420158331889054493e+00
1.450964011290333922e+00
1.479316083505578305e+00
1.504185316196944289e+00
1.524601862904345406e+00
1.539773650091301294e+00
1.549227383548959835e+00
1.552956078904123016e+00
1.551545075037543020e+00
1.546237156105295663e+00
1.538891918839078166e+00
1.531801785996754983e+00
1.527353110828573834e+00
1.527566388375812156e+00
1.533605585957166673e+00
1.545392681453404693e+00
1.561473192107534880e+00
1.579231210158013932e+00
1.595447621350414735e+00
1.607059511449476563e+00
1.611859102794025667e+00
1.608812095671265485e+00
1.597701698364378142e+00
1.577931722984362350e+00
1.546617981884630622e+00
1.496713776098362425e+00
1.416915152869535843e+00
1.295993880800426101e+00
1.133624726316053044e+00
9.559038050780440665e-01
8.258260515090274367e-01
8.283626066228079177e-01
1.000000000000000000e+00
