1.000000000000000000e+00
8.050729787937650483e-01
8.103236768696699954e-01
9.582339057919666558e-01
1.145647232807143201e+00
1.306591458822017104e+00
1.420682504749043007e+00
1.494210278763544064e+00
1.540952339517039471e+00
1.571958873727690165e+00
1.593170805156026271e+00
1.606710693897600351e+00
1.612819682689317968e+00
1.611320161611453194e+00
1.602529972768510724e+00
1.587742221394783826e+00
1.569288106692540596e+00
1.550192043118129304e+00
1.533538945012778765e+00
1.521779466673583325e+00
1.516208682130430585e+00
1.516765525909641754e+00
1.522170601965157966e+00
1.530311212137628996e+00
1.538730602512489609e+00
1.545085744470950706e+00
1.547483534060744015e+00
1.544661537691141007e+00
1.536025234394770012e+00
1.521579769818153460e+00
1.501801356169176760e+00
1.477487782253450010e+00
1.449616030270301836e+00
1.419222983480892708e+00
1.387315495109695540e+00
1.354809560590709561e+00
1.322494717546014886e+00
1.291018340823215871e+00
1.260884408927084310e+00
1.232461952519762649e+00
1.205999317303270146e+00
1.181641322242152015e+00
1.159447238311642980e+00
1.139408203039001588e+00
1.121463217959200787e+00
1.105513267380416442e+00
1.091433372795429291e+00
1.079082583310839949e+00
1.068312020935863860e+00
1.058971168731991153e+00
1.050912623967785509e+00
1.043995548442985477e+00
1.038088042193809901e+00
1.033068650874307881e+00
1.028827195589447685e+00
1.025265089938718788e+00
1.022295284662682047e+00
1.019841956991205834e+00
1.017840040446526206e+00
1.016234671924778121e+00
1.014980616538097680e+00
1.014041716905513812e+00
1.013390402150726288e+00
1.013007282518631369e+00
1.012880847923738559e+00
1.013007282520807850e+00
1.013390402155192049e+00
1.014041716912503333e+00
1.014980616547969117e+00
1.016234671938045953e+00
1.017840040463873885e+00
1.019841957013525757e+00
1.022295284691116857e+00
1.025265089974726651e+00
1.028827195634857361e+00
1.033068650931428412e+00
1.038088042265542299e+00
1.043995548532957285e+00
1.050912624080541979e+00
1.058971168873220625e+00
1.068312021112692856e+00
1.079082583532193107e+00
1.091433373072501212e+00
1.105513267727242122e+00
1.121463218393419004e+00
1.139408203582795931e+00
1.159447238992968199e+00
1.181641323096294327e+00
1.205999318374863183e+00
1.232461953865381155e+00
1.260884410618593021e+00
1.291018342952128695e+00
1.322494720229113740e+00
1.354809563977324327e+00
1.387315499391118756e+00
1.419222988902510529e+00
1.449616037147100300e+00
1.477487790989761018e+00
1.501801367283446043e+00
1.521579783973649125e+00
1.536025252436866717e+00
1.544661560691433566e+00
1.547483563367528570e+00
1.545085781764403476e+00
1.538730649861281163e+00
1.530311272051713134e+00
1.522170677437306496e+00
1.516765620436288708e+00
1.516208799700714094e+00
1.521779611714092484e+00
1.533539122273867905e+00
1.550192257484988012e+00
1.569288362900564726e+00
1.587742523626358260e+00
1.602530324112824589e+00
1.611320563388642713e+00
1.612820133681187595e+00
1.606711189586842892e+00
1.593171337136485288e+00
1.571959429479925063e+00
1.540952902717786399e+00
1.494210830203557494e+00
1.420683023786737831e+00
1.306591925136760146e+00
1.145647628093492409e+00
9.582342150276185189e-01
8.103238889451261917e-01
8.050730865583530793e-01
1.000000000000000000e+00
