1.000000000000000000e+00
1.060439106644245122e+00
1.125021353337088525e+00
1.194908981790136604e+00
1.268925824182026263e+00
1.344220088744068953e+00
1.416977433239124506e+00
1.483154667804844173e+00
1.539144993485050517e+00
1.582273495060549484e+00
1.611058678964844226e+00
1.625236583690518266e+00
1.625597648613284152e+00
1.613714128497527378e+00
1.591635227346916315e+00
1.561607809799189894e+00
1.525855072647385624e+00
1.486423253746676387e+00
1.445091498162646149e+00
1.403332503516978136e+00
1.362309611860686553e+00
1.322897297893475876e+00
1.285714674637325139e+00
1.251164530456286617e+00
1.219472938988979793e+00
1.190726444327747213e+00
1.164905224687811547e+00
1.141911574366218929e+00
1.121593631644954625e+00
1.103764623346163321e+00
1.088218076514967825e+00
1.074739523187195678e+00
1.063115235852561291e+00
1.053138505750749188e+00
1.044613930680720726e+00
1.037360124344791412e+00
1.031211202052265019e+00
1.026017341905047342e+00
1.021644668733123318e+00
1.017974661310951934e+00
1.014903242330064792e+00
1.012339675324178456e+00
1.010205363031046355e+00
1.008432617125500474e+00
1.006963449353970752e+00
1.005748418270836053e+00
1.004745553442313977e+00
1.003919369584142407e+00
1.003239976118419419e+00
1.002682282608528208e+00
1.002225297054272657e+00
1.001851511757523294e+00
1.001546370114338558e+00
1.001297807017434538e+00
1.001095855375041976e+00
1.000932311420232201e+00
1.000800451885056619e+00
1.000694796660096308e+00
1.000610911189531382e+00
1.000545243519621375e+00
1.000494991594051086e+00
1.000457997053557646e+00
1.000432662438710096e+00
1.000417889308502062e+00
1.000413035374010162e+00
1.000417889308502062e+00
1.000432662438710096e+00
1.000457997053557646e+00
1.000494991594051086e+00
1.000545243519621375e+00
1.000610911189531382e+00
1.000694796660096308e+00
1.000800451885056619e+00
1.000932311420232201e+00
1.001095855375041976e+00
1.001297807017434538e+00
1.001546370114338558e+00
1.001851511757523294e+00
1.002225297054272657e+00
1.002682282608528208e+00
1.003239976118419419e+00
1.003919369584142407e+00
1.004745553442313977e+00
1.005748418270836053e+00
1.006963449353970752e+00
1.008432617125500474e+00
1.010205363031046355e+00
1.012339675324178234e+00
1.014903242330064792e+00
1.017974661310952156e+00
1.021644668733123318e+00
1.026017341905047342e+00
1.031211202052264797e+00
1.037360124344791190e+00
1.044613930680720504e+00
1.053138505750748966e+00
1.063115235852560625e+00
1.074739523187195678e+00
1.088218076514967603e+00
1.103764623346163321e+00
1.121593631644955291e+00
1.141911574366218485e+00
1.164905224687811991e+00
1.190726444327747213e+00
1.219472938988979793e+00
1.251164530456286617e+00
1.285714674637324917e+00
1.322897297893476987e+00
1.362309611860686998e+00
1.403332503516977914e+00
1.445091498162646593e+00
1.486423253746676609e+00
1.525855072647386512e+00
1.561607809799190338e+00
1.591635227346915649e+00
1.613714128497529599e+00
1.625597648613285706e+00
1.625236583690517378e+00
1.611058678964843782e+00
1.582273495060549706e+00
1.539144993485050739e+00
1.483154667804843507e+00
1.416977433239124506e+00
1.344220088744070285e+00
1.268925824182027151e+00
1.194908981790136382e+00
1.125021353337088081e+00
1.060439106644244678e+00
1.000000000000000000e+00
