1.000000000000000000e+00
7.769879539126434143e-01
7.954786849463948428e-01
9.643988234003937343e-01
1.158806739066020608e+00
1.314287851513302074e+00
1.420569799884796369e+00
1.490295638214315543e+00
1.537328488858497266e+00
1.569863143885769086e+00
1.591681432264072216e+00
1.604795170541391647e+00
1.610693073602037284e+00
1.610414325724083939e+00
1.604486181446598714e+00
1.593261781044198910e+00
1.577514927845453441e+00
1.558867954137443723e+00
1.539760985313952668e+00
1.522969555790949947e+00
1.510907944193378372e+00
1.505016404902302707e+00
1.505444832310431247e+00
1.511095593092028233e+00
1.519954544057545931e+00
1.529567231234311597e+00
1.537512941169541625e+00
1.541771444748610831e+00
1.540935818498858190e+00
1.534275384850165791e+00
1.521683708397725709e+00
1.503557162936480340e+00
1.480645700020534861e+00
1.453906434911197643e+00
1.424378316972708225e+00
1.393085788843815287e+00
1.360972154387629862e+00
1.328859238442428925e+00
1.297428116241872598e+00
1.267215400357367683e+00
1.238620116198655419e+00
1.211917095399126065e+00
1.187273778591176443e+00
1.164768193063777657e+00
1.144406594651985465e+00
1.126139826560534685e+00
1.109877865712583622e+00
1.095502324323386345e+00
1.082876876589010218e+00
1.071855710798100825e+00
1.062290184938371462e+00
1.054033904046542514e+00
1.046946451672669420e+00
1.040896004549328291e+00
1.035761045267356684e+00
1.031431367115736242e+00
1.027808541566764378e+00
1.024805994487760996e+00
1.022348813575584492e+00
1.020373387695315381e+00
1.018826959279301558e+00
1.017667153904600275e+00
1.016861536581703307e+00
1.016387231957645243e+00
1.016230635255414461e+00
1.016387231958770121e+00
1.016861536584013237e+00
1.017667153908218935e+00
1.018826959284423239e+00
1.020373387702215640e+00
1.022348813584628369e+00
1.024805994499431883e+00
1.027808541581681334e+00
1.031431367134698407e+00
1.035761045291360372e+00
1.040896004579647594e+00
1.046946451710911941e+00
1.054033904094724639e+00
1.062290184999036047e+00
1.071855710874438650e+00
1.082876876685045620e+00
1.095502324444173059e+00
1.109877865864487667e+00
1.126139826751557660e+00
1.144406594892221074e+00
1.164768193365943949e+00
1.187273778971334570e+00
1.211917095877581785e+00
1.238620116801119719e+00
1.267215401116452922e+00
1.297428117199003861e+00
1.328859239650362234e+00
1.360972155913652282e+00
1.393085790773915589e+00
1.424378319416953698e+00
1.453906438010676982e+00
1.480645703956234849e+00
1.503557167940621220e+00
1.521683714768016671e+00
1.534275392967537899e+00
1.540935828849084643e+00
1.541771457947913371e+00
1.537512957993966145e+00
1.529567252651725662e+00
1.519954571260236920e+00
1.511095627526573448e+00
1.505444875700331142e+00
1.505016459257893180e+00
1.510908011803036688e+00
1.522969639187369717e+00
1.539761087208731505e+00
1.558868077315477496e+00
1.577515075007320133e+00
1.593261954581345563e+00
1.604486383135035110e+00
1.610414556333892522e+00
1.610693332446820003e+00
1.604795455030950890e+00
1.591681737560895593e+00
1.569863462780945351e+00
1.537328811961089725e+00
1.490295954490254760e+00
1.420570097499288087e+00
1.314288118839411545e+00
1.158806965649168186e+00
9.643990006648022195e-01
7.954788065338427305e-01
7.769880157070373494e-01
1.000000000000000000e+00
