1.000000000000000000e+00
1.075062809454576884e+00
1.151855576225736533e+00
1.230187387252475339e+00
1.308289509947521800e+00
1.383290606230364927e+00
1.451797863842855696e+00
1.510510145213182387e+00
1.556756349213501922e+00
1.588861983133702971e+00
1.606294731722692104e+00
1.609600497991057422e+00
1.600188295509241687e+00
1.580041389756809300e+00
1.551424786411363277e+00
1.516636709605011513e+00
1.477826401991592320e+00
1.436880480258054815e+00
1.395368000467615666e+00
1.354529483536606627e+00
1.315295074770968409e+00
1.278319414583925617e+00
1.244023987289171185e+00
1.212640729658877925e+00
1.184253112092747529e+00
1.158832675541514368e+00
1.136270198035845169e+00
1.116401408561931152e+00
1.099027592983407908e+00
1.083931652490880193e+00
1.070890257513129828e+00
1.059682742793608412e+00
1.050097347665751801e+00
1.041935341755507727e+00
1.035013504059142608e+00
1.029165350674122292e+00
1.024241437969484414e+00
1.020109006050918588e+00
1.016651173036170475e+00
1.013765844110373848e+00
1.011364460282308420e+00
1.009370679624581379e+00
1.007719057815482211e+00
1.006353774209166829e+00
1.005227433647100321e+00
1.004299962030066551e+00
1.003537604606501432e+00
1.002912029385731429e+00
1.002399533524839015e+00
1.001980347517424486e+00
1.001638030160558079e+00
1.001358946291404095e+00
1.001131818927120998e+00
1.000947347522118891e+00
1.000797884431311457e+00
1.000677162227407768e+00
1.000580065184966783e+00
1.000502438956193396e+00
1.000440933184423065e+00
1.000392872504776154e+00
1.000356152052370051e+00
1.000329154228795980e+00
1.000310684065440547e+00
1.000299921068772191e+00
1.000296385943346023e+00
1.000299921068772191e+00
1.000310684065440547e+00
1.000329154228795980e+00
1.000356152052370051e+00
1.000392872504776154e+00
1.000440933184423065e+00
1.000502438956193396e+00
1.000580065184966783e+00
1.000677162227407768e+00
1.000797884431311457e+00
1.000947347522118891e+00
1.001131818927120998e+00
1.001358946291404095e+00
1.001638030160558079e+00
1.001980347517424486e+00
1.002399533524839015e+00
1.002912029385731429e+00
1.003537604606501432e+00
1.004299962030066551e+00
1.005227433647100321e+00
1.006353774209166829e+00
1.007719057815482211e+00
1.009370679624581157e+00
1.011364460282308420e+00
1.013765844110374070e+00
1.016651173036170475e+00
1.020109006050918588e+00
1.024241437969484192e+00
1.029165350674122070e+00
1.035013504059142386e+00
1.041935341755507505e+00
1.050097347665751357e+00
1.059682742793608412e+00
1.070890257513129606e+00
1.083931652490879971e+00
1.099027592983408130e+00
1.116401408561930930e+00
1.136270198035845613e+00
1.158832675541514146e+00
1.184253112092747529e+00
1.212640729658877703e+00
1.244023987289171185e+00
1.278319414583926061e+00
1.315295074770968409e+00
1.354529483536606405e+00
1.395368000467615888e+00
1.436880480258054371e+00
1.477826401991592320e+00
1.516636709605011513e+00
1.551424786411361501e+00
1.580041389756810410e+00
1.600188295509241687e+00
1.609600497991056089e+00
1.606294731722691216e+00
1.588861983133702527e+00
1.556756349213501478e+00
1.510510145213180833e+00
1.451797863842855030e+00
1.383290606230365594e+00
1.308289509947522244e+00
1.230187387252474895e+00
1.151855576225736089e+00
1.075062809454576662e+00
1.000000000000000000e+00
