1.000000000000000000e+00
1.072525278213342981e+00
1.144515876516665642e+00
1.214687331800443193e+00
1.281096401852773736e+00
1.341403412040449217e+00
1.393239650127862550e+00
1.434590317644445667e+00
1.464103424472108728e+00
1.481261754317362733e+00
1.486398229810177662e+00
1.480577213778533574e+00
1.465391102604517437e+00
1.442727961626006916e+00
1.414556003879713586e+00
1.382752932720054284e+00
1.348990454093646374e+00
1.314671212403071499e+00
1.280908196482932082e+00
1.248534319571894979e+00
1.218130645642579335e+00
1.190063991512458674e+00
1.164527252530961343e+00
1.141578159822524308e+00
1.121174032515143359e+00
1.103201412469051901e+00
1.087500338089894658e+00
1.073883535384190013e+00
1.062151080828997118e+00
1.052101204989174921e+00
1.043537919731175156e+00
1.036276108265548057e+00
1.030144644566314049e+00
1.024988025014325288e+00
1.020666911272391841e+00
1.017057905530239781e+00
1.014052810380979164e+00
1.011557566796778662e+00
1.009491014885481874e+00
1.007783582598249073e+00
1.006375976259592298e+00
1.005217922523559126e+00
1.004266992950980208e+00
1.003487528763221448e+00
1.002849673490720184e+00
1.002328514367956114e+00
1.001903328736168497e+00
1.001556928832449289e+00
1.001275096714429713e+00
1.001046100336519418e+00
1.000860281680954200e+00
1.000709708146666932e+00
1.000587878956689547e+00
1.000489479048275454e+00
1.000410173680184256e+00
1.000346437774294994e+00
1.000295414768770375e+00
1.000254800475659067e+00
1.000222748095610958e+00
1.000197791141727466e+00
1.000178781563766828e+00
1.000164840846426761e+00
1.000155322287099802e+00
1.000149783045775509e+00
1.000147964910714338e+00
1.000149783045775509e+00
1.000155322287099802e+00
1.000164840846426761e+00
1.000178781563766828e+00
1.000197791141727466e+00
1.000222748095610958e+00
1.000254800475659067e+00
1.000295414768770375e+00
1.000346437774294994e+00
1.000410173680184256e+00
1.000489479048275454e+00
1.000587878956689547e+00
1.000709708146666932e+00
1.000860281680954200e+00
1.001046100336519418e+00
1.001275096714429713e+00
1.001556928832449289e+00
1.001903328736168497e+00
1.002328514367956114e+00
1.002849673490720184e+00
1.003487528763221448e+00
1.004266992950980208e+00
1.005217922523559126e+00
1.006375976259592298e+00
1.007783582598249073e+00
1.009491014885481874e+00
1.011557566796778662e+00
1.014052810380979164e+00
1.017057905530239781e+00
1.020666911272391619e+00
1.024988025014325288e+00
1.030144644566313605e+00
1.036276108265548057e+00
1.043537919731175156e+00
1.052101204989174921e+00
1.062151080828997340e+00
1.073883535384189791e+00
1.087500338089895102e+00
1.103201412469051679e+00
1.121174032515143359e+00
1.141578159822524308e+00
1.164527252530961343e+00
1.190063991512459118e+00
1.218130645642579113e+00
1.248534319571894535e+00
1.280908196482932970e+00
1.314671212403071721e+00
1.348990454093645930e+00
1.382752932720053618e+00
1.414556003879712254e+00
1.442727961626007582e+00
1.465391102604516771e+00
1.480577213778532242e+00
1.486398229810177440e+00
1.481261754317363177e+00
1.464103424472107839e+00
1.434590317644444779e+00
1.393239650127862550e+00
1.341403412040450327e+00
1.281096401852774180e+00
1.214687331800442749e+00
1.144515876516665864e+00
1.072525278213342759e+00
1.000000000000000000e+00
