1.000000000000000000e+00
7.668731871163368963e-01
7.908549550121029004e-01
9.665048636303172902e-01
1.161584194646001489e+00
1.313867614516589954e+00
1.417394675384078928e+00
1.486642810962126360e+00
1.534733692906975699e+00
1.568342904190731080e+00
1.590355313892234390e+00
1.602851417501315767e+00
1.607989867121537575e+00
1.607526653670293015e+00
1.602339369096492883e+00
1.592622266264903441e+00
1.578596701489889620e+00
1.561208753700300322e+00
1.542381588481283483e+00
1.524714362828440528e+00
1.510816301722067712e+00
1.502594567234227130e+00
1.500771221855690341e+00
1.504761549797061893e+00
1.512892162336491930e+00
1.522834394614400955e+00
1.532097142143405977e+00
1.538450394568606994e+00
1.540206955401770994e+00
1.536346771181883453e+00
1.526508536890076151e+00
1.510892041338118164e+00
1.490116011560499221e+00
1.465067307270736530e+00
1.436764918404622504e+00
1.406250722227412320e+00
1.374510363598425489e+00
1.342422253572767676e+00
1.310729988486089681e+00
1.280032654816476212e+00
1.250787747470239797e+00
1.223322224120711565e+00
1.197848180184712064e+00
1.174480553231286528e+00
1.153255057435216502e+00
1.134145179839004758e+00
1.117077547450271435e+00
1.101945319598826023e+00
1.088619499587736517e+00
1.076958218088827079e+00
1.066814138854918825e+00
1.058040191904421334e+00
1.050493863342661927e+00
1.044040274218536624e+00
1.038554270561635962e+00
1.033921728340329471e+00
1.030040254368269403e+00
1.026819439867497685e+00
1.024180799305470124e+00
1.022057504435755160e+00
1.020394002868087346e+00
1.019145592282954871e+00
1.018278005630033789e+00
1.017767049156852455e+00
1.017598323619543388e+00
1.017767049156721004e+00
1.018278005629765115e+00
1.019145592282540758e+00
1.020394002867516026e+00
1.022057504435009090e+00
1.024180799304526879e+00
1.026819439866331507e+00
1.030040254366850760e+00
1.033921728338633272e+00
1.038554270559620241e+00
1.044040274216170738e+00
1.050493863339916345e+00
1.058040191901261418e+00
1.066814138851318150e+00
1.076958218084755892e+00
1.088619499583175498e+00
1.101945319593753636e+00
1.117077547444661700e+00
1.134145179832803718e+00
1.153255057428337338e+00
1.174480553223553381e+00
1.197848180175810962e+00
1.223322224110095391e+00
1.250787747456989951e+00
1.280032654799103220e+00
1.310729988462225881e+00
1.342422253538793742e+00
1.374510363548897551e+00
1.406250722154329225e+00
1.436764918296469906e+00
1.465067307111300732e+00
1.490116011327418555e+00
1.510892041001264507e+00
1.526508536409832528e+00
1.536346770507536430e+00
1.540206954470309642e+00
1.538450393304149122e+00
1.532097140457582718e+00
1.522834392407562465e+00
1.512892159499260147e+00
1.504761546211046630e+00
1.500771217391748014e+00
1.502594561746770641e+00
1.510816295039249413e+00
1.524714354740630551e+00
1.542381578733479808e+00
1.561208741996177540e+00
1.578596687513917241e+00
1.592622249723196992e+00
1.602339349768760357e+00
1.607526631459641919e+00
1.607989842091415600e+00
1.602851389899119683e+00
1.590355284167813466e+00
1.568342873013914618e+00
1.534733661172897445e+00
1.486642779763784450e+00
1.417394645942149589e+00
1.313867588073551973e+00
1.161584172335700105e+00
9.665048463414902535e-01
7.908549433000693352e-01
7.668731812282117977e-01
1.000000000000000000e+00
