1.000000000000000000e+00
7.616698105265382601e-01
7.890788520156567509e-01
9.684423866025528849e-01
1.163726531549470034e+00
1.314245056637972864e+00
1.416456267653030565e+00
1.485690222145763295e+00
1.534524526972178116e+00
1.568768521422382545e+00
1.590839538971049461e+00
1.602876037411505861e+00
1.607411497723576055e+00
1.606615308655735319e+00
1.601605530530901822e+00
1.592550996798395513e+00
1.579414255269409484e+00
1.562774230195544733e+00
1.544232670142657859e+00
1.526230407899386687e+00
1.511423239192992041e+00
1.501935167939914217e+00
1.498792330515795745e+00
1.501708037273009388e+00
1.509228710669939355e+00
1.519131789610314476e+00
1.528919266294608059e+00
1.536267116517756381e+00
1.539343784907805324e+00
1.536970068971580394e+00
1.528637843789800055e+00
1.514428705984478762e+00
1.494878295631029141e+00
1.470824784378891970e+00
1.443267900411236759e+00
1.413252878673060708e+00
1.381784378289025339e+00
1.349769324967905693e+00
1.317984398325776851e+00
1.287062694464862656e+00
1.257494163137705012e+00
1.229635131778795243e+00
1.203723176250441229e+00
1.179894543205131097e+00
1.158202155925075472e+00
1.138632904127114154e+00
1.121123429412148376e+00
1.105573991589424931e+00
1.091860262833836748e+00
1.079843071771223295e+00
1.069376229974422943e+00
1.060312636693419686e+00
1.052508887725488007e+00
1.045828621627032495e+00
1.040144828790457110e+00
1.035341331997567282e+00
1.031313625066264228e+00
1.027969232065010896e+00
1.025227725290035252e+00
1.023020517089593628e+00
1.021290519454032930e+00
1.019991746448304815e+00
1.019088918132473598e+00
1.018557110472761540e+00
1.018381483621827899e+00
1.018557110472600780e+00
1.019088918132145638e+00
1.019991746447797887e+00
1.021290519453331047e+00
1.023020517088673476e+00
1.025227725288866409e+00
1.027969232063560057e+00
1.031313625064487871e+00
1.035341331995424108e+00
1.040144828787887832e+00
1.045828621623982935e+00
1.052508887721901321e+00
1.060312636689227483e+00
1.069376229969557501e+00
1.079843071765604012e+00
1.091860262827385242e+00
1.105573991582044613e+00
1.121123429403722227e+00
1.138632904117477862e+00
1.158202155914007214e+00
1.179894543192289369e+00
1.203723176235302672e+00
1.229635131760558719e+00
1.257494163115132180e+00
1.287062694436065913e+00
1.317984398287886272e+00
1.349769324916672897e+00
1.381784378218211984e+00
1.413252878573666882e+00
1.443267900270490234e+00
1.470824784179000977e+00
1.494878295347659591e+00
1.514428705585051604e+00
1.528637843231674065e+00
1.536970068200322004e+00
1.539343783855850578e+00
1.536267115103639780e+00
1.528919264423063584e+00
1.519131787173074510e+00
1.509228707546701465e+00
1.501708033331409453e+00
1.498792325608841569e+00
1.501935161899618842e+00
1.511423231820379298e+00
1.526230398953682954e+00
1.544232659335540658e+00
1.562774217198053428e+00
1.579414239737356951e+00
1.592550978416089613e+00
1.601605509064935928e+00
1.606615284005914912e+00
1.607411469961571582e+00
1.602876006808230169e+00
1.590839506021003213e+00
1.568768486866645606e+00
1.534524491804772683e+00
1.485690187579913335e+00
1.416456235038328293e+00
1.314245027340718908e+00
1.163726506812992278e+00
9.684423674072607513e-01
7.890788389894818344e-01
7.616698039679169474e-01
1.000000000000000000e+00
