1.000000000000000000e+00
1.052081649241512373e+00
1.103540208422208568e+00
1.153357688989214092e+00
1.200160931105881401e+00
1.242375905274660797e+00
1.278449836660133565e+00
1.307083425150424194e+00
1.327418373952869990e+00
1.339142579735339345e+00
1.342500608597156919e+00
1.338221432643745823e+00
1.327391444737220594e+00
1.311305683864295801e+00
1.291325744227601380e+00
1.268763257959071744e+00
1.244797445406309988e+00
1.220426877573559832e+00
1.196450388633339967e+00
1.173469810453972695e+00
1.151907052410087839e+00
1.132029103144934323e+00
1.113976057938810937e+00
1.097788810405093241e+00
1.083434353367855207e+00
1.070827630921005635e+00
1.059849581067542124e+00
1.050361455565307800e+00
1.042215760953898673e+00
1.035264288135878896e+00
1.029363732967978784e+00
1.024379391444024456e+00
1.020187364580130485e+00
1.016675646419838985e+00
1.013744404068706695e+00
1.011305697499707890e+00
1.009282832293434184e+00
1.007609491839245308e+00
1.006228756991112139e+00
1.005092090225685464e+00
1.004158337121505040e+00
1.003392779464919560e+00
1.002766260487519379e+00
1.002254392723913812e+00
1.001836851932103922e+00
1.001496755750576062e+00
1.001220122709184146e+00
1.000995405409005112e+00
1.000813090782411097e+00
1.000665360063696774e+00
1.000545801235448229e+00
1.000449167113309112e+00
1.000371172781537199e+00
1.000308326715514395e+00
1.000257790572326000e+00
1.000217263261657497e+00
1.000184885505316590e+00
1.000159161642812711e+00
1.000138895937564332e+00
1.000123141082802647e+00
1.000111157000729500e+00
1.000102378377005552e+00
1.000096389680984688e+00
1.000092906695902117e+00
1.000091763829038971e+00
1.000092906695902117e+00
1.000096389680984688e+00
1.000102378377005552e+00
1.000111157000729500e+00
1.000123141082802647e+00
1.000138895937564332e+00
1.000159161642812711e+00
1.000184885505316590e+00
1.000217263261657497e+00
1.000257790572326000e+00
1.000308326715514395e+00
1.000371172781537199e+00
1.000449167113309112e+00
1.000545801235448229e+00
1.000665360063696774e+00
1.000813090782411097e+00
1.000995405409005112e+00
1.001220122709184146e+00
1.001496755750576062e+00
1.001836851932103922e+00
1.002254392723913812e+00
1.002766260487519379e+00
1.003392779464919560e+00
1.004158337121505040e+00
1.005092090225685464e+00
1.006228756991112139e+00
1.007609491839245308e+00
1.009282832293434184e+00
1.011305697499707890e+00
1.013744404068706473e+00
1.016675646419838985e+00
1.020187364580130485e+00
1.024379391444024456e+00
1.029363732967978784e+00
1.035264288135878896e+00
1.042215760953898895e+00
1.050361455565307578e+00
1.059849581067542346e+00
1.070827630921005413e+00
1.083434353367855207e+00
1.097788810405093018e+00
1.113976057938810937e+00
1.132029103144934767e+00
1.151907052410087395e+00
1.173469810453972251e+00
1.196450388633339745e+00
1.220426877573559832e+00
1.244797445406309322e+00
1.268763257959071078e+00
1.291325744227600714e+00
1.311305683864295579e+00
1.327391444737219484e+00
1.338221432643744491e+00
1.342500608597156475e+00
1.339142579735338900e+00
1.327418373952868658e+00
1.307083425150423084e+00
1.278449836660132677e+00
1.242375905274661241e+00
1.200160931105880735e+00
1.153357688989213425e+00
1.103540208422209012e+00
1.052081649241512151e+00
1.000000000000000000e+00
