1.000000000000000000e+00
7.413589850346848920e-01
7.848577461122291377e-01
9.786641562098504776e-01
1.172980694645809674e+00
1.315891674908987952e+00
1.413768349347737985e+00
1.484106463815919597e+00
1.536476411626074956e+00
1.573312850931081197e+00
1.595547695458029436e+00
1.605636292054082315e+00
1.607390276502057569e+00
1.604461365045930510e+00
1.599076063921894830e+00
1.591726152117477922e+00
1.581781569353526429e+00
1.568553699033444992e+00
1.552219696751966582e+00
1.534192226674247150e+00
1.516847104150870873e+00
1.502816880586435033e+00
1.494194569316785293e+00
1.491953021422169900e+00
1.495739057858811227e+00
1.504037272510761580e+00
1.514582994094923807e+00
1.524862531329692628e+00
1.532560857395495413e+00
1.535872897975579354e+00
1.533654451996051105e+00
1.525432995247292700e+00
1.511320857501102344e+00
1.491876747533092740e+00
1.467953618780469816e+00
1.440558497726513565e+00
1.410737960474014452e+00
1.379493776172789232e+00
1.347727352375547527e+00
1.316208544149333637e+00
1.285563311483678861e+00
1.256274843547715570e+00
1.228693511718035092e+00
1.203051969501178986e+00
1.179482659344393225e+00
1.158035804888362552e+00
1.138696626097529974e+00
1.121401016761206737e+00
1.106049289690816284e+00
1.092517850529851620e+00
1.080668831549110864e+00
1.070357823727337232e+00
1.061439906271169242e+00
1.053774201075101891e+00
1.047227185750015499e+00
1.041674990421297853e+00
1.037004886135676651e+00
1.033116150472611183e+00
1.029920471684790506e+00
1.027342028332277835e+00
1.025317358169453019e+00
1.023795108709636859e+00
1.022735742751543331e+00
1.022111255234875227e+00
1.021904942920543347e+00
1.022111255235148786e+00
1.022735742752103993e+00
1.023795108710523927e+00
1.025317358170724891e+00
1.027342028334017110e+00
1.029920471687108430e+00
1.033116150475662298e+00
1.037004886139654580e+00
1.041674990426469938e+00
1.047227185756712364e+00
1.053774201083762740e+00
1.061439906282364287e+00
1.070357823741788783e+00
1.080668831567749733e+00
1.092517850553865744e+00
1.106049289721733331e+00
1.121401016800966488e+00
1.138696626148610447e+00
1.158035804953908121e+00
1.179482659428405134e+00
1.203051969608723626e+00
1.228693511855541320e+00
1.256274843723337531e+00
1.285563311707737411e+00
1.316208544434909422e+00
1.347727352739203077e+00
1.379493776635539515e+00
1.410737961062539458e+00
1.440558498474727278e+00
1.467953619731555470e+00
1.491876748742140713e+00
1.511320859038523867e+00
1.525432997203216345e+00
1.533654454485958274e+00
1.535872901147400160e+00
1.532560861438415634e+00
1.524862536484654862e+00
1.514583000666720025e+00
1.504037280881048266e+00
1.495739068499014168e+00
1.491953034904595299e+00
1.494194586322000529e+00
1.502816901904900249e+00
1.516847130677200228e+00
1.534192259392939794e+00
1.552219736713314813e+00
1.568553747316769442e+00
1.581781627011614733e+00
1.591726220092652078e+00
1.599076142924085620e+00
1.604461455390610247e+00
1.607390377922021774e+00
1.605636403518547306e+00
1.595547815044854323e+00
1.573312975794395330e+00
1.536476538084397658e+00
1.484106587564409718e+00
1.413768465778653338e+00
1.315891779497799119e+00
1.172980783323767762e+00
9.786642256300375209e-01
7.848577937679060978e-01
7.413590092726296543e-01
1.000000000000000000e+00
