1.000000000000000000e+00
7.707738403339120525e-01
7.923200443769738976e-01
9.651501237715224280e-01
1.159928752072494573e+00
1.313450728935060541e+00
1.417992459130773764e+00
1.487331456797612139e+00
1.534931284807613761e+00
1.568095350110781272e+00
1.590065049482842108e+00
1.602883267356923991e+00
1.608428452349044191e+00
1.608153699103885392e+00
1.602776270501529599e+00
1.592535380752051699e+00
1.577863964867955104e+00
1.559982281683289562e+00
1.541034804286187443e+00
1.523710015464305956e+00
1.510554943923213322e+00
1.503297990183196209e+00
1.502431465230893881e+00
1.507157730816261809e+00
1.515656065120724927e+00
1.525536748554249256e+00
1.534328857510412369e+00
1.539882110116551406e+00
1.540620834938115191e+00
1.535642828284939032e+00
1.524692371913575650e+00
1.508052043245429186e+00
1.486396992644964055e+00
1.460645470038577365e+00
1.431826924912451782e+00
1.400977933227780969e+00
1.369068180176234772e+00
1.336953870717492832e+00
1.305353622919794399e+00
1.274841298311008453e+00
1.245850610155928573e+00
1.218687194123216244e+00
1.193544791557107798e+00
1.170523101120678477e+00
1.149645619352419823e+00
1.130876394226402626e+00
1.114135068612068125e+00
1.099309915892275891e+00
1.086268794005832206e+00
1.074868090878352556e+00
1.064959823778152792e+00
1.056397103646781854e+00
1.049038195279363261e+00
1.042749404691336368e+00
1.037407013020976709e+00
1.032898456932670239e+00
1.029122932330508666e+00
1.025991573803361812e+00
1.023427338312183688e+00
1.021364699280969068e+00
1.019749237077385517e+00
1.018537194130288537e+00
1.017695047638390582e+00
1.017199139805800012e+00
1.017035394501722756e+00
1.017199139805685215e+00
1.017695047638157213e+00
1.018537194129929047e+00
1.019749237076890136e+00
1.021364699280324917e+00
1.023427338311370782e+00
1.025991573802361723e+00
1.029122932329298301e+00
1.032898456931232944e+00
1.037407013019280733e+00
1.042749404689363724e+00
1.049038195277099295e+00
1.056397103644212132e+00
1.064959823775272652e+00
1.074868090875159554e+00
1.086268794002340332e+00
1.099309915888503131e+00
1.114135068608038015e+00
1.130876394222121606e+00
1.149645619347874570e+00
1.170523101115783282e+00
1.193544791551662154e+00
1.218687194116814032e+00
1.245850610147829052e+00
1.274841298299944636e+00
1.305353622903681732e+00
1.336953870693073476e+00
1.369068180138524049e+00
1.400977933169364587e+00
1.431826924822562797e+00
1.460645469901949545e+00
1.486396992440434106e+00
1.508052042944370452e+00
1.524692371478237662e+00
1.535642827666920063e+00
1.540620834077244483e+00
1.539882108940446859e+00
1.534328855935050528e+00
1.525536746485454120e+00
1.515656062456140818e+00
1.507157727446634787e+00
1.502431461038977956e+00
1.503297985038646090e+00
1.510554937672998754e+00
1.523710007920734633e+00
1.541034795217927966e+00
1.559982270817111605e+00
1.577863951908031970e+00
1.592535365418246807e+00
1.602776252579729555e+00
1.608153678495268579e+00
1.608428429106810720e+00
1.602883241708831230e+00
1.590065021847260951e+00
1.568095321111524498e+00
1.534931255278737305e+00
1.487331427759532865e+00
1.417992431727040037e+00
1.313450704333382735e+00
1.159928731337931840e+00
9.651501077308208831e-01
7.923200335318054677e-01
7.707738348904640269e-01
1.000000000000000000e+00
