4.634212746443741200e-15
1.066294584568863835e+00
2.107869970307552965e+00
3.124726720220993403e+00
4.116867141218321535e+00
5.084297090257480001e+00
6.027028193669080380e+00
6.945080327068080095e+00
7.838484222318101935e+00
8.707284086167879522e+00
9.551540132469444444e+00
1.037133094631944452e+01
1.116675561401664929e+01
1.193793556735504957e+01
1.268501610441245475e+01
1.340816756158021761e+01
1.410758612304211113e+01
1.478349426418819235e+01
1.543614083449492469e+01
1.606580079318663579e+01
1.667277461750750689e+01
1.725738740869308074e+01
1.781998772477367865e+01
1.836094617222926573e+01
1.888065379032534707e+01
1.937952026278732376e+01
1.985797199142450253e+01
2.031645006550930432e+01
2.075540815927282878e+01
2.117531038791420528e+01
2.157662915015538374e+01
2.195984298271576307e+01
2.232543444923534537e+01
2.267388808323234173e+01
2.300568840172342888e+01
2.332131800323018211e+01
2.362125576110151215e+01
2.390597512044384132e+01
2.417594250450306959e+01
2.443161583410886450e+01
2.467344316178749963e+01
2.490186142038153605e+01
2.511729528448329418e+01
2.532015614168921402e+01
2.551084116960416992e+01
2.568973251365600063e+01
2.585719656010532930e+01
2.601358329813795933e+01
2.615922576458888571e+01
2.629443956465075871e+01
2.641952246184823849e+01
2.653475403059625393e+01
2.664039536478934167e+01
2.673668883607621538e+01
2.682385789574578894e+01
2.690210691447590108e+01
2.697162105456389725e+01
2.703256616966001857e+01
2.708508872745242613e+01
2.712931575120056493e+01
2.716535477647600061e+01
2.719329381994260686e+01
2.721320135748811353e+01
2.722512630950365775e+01
2.722909803159565101e+01
2.722512630950365775e+01
2.721320135748811353e+01
2.719329381994260686e+01
2.716535477647600061e+01
2.712931575120056493e+01
2.708508872745242613e+01
2.703256616966002213e+01
2.697162105456389725e+01
2.690210691447590108e+01
2.682385789574578894e+01
2.673668883607621538e+01
2.664039536478934167e+01
2.653475403059625393e+01
2.641952246184823849e+01
2.629443956465076226e+01
2.615922576458888571e+01
2.601358329813795933e+01
2.585719656010532930e+01
2.568973251365600419e+01
2.551084116960416992e+01
2.532015614168921402e+01
2.511729528448329418e+01
2.490186142038153605e+01
2.467344316178749963e+01
2.443161583410886450e+01
2.417594250450306959e+01
2.390597512044384132e+01
2.362125576110151570e+01
2.332131800323018211e+01
2.300568840172342888e+01
2.267388808323234528e+01
2.232543444923534892e+01
2.195984298271576662e+01
2.157662915015538729e+01
2.117531038791420883e+01
2.075540815927283234e+01
2.031645006550930788e+01
1.985797199142450609e+01
1.937952026278732731e+01
1.888065379032535063e+01
1.836094617222927283e+01
1.781998772477368576e+01
1.725738740869308785e+01
1.667277461750751399e+01
1.606580079318664289e+01
1.543614083449493357e+01
1.478349426418820123e+01
1.410758612304212001e+01
1.340816756158022471e+01
1.268501610441246186e+01
1.193793556735505668e+01
1.116675561401665462e+01
1.037133094631944985e+01
9.551540132469447997e+00
8.707284086167884851e+00
7.838484222318105488e+00
6.945080327068082759e+00
6.027028193669081269e+00
5.084297090257480001e+00
4.116867141218320647e+00
3.124726720220990739e+00
2.107869970307549856e+00
1.066294584568859616e+00
0.000000000000000000e+00
