-5.902014937705138201e-14
6.455640744900299488e-01
1.279207225325428077e+00
1.900929528922989942e+00
2.510731302052456204e+00
3.108613358920249592e+00
3.694577336649503163e+00
4.268626071453240023e+00
4.830764009473019094e+00
5.380997637861677063e+00
5.919335923228999263e+00
6.445790746045350517e+00
6.960377321011604224e+00
7.463114594754501674e+00
7.954025613494214220e+00
8.433137854554223267e+00
8.900483516740926859e+00
9.356099765709528171e+00
9.800028931451665315e+00
1.023231865598657819e+01
1.065302199020961282e+01
1.106219743964783397e+01
1.145990895959137390e+01
1.184622590071048442e+01
1.222122290683206280e+01
1.258497976703675292e+01
1.293758122464992155e+01
1.327911674603938863e+01
1.360968025240244472e+01
1.392936981792807494e+01
1.423828733786156420e+01
1.453653817008206062e+01
1.482423075383447397e+01
1.510147620923998879e+01
1.536838792115024255e+01
1.562508111081390894e+01
1.587167239869655155e+01
1.610827936164050911e+01
1.633502008737616507e+01
1.655201272920436750e+01
1.675937506346626549e+01
1.695722405220605467e+01
1.714567541321751065e+01
1.732484319945079676e+01
1.749483938954427487e+01
1.765577349104038873e+01
1.780775215764681718e+01
1.795087882171620208e+01
1.808525334294151321e+01
1.821097167410035311e+01
1.832812554453149900e+01
1.843680216189099141e+01
1.853708393261362275e+01
1.862904820139861428e+01
1.871276700994558340e+01
1.878830687508819963e+01
1.885572858640745864e+01
1.891508702335406866e+01
1.896643099186864134e+01
1.900980308045888378e+01
1.904523953567334615e+01
1.907277015690078059e+01
1.909241821042146725e+01
1.910420036264104127e+01
1.910812663244685439e+01
1.910420036264104127e+01
1.909241821042146725e+01
1.907277015690078059e+01
1.904523953567334971e+01
1.900980308045888734e+01
1.896643099186864490e+01
1.891508702335407222e+01
1.885572858640746219e+01
1.878830687508820318e+01
1.871276700994559050e+01
1.862904820139862139e+01
1.853708393261363341e+01
1.843680216189099852e+01
1.832812554453150611e+01
1.821097167410036377e+01
1.808525334294152387e+01
1.795087882171621274e+01
1.780775215764683139e+01
1.765577349104040294e+01
1.749483938954428908e+01
1.732484319945081452e+01
1.714567541321752842e+01
1.695722405220607243e+01
1.675937506346628680e+01
1.655201272920438882e+01
1.633502008737618638e+01
1.610827936164053398e+01
1.587167239869657820e+01
1.562508111081393380e+01
1.536838792115026919e+01
1.510147620924001366e+01
1.482423075383450062e+01
1.453653817008208726e+01
1.423828733786159084e+01
1.392936981792810336e+01
1.360968025240247137e+01
1.327911674603941705e+01
1.293758122464994997e+01
1.258497976703678312e+01
1.222122290683209478e+01
1.184622590071051462e+01
1.145990895959140587e+01
1.106219743964786772e+01
1.065302199020964835e+01
1.023231865598661372e+01
9.800028931451700842e+00
9.356099765709565474e+00
8.900483516740964163e+00
8.433137854554262347e+00
7.954025613494254188e+00
7.463114594754542530e+00
6.960377321011646856e+00
6.445790746045394037e+00
5.919335923229044560e+00
5.380997637861723248e+00
4.830764009473067055e+00
4.268626071453288873e+00
3.694577336649553345e+00
3.108613358920301550e+00
2.510731302052509051e+00
1.900929528923044343e+00
1.279207225325484032e+00
6.455640744900873473e-01
0.000000000000000000e+00
