-1.738947468209601179e-13
2.196707731886876402e+00
4.315291174396797658e+00
6.355760199460529059e+00
8.318154023461820756e+00
1.020256895004677133e+01
1.200918954162446006e+01
1.373831988634887935e+01
1.539041236878827590e+01
1.696609203781541098e+01
1.846617529057497720e+01
1.989168215013284424e+01
2.124384189927472377e+01
2.252409223767768154e+01
2.373407245063546966e+01
2.487561131439372630e+01
2.595071061934378420e+01
2.696152527465871884e+01
2.791034097601333031e+01
2.879955038323950234e+01
2.963162867941392875e+01
3.040910927916096540e+01
3.113456033322530914e+01
3.181056254854377485e+01
3.243968871626780981e+01
3.302448522069815340e+01
3.356745569426750819e+01
3.407104689023025657e+01
3.453763676683469441e+01
3.496952471455425382e+01
3.536892381067610813e+01
3.573795495183873783e+01
3.607864269327679096e+01
3.639291261171944569e+01
3.668259000523544699e+01
3.694939974605919986e+01
3.719496710996612876e+01
3.742081941669450629e+01
3.762838832905148223e+01
3.781901267272679235e+01
3.799394165370107856e+01
3.815433836488941921e+01
3.830128348787459913e+01
3.843577910895801608e+01
3.855875258109636405e+01
3.867106037449222100e+01
3.877349186862290509e+01
3.886677304733284899e+01
3.895157006632039298e+01
3.902849266898702751e+01
3.909809743226513490e+01
3.916089082878796290e+01
3.921733209570317769e+01
3.926783590364942711e+01
3.931277482199950413e+01
3.935248157850546846e+01
3.938725111303444493e+01
3.941734242622751339e+01
3.944298022470800902e+01
3.946435636496543964e+01
3.948163109829395978e+01
3.949493411921348240e+01
3.950436541968400661e+01
3.950999595117237106e+01
3.951186809627570540e+01
3.950999595117237106e+01
3.950436541968400661e+01
3.949493411921348240e+01
3.948163109829395978e+01
3.946435636496543964e+01
3.944298022470800902e+01
3.941734242622751339e+01
3.938725111303444493e+01
3.935248157850546846e+01
3.931277482199951123e+01
3.926783590364942711e+01
3.921733209570317769e+01
3.916089082878796290e+01
3.909809743226513490e+01
3.902849266898702751e+01
3.895157006632040009e+01
3.886677304733285609e+01
3.877349186862291219e+01
3.867106037449222811e+01
3.855875258109637116e+01
3.843577910895802319e+01
3.830128348787461334e+01
3.815433836488942632e+01
3.799394165370108567e+01
3.781901267272679945e+01
3.762838832905148934e+01
3.742081941669452050e+01
3.719496710996614297e+01
3.694939974605921407e+01
3.668259000523546831e+01
3.639291261171945990e+01
3.607864269327681228e+01
3.573795495183875914e+01
3.536892381067613655e+01
3.496952471455428224e+01
3.453763676683472994e+01
3.407104689023028499e+01
3.356745569426754372e+01
3.302448522069819603e+01
3.243968871626784534e+01
3.181056254854382104e+01
3.113456033322535887e+01
3.040910927916101869e+01
2.963162867941398559e+01
2.879955038323956629e+01
2.791034097601339781e+01
2.696152527465878990e+01
2.595071061934385881e+01
2.487561131439380802e+01
2.373407245063555493e+01
2.252409223767777036e+01
2.124384189927481970e+01
1.989168215013294727e+01
1.846617529057508378e+01
1.696609203781552466e+01
1.539041236878839314e+01
1.373831988634900370e+01
1.200918954162459329e+01
1.020256895004691167e+01
8.318154023461968194e+00
6.355760199460683602e+00
4.315291174396958418e+00
2.196707731887043824e+00
0.000000000000000000e+00
