-1.117235261318390150e-15
9.802529717882771387e-02
1.945056419678978243e-01
2.894410344080727837e-01
3.828314746698602278e-01
4.746769631945880752e-01
5.649775008760716810e-01
6.537330892743733468e-01
7.409437308539155165e-01
8.266094292388412867e-01
9.107301894791242081e-01
9.933060183215127736e-01
1.074336924479951216e+00
1.153822918900654360e+00
1.231764015017521086e+00
1.308160228994062368e+00
1.383011579948476566e+00
1.456318090158950973e+00
1.528079785246687639e+00
1.598296694334543577e+00
1.666968850179558093e+00
1.734096289277988534e+00
1.799679051941817987e+00
1.863717182346005918e+00
1.926210728546051687e+00
1.987159742465719470e+00
2.046564279855023649e+00
2.104424400218823266e+00
2.160740166716580202e+00
2.215511646034063808e+00
2.268738908227942996e+00
2.320422026544400662e+00
2.370561077213052759e+00
2.419156139217585988e+00
2.466207294044663545e+00
2.511714625412754920e+00
2.555678218982630590e+00
2.598098162051361015e+00
2.638974543231711323e+00
2.678307452118889209e+00
2.716096978946640039e+00
2.752343214234714175e+00
2.787046248429756456e+00
2.820206171541664641e+00
2.851823072777472046e+00
2.881897040174790536e+00
2.910428160236828710e+00
2.937416517570964558e+00
2.962862194532822624e+00
2.986765270877737244e+00
3.009125823421445300e+00
3.029943925711774622e+00
3.049219647713028003e+00
3.066953055504679782e+00
3.083144210995923284e+00
3.097793171657510225e+00
3.110899990272232518e+00
3.122464714705291300e+00
3.132487387695697567e+00
3.140968046669736058e+00
3.147906723577410304e+00
3.153303444752677098e+00
3.157158230798146725e+00
3.159471096494823161e+00
3.160242050737312347e+00
3.159471096494823161e+00
3.157158230798147169e+00
3.153303444752677098e+00
3.147906723577410748e+00
3.140968046669736502e+00
3.132487387695698011e+00
3.122464714705291744e+00
3.110899990272232962e+00
3.097793171657510669e+00
3.083144210995923729e+00
3.066953055504680226e+00
3.049219647713028891e+00
3.029943925711775510e+00
3.009125823421446189e+00
2.986765270877738132e+00
2.962862194532823512e+00
2.937416517570965446e+00
2.910428160236829598e+00
2.881897040174791869e+00
2.851823072777473378e+00
2.820206171541665974e+00
2.787046248429757789e+00
2.752343214234715507e+00
2.716096978946641372e+00
2.678307452118890541e+00
2.638974543231712655e+00
2.598098162051362792e+00
2.555678218982632366e+00
2.511714625412756696e+00
2.466207294044665321e+00
2.419156139217587764e+00
2.370561077213054979e+00
2.320422026544402883e+00
2.268738908227944773e+00
2.215511646034066029e+00
2.160740166716582422e+00
2.104424400218825486e+00
2.046564279855026314e+00
1.987159742465721912e+00
1.926210728546054129e+00
1.863717182346008139e+00
1.799679051941820207e+00
1.734096289277990532e+00
1.666968850179560091e+00
1.598296694334545798e+00
1.528079785246689637e+00
1.456318090158952971e+00
1.383011579948478564e+00
1.308160228994064589e+00
1.231764015017523084e+00
1.153822918900656358e+00
1.074336924479953437e+00
9.933060183215148831e-01
9.107301894791262065e-01
8.266094292388431741e-01
7.409437308539174039e-01
6.537330892743751232e-01
5.649775008760733463e-01
4.746769631945896850e-01
3.828314746698617266e-01
2.894410344080741715e-01
1.945056419678991566e-01
9.802529717882893512e-02
0.000000000000000000e+00
