6.520976924087348154e-15
3.030883619308637478e-01
6.012939116192521638e-01
8.946166527969493520e-01
1.183056601022455467e+00
1.466613796530204628e+00
1.745288320730949971e+00
2.019080315583158036e+00
2.287990005118092363e+00
2.552017718461628171e+00
2.811163913753766952e+00
3.065429202422364607e+00
3.314814373320787766e+00
3.559320416290134403e+00
3.798948544755296641e+00
4.033700217010579792e+00
4.263577155894820336e+00
4.488581366597994560e+00
4.708715152381247826e+00
4.923981128030020749e+00
5.134382230895671917e+00
5.339921729414559337e+00
5.540603229025101939e+00
5.736430675432835358e+00
5.927408355200945778e+00
6.113540893669294540e+00
6.294833250228468735e+00
6.471290710997052997e+00
6.642918878970024643e+00
6.809723661724155441e+00
6.971711256782358923e+00
7.128888134753371020e+00
7.281261020375806581e+00
7.428836871606746328e+00
7.571622856904486554e+00
7.709626330863121879e+00
7.842854808363169283e+00
7.971315937407688956e+00
8.095017470817222005e+00
8.213967236959584639e+00
8.328173109692087905e+00
8.437642977694192581e+00
8.542384713368058158e+00
8.642406141483006010e+00
8.737715007737493877e+00
8.828318947409107054e+00
8.914225454259213421e+00
8.995441849854339367e+00
9.071975253461250333e+00
9.143832552667021218e+00
9.211020374869214322e+00
9.273545059774729538e+00
9.331412633038876692e+00
9.384628781168961709e+00
9.433198827809027520e+00
9.477127711514588881e+00
9.516419965118082303e+00
9.551079696777527772e+00
9.581110572792448821e+00
9.606515802262578063e+00
9.627298123656180096e+00
9.643459793346096376e+00
9.655002576162777572e+00
9.661927738004683519e+00
9.664236040537502959e+00
9.661927738004683519e+00
9.655002576162775796e+00
9.643459793346094600e+00
9.627298123656178319e+00
9.606515802262576287e+00
9.581110572792447044e+00
9.551079696777525996e+00
9.516419965118080526e+00
9.477127711514585329e+00
9.433198827809023967e+00
9.384628781168958156e+00
9.331412633038873139e+00
9.273545059774725985e+00
9.211020374869210769e+00
9.143832552667017666e+00
9.071975253461246780e+00
8.995441849854334038e+00
8.914225454259208092e+00
8.828318947409101725e+00
8.737715007737486772e+00
8.642406141483000681e+00
8.542384713368051052e+00
8.437642977694185475e+00
8.328173109692082576e+00
8.213967236959577534e+00
8.095017470817214900e+00
7.971315937407681851e+00
7.842854808363162178e+00
7.709626330863114774e+00
7.571622856904479448e+00
7.428836871606739223e+00
7.281261020375799475e+00
7.128888134753363914e+00
6.971711256782351818e+00
6.809723661724148336e+00
6.642918878970017538e+00
6.471290710997045892e+00
6.294833250228461630e+00
6.113540893669287435e+00
5.927408355200938672e+00
5.736430675432828252e+00
5.540603229025094834e+00
5.339921729414552232e+00
5.134382230895665700e+00
4.923981128030014531e+00
4.708715152381240721e+00
4.488581366597988342e+00
4.263577155894814119e+00
4.033700217010574463e+00
3.798948544755290868e+00
3.559320416290128630e+00
3.314814373320781993e+00
3.065429202422358390e+00
2.811163913753760291e+00
2.552017718461621509e+00
2.287990005118085701e+00
2.019080315583151375e+00
1.745288320730943088e+00
1.466613796530197966e+00
1.183056601022449028e+00
8.946166527969429128e-01
6.012939116192457245e-01
3.030883619308572530e-01
0.000000000000000000e+00
