-2.911994173941145385e-17
1.937854100948962002e-02
3.845190623773519362e-02
5.722009568480072167e-02
7.568310935094826886e-02
9.384094723685354467e-02
1.116936093438834765e-01
1.292410956744227679e-01
1.464834062322377395e-01
1.634205410228664890e-01
1.800525000540255938e-01
1.963792833360242795e-01
2.124008908821777286e-01
2.281173227092123112e-01
2.435285788376562455e-01
2.586346592922095788e-01
2.734355641020883021e-01
2.879312933013387643e-01
3.021218469291177544e-01
3.160072250299352792e-01
3.295874276538578451e-01
3.428624548566694408e-01
3.558323066999889428e-01
3.684969832513432797e-01
3.808564845841945212e-01
3.929108107779217818e-01
4.046599619177578266e-01
4.161039380946803257e-01
4.272427394052591976e-01
4.380763659514610997e-01
4.486048178404122289e-01
4.588280951841217092e-01
4.687461980991665667e-01
4.783591267063417862e-01
4.876668811302763418e-01
4.966694614990190826e-01
5.053668679435960875e-01
5.137591005975425951e-01
5.218461595964131172e-01
5.296280450772716808e-01
5.371047571781653041e-01
5.442762960375850945e-01
5.511426617939165773e-01
5.577038545848832518e-01
5.639598745469854846e-01
5.699107218149406240e-01
5.755563965211226707e-01
5.808968987950100527e-01
5.859322287626397285e-01
5.906623865460736145e-01
5.950873722628786666e-01
5.992071860256239502e-01
6.030218279413973592e-01
6.065312981113429869e-01
6.097355966302248076e-01
6.126347235860148954e-01
6.152286790595109522e-01
6.175174631239849221e-01
6.195010758448625809e-01
6.211795172794379871e-01
6.225527874766222380e-01
6.236208864767296411e-01
6.243838143113009664e-01
6.248415710029644465e-01
6.249941565653369668e-01
6.248415710029644465e-01
6.243838143113009664e-01
6.236208864767297522e-01
6.225527874766222380e-01
6.211795172794380981e-01
6.195010758448628030e-01
6.175174631239851442e-01
6.152286790595111743e-01
6.126347235860150064e-01
6.097355966302250296e-01
6.065312981113432089e-01
6.030218279413975813e-01
5.992071860256242832e-01
5.950873722628788887e-01
5.906623865460738365e-01
5.859322287626400616e-01
5.808968987950103857e-01
5.755563965211231148e-01
5.699107218149409571e-01
5.639598745469859287e-01
5.577038545848835849e-01
5.511426617939171324e-01
5.442762960375855386e-01
5.371047571781657481e-01
5.296280450772722359e-01
5.218461595964136723e-01
5.137591005975431502e-01
5.053668679435966427e-01
4.966694614990196932e-01
4.876668811302769524e-01
4.783591267063423969e-01
4.687461980991671773e-01
4.588280951841222643e-01
4.486048178404128395e-01
4.380763659514616548e-01
4.272427394052597527e-01
4.161039380946808808e-01
4.046599619177583818e-01
3.929108107779222814e-01
3.808564845841950208e-01
3.684969832513438348e-01
3.558323066999894979e-01
3.428624548566699404e-01
3.295874276538583447e-01
3.160072250299357788e-01
3.021218469291182540e-01
2.879312933013392639e-01
2.734355641020888017e-01
2.586346592922100229e-01
2.435285788376567451e-01
2.281173227092127553e-01
2.124008908821781449e-01
1.963792833360246959e-01
1.800525000540259823e-01
1.634205410228668220e-01
1.464834062322380726e-01
1.292410956744230732e-01
1.116936093438837402e-01
9.384094723685378059e-02
7.568310935094846315e-02
5.722009568480088820e-02
3.845190623773531158e-02
1.937854100948969288e-02
0.000000000000000000e+00
