-8.242619014113609157e-13
3.811262554794211166e+00
7.431796685413443626e+00
1.086168904753465014e+01
1.410127130237919069e+01
1.715132534900212491e+01
2.001328536454024842e+01
2.268940631621897808e+01
2.518288043166030477e+01
2.749789327572230135e+01
2.963961934089978811e+01
3.161416323475071266e+01
3.342845660768937677e+01
3.509012304813098382e+01
3.660732357375338353e+01
3.798859446260787109e+01
3.924268742629914186e+01
4.037841993560692799e+01
4.140454120621530620e+01
4.232961718972403986e+01
4.316193605246545673e+01
4.390943414039924164e+01
4.457964133774024162e+01
4.517964400172145645e+01
4.571606324247319719e+01
4.619504615126074754e+01
4.662226759793319530e+01
4.700294036136065046e+01
4.734183157642219442e+01
4.764328373985564014e+01
4.791123878714084583e+01
4.814926401444009940e+01
4.836057886142178575e+01
4.854808178593367529e+01
4.871437664728598094e+01
4.886179817135361247e+01
4.899243619951605666e+01
4.910815852729538022e+01
4.921063222054331732e+01
4.930134336037475151e+01
4.938161521581720592e+01
4.945262487815119101e+01
4.951541841563329172e+01
4.957092462385553233e+01
4.961996745719851987e+01
4.966327723216876677e+01
4.970150069508459723e+01
4.973521004556268110e+01
4.976491100432981085e+01
4.979105000964335659e+01
4.981402062151359189e+01
4.983416920733245803e+01
4.985179997668816299e+01
4.986717942727371167e+01
4.988054025801340430e+01
4.989208479992578305e+01
4.990198800987116812e+01
4.991040006722786160e+01
4.991744860871644107e+01
4.992324063204323892e+01
4.992786409475027654e+01
4.993138923061899703e+01
4.993386960215362791e+01
4.993534290403794529e+01
4.993583152898369804e+01
4.993534290403794529e+01
4.993386960215362791e+01
4.993138923061899703e+01
4.992786409475027654e+01
4.992324063204323892e+01
4.991744860871644107e+01
4.991040006722786160e+01
4.990198800987116812e+01
4.989208479992578305e+01
4.988054025801340430e+01
4.986717942727371167e+01
4.985179997668816299e+01
4.983416920733245803e+01
4.981402062151359900e+01
4.979105000964335659e+01
4.976491100432981796e+01
4.973521004556268821e+01
4.970150069508460433e+01
4.966327723216878098e+01
4.961996745719853408e+01
4.957092462385554654e+01
4.951541841563330593e+01
4.945262487815120522e+01
4.938161521581722013e+01
4.930134336037476572e+01
4.921063222054333863e+01
4.910815852729540154e+01
4.899243619951608508e+01
4.886179817135364090e+01
4.871437664728601646e+01
4.854808178593371082e+01
4.836057886142182838e+01
4.814926401444014203e+01
4.791123878714089557e+01
4.764328373985569698e+01
4.734183157642225837e+01
4.700294036136072151e+01
4.662226759793328057e+01
4.619504615126083991e+01
4.571606324247329667e+01
4.517964400172157013e+01
4.457964133774036952e+01
4.390943414039938375e+01
4.316193605246561305e+01
4.232961718972421750e+01
4.140454120621550516e+01
4.037841993560714826e+01
3.924268742629937634e+01
3.798859446260813399e+01
3.660732357375367485e+01
3.509012304813130356e+01
3.342845660768972493e+01
3.161416323475109280e+01
2.963961934090020378e+01
2.749789327572275610e+01
2.518288043166079504e+01
2.268940631621951098e+01
2.001328536454081686e+01
1.715132534900273598e+01
1.410127130237984261e+01
1.086168904753534470e+01
7.431796685414181702e+00
3.811262554794992319e+00
0.000000000000000000e+00
