-2.925055867298146863e-17
1.211166377408873750e-03
2.403259268491205435e-03
3.576278673248519443e-03
4.730224591682370520e-03
5.865097023794316883e-03
6.980895969585923684e-03
8.077621429058767788e-03
9.155273402214439069e-03
1.021385188905455169e-02
1.125335688958073975e-02
1.227378840379467553e-02
1.327514643169806254e-02
1.425743097329264936e-02
1.522064202858022970e-02
1.616477959756265279e-02
1.708984368024181813e-02
1.799583427661968424e-02
1.888275138669828421e-02
1.975059501047970317e-02
2.059936514796610607e-02
2.142906179915971682e-02
2.223968496406284606e-02
2.303123464267785650e-02
2.380371083500720103e-02
2.455711354105338806e-02
2.529144276081899886e-02
2.600669849430668409e-02
2.670288074151914992e-02
2.737998950245916843e-02
2.803802477712956376e-02
2.867698656553320513e-02
2.929687486767301383e-02
2.989768968355194234e-02
3.047943101317298134e-02
3.104209885653913537e-02
3.158569321365344018e-02
3.211021408451892462e-02
3.261566146913863484e-02
3.310203536751560316e-02
3.356933577965284105e-02
3.401756270555335304e-02
3.444671614522008124e-02
3.485679609865596079e-02
3.524780256586383664e-02
3.561973554684653293e-02
3.597259504160676968e-02
3.630638105014721839e-02
3.662109357247043950e-02
3.691673260857890326e-02
3.719329815847499665e-02
3.745079022216096787e-02
3.768920879963895409e-02
3.790855389091097455e-02
3.810882549597890273e-02
3.829002361484448030e-02
3.845214824750930321e-02
3.859519939397480087e-02
3.871917705424226391e-02
3.882408122831280950e-02
3.890991191618739520e-02
3.897666911786681204e-02
3.902435283335166372e-02
3.905296306264240125e-02
3.906249980573928832e-02
3.905296306264240125e-02
3.902435283335166372e-02
3.897666911786681204e-02
3.890991191618739520e-02
3.882408122831280950e-02
3.871917705424226391e-02
3.859519939397480087e-02
3.845214824750929627e-02
3.829002361484448030e-02
3.810882549597890273e-02
3.790855389091097455e-02
3.768920879963895409e-02
3.745079022216096093e-02
3.719329815847499665e-02
3.691673260857890326e-02
3.662109357247043256e-02
3.630638105014721839e-02
3.597259504160676968e-02
3.561973554684653293e-02
3.524780256586383664e-02
3.485679609865595385e-02
3.444671614522008124e-02
3.401756270555334610e-02
3.356933577965284105e-02
3.310203536751559622e-02
3.261566146913862790e-02
3.211021408451891768e-02
3.158569321365343324e-02
3.104209885653912843e-02
3.047943101317297440e-02
2.989768968355194234e-02
2.929687486767301383e-02
2.867698656553320860e-02
2.803802477712956723e-02
2.737998950245917537e-02
2.670288074151916033e-02
2.600669849430669450e-02
2.529144276081901274e-02
2.455711354105340194e-02
2.380371083500721838e-02
2.303123464267787732e-02
2.223968496406286688e-02
2.142906179915974110e-02
2.059936514796613036e-02
1.975059501047973093e-02
1.888275138669831196e-02
1.799583427661971546e-02
1.708984368024184936e-02
1.616477959756268748e-02
1.522064202858026613e-02
1.425743097329268579e-02
1.327514643169809896e-02
1.227378840379471196e-02
1.125335688958077618e-02
1.021385188905458638e-02
9.155273402214475498e-03
8.077621429058804217e-03
6.980895969585959246e-03
5.865097023794351577e-03
4.730224591682404348e-03
3.576278673248551969e-03
2.403259268491237093e-03
1.211166377408904107e-03
0.000000000000000000e+00
