-8.503055998590742763e-14
2.939277900424854817e+00
5.753416934835620999e+00
8.442448264460889362e+00
1.100649348312519926e+01
1.344584542181906350e+01
1.576105369286702107e+01
1.795300399676009562e+01
2.002298344382131745e+01
2.197272704307209068e+01
2.380444304065266081e+01
2.552081690359145227e+01
2.712499540659523589e+01
2.862055347772152203e+01
3.001144720924223819e+01
3.130195678568443540e+01
3.249662308613904571e+01
3.360018145941717194e+01
3.461749572915112338e+01
3.555349493781776005e+01
3.641311475001221254e+01
3.720124485854618968e+01
3.792268320969502327e+01
3.858209740967556911e+01
3.918399330454683849e+01
3.973269044195789235e+01
4.023230392044605708e+01
4.068673200090645281e+01
4.109964878378556818e+01
4.147450123226701635e+01
4.181450983451143344e+01
4.212267223640616010e+01
4.240176923138103149e+01
4.265437255845378672e+01
4.288285402820953607e+01
4.308939556478373589e+01
4.327599981724124945e+01
4.344450105417525521e+01
4.359657610983161646e+01
4.373375519813617274e+01
4.385743245263176249e+01
4.396887608577910811e+01
4.406923809078483600e+01
4.415956343363966141e+01
4.424079870297241257e+01
4.431380020124610297e+01
4.437934147331073120e+01
4.443812027791219066e+01
4.449076501491386892e+01
4.453784062613957673e+01
4.457985399125950465e+01
4.461725884233054273e+01
4.465046022173359574e+01
4.467981850854756942e+01
4.470565303804562518e+01
4.472824533814596748e+01
4.474784200541821377e+01
4.476465724173507965e+01
4.477887507094516906e+01
4.479065125308510176e+01
4.480011491169476301e+01
4.480736988778122054e+01
4.481249583192018804e+01
4.481554904390576155e+01
4.481656306727047223e+01
4.481554904390576155e+01
4.481249583192019514e+01
4.480736988778122054e+01
4.480011491169476301e+01
4.479065125308510176e+01
4.477887507094516906e+01
4.476465724173507965e+01
4.474784200541821377e+01
4.472824533814596748e+01
4.470565303804562518e+01
4.467981850854756942e+01
4.465046022173359574e+01
4.461725884233054273e+01
4.457985399125950465e+01
4.453784062613957673e+01
4.449076501491387603e+01
4.443812027791219066e+01
4.437934147331073120e+01
4.431380020124610297e+01
4.424079870297241257e+01
4.415956343363966141e+01
4.406923809078483600e+01
4.396887608577910811e+01
4.385743245263176249e+01
4.373375519813617984e+01
4.359657610983162357e+01
4.344450105417525521e+01
4.327599981724125655e+01
4.308939556478374300e+01
4.288285402820954317e+01
4.265437255845379383e+01
4.240176923138103859e+01
4.212267223640616720e+01
4.181450983451144054e+01
4.147450123226702345e+01
4.109964878378557529e+01
4.068673200090645992e+01
4.023230392044606418e+01
3.973269044195790656e+01
3.918399330454685270e+01
3.858209740967558332e+01
3.792268320969503748e+01
3.720124485854621099e+01
3.641311475001223386e+01
3.555349493781778136e+01
3.461749572915114470e+01
3.360018145941719325e+01
3.249662308613906703e+01
3.130195678568446027e+01
3.001144720924226661e+01
2.862055347772155400e+01
2.712499540659527142e+01
2.552081690359149491e+01
2.380444304065270344e+01
2.197272704307214042e+01
2.002298344382137074e+01
1.795300399676014891e+01
1.576105369286707969e+01
1.344584542181912568e+01
1.100649348312526676e+01
8.442448264460962193e+00
5.753416934835698271e+00
2.939277900424936085e+00
0.000000000000000000e+00
