-3.743516491205838795e-14
1.576277021834891823e+00
3.106758791395710428e+00
4.591447963304629454e+00
6.030355257320177742e+00
7.423507467920384073e+00
8.770956917983129486e+00
1.007279153578495290e+01
1.132914487187180974e+01
1.254020550166564618e+01
1.370622538093112119e+01
1.482752683399925431e+01
1.590450795820238206e+01
1.693764632145309790e+01
1.792750091245036970e+01
1.887471237392403012e+01
1.978000160819896891e+01
2.064416689106662162e+01
2.146807966474465701e+01
2.225267920418801637e+01
2.299896636409872741e+01
2.370799661783267354e+01
2.438087259535988949e+01
2.501873631693975142e+01
2.562276130368390525e+01
2.619414472711029873e+01
2.673409973845243925e+01
2.724384809604440960e+01
2.772461318655028251e+01
2.817761351395837721e+01
2.860405670974404657e+01
2.900513409887273752e+01
2.938201583966078445e+01
2.973584664109062814e+01
3.006774204902902525e+01
3.037878528286895374e+01
3.067002459628656297e+01
3.094247112990247217e+01
3.119709721946053094e+01
3.143483512046916317e+01
3.165657610886930939e+01
3.186316991698339507e+01
3.205542446455872607e+01
3.223410584595971784e+01
3.239993853632084608e+01
3.255360578160016161e+01
3.269575013984739087e+01
3.282697414351748222e+01
3.294784105523383744e+01
3.305887569196835329e+01
3.316056529510402129e+01
3.325336042624205390e+01
3.333767587087996276e+01
3.341389153420255553e+01
3.348235331518318958e+01
3.354337394698414698e+01
3.359723379327412118e+01
3.364418159155175658e+01
3.368443513588680815e+01
3.371818189267369092e+01
3.374557954404942706e+01
3.376675645457235930e+01
3.378181205760352412e+01
3.379081715859432222e+01
3.379381415317708814e+01
3.379081715859432222e+01
3.378181205760352412e+01
3.376675645457235930e+01
3.374557954404942706e+01
3.371818189267369092e+01
3.368443513588680815e+01
3.364418159155175658e+01
3.359723379327412118e+01
3.354337394698415409e+01
3.348235331518318958e+01
3.341389153420256264e+01
3.333767587087996986e+01
3.325336042624206101e+01
3.316056529510402839e+01
3.305887569196836040e+01
3.294784105523384454e+01
3.282697414351748932e+01
3.269575013984740508e+01
3.255360578160017582e+01
3.239993853632086029e+01
3.223410584595973205e+01
3.205542446455874739e+01
3.186316991698341639e+01
3.165657610886932716e+01
3.143483512046918094e+01
3.119709721946054515e+01
3.094247112990248638e+01
3.067002459628657718e+01
3.037878528286896795e+01
3.006774204902903591e+01
2.973584664109064235e+01
2.938201583966079511e+01
2.900513409887274818e+01
2.860405670974405723e+01
2.817761351395838787e+01
2.772461318655029672e+01
2.724384809604442026e+01
2.673409973845245347e+01
2.619414472711031294e+01
2.562276130368391946e+01
2.501873631693976563e+01
2.438087259535990370e+01
2.370799661783269130e+01
2.299896636409874162e+01
2.225267920418803413e+01
2.146807966474467477e+01
2.064416689106663938e+01
1.978000160819898667e+01
1.887471237392404788e+01
1.792750091245039101e+01
1.693764632145311921e+01
1.590450795820240515e+01
1.482752683399927918e+01
1.370622538093114606e+01
1.254020550166567283e+01
1.132914487187183816e+01
1.007279153578498310e+01
8.770956917983161460e+00
7.423507467920416936e+00
6.030355257320211493e+00
4.591447963304664093e+00
3.106758791395745956e+00
1.576277021834928238e+00
0.000000000000000000e+00
