0.000000000000000000e+00
9.779311719571245204e-03
1.939869505891111609e-02
2.885843419812643071e-02
3.815880860091728360e-02
4.730009302284093192e-02
5.628255751945256125e-02
6.510646745428867732e-02
7.377208350673694626e-02
8.227966167973881084e-02
9.062945330738825245e-02
9.882170506235364582e-02
1.068566589632053004e-01
1.147345523815566370e-01
1.224556180491206264e-01
1.300200840645705236e-01
1.374281739003254399e-01
1.446801064091309541e-01
1.517760958305741092e-01
1.587163517973844418e-01
1.655010793416786252e-01
1.721304789009826530e-01
1.786047463242065592e-01
1.849240728773883236e-01
1.910886452493993637e-01
1.970986455574107177e-01
2.029542513523298342e-01
2.086556356239900878e-01
2.142029668063191727e-01
2.195964087822529498e-01
2.248361208886361928e-01
2.299222579208612671e-01
2.348549701375022003e-01
2.396344032646791911e-01
2.442606985004262266e-01
2.487339925187825596e-01
2.530544174738945662e-01
2.572221010038351907e-01
2.612371662344403767e-01
2.650997317828576727e-01
2.688099117611181810e-01
2.723678157794143240e-01
2.757735489494082537e-01
2.790272118872403895e-01
2.821289007165740381e-01
2.850787070713357019e-01
2.878767180984965757e-01
2.905230164605455134e-01
2.930176803380077910e-01
2.953607834316513969e-01
2.975523949647436162e-01
2.995925796849914224e-01
3.014813978665362715e-01
3.032189053116289834e-01
3.048051533523633005e-01
3.062401888520862592e-01
3.075240542068701233e-01
3.086567873466589673e-01
3.096384217364794855e-01
3.104689863773241743e-01
3.111485058071009058e-01
3.116770001012532654e-01
3.120544848734489451e-01
3.122809712759380130e-01
3.123564659999794602e-01
3.122809712759380130e-01
3.120544848734489451e-01
3.116770001012532654e-01
3.111485058071009058e-01
3.104689863773241743e-01
3.096384217364794855e-01
3.086567873466589673e-01
3.075240542068701233e-01
3.062401888520862592e-01
3.048051533523633005e-01
3.032189053116289834e-01
3.014813978665362715e-01
2.995925796849914224e-01
2.975523949647436162e-01
2.953607834316513969e-01
2.930176803380077910e-01
2.905230164605455134e-01
2.878767180984965757e-01
2.850787070713357019e-01
2.821289007165740381e-01
2.790272118872403895e-01
2.757735489494082537e-01
2.723678157794143240e-01
2.688099117611181810e-01
2.650997317828576727e-01
2.612371662344403767e-01
2.572221010038351907e-01
2.530544174738945662e-01
2.487339925187825596e-01
2.442606985004262266e-01
2.396344032646791911e-01
2.348549701375022003e-01
2.299222579208612671e-01
2.248361208886361928e-01
2.195964087822529498e-01
2.142029668063191727e-01
2.086556356239900878e-01
2.029542513523298342e-01
1.970986455574107177e-01
1.910886452493993637e-01
1.849240728773883236e-01
1.786047463242065592e-01
1.721304789009826530e-01
1.655010793416786252e-01
1.587163517973844418e-01
1.517760958305741092e-01
1.446801064091309541e-01
1.374281739003254399e-01
1.300200840645705236e-01
1.224556180491206264e-01
1.147345523815566370e-01
1.068566589632053004e-01
9.882170506235364582e-02
9.062945330738825245e-02
8.227966167973881084e-02
7.377208350673694626e-02
6.510646745428867732e-02
5.628255751945256125e-02
4.730009302284093192e-02
3.815880860091728360e-02
2.885843419812643071e-02
1.939869505891111609e-02
9.779311719571245204e-03
0.000000000000000000e+00
