0.000000000000000000e+00
2.658660717306989690e-02
5.274636480451773413e-02
7.847966306361557620e-02
1.037868857441421461e-01
1.286684102716837141e-01
1.531246077108813775e-01
1.771558427725754836e-01
2.007624738208773352e-01
2.239448528801013527e-01
2.467033256416087950e-01
2.690382314704799493e-01
2.909499034120867078e-01
3.124386681984647751e-01
3.335048462545794901e-01
3.541487517043662159e-01
3.743706923766608186e-01
3.941709698108843973e-01
4.135498792626170483e-01
4.325077097089089495e-01
4.510447438534835318e-01
4.691612581316635389e-01
4.868575227151950013e-01
5.041338015167835529e-01
5.209903521945361549e-01
5.374274261561072796e-01
5.534452685627616608e-01
5.690441183331352848e-01
5.842242081469249948e-01
5.989857644482747823e-01
6.133290074491026811e-01
6.272541511321242380e-01
6.407614032538327953e-01
6.538509653471750172e-01
6.665230327242007702e-01
6.787777944784116890e-01
6.906154334870990841e-01
7.020361264133857526e-01
7.130400437082736742e-01
7.236273496124000504e-01
7.337982021578187686e-01
7.435527531694937631e-01
7.528911482668363409e-01
7.618135268649603997e-01
7.703200221759989308e-01
7.784107612101450746e-01
7.860858647767698937e-01
7.933454474852738025e-01
8.001896177460289250e-01
8.066184777710616594e-01
8.126321235748418248e-01
8.182306449748179000e-01
8.234141255920729430e-01
8.281826428517329308e-01
8.325362679835081048e-01
8.364750660219910650e-01
8.399990958071004155e-01
8.431084099842861557e-01
8.458030550048878382e-01
8.480830711262604682e-01
8.499484924120612739e-01
8.513993467323056619e-01
8.524356557635905940e-01
8.530574349890904795e-01
8.532646936987232644e-01
8.530574349890904795e-01
8.524356557635905940e-01
8.513993467323056619e-01
8.499484924120612739e-01
8.480830711262604682e-01
8.458030550048878382e-01
8.431084099842861557e-01
8.399990958071004155e-01
8.364750660219910650e-01
8.325362679835081048e-01
8.281826428517329308e-01
8.234141255920729430e-01
8.182306449748179000e-01
8.126321235748418248e-01
8.066184777710616594e-01
8.001896177460289250e-01
7.933454474852738025e-01
7.860858647767698937e-01
7.784107612101450746e-01
7.703200221759989308e-01
7.618135268649603997e-01
7.528911482668363409e-01
7.435527531694937631e-01
7.337982021578187686e-01
7.236273496124000504e-01
7.130400437082736742e-01
7.020361264133857526e-01
6.906154334870990841e-01
6.787777944784116890e-01
6.665230327242007702e-01
6.538509653471750172e-01
6.407614032538327953e-01
6.272541511321242380e-01
6.133290074491026811e-01
5.989857644482747823e-01
5.842242081469249948e-01
5.690441183331352848e-01
5.534452685627616608e-01
5.374274261561072796e-01
5.209903521945361549e-01
5.041338015167835529e-01
4.868575227151950013e-01
4.691612581316635389e-01
4.510447438534835318e-01
4.325077097089089495e-01
4.135498792626170483e-01
3.941709698108843973e-01
3.743706923766608186e-01
3.541487517043662159e-01
3.335048462545794901e-01
3.124386681984647751e-01
2.909499034120867078e-01
2.690382314704799493e-01
2.467033256416087950e-01
2.239448528801013527e-01
2.007624738208773352e-01
1.771558427725754836e-01
1.531246077108813775e-01
1.286684102716837141e-01
1.037868857441421461e-01
7.847966306361557620e-02
5.274636480451773413e-02
2.658660717306989690e-02
0.000000000000000000e+00
