0.000000000000000000e+00
2.350910003924213676e+00
4.660032020465406433e+00
6.918289836684816230e+00
9.117000568850521347e+00
1.124803242506796686e+01
1.330396384849451685e+01
1.527823584305413185e+01
1.716528686382147484e+01
1.896065940268578487e+01
2.066106927539512128e+01
2.226443209407971224e+01
2.376984567490190514e+01
2.517753131937123001e+01
2.648874031705247845e+01
2.770563422976963963e+01
2.883114842556659241e+01
2.986884807986826829e+01
3.082278475043741039e+01
3.169736001237968992e+01
3.249720083270968729e+01
3.322704962070302770e+01
3.389167037210440014e+01
3.449577111256605377e+01
3.504394195572088933e+01
3.554060749956413900e+01
3.598999194424123971e+01
3.639609516975389170e+01
3.676267800985137058e+01
3.709325505163177183e+01
3.739109344132027246e+01
3.765921635667495337e+01
3.790040999509054842e+01
3.811723311011095205e+01
3.831202829937851106e+01
3.848693439956844031e+01
3.864389947681401338e+01
3.878469401453911303e+01
3.891092399559818205e+01
3.902404365389975993e+01
3.912536773425027548e+01
3.921608315003446421e+01
3.929725996849734315e+01
3.936986168459070967e+01
3.943475476817936709e+01
3.949271748723958098e+01
3.954444802269495085e+01
3.959057189970435786e+01
3.963164876635716638e+01
3.966817855450987906e+01
3.970060705945885360e+01
3.972933097572161643e+01
3.975470242574402135e+01
3.977703301713557948e+01
3.979659746227830652e+01
3.981363679201983530e+01
3.982836119277826725e+01
3.984095249384894544e+01
3.985156632908292096e+01
3.986033399445303615e+01
3.986736402037141147e+01
3.987274347499312199e+01
3.987653901214770258e+01
3.987879767498749572e+01
3.987954746392925642e+01
3.987879767498749572e+01
3.987653901214770258e+01
3.987274347499312199e+01
3.986736402037141147e+01
3.986033399445303615e+01
3.985156632908292096e+01
3.984095249384894544e+01
3.982836119277826725e+01
3.981363679201983530e+01
3.979659746227830652e+01
3.977703301713557948e+01
3.975470242574402135e+01
3.972933097572161643e+01
3.970060705945885360e+01
3.966817855450987906e+01
3.963164876635716638e+01
3.959057189970435786e+01
3.954444802269495085e+01
3.949271748723958098e+01
3.943475476817936709e+01
3.936986168459070967e+01
3.929725996849734315e+01
3.921608315003446421e+01
3.912536773425027548e+01
3.902404365389975993e+01
3.891092399559818205e+01
3.878469401453911303e+01
3.864389947681401338e+01
3.848693439956844031e+01
3.831202829937851106e+01
3.811723311011095205e+01
3.790040999509054842e+01
3.765921635667495337e+01
3.739109344132027246e+01
3.709325505163177183e+01
3.676267800985137058e+01
3.639609516975389170e+01
3.598999194424123971e+01
3.554060749956413900e+01
3.504394195572088933e+01
3.449577111256605377e+01
3.389167037210440014e+01
3.322704962070302770e+01
3.249720083270968729e+01
3.169736001237968992e+01
3.082278475043741039e+01
2.986884807986826829e+01
2.883114842556659241e+01
2.770563422976963963e+01
2.648874031705247845e+01
2.517753131937123001e+01
2.376984567490190514e+01
2.226443209407971224e+01
2.066106927539512128e+01
1.896065940268578487e+01
1.716528686382147484e+01
1.527823584305413185e+01
1.330396384849451685e+01
1.124803242506796686e+01
9.117000568850521347e+00
6.918289836684816230e+00
4.660032020465406433e+00
2.350910003924213676e+00
0.000000000000000000e+00
