0.000000000000000000e+00
1.080855775494526494e+00
2.149574788634189382e+00
3.204839644784495345e+00
4.245354600435099712e+00
5.269851548120853657e+00
6.277096529644036416e+00
7.265896763225155652e+00
8.235108108398614846e+00
9.183642836697732292e+00
1.011047752994731219e+01
1.101466089403991333e+01
1.189532125621180469e+01
1.275167350880836103e+01
1.358302527203064614e+01
1.438878207088935035e+01
1.516845135543165313e+01
1.592164523550207811e+01
1.664808184874385688e+01
1.734758533003927639e+01
1.802008439908750148e+01
1.866560962765658616e+01
1.928428948708853241e+01
1.987634530836543689e+01
2.044208531059776845e+01
2.098189786892271869e+01
2.149624419979619105e+01
2.198565064124864321e+01
2.245070069889123587e+01
2.289202701652205718e+01
2.331030341439004161e+01
2.370623711979382620e+01
2.408056129490088537e+01
2.443402794649150067e+01
2.476740128261431906e+01
2.508145156254383323e+01
2.537694946943578600e+01
2.565466101999222914e+01
2.591534301243932248e+01
2.615973900322874357e+01
2.638857579404780296e+01
2.660256040383913856e+01
2.680237749542077097e+01
2.698868722276003496e+01
2.716212346278184242e+01
2.732329239456776904e+01
2.747277138872665603e+01
2.761110817039771348e+01
2.773882022061579988e+01
2.785639438247206101e+01
2.796428664051575197e+01
2.806292204405292168e+01
2.815269474731892174e+01
2.823396814185997172e+01
2.830707505880192798e+01
2.837231802096770750e+01
2.842996952700170610e+01
2.848027235174814820e+01
2.852343984910221408e+01
2.855965624540170822e+01
2.858907691315670263e+01
2.861182861652930143e+01
2.862800972148665934e+01
2.863769036496844578e+01
2.864091257875094598e+01
2.863769036496844578e+01
2.862800972148665934e+01
2.861182861652930143e+01
2.858907691315670263e+01
2.855965624540170822e+01
2.852343984910221408e+01
2.848027235174814820e+01
2.842996952700170610e+01
2.837231802096770750e+01
2.830707505880192798e+01
2.823396814185997172e+01
2.815269474731892174e+01
2.806292204405292168e+01
2.796428664051575197e+01
2.785639438247206101e+01
2.773882022061579988e+01
2.761110817039771348e+01
2.747277138872665603e+01
2.732329239456776904e+01
2.716212346278184242e+01
2.698868722276003496e+01
2.680237749542077097e+01
2.660256040383913856e+01
2.638857579404780296e+01
2.615973900322874357e+01
2.591534301243932248e+01
2.565466101999222914e+01
2.537694946943578600e+01
2.508145156254383323e+01
2.476740128261431906e+01
2.443402794649150067e+01
2.408056129490088537e+01
2.370623711979382620e+01
2.331030341439004161e+01
2.289202701652205718e+01
2.245070069889123587e+01
2.198565064124864321e+01
2.149624419979619105e+01
2.098189786892271869e+01
2.044208531059776845e+01
1.987634530836543689e+01
1.928428948708853241e+01
1.866560962765658616e+01
1.802008439908750148e+01
1.734758533003927639e+01
1.664808184874385688e+01
1.592164523550207811e+01
1.516845135543165313e+01
1.438878207088935035e+01
1.358302527203064614e+01
1.275167350880836103e+01
1.189532125621180469e+01
1.101466089403991333e+01
1.011047752994731219e+01
9.183642836697732292e+00
8.235108108398614846e+00
7.265896763225155652e+00
6.277096529644036416e+00
5.269851548120853657e+00
4.245354600435099712e+00
3.204839644784495345e+00
2.149574788634189382e+00
1.080855775494526494e+00
0.000000000000000000e+00
