0.000000000000000000e+00
2.339587007207045433e-01
4.653026524239495254e-01
6.939811415002674622e-01
9.199440323011669474e-01
1.143141786632100310e+00
1.363525483605308342e+00
1.581046839818254002e+00
1.795658229808163808e+00
2.007312706719240669e+00
2.215964023106913316e+00
2.421566651792574465e+00
2.624075806673300981e+00
2.823447463383375933e+00
3.019638379698807995e+00
3.212606115571690069e+00
3.402309052678950785e+00
3.588706413368909054e+00
3.771758278889999705e+00
3.951425606787918543e+00
4.127670247361375999e+00
4.300454959071304373e+00
4.469743422804926425e+00
4.635500254903153206e+00
4.797691018868578183e+00
4.956282235680326664e+00
5.111241392652623894e+00
5.262536950784349798e+00
5.410138350558757026e+00
5.554016016163874525e+00
5.694141358116755036e+00
5.830486774286528728e+00
5.963025649324089628e+00
6.091732352517975180e+00
6.216582234108600780e+00
6.337551620104240335e+00
6.454617805654028651e+00
6.567759047043533194e+00
6.676954552389267050e+00
6.782184471117452595e+00
6.883429882321767224e+00
6.980672782102154805e+00
7.073896069994515479e+00
7.163083534606644598e+00
7.248219838581682950e+00
7.329290503013899283e+00
7.406281891445598120e+00
7.479181193575479725e+00
7.547976408810709970e+00
7.612656329794499577e+00
7.673210526040934454e+00
7.729629327806358141e+00
7.781903810324646287e+00
7.830025778529424940e+00
7.873987752382525684e+00
7.913782952921985192e+00
7.949405289137525976e+00
7.980849345773935788e+00
8.008110372156016510e+00
8.031184272119885392e+00
8.050067595127556430e+00
8.064757528631739447e+00
8.075251891748967736e+00
8.081549130288436800e+00
8.083648313174363054e+00
8.081549130288436800e+00
8.075251891748967736e+00
8.064757528631739447e+00
8.050067595127556430e+00
8.031184272119885392e+00
8.008110372156016510e+00
7.980849345773935788e+00
7.949405289137525976e+00
7.913782952921985192e+00
7.873987752382525684e+00
7.830025778529424940e+00
7.781903810324646287e+00
7.729629327806358141e+00
7.673210526040934454e+00
7.612656329794499577e+00
7.547976408810709970e+00
7.479181193575479725e+00
7.406281891445598120e+00
7.329290503013899283e+00
7.248219838581682950e+00
7.163083534606644598e+00
7.073896069994515479e+00
6.980672782102154805e+00
6.883429882321767224e+00
6.782184471117452595e+00
6.676954552389267050e+00
6.567759047043533194e+00
6.454617805654028651e+00
6.337551620104240335e+00
6.216582234108600780e+00
6.091732352517975180e+00
5.963025649324089628e+00
5.830486774286528728e+00
5.694141358116755036e+00
5.554016016163874525e+00
5.410138350558757026e+00
5.262536950784349798e+00
5.111241392652623894e+00
4.956282235680326664e+00
4.797691018868578183e+00
4.635500254903153206e+00
4.469743422804926425e+00
4.300454959071304373e+00
4.127670247361375999e+00
3.951425606787918543e+00
3.771758278889999705e+00
3.588706413368909054e+00
3.402309052678950785e+00
3.212606115571690069e+00
3.019638379698807995e+00
2.823447463383375933e+00
2.624075806673300981e+00
2.421566651792574465e+00
2.215964023106913316e+00
2.007312706719240669e+00
1.795658229808163808e+00
1.581046839818254002e+00
1.363525483605308342e+00
1.143141786632100310e+00
9.199440323011669474e-01
6.939811415002674622e-01
4.653026524239495254e-01
2.339587007207045433e-01
0.000000000000000000e+00
