0.000000000000000000e+00
7.324552125345792919e-02
1.454117476106841778e-01
2.164951805358530934e-01
2.864923734908942365e-01
3.553999322006047290e-01
4.232145149159249331e-01
4.899328326746306139e-01
5.555516495587834447e-01
6.200677829481978653e-01
6.834781037693231642e-01
7.457795367388229124e-01
8.069690606013242284e-01
8.670437083606598039e-01
9.260005675041608209e-01
9.838367802193820344e-01
1.040549543602911298e+00
1.096136109860709640e+00
1.150593786499742865e+00
1.203919936510421174e+00
1.256111978539717455e+00
1.307167387054559704e+00
1.357083692495482774e+00
1.405858481420210193e+00
1.453489396637269504e+00
1.499974137329388002e+00
1.545310459166885586e+00
1.589496174410885754e+00
1.632529152006673590e+00
1.674407317667090833e+00
1.715128653946397685e+00
1.754691200304564047e+00
1.793093053162505557e+00
1.830332365948292406e+00
1.866407349134931781e+00
1.901316270269797215e+00
1.935057453996384513e+00
1.967629282068511953e+00
1.999030193357702601e+00
2.029258683853898404e+00
2.058313306660300324e+00
2.086192671982499469e+00
2.112895447112737912e+00
2.138420356409473921e+00
2.162766181273105826e+00
2.185931760118046352e+00
2.207915988342008085e+00
2.228717818292672348e+00
2.248336259232616374e+00
2.266770377302643524e+00
2.284019295484380763e+00
2.300082193562257959e+00
2.314958308085710570e+00
2.328646932331684738e+00
2.341147416268242853e+00
2.352459166519310418e+00
2.362581646331316954e+00
2.371514375541711850e+00
2.379256930550066595e+00
2.385808944291669675e+00
2.391170106214275837e+00
2.395340162257847627e+00
2.398318914837885174e+00
2.400106222832111058e+00
2.400702001571037858e+00
2.400106222832111058e+00
2.398318914837885174e+00
2.395340162257847627e+00
2.391170106214275837e+00
2.385808944291669675e+00
2.379256930550066595e+00
2.371514375541711850e+00
2.362581646331316954e+00
2.352459166519310418e+00
2.341147416268242853e+00
2.328646932331684738e+00
2.314958308085710570e+00
2.300082193562257959e+00
2.284019295484380763e+00
2.266770377302643524e+00
2.248336259232616374e+00
2.228717818292672348e+00
2.207915988342008085e+00
2.185931760118046352e+00
2.162766181273105826e+00
2.138420356409473921e+00
2.112895447112737912e+00
2.086192671982499469e+00
2.058313306660300324e+00
2.029258683853898404e+00
1.999030193357702601e+00
1.967629282068511953e+00
1.935057453996384513e+00
1.901316270269797215e+00
1.866407349134931781e+00
1.830332365948292406e+00
1.793093053162505557e+00
1.754691200304564047e+00
1.715128653946397685e+00
1.674407317667090833e+00
1.632529152006673590e+00
1.589496174410885754e+00
1.545310459166885586e+00
1.499974137329388002e+00
1.453489396637269504e+00
1.405858481420210193e+00
1.357083692495482774e+00
1.307167387054559704e+00
1.256111978539717455e+00
1.203919936510421174e+00
1.150593786499742865e+00
1.096136109860709640e+00
1.040549543602911298e+00
9.838367802193820344e-01
9.260005675041608209e-01
8.670437083606598039e-01
8.069690606013242284e-01
7.457795367388229124e-01
6.834781037693231642e-01
6.200677829481978653e-01
5.555516495587834447e-01
4.899328326746306139e-01
4.232145149159249331e-01
3.553999322006047290e-01
2.864923734908942365e-01
2.164951805358530934e-01
1.454117476106841778e-01
7.324552125345792919e-02
0.000000000000000000e+00
