0.000000000000000000e+00
1.642325214611635831e+00
3.261467827405974962e+00
4.853697515861944645e+00
6.415382826026452712e+00
7.943026361353223486e+00
9.433302188113019682e+00
1.088309471696580033e+01
1.228953776330088843e+01
1.365005209419110521e+01
1.496237958207183638e+01
1.622461211898221478e+01
1.743521368450929998e+01
1.859303436402468890e+01
1.969731562283023862e+01
2.074768669097779394e+01
2.174415244052016050e+01
2.268707359079395403e+01
2.357714042336192506e+01
2.441534140973173450e+01
2.520292825178757923e+01
2.594137881999497353e+01
2.663235936945459059e+01
2.727768724442019987e+01
2.787929507375471516e+01
2.843919723608739858e+01
2.895945915289953732e+01
2.944216976410579889e+01
2.988941736269956095e+01
3.030326881717461873e+01
3.068575209379653046e+01
3.103884190397119269e+01
3.136444824195260850e+01
3.166440754108220546e+01
3.194047615849964217e+01
3.219432589473944972e+01
3.242754126211406174e+01
3.264161823104537064e+01
3.283796420385208847e+01
3.301789898876371154e+01
3.318265657144394964e+01
3.333338750582213805e+01
3.347116176967116274e+01
3.359697195254303637e+01
3.371173666402309266e+01
3.381630406860514171e+01
3.391145546977131175e+01
3.399790888011807510e+01
3.407632252670451578e+01
3.414729825134679686e+01
3.421138477450445237e+01
3.426908079886494107e+01
3.432083793490101442e+01
3.436706343570995159e+01
3.440812273249473208e+01
3.444434176525204094e+01
3.447600910571387089e+01
3.450337787145998192e+01
3.452666743147302952e+01
3.454606490433387478e+01
3.456172645082438066e+01
3.457377836298282148e+01
3.458231795170023304e+01
3.458741423480045540e+01
3.458910842725691026e+01
3.458741423480045540e+01
3.458231795170023304e+01
3.457377836298282148e+01
3.456172645082438066e+01
3.454606490433387478e+01
3.452666743147302952e+01
3.450337787145998192e+01
3.447600910571387089e+01
3.444434176525204094e+01
3.440812273249473208e+01
3.436706343570995159e+01
3.432083793490101442e+01
3.426908079886494107e+01
3.421138477450445237e+01
3.414729825134679686e+01
3.407632252670451578e+01
3.399790888011807510e+01
3.391145546977131175e+01
3.381630406860514171e+01
3.371173666402309266e+01
3.359697195254303637e+01
3.347116176967116274e+01
3.333338750582213805e+01
3.318265657144394964e+01
3.301789898876371154e+01
3.283796420385208847e+01
3.264161823104537064e+01
3.242754126211406174e+01
3.219432589473944972e+01
3.194047615849964217e+01
3.166440754108220546e+01
3.136444824195260850e+01
3.103884190397119269e+01
3.068575209379653046e+01
3.030326881717461873e+01
2.988941736269956095e+01
2.944216976410579889e+01
2.895945915289953732e+01
2.843919723608739858e+01
2.787929507375471516e+01
2.727768724442019987e+01
2.663235936945459059e+01
2.594137881999497353e+01
2.520292825178757923e+01
2.441534140973173450e+01
2.357714042336192506e+01
2.268707359079395403e+01
2.174415244052016050e+01
2.074768669097779394e+01
1.969731562283023862e+01
1.859303436402468890e+01
1.743521368450929998e+01
1.622461211898221478e+01
1.496237958207183638e+01
1.365005209419110521e+01
1.228953776330088843e+01
1.088309471696580033e+01
9.433302188113019682e+00
7.943026361353223486e+00
6.415382826026452712e+00
4.853697515861944645e+00
3.261467827405974962e+00
1.642325214611635831e+00
0.000000000000000000e+00
