0.000000000000000000e+00
6.336350236055943164e-01
1.261371770715153495e+00
1.882846652998451109e+00
2.497700059823028340e+00
3.105577009668359700e+00
3.706127858053555713e+00
4.299009064417567139e+00
4.883884017183764747e+00
5.460423913144182961e+00
6.028308684398865580e+00
6.587227963459929114e+00
7.136882074847588520e+00
7.676983039622144567e+00
8.207255577856491513e+00
8.727438093085822857e+00
9.237283622289876206e+00
9.736560734965307162e+00
1.022505436531622891e+01
1.070256656249745397e+01
1.116891714514578737e+01
1.162394424807420279e+01
1.206750475092164621e+01
1.249947458067793526e+01
1.291974888226974016e+01
1.332824205372743620e+01
1.372488764478660705e+01
1.410963812004661655e+01
1.448246448995627134e+01
1.484335581487193245e+01
1.519231858919875933e+01
1.552937601414839719e+01
1.585456716890857365e+01
1.616794609100886504e+01
1.646958077738325699e+01
1.675955211807835354e+01
1.703795277475261827e+01
1.730488601607364885e+01
1.756046452187417017e+01
1.780480916749749909e+01
1.803804779918137413e+01
1.826031401062266468e+01
1.847174593006635135e+01
1.867248502639633045e+01
1.886267494180178872e+01
1.904246035767299716e+01
1.921198589946820690e+01
1.937139508540479227e+01
1.952082932298099038e+01
1.966042695653951711e+01
1.979032236835312730e+01
1.991064513504939981e+01
2.002151924060465049e+01
2.012306234662478488e+01
2.021538512019730760e+01
2.029859061923960439e+01
2.037277373498437427e+01
2.043802069102739338e+01
2.049440859821387306e+01
2.054200506454962749e+01
2.058086785928925622e+01
2.061104463036682688e+01
2.063257267439149345e+01
2.064547875852212755e+01
2.064977899365743141e+01
2.064547875852212755e+01
2.063257267439149345e+01
2.061104463036682688e+01
2.058086785928925622e+01
2.054200506454962749e+01
2.049440859821387306e+01
2.043802069102739338e+01
2.037277373498437427e+01
2.029859061923960439e+01
2.021538512019730760e+01
2.012306234662478488e+01
2.002151924060465049e+01
1.991064513504939981e+01
1.979032236835312730e+01
1.966042695653951711e+01
1.952082932298099038e+01
1.937139508540479227e+01
1.921198589946820690e+01
1.904246035767299716e+01
1.886267494180178872e+01
1.867248502639633045e+01
1.847174593006635135e+01
1.826031401062266468e+01
1.803804779918137413e+01
1.780480916749749909e+01
1.756046452187417017e+01
1.730488601607364885e+01
1.703795277475261827e+01
1.675955211807835354e+01
1.646958077738325699e+01
1.616794609100886504e+01
1.585456716890857365e+01
1.552937601414839719e+01
1.519231858919875933e+01
1.484335581487193245e+01
1.448246448995627134e+01
1.410963812004661655e+01
1.372488764478660705e+01
1.332824205372743620e+01
1.291974888226974016e+01
1.249947458067793526e+01
1.206750475092164621e+01
1.162394424807420279e+01
1.116891714514578737e+01
1.070256656249745397e+01
1.022505436531622891e+01
9.736560734965307162e+00
9.237283622289876206e+00
8.727438093085822857e+00
8.207255577856491513e+00
7.676983039622144567e+00
7.136882074847588520e+00
6.587227963459929114e+00
6.028308684398865580e+00
5.460423913144182961e+00
4.883884017183764747e+00
4.299009064417567139e+00
3.706127858053555713e+00
3.105577009668359700e+00
2.497700059823028340e+00
1.882846652998451109e+00
1.261371770715153495e+00
6.336350236055943164e-01
0.000000000000000000e+00
