0.000000000000000000e+00
4.247463361334299137e+00
8.375937949472403332e+00
1.234667016675087048e+01
1.612516977099845761e+01
1.968284251698959864e+01
2.299821834195617498e+01
2.605759718554674009e+01
2.885503015385988945e+01
3.139168606417557683e+01
3.367476288776041571e+01
3.571615421953436709e+01
3.753107099136519764e+01
3.913676960402712268e+01
4.055147596830707357e+01
4.179354002597500539e+01
4.288081612780546692e+01
4.383024200529675340e+01
4.465757958843239095e+01
4.537728008678352154e+01
4.600243963862781982e+01
4.654481766289644895e+01
4.701489613993265948e+01
4.742196353795609554e+01
4.777421165708204853e+01
4.807883724114240920e+01
4.834214291052359869e+01
4.856963394901717379e+01
4.876610888998803262e+01
4.893574282972377176e+01
4.908216306141597585e+01
4.920851705989139901e+01
4.931753312154587121e+01
4.941157412514085223e+01
4.949268496293948516e+01
4.956263422366981786e+01
4.962295070710351297e+01
4.967495532726864838e+01
4.971978892619645052e+01
4.975843647855835172e+01
4.979174812353160462e+01
4.982045741630211921e+01
4.984519714937579238e+01
4.986651305426268266e+01
4.988487565761429465e+01
4.990069053272294752e+01
4.991430715743103974e+01
4.992602656282083728e+01
4.993610793336409870e+01
4.994477429826979176e+01
4.995221743532526659e+01
4.995860209232966298e+01
4.996406961702453486e+01
4.996874107400584819e+01
4.997271991624143794e+01
4.997609426932477561e+01
4.997893887829291515e+01
4.998131675956524589e+01
4.998328059417853808e+01
4.998487389287398486e+01
4.998613195862079550e+01
4.998708266773461162e+01
4.998774708677591860e+01
4.998813993881014284e+01
4.998826992929978985e+01
4.998813993881014284e+01
4.998774708677591860e+01
4.998708266773461162e+01
4.998613195862079550e+01
4.998487389287398486e+01
4.998328059417853808e+01
4.998131675956524589e+01
4.997893887829291515e+01
4.997609426932477561e+01
4.997271991624143794e+01
4.996874107400584819e+01
4.996406961702453486e+01
4.995860209232966298e+01
4.995221743532526659e+01
4.994477429826979176e+01
4.993610793336409870e+01
4.992602656282083728e+01
4.991430715743103974e+01
4.990069053272294752e+01
4.988487565761429465e+01
4.986651305426268266e+01
4.984519714937579238e+01
4.982045741630211921e+01
4.979174812353160462e+01
4.975843647855835172e+01
4.971978892619645052e+01
4.967495532726864838e+01
4.962295070710351297e+01
4.956263422366981786e+01
4.949268496293948516e+01
4.941157412514085223e+01
4.931753312154587121e+01
4.920851705989139901e+01
4.908216306141597585e+01
4.893574282972377176e+01
4.876610888998803262e+01
4.856963394901717379e+01
4.834214291052359869e+01
4.807883724114240920e+01
4.777421165708204853e+01
4.742196353795609554e+01
4.701489613993265948e+01
4.654481766289644895e+01
4.600243963862781982e+01
4.537728008678352154e+01
4.465757958843239095e+01
4.383024200529675340e+01
4.288081612780546692e+01
4.179354002597500539e+01
4.055147596830707357e+01
3.913676960402712268e+01
3.753107099136519764e+01
3.571615421953436709e+01
3.367476288776041571e+01
3.139168606417557683e+01
2.885503015385988945e+01
2.605759718554674009e+01
2.299821834195617498e+01
1.968284251698959864e+01
1.612516977099845761e+01
1.234667016675087048e+01
8.375937949472403332e+00
4.247463361334299137e+00
0.000000000000000000e+00
