0.000000000000000000e+00
3.217689257018971016e+00
6.363482662882487872e+00
9.417713322943948029e+00
1.236209099014507018e+01
1.518026618546705464e+01
1.785834455194604686e+01
2.038530157411372912e+01
2.275325024927376916e+01
2.495753152009266529e+01
2.699662280003758141e+01
2.887188538004259897e+01
3.058719014336441688e+01
3.214846966086771118e+01
3.356324382042704002e+01
3.484015841372876565e+01
3.598856503068364532e+01
3.701815917873881290e+01
3.793868369373371507e+01
3.875969712325394312e+01
3.949040193358376172e+01
4.013952475180494872e+01
4.071523986119718330e+01
4.122512727738702409e+01
4.167615749155318383e+01
4.207469604017776987e+01
4.242652222375541982e+01
4.273685741369968127e+01
4.301039938570997379e+01
4.325135996989661891e+01
4.346350400975074280e+01
4.365018818456653804e+01
4.381439869074657878e+01
4.395878711604692768e+01
4.408570409607084883e+01
4.419723053105114019e+01
4.429520627757326423e+01
4.438125632629588324e+01
4.445681454255156950e+01
4.452314508959617712e+01
4.458136168020021017e+01
4.463244481585348211e+01
4.467725717761791060e+01
4.471655733127882826e+01
4.475101190391251293e+01
4.478120638078475224e+01
4.480765466170473132e+01
4.483080750535802395e+01
4.485105997928374677e+01
4.486875802242245470e+01
4.488420421679621342e+01
4.489766285504862253e+01
4.490936438136193942e+01
4.491950927472161226e+01
4.492827143562391967e+01
4.493580113010216337e+01
4.494222753834920780e+01
4.494766094919553723e+01
4.495219463621346279e+01
4.495590644620689602e+01
4.495886012625856409e+01
4.496110641128846908e+01
4.496268389017621558e+01
4.496361966486296069e+01
4.496392981342620487e+01
4.496361966486296069e+01
4.496268389017621558e+01
4.496110641128846908e+01
4.495886012625856409e+01
4.495590644620689602e+01
4.495219463621346279e+01
4.494766094919553723e+01
4.494222753834920780e+01
4.493580113010216337e+01
4.492827143562391967e+01
4.491950927472161226e+01
4.490936438136193942e+01
4.489766285504862253e+01
4.488420421679621342e+01
4.486875802242245470e+01
4.485105997928374677e+01
4.483080750535802395e+01
4.480765466170473132e+01
4.478120638078475224e+01
4.475101190391251293e+01
4.471655733127882826e+01
4.467725717761791060e+01
4.463244481585348211e+01
4.458136168020021017e+01
4.452314508959617712e+01
4.445681454255156950e+01
4.438125632629588324e+01
4.429520627757326423e+01
4.419723053105114019e+01
4.408570409607084883e+01
4.395878711604692768e+01
4.381439869074657878e+01
4.365018818456653804e+01
4.346350400975074280e+01
4.325135996989661891e+01
4.301039938570997379e+01
4.273685741369968127e+01
4.242652222375541982e+01
4.207469604017776987e+01
4.167615749155318383e+01
4.122512727738702409e+01
4.071523986119718330e+01
4.013952475180494872e+01
3.949040193358376172e+01
3.875969712325394312e+01
3.793868369373371507e+01
3.701815917873881290e+01
3.598856503068364532e+01
3.484015841372876565e+01
3.356324382042704002e+01
3.214846966086771118e+01
3.058719014336441688e+01
2.887188538004259897e+01
2.699662280003758141e+01
2.495753152009266529e+01
2.275325024927376916e+01
2.038530157411372912e+01
1.785834455194604686e+01
1.518026618546705464e+01
1.236209099014507018e+01
9.417713322943948029e+00
6.363482662882487872e+00
3.217689257018971016e+00
0.000000000000000000e+00
